timestamp,__name__,container,endpoint,instance,job,namespace,node,pod,service,value,id,image,metrics_path,name,deployment,control_plane_component,control_plane_ns,direction,no_tls_reason,pod_template_hash,status_code,tls,workload_ns,client_id,authority,dst_control_plane_ns,dst_deployment,dst_namespace,dst_pod,dst_pod_template_hash,dst_serviceaccount,server_id,app,dst_service,run
1614827641.991,kube_pod_container_resource_requests_memory_bytes,alertmanager,http,10.1.37.201:8080,kube-state-metrics,default,docker-desktop,alertmanager-prometheus-kube-prometheus-alertmanager-0,prometheus-kube-state-metrics,209715200,,,,,,,,,,,,,,,,,,,,,,,,,
1614827671.982,kube_pod_container_resource_requests_memory_bytes,alertmanager,http,10.1.37.201:8080,kube-state-metrics,default,docker-desktop,alertmanager-prometheus-kube-prometheus-alertmanager-0,prometheus-kube-state-metrics,209715200,,,,,,,,,,,,,,,,,,,,,,,,,
1614827701.982,kube_pod_container_resource_requests_memory_bytes,alertmanager,http,10.1.37.201:8080,kube-state-metrics,default,docker-desktop,alertmanager-prometheus-kube-prometheus-alertmanager-0,prometheus-kube-state-metrics,209715200,,,,,,,,,,,,,,,,,,,,,,,,,
1614827731.982,kube_pod_container_resource_requests_memory_bytes,alertmanager,http,10.1.37.201:8080,kube-state-metrics,default,docker-desktop,alertmanager-prometheus-kube-prometheus-alertmanager-0,prometheus-kube-state-metrics,209715200,,,,,,,,,,,,,,,,,,,,,,,,,
1614827761.982,kube_pod_container_resource_requests_memory_bytes,alertmanager,http,10.1.37.201:8080,kube-state-metrics,default,docker-desktop,alertmanager-prometheus-kube-prometheus-alertmanager-0,prometheus-kube-state-metrics,209715200,,,,,,,,,,,,,,,,,,,,,,,,,
1614827791.982,kube_pod_container_resource_requests_memory_bytes,alertmanager,http,10.1.37.201:8080,kube-state-metrics,default,docker-desktop,alertmanager-prometheus-kube-prometheus-alertmanager-0,prometheus-kube-state-metrics,209715200,,,,,,,,,,,,,,,,,,,,,,,,,
1614827641.991,kube_pod_container_resource_requests_memory_bytes,config-reloader,http,10.1.37.201:8080,kube-state-metrics,default,docker-desktop,alertmanager-prometheus-kube-prometheus-alertmanager-0,prometheus-kube-state-metrics,52428800,,,,,,,,,,,,,,,,,,,,,,,,,
1614827671.982,kube_pod_container_resource_requests_memory_bytes,config-reloader,http,10.1.37.201:8080,kube-state-metrics,default,docker-desktop,alertmanager-prometheus-kube-prometheus-alertmanager-0,prometheus-kube-state-metrics,52428800,,,,,,,,,,,,,,,,,,,,,,,,,
1614827701.982,kube_pod_container_resource_requests_memory_bytes,config-reloader,http,10.1.37.201:8080,kube-state-metrics,default,docker-desktop,alertmanager-prometheus-kube-prometheus-alertmanager-0,prometheus-kube-state-metrics,52428800,,,,,,,,,,,,,,,,,,,,,,,,,
1614827731.982,kube_pod_container_resource_requests_memory_bytes,config-reloader,http,10.1.37.201:8080,kube-state-metrics,default,docker-desktop,alertmanager-prometheus-kube-prometheus-alertmanager-0,prometheus-kube-state-metrics,52428800,,,,,,,,,,,,,,,,,,,,,,,,,
1614827761.982,kube_pod_container_resource_requests_memory_bytes,config-reloader,http,10.1.37.201:8080,kube-state-metrics,default,docker-desktop,alertmanager-prometheus-kube-prometheus-alertmanager-0,prometheus-kube-state-metrics,52428800,,,,,,,,,,,,,,,,,,,,,,,,,
1614827791.982,kube_pod_container_resource_requests_memory_bytes,config-reloader,http,10.1.37.201:8080,kube-state-metrics,default,docker-desktop,alertmanager-prometheus-kube-prometheus-alertmanager-0,prometheus-kube-state-metrics,52428800,,,,,,,,,,,,,,,,,,,,,,,,,
1614827641.991,kube_pod_container_resource_requests_memory_bytes,config-reloader,http,10.1.37.201:8080,kube-state-metrics,default,docker-desktop,prometheus-prometheus-kube-prometheus-prometheus-0,prometheus-kube-state-metrics,52428800,,,,,,,,,,,,,,,,,,,,,,,,,
1614827671.982,kube_pod_container_resource_requests_memory_bytes,config-reloader,http,10.1.37.201:8080,kube-state-metrics,default,docker-desktop,prometheus-prometheus-kube-prometheus-prometheus-0,prometheus-kube-state-metrics,52428800,,,,,,,,,,,,,,,,,,,,,,,,,
1614827701.982,kube_pod_container_resource_requests_memory_bytes,config-reloader,http,10.1.37.201:8080,kube-state-metrics,default,docker-desktop,prometheus-prometheus-kube-prometheus-prometheus-0,prometheus-kube-state-metrics,52428800,,,,,,,,,,,,,,,,,,,,,,,,,
1614827731.982,kube_pod_container_resource_requests_memory_bytes,config-reloader,http,10.1.37.201:8080,kube-state-metrics,default,docker-desktop,prometheus-prometheus-kube-prometheus-prometheus-0,prometheus-kube-state-metrics,52428800,,,,,,,,,,,,,,,,,,,,,,,,,
1614827761.982,kube_pod_container_resource_requests_memory_bytes,config-reloader,http,10.1.37.201:8080,kube-state-metrics,default,docker-desktop,prometheus-prometheus-kube-prometheus-prometheus-0,prometheus-kube-state-metrics,52428800,,,,,,,,,,,,,,,,,,,,,,,,,
1614827791.982,kube_pod_container_resource_requests_memory_bytes,config-reloader,http,10.1.37.201:8080,kube-state-metrics,default,docker-desktop,prometheus-prometheus-kube-prometheus-prometheus-0,prometheus-kube-state-metrics,52428800,,,,,,,,,,,,,,,,,,,,,,,,,
1614827641.991,kube_pod_container_resource_requests_memory_bytes,coredns,http,10.1.37.201:8080,kube-state-metrics,kube-system,docker-desktop,coredns-f9fd979d6-4b2l5,prometheus-kube-state-metrics,73400320,,,,,,,,,,,,,,,,,,,,,,,,,
1614827671.982,kube_pod_container_resource_requests_memory_bytes,coredns,http,10.1.37.201:8080,kube-state-metrics,kube-system,docker-desktop,coredns-f9fd979d6-4b2l5,prometheus-kube-state-metrics,73400320,,,,,,,,,,,,,,,,,,,,,,,,,
1614827701.982,kube_pod_container_resource_requests_memory_bytes,coredns,http,10.1.37.201:8080,kube-state-metrics,kube-system,docker-desktop,coredns-f9fd979d6-4b2l5,prometheus-kube-state-metrics,73400320,,,,,,,,,,,,,,,,,,,,,,,,,
1614827731.982,kube_pod_container_resource_requests_memory_bytes,coredns,http,10.1.37.201:8080,kube-state-metrics,kube-system,docker-desktop,coredns-f9fd979d6-4b2l5,prometheus-kube-state-metrics,73400320,,,,,,,,,,,,,,,,,,,,,,,,,
1614827761.982,kube_pod_container_resource_requests_memory_bytes,coredns,http,10.1.37.201:8080,kube-state-metrics,kube-system,docker-desktop,coredns-f9fd979d6-4b2l5,prometheus-kube-state-metrics,73400320,,,,,,,,,,,,,,,,,,,,,,,,,
1614827791.982,kube_pod_container_resource_requests_memory_bytes,coredns,http,10.1.37.201:8080,kube-state-metrics,kube-system,docker-desktop,coredns-f9fd979d6-4b2l5,prometheus-kube-state-metrics,73400320,,,,,,,,,,,,,,,,,,,,,,,,,
1614827641.991,kube_pod_container_resource_requests_memory_bytes,coredns,http,10.1.37.201:8080,kube-state-metrics,kube-system,docker-desktop,coredns-f9fd979d6-gsfph,prometheus-kube-state-metrics,73400320,,,,,,,,,,,,,,,,,,,,,,,,,
1614827671.982,kube_pod_container_resource_requests_memory_bytes,coredns,http,10.1.37.201:8080,kube-state-metrics,kube-system,docker-desktop,coredns-f9fd979d6-gsfph,prometheus-kube-state-metrics,73400320,,,,,,,,,,,,,,,,,,,,,,,,,
1614827701.982,kube_pod_container_resource_requests_memory_bytes,coredns,http,10.1.37.201:8080,kube-state-metrics,kube-system,docker-desktop,coredns-f9fd979d6-gsfph,prometheus-kube-state-metrics,73400320,,,,,,,,,,,,,,,,,,,,,,,,,
1614827731.982,kube_pod_container_resource_requests_memory_bytes,coredns,http,10.1.37.201:8080,kube-state-metrics,kube-system,docker-desktop,coredns-f9fd979d6-gsfph,prometheus-kube-state-metrics,73400320,,,,,,,,,,,,,,,,,,,,,,,,,
1614827761.982,kube_pod_container_resource_requests_memory_bytes,coredns,http,10.1.37.201:8080,kube-state-metrics,kube-system,docker-desktop,coredns-f9fd979d6-gsfph,prometheus-kube-state-metrics,73400320,,,,,,,,,,,,,,,,,,,,,,,,,
1614827791.982,kube_pod_container_resource_requests_memory_bytes,coredns,http,10.1.37.201:8080,kube-state-metrics,kube-system,docker-desktop,coredns-f9fd979d6-gsfph,prometheus-kube-state-metrics,73400320,,,,,,,,,,,,,,,,,,,,,,,,,
1614827641.991,kube_pod_container_resource_requests_memory_bytes,teastore-webui,http,10.1.37.201:8080,kube-state-metrics,teastore,docker-desktop,teastore-webui-55ff7b4665-lg2qq,prometheus-kube-state-metrics,209715200,,,,,,,,,,,,,,,,,,,,,,,,,
1614827671.982,kube_pod_container_resource_requests_memory_bytes,teastore-webui,http,10.1.37.201:8080,kube-state-metrics,teastore,docker-desktop,teastore-webui-55ff7b4665-lg2qq,prometheus-kube-state-metrics,209715200,,,,,,,,,,,,,,,,,,,,,,,,,
1614827701.982,kube_pod_container_resource_requests_memory_bytes,teastore-webui,http,10.1.37.201:8080,kube-state-metrics,teastore,docker-desktop,teastore-webui-55ff7b4665-lg2qq,prometheus-kube-state-metrics,209715200,,,,,,,,,,,,,,,,,,,,,,,,,
1614827731.982,kube_pod_container_resource_requests_memory_bytes,teastore-webui,http,10.1.37.201:8080,kube-state-metrics,teastore,docker-desktop,teastore-webui-55ff7b4665-lg2qq,prometheus-kube-state-metrics,209715200,,,,,,,,,,,,,,,,,,,,,,,,,
1614827761.982,kube_pod_container_resource_requests_memory_bytes,teastore-webui,http,10.1.37.201:8080,kube-state-metrics,teastore,docker-desktop,teastore-webui-55ff7b4665-lg2qq,prometheus-kube-state-metrics,209715200,,,,,,,,,,,,,,,,,,,,,,,,,
1614827791.982,kube_pod_container_resource_requests_memory_bytes,teastore-webui,http,10.1.37.201:8080,kube-state-metrics,teastore,docker-desktop,teastore-webui-55ff7b4665-lg2qq,prometheus-kube-state-metrics,209715200,,,,,,,,,,,,,,,,,,,,,,,,,
1614827641.991,kube_pod_container_resource_requests_memory_bytes,teastore-webui,http,10.1.37.201:8080,kube-state-metrics,teastore,docker-desktop,teastore-webui-55ff7b4665-zpx46,prometheus-kube-state-metrics,209715200,,,,,,,,,,,,,,,,,,,,,,,,,
1614827671.982,kube_pod_container_resource_requests_memory_bytes,teastore-webui,http,10.1.37.201:8080,kube-state-metrics,teastore,docker-desktop,teastore-webui-55ff7b4665-zpx46,prometheus-kube-state-metrics,209715200,,,,,,,,,,,,,,,,,,,,,,,,,
1614827701.982,kube_pod_container_resource_requests_memory_bytes,teastore-webui,http,10.1.37.201:8080,kube-state-metrics,teastore,docker-desktop,teastore-webui-55ff7b4665-zpx46,prometheus-kube-state-metrics,209715200,,,,,,,,,,,,,,,,,,,,,,,,,
1614827731.982,kube_pod_container_resource_requests_memory_bytes,teastore-webui,http,10.1.37.201:8080,kube-state-metrics,teastore,docker-desktop,teastore-webui-55ff7b4665-zpx46,prometheus-kube-state-metrics,209715200,,,,,,,,,,,,,,,,,,,,,,,,,
1614827761.982,kube_pod_container_resource_requests_memory_bytes,teastore-webui,http,10.1.37.201:8080,kube-state-metrics,teastore,docker-desktop,teastore-webui-55ff7b4665-zpx46,prometheus-kube-state-metrics,209715200,,,,,,,,,,,,,,,,,,,,,,,,,
1614827791.982,kube_pod_container_resource_requests_memory_bytes,teastore-webui,http,10.1.37.201:8080,kube-state-metrics,teastore,docker-desktop,teastore-webui-55ff7b4665-zpx46,prometheus-kube-state-metrics,209715200,,,,,,,,,,,,,,,,,,,,,,,,,
1614827641.991,kube_pod_container_resource_limits_memory_bytes,config-reloader,http,10.1.37.201:8080,kube-state-metrics,default,docker-desktop,alertmanager-prometheus-kube-prometheus-alertmanager-0,prometheus-kube-state-metrics,52428800,,,,,,,,,,,,,,,,,,,,,,,,,
1614827671.982,kube_pod_container_resource_limits_memory_bytes,config-reloader,http,10.1.37.201:8080,kube-state-metrics,default,docker-desktop,alertmanager-prometheus-kube-prometheus-alertmanager-0,prometheus-kube-state-metrics,52428800,,,,,,,,,,,,,,,,,,,,,,,,,
1614827701.982,kube_pod_container_resource_limits_memory_bytes,config-reloader,http,10.1.37.201:8080,kube-state-metrics,default,docker-desktop,alertmanager-prometheus-kube-prometheus-alertmanager-0,prometheus-kube-state-metrics,52428800,,,,,,,,,,,,,,,,,,,,,,,,,
1614827731.982,kube_pod_container_resource_limits_memory_bytes,config-reloader,http,10.1.37.201:8080,kube-state-metrics,default,docker-desktop,alertmanager-prometheus-kube-prometheus-alertmanager-0,prometheus-kube-state-metrics,52428800,,,,,,,,,,,,,,,,,,,,,,,,,
1614827761.982,kube_pod_container_resource_limits_memory_bytes,config-reloader,http,10.1.37.201:8080,kube-state-metrics,default,docker-desktop,alertmanager-prometheus-kube-prometheus-alertmanager-0,prometheus-kube-state-metrics,52428800,,,,,,,,,,,,,,,,,,,,,,,,,
1614827791.982,kube_pod_container_resource_limits_memory_bytes,config-reloader,http,10.1.37.201:8080,kube-state-metrics,default,docker-desktop,alertmanager-prometheus-kube-prometheus-alertmanager-0,prometheus-kube-state-metrics,52428800,,,,,,,,,,,,,,,,,,,,,,,,,
1614827641.991,kube_pod_container_resource_limits_memory_bytes,config-reloader,http,10.1.37.201:8080,kube-state-metrics,default,docker-desktop,prometheus-prometheus-kube-prometheus-prometheus-0,prometheus-kube-state-metrics,52428800,,,,,,,,,,,,,,,,,,,,,,,,,
1614827671.982,kube_pod_container_resource_limits_memory_bytes,config-reloader,http,10.1.37.201:8080,kube-state-metrics,default,docker-desktop,prometheus-prometheus-kube-prometheus-prometheus-0,prometheus-kube-state-metrics,52428800,,,,,,,,,,,,,,,,,,,,,,,,,
1614827701.982,kube_pod_container_resource_limits_memory_bytes,config-reloader,http,10.1.37.201:8080,kube-state-metrics,default,docker-desktop,prometheus-prometheus-kube-prometheus-prometheus-0,prometheus-kube-state-metrics,52428800,,,,,,,,,,,,,,,,,,,,,,,,,
1614827731.982,kube_pod_container_resource_limits_memory_bytes,config-reloader,http,10.1.37.201:8080,kube-state-metrics,default,docker-desktop,prometheus-prometheus-kube-prometheus-prometheus-0,prometheus-kube-state-metrics,52428800,,,,,,,,,,,,,,,,,,,,,,,,,
1614827761.982,kube_pod_container_resource_limits_memory_bytes,config-reloader,http,10.1.37.201:8080,kube-state-metrics,default,docker-desktop,prometheus-prometheus-kube-prometheus-prometheus-0,prometheus-kube-state-metrics,52428800,,,,,,,,,,,,,,,,,,,,,,,,,
1614827791.982,kube_pod_container_resource_limits_memory_bytes,config-reloader,http,10.1.37.201:8080,kube-state-metrics,default,docker-desktop,prometheus-prometheus-kube-prometheus-prometheus-0,prometheus-kube-state-metrics,52428800,,,,,,,,,,,,,,,,,,,,,,,,,
1614827641.991,kube_pod_container_resource_limits_memory_bytes,coredns,http,10.1.37.201:8080,kube-state-metrics,kube-system,docker-desktop,coredns-f9fd979d6-4b2l5,prometheus-kube-state-metrics,178257920,,,,,,,,,,,,,,,,,,,,,,,,,
1614827671.982,kube_pod_container_resource_limits_memory_bytes,coredns,http,10.1.37.201:8080,kube-state-metrics,kube-system,docker-desktop,coredns-f9fd979d6-4b2l5,prometheus-kube-state-metrics,178257920,,,,,,,,,,,,,,,,,,,,,,,,,
1614827701.982,kube_pod_container_resource_limits_memory_bytes,coredns,http,10.1.37.201:8080,kube-state-metrics,kube-system,docker-desktop,coredns-f9fd979d6-4b2l5,prometheus-kube-state-metrics,178257920,,,,,,,,,,,,,,,,,,,,,,,,,
1614827731.982,kube_pod_container_resource_limits_memory_bytes,coredns,http,10.1.37.201:8080,kube-state-metrics,kube-system,docker-desktop,coredns-f9fd979d6-4b2l5,prometheus-kube-state-metrics,178257920,,,,,,,,,,,,,,,,,,,,,,,,,
1614827761.982,kube_pod_container_resource_limits_memory_bytes,coredns,http,10.1.37.201:8080,kube-state-metrics,kube-system,docker-desktop,coredns-f9fd979d6-4b2l5,prometheus-kube-state-metrics,178257920,,,,,,,,,,,,,,,,,,,,,,,,,
1614827791.982,kube_pod_container_resource_limits_memory_bytes,coredns,http,10.1.37.201:8080,kube-state-metrics,kube-system,docker-desktop,coredns-f9fd979d6-4b2l5,prometheus-kube-state-metrics,178257920,,,,,,,,,,,,,,,,,,,,,,,,,
1614827641.991,kube_pod_container_resource_limits_memory_bytes,coredns,http,10.1.37.201:8080,kube-state-metrics,kube-system,docker-desktop,coredns-f9fd979d6-gsfph,prometheus-kube-state-metrics,178257920,,,,,,,,,,,,,,,,,,,,,,,,,
1614827671.982,kube_pod_container_resource_limits_memory_bytes,coredns,http,10.1.37.201:8080,kube-state-metrics,kube-system,docker-desktop,coredns-f9fd979d6-gsfph,prometheus-kube-state-metrics,178257920,,,,,,,,,,,,,,,,,,,,,,,,,
1614827701.982,kube_pod_container_resource_limits_memory_bytes,coredns,http,10.1.37.201:8080,kube-state-metrics,kube-system,docker-desktop,coredns-f9fd979d6-gsfph,prometheus-kube-state-metrics,178257920,,,,,,,,,,,,,,,,,,,,,,,,,
1614827731.982,kube_pod_container_resource_limits_memory_bytes,coredns,http,10.1.37.201:8080,kube-state-metrics,kube-system,docker-desktop,coredns-f9fd979d6-gsfph,prometheus-kube-state-metrics,178257920,,,,,,,,,,,,,,,,,,,,,,,,,
1614827761.982,kube_pod_container_resource_limits_memory_bytes,coredns,http,10.1.37.201:8080,kube-state-metrics,kube-system,docker-desktop,coredns-f9fd979d6-gsfph,prometheus-kube-state-metrics,178257920,,,,,,,,,,,,,,,,,,,,,,,,,
1614827791.982,kube_pod_container_resource_limits_memory_bytes,coredns,http,10.1.37.201:8080,kube-state-metrics,kube-system,docker-desktop,coredns-f9fd979d6-gsfph,prometheus-kube-state-metrics,178257920,,,,,,,,,,,,,,,,,,,,,,,,,
1614827641.991,kube_pod_container_resource_limits_memory_bytes,teastore-webui,http,10.1.37.201:8080,kube-state-metrics,teastore,docker-desktop,teastore-webui-55ff7b4665-lg2qq,prometheus-kube-state-metrics,629145600,,,,,,,,,,,,,,,,,,,,,,,,,
1614827671.982,kube_pod_container_resource_limits_memory_bytes,teastore-webui,http,10.1.37.201:8080,kube-state-metrics,teastore,docker-desktop,teastore-webui-55ff7b4665-lg2qq,prometheus-kube-state-metrics,629145600,,,,,,,,,,,,,,,,,,,,,,,,,
1614827701.982,kube_pod_container_resource_limits_memory_bytes,teastore-webui,http,10.1.37.201:8080,kube-state-metrics,teastore,docker-desktop,teastore-webui-55ff7b4665-lg2qq,prometheus-kube-state-metrics,629145600,,,,,,,,,,,,,,,,,,,,,,,,,
1614827731.982,kube_pod_container_resource_limits_memory_bytes,teastore-webui,http,10.1.37.201:8080,kube-state-metrics,teastore,docker-desktop,teastore-webui-55ff7b4665-lg2qq,prometheus-kube-state-metrics,629145600,,,,,,,,,,,,,,,,,,,,,,,,,
1614827761.982,kube_pod_container_resource_limits_memory_bytes,teastore-webui,http,10.1.37.201:8080,kube-state-metrics,teastore,docker-desktop,teastore-webui-55ff7b4665-lg2qq,prometheus-kube-state-metrics,629145600,,,,,,,,,,,,,,,,,,,,,,,,,
1614827791.982,kube_pod_container_resource_limits_memory_bytes,teastore-webui,http,10.1.37.201:8080,kube-state-metrics,teastore,docker-desktop,teastore-webui-55ff7b4665-lg2qq,prometheus-kube-state-metrics,629145600,,,,,,,,,,,,,,,,,,,,,,,,,
1614827641.991,kube_pod_container_resource_limits_memory_bytes,teastore-webui,http,10.1.37.201:8080,kube-state-metrics,teastore,docker-desktop,teastore-webui-55ff7b4665-zpx46,prometheus-kube-state-metrics,629145600,,,,,,,,,,,,,,,,,,,,,,,,,
1614827671.982,kube_pod_container_resource_limits_memory_bytes,teastore-webui,http,10.1.37.201:8080,kube-state-metrics,teastore,docker-desktop,teastore-webui-55ff7b4665-zpx46,prometheus-kube-state-metrics,629145600,,,,,,,,,,,,,,,,,,,,,,,,,
1614827701.982,kube_pod_container_resource_limits_memory_bytes,teastore-webui,http,10.1.37.201:8080,kube-state-metrics,teastore,docker-desktop,teastore-webui-55ff7b4665-zpx46,prometheus-kube-state-metrics,629145600,,,,,,,,,,,,,,,,,,,,,,,,,
1614827731.982,kube_pod_container_resource_limits_memory_bytes,teastore-webui,http,10.1.37.201:8080,kube-state-metrics,teastore,docker-desktop,teastore-webui-55ff7b4665-zpx46,prometheus-kube-state-metrics,629145600,,,,,,,,,,,,,,,,,,,,,,,,,
1614827761.982,kube_pod_container_resource_limits_memory_bytes,teastore-webui,http,10.1.37.201:8080,kube-state-metrics,teastore,docker-desktop,teastore-webui-55ff7b4665-zpx46,prometheus-kube-state-metrics,629145600,,,,,,,,,,,,,,,,,,,,,,,,,
1614827791.982,kube_pod_container_resource_limits_memory_bytes,teastore-webui,http,10.1.37.201:8080,kube-state-metrics,teastore,docker-desktop,teastore-webui-55ff7b4665-zpx46,prometheus-kube-state-metrics,629145600,,,,,,,,,,,,,,,,,,,,,,,,,
1614827641.991,kube_pod_container_resource_limits_cpu_cores,config-reloader,http,10.1.37.201:8080,kube-state-metrics,default,docker-desktop,alertmanager-prometheus-kube-prometheus-alertmanager-0,prometheus-kube-state-metrics,0.1,,,,,,,,,,,,,,,,,,,,,,,,,
1614827671.982,kube_pod_container_resource_limits_cpu_cores,config-reloader,http,10.1.37.201:8080,kube-state-metrics,default,docker-desktop,alertmanager-prometheus-kube-prometheus-alertmanager-0,prometheus-kube-state-metrics,0.1,,,,,,,,,,,,,,,,,,,,,,,,,
1614827701.982,kube_pod_container_resource_limits_cpu_cores,config-reloader,http,10.1.37.201:8080,kube-state-metrics,default,docker-desktop,alertmanager-prometheus-kube-prometheus-alertmanager-0,prometheus-kube-state-metrics,0.1,,,,,,,,,,,,,,,,,,,,,,,,,
1614827731.982,kube_pod_container_resource_limits_cpu_cores,config-reloader,http,10.1.37.201:8080,kube-state-metrics,default,docker-desktop,alertmanager-prometheus-kube-prometheus-alertmanager-0,prometheus-kube-state-metrics,0.1,,,,,,,,,,,,,,,,,,,,,,,,,
1614827761.982,kube_pod_container_resource_limits_cpu_cores,config-reloader,http,10.1.37.201:8080,kube-state-metrics,default,docker-desktop,alertmanager-prometheus-kube-prometheus-alertmanager-0,prometheus-kube-state-metrics,0.1,,,,,,,,,,,,,,,,,,,,,,,,,
1614827791.982,kube_pod_container_resource_limits_cpu_cores,config-reloader,http,10.1.37.201:8080,kube-state-metrics,default,docker-desktop,alertmanager-prometheus-kube-prometheus-alertmanager-0,prometheus-kube-state-metrics,0.1,,,,,,,,,,,,,,,,,,,,,,,,,
1614827641.991,kube_pod_container_resource_limits_cpu_cores,config-reloader,http,10.1.37.201:8080,kube-state-metrics,default,docker-desktop,prometheus-prometheus-kube-prometheus-prometheus-0,prometheus-kube-state-metrics,0.1,,,,,,,,,,,,,,,,,,,,,,,,,
1614827671.982,kube_pod_container_resource_limits_cpu_cores,config-reloader,http,10.1.37.201:8080,kube-state-metrics,default,docker-desktop,prometheus-prometheus-kube-prometheus-prometheus-0,prometheus-kube-state-metrics,0.1,,,,,,,,,,,,,,,,,,,,,,,,,
1614827701.982,kube_pod_container_resource_limits_cpu_cores,config-reloader,http,10.1.37.201:8080,kube-state-metrics,default,docker-desktop,prometheus-prometheus-kube-prometheus-prometheus-0,prometheus-kube-state-metrics,0.1,,,,,,,,,,,,,,,,,,,,,,,,,
1614827731.982,kube_pod_container_resource_limits_cpu_cores,config-reloader,http,10.1.37.201:8080,kube-state-metrics,default,docker-desktop,prometheus-prometheus-kube-prometheus-prometheus-0,prometheus-kube-state-metrics,0.1,,,,,,,,,,,,,,,,,,,,,,,,,
1614827761.982,kube_pod_container_resource_limits_cpu_cores,config-reloader,http,10.1.37.201:8080,kube-state-metrics,default,docker-desktop,prometheus-prometheus-kube-prometheus-prometheus-0,prometheus-kube-state-metrics,0.1,,,,,,,,,,,,,,,,,,,,,,,,,
1614827791.982,kube_pod_container_resource_limits_cpu_cores,config-reloader,http,10.1.37.201:8080,kube-state-metrics,default,docker-desktop,prometheus-prometheus-kube-prometheus-prometheus-0,prometheus-kube-state-metrics,0.1,,,,,,,,,,,,,,,,,,,,,,,,,
1614827641.991,kube_pod_container_resource_limits_cpu_cores,teastore-webui,http,10.1.37.201:8080,kube-state-metrics,teastore,docker-desktop,teastore-webui-55ff7b4665-lg2qq,prometheus-kube-state-metrics,0.25,,,,,,,,,,,,,,,,,,,,,,,,,
1614827671.982,kube_pod_container_resource_limits_cpu_cores,teastore-webui,http,10.1.37.201:8080,kube-state-metrics,teastore,docker-desktop,teastore-webui-55ff7b4665-lg2qq,prometheus-kube-state-metrics,0.25,,,,,,,,,,,,,,,,,,,,,,,,,
1614827701.982,kube_pod_container_resource_limits_cpu_cores,teastore-webui,http,10.1.37.201:8080,kube-state-metrics,teastore,docker-desktop,teastore-webui-55ff7b4665-lg2qq,prometheus-kube-state-metrics,0.25,,,,,,,,,,,,,,,,,,,,,,,,,
1614827731.982,kube_pod_container_resource_limits_cpu_cores,teastore-webui,http,10.1.37.201:8080,kube-state-metrics,teastore,docker-desktop,teastore-webui-55ff7b4665-lg2qq,prometheus-kube-state-metrics,0.25,,,,,,,,,,,,,,,,,,,,,,,,,
1614827761.982,kube_pod_container_resource_limits_cpu_cores,teastore-webui,http,10.1.37.201:8080,kube-state-metrics,teastore,docker-desktop,teastore-webui-55ff7b4665-lg2qq,prometheus-kube-state-metrics,0.25,,,,,,,,,,,,,,,,,,,,,,,,,
1614827791.982,kube_pod_container_resource_limits_cpu_cores,teastore-webui,http,10.1.37.201:8080,kube-state-metrics,teastore,docker-desktop,teastore-webui-55ff7b4665-lg2qq,prometheus-kube-state-metrics,0.25,,,,,,,,,,,,,,,,,,,,,,,,,
1614827641.991,kube_pod_container_resource_limits_cpu_cores,teastore-webui,http,10.1.37.201:8080,kube-state-metrics,teastore,docker-desktop,teastore-webui-55ff7b4665-zpx46,prometheus-kube-state-metrics,0.25,,,,,,,,,,,,,,,,,,,,,,,,,
1614827671.982,kube_pod_container_resource_limits_cpu_cores,teastore-webui,http,10.1.37.201:8080,kube-state-metrics,teastore,docker-desktop,teastore-webui-55ff7b4665-zpx46,prometheus-kube-state-metrics,0.25,,,,,,,,,,,,,,,,,,,,,,,,,
1614827701.982,kube_pod_container_resource_limits_cpu_cores,teastore-webui,http,10.1.37.201:8080,kube-state-metrics,teastore,docker-desktop,teastore-webui-55ff7b4665-zpx46,prometheus-kube-state-metrics,0.25,,,,,,,,,,,,,,,,,,,,,,,,,
1614827731.982,kube_pod_container_resource_limits_cpu_cores,teastore-webui,http,10.1.37.201:8080,kube-state-metrics,teastore,docker-desktop,teastore-webui-55ff7b4665-zpx46,prometheus-kube-state-metrics,0.25,,,,,,,,,,,,,,,,,,,,,,,,,
1614827761.982,kube_pod_container_resource_limits_cpu_cores,teastore-webui,http,10.1.37.201:8080,kube-state-metrics,teastore,docker-desktop,teastore-webui-55ff7b4665-zpx46,prometheus-kube-state-metrics,0.25,,,,,,,,,,,,,,,,,,,,,,,,,
1614827791.982,kube_pod_container_resource_limits_cpu_cores,teastore-webui,http,10.1.37.201:8080,kube-state-metrics,teastore,docker-desktop,teastore-webui-55ff7b4665-zpx46,prometheus-kube-state-metrics,0.25,,,,,,,,,,,,,,,,,,,,,,,,,
1614827641.991,kube_pod_container_resource_requests_cpu_cores,config-reloader,http,10.1.37.201:8080,kube-state-metrics,default,docker-desktop,alertmanager-prometheus-kube-prometheus-alertmanager-0,prometheus-kube-state-metrics,0.1,,,,,,,,,,,,,,,,,,,,,,,,,
1614827671.982,kube_pod_container_resource_requests_cpu_cores,config-reloader,http,10.1.37.201:8080,kube-state-metrics,default,docker-desktop,alertmanager-prometheus-kube-prometheus-alertmanager-0,prometheus-kube-state-metrics,0.1,,,,,,,,,,,,,,,,,,,,,,,,,
1614827701.982,kube_pod_container_resource_requests_cpu_cores,config-reloader,http,10.1.37.201:8080,kube-state-metrics,default,docker-desktop,alertmanager-prometheus-kube-prometheus-alertmanager-0,prometheus-kube-state-metrics,0.1,,,,,,,,,,,,,,,,,,,,,,,,,
1614827731.982,kube_pod_container_resource_requests_cpu_cores,config-reloader,http,10.1.37.201:8080,kube-state-metrics,default,docker-desktop,alertmanager-prometheus-kube-prometheus-alertmanager-0,prometheus-kube-state-metrics,0.1,,,,,,,,,,,,,,,,,,,,,,,,,
1614827761.982,kube_pod_container_resource_requests_cpu_cores,config-reloader,http,10.1.37.201:8080,kube-state-metrics,default,docker-desktop,alertmanager-prometheus-kube-prometheus-alertmanager-0,prometheus-kube-state-metrics,0.1,,,,,,,,,,,,,,,,,,,,,,,,,
1614827791.982,kube_pod_container_resource_requests_cpu_cores,config-reloader,http,10.1.37.201:8080,kube-state-metrics,default,docker-desktop,alertmanager-prometheus-kube-prometheus-alertmanager-0,prometheus-kube-state-metrics,0.1,,,,,,,,,,,,,,,,,,,,,,,,,
1614827641.991,kube_pod_container_resource_requests_cpu_cores,config-reloader,http,10.1.37.201:8080,kube-state-metrics,default,docker-desktop,prometheus-prometheus-kube-prometheus-prometheus-0,prometheus-kube-state-metrics,0.1,,,,,,,,,,,,,,,,,,,,,,,,,
1614827671.982,kube_pod_container_resource_requests_cpu_cores,config-reloader,http,10.1.37.201:8080,kube-state-metrics,default,docker-desktop,prometheus-prometheus-kube-prometheus-prometheus-0,prometheus-kube-state-metrics,0.1,,,,,,,,,,,,,,,,,,,,,,,,,
1614827701.982,kube_pod_container_resource_requests_cpu_cores,config-reloader,http,10.1.37.201:8080,kube-state-metrics,default,docker-desktop,prometheus-prometheus-kube-prometheus-prometheus-0,prometheus-kube-state-metrics,0.1,,,,,,,,,,,,,,,,,,,,,,,,,
1614827731.982,kube_pod_container_resource_requests_cpu_cores,config-reloader,http,10.1.37.201:8080,kube-state-metrics,default,docker-desktop,prometheus-prometheus-kube-prometheus-prometheus-0,prometheus-kube-state-metrics,0.1,,,,,,,,,,,,,,,,,,,,,,,,,
1614827761.982,kube_pod_container_resource_requests_cpu_cores,config-reloader,http,10.1.37.201:8080,kube-state-metrics,default,docker-desktop,prometheus-prometheus-kube-prometheus-prometheus-0,prometheus-kube-state-metrics,0.1,,,,,,,,,,,,,,,,,,,,,,,,,
1614827791.982,kube_pod_container_resource_requests_cpu_cores,config-reloader,http,10.1.37.201:8080,kube-state-metrics,default,docker-desktop,prometheus-prometheus-kube-prometheus-prometheus-0,prometheus-kube-state-metrics,0.1,,,,,,,,,,,,,,,,,,,,,,,,,
1614827641.991,kube_pod_container_resource_requests_cpu_cores,coredns,http,10.1.37.201:8080,kube-state-metrics,kube-system,docker-desktop,coredns-f9fd979d6-4b2l5,prometheus-kube-state-metrics,0.1,,,,,,,,,,,,,,,,,,,,,,,,,
1614827671.982,kube_pod_container_resource_requests_cpu_cores,coredns,http,10.1.37.201:8080,kube-state-metrics,kube-system,docker-desktop,coredns-f9fd979d6-4b2l5,prometheus-kube-state-metrics,0.1,,,,,,,,,,,,,,,,,,,,,,,,,
1614827701.982,kube_pod_container_resource_requests_cpu_cores,coredns,http,10.1.37.201:8080,kube-state-metrics,kube-system,docker-desktop,coredns-f9fd979d6-4b2l5,prometheus-kube-state-metrics,0.1,,,,,,,,,,,,,,,,,,,,,,,,,
1614827731.982,kube_pod_container_resource_requests_cpu_cores,coredns,http,10.1.37.201:8080,kube-state-metrics,kube-system,docker-desktop,coredns-f9fd979d6-4b2l5,prometheus-kube-state-metrics,0.1,,,,,,,,,,,,,,,,,,,,,,,,,
1614827761.982,kube_pod_container_resource_requests_cpu_cores,coredns,http,10.1.37.201:8080,kube-state-metrics,kube-system,docker-desktop,coredns-f9fd979d6-4b2l5,prometheus-kube-state-metrics,0.1,,,,,,,,,,,,,,,,,,,,,,,,,
1614827791.982,kube_pod_container_resource_requests_cpu_cores,coredns,http,10.1.37.201:8080,kube-state-metrics,kube-system,docker-desktop,coredns-f9fd979d6-4b2l5,prometheus-kube-state-metrics,0.1,,,,,,,,,,,,,,,,,,,,,,,,,
1614827641.991,kube_pod_container_resource_requests_cpu_cores,coredns,http,10.1.37.201:8080,kube-state-metrics,kube-system,docker-desktop,coredns-f9fd979d6-gsfph,prometheus-kube-state-metrics,0.1,,,,,,,,,,,,,,,,,,,,,,,,,
1614827671.982,kube_pod_container_resource_requests_cpu_cores,coredns,http,10.1.37.201:8080,kube-state-metrics,kube-system,docker-desktop,coredns-f9fd979d6-gsfph,prometheus-kube-state-metrics,0.1,,,,,,,,,,,,,,,,,,,,,,,,,
1614827701.982,kube_pod_container_resource_requests_cpu_cores,coredns,http,10.1.37.201:8080,kube-state-metrics,kube-system,docker-desktop,coredns-f9fd979d6-gsfph,prometheus-kube-state-metrics,0.1,,,,,,,,,,,,,,,,,,,,,,,,,
1614827731.982,kube_pod_container_resource_requests_cpu_cores,coredns,http,10.1.37.201:8080,kube-state-metrics,kube-system,docker-desktop,coredns-f9fd979d6-gsfph,prometheus-kube-state-metrics,0.1,,,,,,,,,,,,,,,,,,,,,,,,,
1614827761.982,kube_pod_container_resource_requests_cpu_cores,coredns,http,10.1.37.201:8080,kube-state-metrics,kube-system,docker-desktop,coredns-f9fd979d6-gsfph,prometheus-kube-state-metrics,0.1,,,,,,,,,,,,,,,,,,,,,,,,,
1614827791.982,kube_pod_container_resource_requests_cpu_cores,coredns,http,10.1.37.201:8080,kube-state-metrics,kube-system,docker-desktop,coredns-f9fd979d6-gsfph,prometheus-kube-state-metrics,0.1,,,,,,,,,,,,,,,,,,,,,,,,,
1614827641.991,kube_pod_container_resource_requests_cpu_cores,kube-apiserver,http,10.1.37.201:8080,kube-state-metrics,kube-system,docker-desktop,kube-apiserver-docker-desktop,prometheus-kube-state-metrics,0.25,,,,,,,,,,,,,,,,,,,,,,,,,
1614827671.982,kube_pod_container_resource_requests_cpu_cores,kube-apiserver,http,10.1.37.201:8080,kube-state-metrics,kube-system,docker-desktop,kube-apiserver-docker-desktop,prometheus-kube-state-metrics,0.25,,,,,,,,,,,,,,,,,,,,,,,,,
1614827701.982,kube_pod_container_resource_requests_cpu_cores,kube-apiserver,http,10.1.37.201:8080,kube-state-metrics,kube-system,docker-desktop,kube-apiserver-docker-desktop,prometheus-kube-state-metrics,0.25,,,,,,,,,,,,,,,,,,,,,,,,,
1614827731.982,kube_pod_container_resource_requests_cpu_cores,kube-apiserver,http,10.1.37.201:8080,kube-state-metrics,kube-system,docker-desktop,kube-apiserver-docker-desktop,prometheus-kube-state-metrics,0.25,,,,,,,,,,,,,,,,,,,,,,,,,
1614827761.982,kube_pod_container_resource_requests_cpu_cores,kube-apiserver,http,10.1.37.201:8080,kube-state-metrics,kube-system,docker-desktop,kube-apiserver-docker-desktop,prometheus-kube-state-metrics,0.25,,,,,,,,,,,,,,,,,,,,,,,,,
1614827791.982,kube_pod_container_resource_requests_cpu_cores,kube-apiserver,http,10.1.37.201:8080,kube-state-metrics,kube-system,docker-desktop,kube-apiserver-docker-desktop,prometheus-kube-state-metrics,0.25,,,,,,,,,,,,,,,,,,,,,,,,,
1614827641.991,kube_pod_container_resource_requests_cpu_cores,kube-controller-manager,http,10.1.37.201:8080,kube-state-metrics,kube-system,docker-desktop,kube-controller-manager-docker-desktop,prometheus-kube-state-metrics,0.2,,,,,,,,,,,,,,,,,,,,,,,,,
1614827671.982,kube_pod_container_resource_requests_cpu_cores,kube-controller-manager,http,10.1.37.201:8080,kube-state-metrics,kube-system,docker-desktop,kube-controller-manager-docker-desktop,prometheus-kube-state-metrics,0.2,,,,,,,,,,,,,,,,,,,,,,,,,
1614827701.982,kube_pod_container_resource_requests_cpu_cores,kube-controller-manager,http,10.1.37.201:8080,kube-state-metrics,kube-system,docker-desktop,kube-controller-manager-docker-desktop,prometheus-kube-state-metrics,0.2,,,,,,,,,,,,,,,,,,,,,,,,,
1614827731.982,kube_pod_container_resource_requests_cpu_cores,kube-controller-manager,http,10.1.37.201:8080,kube-state-metrics,kube-system,docker-desktop,kube-controller-manager-docker-desktop,prometheus-kube-state-metrics,0.2,,,,,,,,,,,,,,,,,,,,,,,,,
1614827761.982,kube_pod_container_resource_requests_cpu_cores,kube-controller-manager,http,10.1.37.201:8080,kube-state-metrics,kube-system,docker-desktop,kube-controller-manager-docker-desktop,prometheus-kube-state-metrics,0.2,,,,,,,,,,,,,,,,,,,,,,,,,
1614827791.982,kube_pod_container_resource_requests_cpu_cores,kube-controller-manager,http,10.1.37.201:8080,kube-state-metrics,kube-system,docker-desktop,kube-controller-manager-docker-desktop,prometheus-kube-state-metrics,0.2,,,,,,,,,,,,,,,,,,,,,,,,,
1614827641.991,kube_pod_container_resource_requests_cpu_cores,kube-scheduler,http,10.1.37.201:8080,kube-state-metrics,kube-system,docker-desktop,kube-scheduler-docker-desktop,prometheus-kube-state-metrics,0.1,,,,,,,,,,,,,,,,,,,,,,,,,
1614827671.982,kube_pod_container_resource_requests_cpu_cores,kube-scheduler,http,10.1.37.201:8080,kube-state-metrics,kube-system,docker-desktop,kube-scheduler-docker-desktop,prometheus-kube-state-metrics,0.1,,,,,,,,,,,,,,,,,,,,,,,,,
1614827701.982,kube_pod_container_resource_requests_cpu_cores,kube-scheduler,http,10.1.37.201:8080,kube-state-metrics,kube-system,docker-desktop,kube-scheduler-docker-desktop,prometheus-kube-state-metrics,0.1,,,,,,,,,,,,,,,,,,,,,,,,,
1614827731.982,kube_pod_container_resource_requests_cpu_cores,kube-scheduler,http,10.1.37.201:8080,kube-state-metrics,kube-system,docker-desktop,kube-scheduler-docker-desktop,prometheus-kube-state-metrics,0.1,,,,,,,,,,,,,,,,,,,,,,,,,
1614827761.982,kube_pod_container_resource_requests_cpu_cores,kube-scheduler,http,10.1.37.201:8080,kube-state-metrics,kube-system,docker-desktop,kube-scheduler-docker-desktop,prometheus-kube-state-metrics,0.1,,,,,,,,,,,,,,,,,,,,,,,,,
1614827791.982,kube_pod_container_resource_requests_cpu_cores,kube-scheduler,http,10.1.37.201:8080,kube-state-metrics,kube-system,docker-desktop,kube-scheduler-docker-desktop,prometheus-kube-state-metrics,0.1,,,,,,,,,,,,,,,,,,,,,,,,,
1614827641.991,kube_pod_container_resource_requests_cpu_cores,teastore-webui,http,10.1.37.201:8080,kube-state-metrics,teastore,docker-desktop,teastore-webui-55ff7b4665-lg2qq,prometheus-kube-state-metrics,0.06,,,,,,,,,,,,,,,,,,,,,,,,,
1614827671.982,kube_pod_container_resource_requests_cpu_cores,teastore-webui,http,10.1.37.201:8080,kube-state-metrics,teastore,docker-desktop,teastore-webui-55ff7b4665-lg2qq,prometheus-kube-state-metrics,0.06,,,,,,,,,,,,,,,,,,,,,,,,,
1614827701.982,kube_pod_container_resource_requests_cpu_cores,teastore-webui,http,10.1.37.201:8080,kube-state-metrics,teastore,docker-desktop,teastore-webui-55ff7b4665-lg2qq,prometheus-kube-state-metrics,0.06,,,,,,,,,,,,,,,,,,,,,,,,,
1614827731.982,kube_pod_container_resource_requests_cpu_cores,teastore-webui,http,10.1.37.201:8080,kube-state-metrics,teastore,docker-desktop,teastore-webui-55ff7b4665-lg2qq,prometheus-kube-state-metrics,0.06,,,,,,,,,,,,,,,,,,,,,,,,,
1614827761.982,kube_pod_container_resource_requests_cpu_cores,teastore-webui,http,10.1.37.201:8080,kube-state-metrics,teastore,docker-desktop,teastore-webui-55ff7b4665-lg2qq,prometheus-kube-state-metrics,0.06,,,,,,,,,,,,,,,,,,,,,,,,,
1614827791.982,kube_pod_container_resource_requests_cpu_cores,teastore-webui,http,10.1.37.201:8080,kube-state-metrics,teastore,docker-desktop,teastore-webui-55ff7b4665-lg2qq,prometheus-kube-state-metrics,0.06,,,,,,,,,,,,,,,,,,,,,,,,,
1614827641.991,kube_pod_container_resource_requests_cpu_cores,teastore-webui,http,10.1.37.201:8080,kube-state-metrics,teastore,docker-desktop,teastore-webui-55ff7b4665-zpx46,prometheus-kube-state-metrics,0.06,,,,,,,,,,,,,,,,,,,,,,,,,
1614827671.982,kube_pod_container_resource_requests_cpu_cores,teastore-webui,http,10.1.37.201:8080,kube-state-metrics,teastore,docker-desktop,teastore-webui-55ff7b4665-zpx46,prometheus-kube-state-metrics,0.06,,,,,,,,,,,,,,,,,,,,,,,,,
1614827701.982,kube_pod_container_resource_requests_cpu_cores,teastore-webui,http,10.1.37.201:8080,kube-state-metrics,teastore,docker-desktop,teastore-webui-55ff7b4665-zpx46,prometheus-kube-state-metrics,0.06,,,,,,,,,,,,,,,,,,,,,,,,,
1614827731.982,kube_pod_container_resource_requests_cpu_cores,teastore-webui,http,10.1.37.201:8080,kube-state-metrics,teastore,docker-desktop,teastore-webui-55ff7b4665-zpx46,prometheus-kube-state-metrics,0.06,,,,,,,,,,,,,,,,,,,,,,,,,
1614827761.982,kube_pod_container_resource_requests_cpu_cores,teastore-webui,http,10.1.37.201:8080,kube-state-metrics,teastore,docker-desktop,teastore-webui-55ff7b4665-zpx46,prometheus-kube-state-metrics,0.06,,,,,,,,,,,,,,,,,,,,,,,,,
1614827791.982,kube_pod_container_resource_requests_cpu_cores,teastore-webui,http,10.1.37.201:8080,kube-state-metrics,teastore,docker-desktop,teastore-webui-55ff7b4665-zpx46,prometheus-kube-state-metrics,0.06,,,,,,,,,,,,,,,,,,,,,,,,,
1614827653.449,container_cpu_cfs_throttled_seconds_total,config-reloader,https-metrics,192.168.65.3:10250,kubelet,default,docker-desktop,prometheus-prometheus-kube-prometheus-prometheus-0,prometheus-kube-prometheus-kubelet,254.3953807,/kubepods/kubepods/burstable/pod2e96bfc4-3c10-4d82-8559-96ee02c50c31/6145143252bd4cc53a8955e9ab15572f2e017c44b255b9ee5fdf3cedaec9fafe,sha256:73bc771f8028b1accae9e696fb577750cc9ff09feea8a3a30b590d4a4c2766d2,/metrics/cadvisor,k8s_config-reloader_prometheus-prometheus-kube-prometheus-prometheus-0_default_2e96bfc4-3c10-4d82-8559-96ee02c50c31_15,,,,,,,,,,,,,,,,,,,,,
1614827672.583,container_cpu_cfs_throttled_seconds_total,config-reloader,https-metrics,192.168.65.3:10250,kubelet,default,docker-desktop,prometheus-prometheus-kube-prometheus-prometheus-0,prometheus-kube-prometheus-kubelet,254.4740906,/kubepods/kubepods/burstable/pod2e96bfc4-3c10-4d82-8559-96ee02c50c31/6145143252bd4cc53a8955e9ab15572f2e017c44b255b9ee5fdf3cedaec9fafe,sha256:73bc771f8028b1accae9e696fb577750cc9ff09feea8a3a30b590d4a4c2766d2,/metrics/cadvisor,k8s_config-reloader_prometheus-prometheus-kube-prometheus-prometheus-0_default_2e96bfc4-3c10-4d82-8559-96ee02c50c31_15,,,,,,,,,,,,,,,,,,,,,
1614827712.993,container_cpu_cfs_throttled_seconds_total,config-reloader,https-metrics,192.168.65.3:10250,kubelet,default,docker-desktop,prometheus-prometheus-kube-prometheus-prometheus-0,prometheus-kube-prometheus-kubelet,254.4740906,/kubepods/kubepods/burstable/pod2e96bfc4-3c10-4d82-8559-96ee02c50c31/6145143252bd4cc53a8955e9ab15572f2e017c44b255b9ee5fdf3cedaec9fafe,sha256:73bc771f8028b1accae9e696fb577750cc9ff09feea8a3a30b590d4a4c2766d2,/metrics/cadvisor,k8s_config-reloader_prometheus-prometheus-kube-prometheus-prometheus-0_default_2e96bfc4-3c10-4d82-8559-96ee02c50c31_15,,,,,,,,,,,,,,,,,,,,,
1614827736.449,container_cpu_cfs_throttled_seconds_total,config-reloader,https-metrics,192.168.65.3:10250,kubelet,default,docker-desktop,prometheus-prometheus-kube-prometheus-prometheus-0,prometheus-kube-prometheus-kubelet,254.4740906,/kubepods/kubepods/burstable/pod2e96bfc4-3c10-4d82-8559-96ee02c50c31/6145143252bd4cc53a8955e9ab15572f2e017c44b255b9ee5fdf3cedaec9fafe,sha256:73bc771f8028b1accae9e696fb577750cc9ff09feea8a3a30b590d4a4c2766d2,/metrics/cadvisor,k8s_config-reloader_prometheus-prometheus-kube-prometheus-prometheus-0_default_2e96bfc4-3c10-4d82-8559-96ee02c50c31_15,,,,,,,,,,,,,,,,,,,,,
1614827768.158,container_cpu_cfs_throttled_seconds_total,config-reloader,https-metrics,192.168.65.3:10250,kubelet,default,docker-desktop,prometheus-prometheus-kube-prometheus-prometheus-0,prometheus-kube-prometheus-kubelet,254.4740906,/kubepods/kubepods/burstable/pod2e96bfc4-3c10-4d82-8559-96ee02c50c31/6145143252bd4cc53a8955e9ab15572f2e017c44b255b9ee5fdf3cedaec9fafe,sha256:73bc771f8028b1accae9e696fb577750cc9ff09feea8a3a30b590d4a4c2766d2,/metrics/cadvisor,k8s_config-reloader_prometheus-prometheus-kube-prometheus-prometheus-0_default_2e96bfc4-3c10-4d82-8559-96ee02c50c31_15,,,,,,,,,,,,,,,,,,,,,
1614827804.527,container_cpu_cfs_throttled_seconds_total,config-reloader,https-metrics,192.168.65.3:10250,kubelet,default,docker-desktop,prometheus-prometheus-kube-prometheus-prometheus-0,prometheus-kube-prometheus-kubelet,254.496734,/kubepods/kubepods/burstable/pod2e96bfc4-3c10-4d82-8559-96ee02c50c31/6145143252bd4cc53a8955e9ab15572f2e017c44b255b9ee5fdf3cedaec9fafe,sha256:73bc771f8028b1accae9e696fb577750cc9ff09feea8a3a30b590d4a4c2766d2,/metrics/cadvisor,k8s_config-reloader_prometheus-prometheus-kube-prometheus-prometheus-0_default_2e96bfc4-3c10-4d82-8559-96ee02c50c31_15,,,,,,,,,,,,,,,,,,,,,
1614827650.4,container_cpu_cfs_throttled_seconds_total,config-reloader,https-metrics,192.168.65.3:10250,kubelet,default,docker-desktop,alertmanager-prometheus-kube-prometheus-alertmanager-0,prometheus-kube-prometheus-kubelet,1.6579802,/kubepods/kubepods/burstable/pod414fed11-6938-47e9-8069-d32074624822/335a16c212af5fd677c4c7fc28cbff3d6d3fe4e8b22e767029d9e0db034cf8b3,sha256:73bc771f8028b1accae9e696fb577750cc9ff09feea8a3a30b590d4a4c2766d2,/metrics/cadvisor,k8s_config-reloader_alertmanager-prometheus-kube-prometheus-alertmanager-0_default_414fed11-6938-47e9-8069-d32074624822_15,,,,,,,,,,,,,,,,,,,,,
1614827674.846,container_cpu_cfs_throttled_seconds_total,config-reloader,https-metrics,192.168.65.3:10250,kubelet,default,docker-desktop,alertmanager-prometheus-kube-prometheus-alertmanager-0,prometheus-kube-prometheus-kubelet,1.6579802,/kubepods/kubepods/burstable/pod414fed11-6938-47e9-8069-d32074624822/335a16c212af5fd677c4c7fc28cbff3d6d3fe4e8b22e767029d9e0db034cf8b3,sha256:73bc771f8028b1accae9e696fb577750cc9ff09feea8a3a30b590d4a4c2766d2,/metrics/cadvisor,k8s_config-reloader_alertmanager-prometheus-kube-prometheus-alertmanager-0_default_414fed11-6938-47e9-8069-d32074624822_15,,,,,,,,,,,,,,,,,,,,,
1614827710.246,container_cpu_cfs_throttled_seconds_total,config-reloader,https-metrics,192.168.65.3:10250,kubelet,default,docker-desktop,alertmanager-prometheus-kube-prometheus-alertmanager-0,prometheus-kube-prometheus-kubelet,1.6579802,/kubepods/kubepods/burstable/pod414fed11-6938-47e9-8069-d32074624822/335a16c212af5fd677c4c7fc28cbff3d6d3fe4e8b22e767029d9e0db034cf8b3,sha256:73bc771f8028b1accae9e696fb577750cc9ff09feea8a3a30b590d4a4c2766d2,/metrics/cadvisor,k8s_config-reloader_alertmanager-prometheus-kube-prometheus-alertmanager-0_default_414fed11-6938-47e9-8069-d32074624822_15,,,,,,,,,,,,,,,,,,,,,
1614827736.768,container_cpu_cfs_throttled_seconds_total,config-reloader,https-metrics,192.168.65.3:10250,kubelet,default,docker-desktop,alertmanager-prometheus-kube-prometheus-alertmanager-0,prometheus-kube-prometheus-kubelet,1.6579802,/kubepods/kubepods/burstable/pod414fed11-6938-47e9-8069-d32074624822/335a16c212af5fd677c4c7fc28cbff3d6d3fe4e8b22e767029d9e0db034cf8b3,sha256:73bc771f8028b1accae9e696fb577750cc9ff09feea8a3a30b590d4a4c2766d2,/metrics/cadvisor,k8s_config-reloader_alertmanager-prometheus-kube-prometheus-alertmanager-0_default_414fed11-6938-47e9-8069-d32074624822_15,,,,,,,,,,,,,,,,,,,,,
1614827753.563,container_cpu_cfs_throttled_seconds_total,config-reloader,https-metrics,192.168.65.3:10250,kubelet,default,docker-desktop,alertmanager-prometheus-kube-prometheus-alertmanager-0,prometheus-kube-prometheus-kubelet,1.6579802,/kubepods/kubepods/burstable/pod414fed11-6938-47e9-8069-d32074624822/335a16c212af5fd677c4c7fc28cbff3d6d3fe4e8b22e767029d9e0db034cf8b3,sha256:73bc771f8028b1accae9e696fb577750cc9ff09feea8a3a30b590d4a4c2766d2,/metrics/cadvisor,k8s_config-reloader_alertmanager-prometheus-kube-prometheus-alertmanager-0_default_414fed11-6938-47e9-8069-d32074624822_15,,,,,,,,,,,,,,,,,,,,,
1614827791.469,container_cpu_cfs_throttled_seconds_total,config-reloader,https-metrics,192.168.65.3:10250,kubelet,default,docker-desktop,alertmanager-prometheus-kube-prometheus-alertmanager-0,prometheus-kube-prometheus-kubelet,1.6579802,/kubepods/kubepods/burstable/pod414fed11-6938-47e9-8069-d32074624822/335a16c212af5fd677c4c7fc28cbff3d6d3fe4e8b22e767029d9e0db034cf8b3,sha256:73bc771f8028b1accae9e696fb577750cc9ff09feea8a3a30b590d4a4c2766d2,/metrics/cadvisor,k8s_config-reloader_alertmanager-prometheus-kube-prometheus-alertmanager-0_default_414fed11-6938-47e9-8069-d32074624822_15,,,,,,,,,,,,,,,,,,,,,
1614827653.173,container_cpu_cfs_throttled_seconds_total,teastore-webui,https-metrics,192.168.65.3:10250,kubelet,teastore,docker-desktop,teastore-webui-55ff7b4665-lg2qq,prometheus-kube-prometheus-kubelet,761.3017753,/kubepods/kubepods/burstable/pod2864749d-4f7f-4e96-85ef-38b7ca32e59a/342a34c8cfb2c561244a862aad309bab47f44d1a2ad5bfc1eba7d4ced734a949,descartesresearch/teastore-webui@sha256:a22920057ef41fdd0936a970ac93b60c21e3237fc812de00318092d3bbc93ea5,/metrics/cadvisor,k8s_teastore-webui_teastore-webui-55ff7b4665-lg2qq_teastore_2864749d-4f7f-4e96-85ef-38b7ca32e59a_0,,,,,,,,,,,,,,,,,,,,,
1614827673.615,container_cpu_cfs_throttled_seconds_total,teastore-webui,https-metrics,192.168.65.3:10250,kubelet,teastore,docker-desktop,teastore-webui-55ff7b4665-lg2qq,prometheus-kube-prometheus-kubelet,814.944583,/kubepods/kubepods/burstable/pod2864749d-4f7f-4e96-85ef-38b7ca32e59a/342a34c8cfb2c561244a862aad309bab47f44d1a2ad5bfc1eba7d4ced734a949,descartesresearch/teastore-webui@sha256:a22920057ef41fdd0936a970ac93b60c21e3237fc812de00318092d3bbc93ea5,/metrics/cadvisor,k8s_teastore-webui_teastore-webui-55ff7b4665-lg2qq_teastore_2864749d-4f7f-4e96-85ef-38b7ca32e59a_0,,,,,,,,,,,,,,,,,,,,,
1614827709.929,container_cpu_cfs_throttled_seconds_total,teastore-webui,https-metrics,192.168.65.3:10250,kubelet,teastore,docker-desktop,teastore-webui-55ff7b4665-lg2qq,prometheus-kube-prometheus-kubelet,912.3623094,/kubepods/kubepods/burstable/pod2864749d-4f7f-4e96-85ef-38b7ca32e59a/342a34c8cfb2c561244a862aad309bab47f44d1a2ad5bfc1eba7d4ced734a949,descartesresearch/teastore-webui@sha256:a22920057ef41fdd0936a970ac93b60c21e3237fc812de00318092d3bbc93ea5,/metrics/cadvisor,k8s_teastore-webui_teastore-webui-55ff7b4665-lg2qq_teastore_2864749d-4f7f-4e96-85ef-38b7ca32e59a_0,,,,,,,,,,,,,,,,,,,,,
1614827732.775,container_cpu_cfs_throttled_seconds_total,teastore-webui,https-metrics,192.168.65.3:10250,kubelet,teastore,docker-desktop,teastore-webui-55ff7b4665-lg2qq,prometheus-kube-prometheus-kubelet,971.7631088,/kubepods/kubepods/burstable/pod2864749d-4f7f-4e96-85ef-38b7ca32e59a/342a34c8cfb2c561244a862aad309bab47f44d1a2ad5bfc1eba7d4ced734a949,descartesresearch/teastore-webui@sha256:a22920057ef41fdd0936a970ac93b60c21e3237fc812de00318092d3bbc93ea5,/metrics/cadvisor,k8s_teastore-webui_teastore-webui-55ff7b4665-lg2qq_teastore_2864749d-4f7f-4e96-85ef-38b7ca32e59a_0,,,,,,,,,,,,,,,,,,,,,
1614827763.18,container_cpu_cfs_throttled_seconds_total,teastore-webui,https-metrics,192.168.65.3:10250,kubelet,teastore,docker-desktop,teastore-webui-55ff7b4665-lg2qq,prometheus-kube-prometheus-kubelet,1050.4452439,/kubepods/kubepods/burstable/pod2864749d-4f7f-4e96-85ef-38b7ca32e59a/342a34c8cfb2c561244a862aad309bab47f44d1a2ad5bfc1eba7d4ced734a949,descartesresearch/teastore-webui@sha256:a22920057ef41fdd0936a970ac93b60c21e3237fc812de00318092d3bbc93ea5,/metrics/cadvisor,k8s_teastore-webui_teastore-webui-55ff7b4665-lg2qq_teastore_2864749d-4f7f-4e96-85ef-38b7ca32e59a_0,,,,,,,,,,,,,,,,,,,,,
1614827787.915,container_cpu_cfs_throttled_seconds_total,teastore-webui,https-metrics,192.168.65.3:10250,kubelet,teastore,docker-desktop,teastore-webui-55ff7b4665-lg2qq,prometheus-kube-prometheus-kubelet,1109.6943677,/kubepods/kubepods/burstable/pod2864749d-4f7f-4e96-85ef-38b7ca32e59a/342a34c8cfb2c561244a862aad309bab47f44d1a2ad5bfc1eba7d4ced734a949,descartesresearch/teastore-webui@sha256:a22920057ef41fdd0936a970ac93b60c21e3237fc812de00318092d3bbc93ea5,/metrics/cadvisor,k8s_teastore-webui_teastore-webui-55ff7b4665-lg2qq_teastore_2864749d-4f7f-4e96-85ef-38b7ca32e59a_0,,,,,,,,,,,,,,,,,,,,,
1614827645.827,container_cpu_cfs_throttled_seconds_total,teastore-webui,https-metrics,192.168.65.3:10250,kubelet,teastore,docker-desktop,teastore-webui-55ff7b4665-zpx46,prometheus-kube-prometheus-kubelet,153.3649855,/kubepods/kubepods/burstable/pod2ad1beb7-119e-4b35-9b5c-3c7b914c1df0/556e4de1f7d101d92d6fa8f1be98b516f9d4893276b55b2160e0f5f1b7a60a8c,descartesresearch/teastore-webui@sha256:a22920057ef41fdd0936a970ac93b60c21e3237fc812de00318092d3bbc93ea5,/metrics/cadvisor,k8s_teastore-webui_teastore-webui-55ff7b4665-zpx46_teastore_2ad1beb7-119e-4b35-9b5c-3c7b914c1df0_0,,,,,,,,,,,,,,,,,,,,,
1614827682.927,container_cpu_cfs_throttled_seconds_total,teastore-webui,https-metrics,192.168.65.3:10250,kubelet,teastore,docker-desktop,teastore-webui-55ff7b4665-zpx46,prometheus-kube-prometheus-kubelet,239.8316358,/kubepods/kubepods/burstable/pod2ad1beb7-119e-4b35-9b5c-3c7b914c1df0/556e4de1f7d101d92d6fa8f1be98b516f9d4893276b55b2160e0f5f1b7a60a8c,descartesresearch/teastore-webui@sha256:a22920057ef41fdd0936a970ac93b60c21e3237fc812de00318092d3bbc93ea5,/metrics/cadvisor,k8s_teastore-webui_teastore-webui-55ff7b4665-zpx46_teastore_2ad1beb7-119e-4b35-9b5c-3c7b914c1df0_0,,,,,,,,,,,,,,,,,,,,,
1614827710.95,container_cpu_cfs_throttled_seconds_total,teastore-webui,https-metrics,192.168.65.3:10250,kubelet,teastore,docker-desktop,teastore-webui-55ff7b4665-zpx46,prometheus-kube-prometheus-kubelet,313.674654,/kubepods/kubepods/burstable/pod2ad1beb7-119e-4b35-9b5c-3c7b914c1df0/556e4de1f7d101d92d6fa8f1be98b516f9d4893276b55b2160e0f5f1b7a60a8c,descartesresearch/teastore-webui@sha256:a22920057ef41fdd0936a970ac93b60c21e3237fc812de00318092d3bbc93ea5,/metrics/cadvisor,k8s_teastore-webui_teastore-webui-55ff7b4665-zpx46_teastore_2ad1beb7-119e-4b35-9b5c-3c7b914c1df0_0,,,,,,,,,,,,,,,,,,,,,
1614827737.793,container_cpu_cfs_throttled_seconds_total,teastore-webui,https-metrics,192.168.65.3:10250,kubelet,teastore,docker-desktop,teastore-webui-55ff7b4665-zpx46,prometheus-kube-prometheus-kubelet,378.9156789,/kubepods/kubepods/burstable/pod2ad1beb7-119e-4b35-9b5c-3c7b914c1df0/556e4de1f7d101d92d6fa8f1be98b516f9d4893276b55b2160e0f5f1b7a60a8c,descartesresearch/teastore-webui@sha256:a22920057ef41fdd0936a970ac93b60c21e3237fc812de00318092d3bbc93ea5,/metrics/cadvisor,k8s_teastore-webui_teastore-webui-55ff7b4665-zpx46_teastore_2ad1beb7-119e-4b35-9b5c-3c7b914c1df0_0,,,,,,,,,,,,,,,,,,,,,
1614827775.032,container_cpu_cfs_throttled_seconds_total,teastore-webui,https-metrics,192.168.65.3:10250,kubelet,teastore,docker-desktop,teastore-webui-55ff7b4665-zpx46,prometheus-kube-prometheus-kubelet,478.4113059,/kubepods/kubepods/burstable/pod2ad1beb7-119e-4b35-9b5c-3c7b914c1df0/556e4de1f7d101d92d6fa8f1be98b516f9d4893276b55b2160e0f5f1b7a60a8c,descartesresearch/teastore-webui@sha256:a22920057ef41fdd0936a970ac93b60c21e3237fc812de00318092d3bbc93ea5,/metrics/cadvisor,k8s_teastore-webui_teastore-webui-55ff7b4665-zpx46_teastore_2ad1beb7-119e-4b35-9b5c-3c7b914c1df0_0,,,,,,,,,,,,,,,,,,,,,
1614827792.963,container_cpu_cfs_throttled_seconds_total,teastore-webui,https-metrics,192.168.65.3:10250,kubelet,teastore,docker-desktop,teastore-webui-55ff7b4665-zpx46,prometheus-kube-prometheus-kubelet,527.3290213,/kubepods/kubepods/burstable/pod2ad1beb7-119e-4b35-9b5c-3c7b914c1df0/556e4de1f7d101d92d6fa8f1be98b516f9d4893276b55b2160e0f5f1b7a60a8c,descartesresearch/teastore-webui@sha256:a22920057ef41fdd0936a970ac93b60c21e3237fc812de00318092d3bbc93ea5,/metrics/cadvisor,k8s_teastore-webui_teastore-webui-55ff7b4665-zpx46_teastore_2ad1beb7-119e-4b35-9b5c-3c7b914c1df0_0,,,,,,,,,,,,,,,,,,,,,
1614827641.991,kube_deployment_spec_replicas,kube-state-metrics,http,10.1.37.201:8080,kube-state-metrics,kube-system,,prometheus-kube-state-metrics-95d956569-9dl7x,prometheus-kube-state-metrics,2,,,,,coredns,,,,,,,,,,,,,,,,,,,,
1614827671.982,kube_deployment_spec_replicas,kube-state-metrics,http,10.1.37.201:8080,kube-state-metrics,kube-system,,prometheus-kube-state-metrics-95d956569-9dl7x,prometheus-kube-state-metrics,2,,,,,coredns,,,,,,,,,,,,,,,,,,,,
1614827701.982,kube_deployment_spec_replicas,kube-state-metrics,http,10.1.37.201:8080,kube-state-metrics,kube-system,,prometheus-kube-state-metrics-95d956569-9dl7x,prometheus-kube-state-metrics,2,,,,,coredns,,,,,,,,,,,,,,,,,,,,
1614827731.982,kube_deployment_spec_replicas,kube-state-metrics,http,10.1.37.201:8080,kube-state-metrics,kube-system,,prometheus-kube-state-metrics-95d956569-9dl7x,prometheus-kube-state-metrics,2,,,,,coredns,,,,,,,,,,,,,,,,,,,,
1614827761.982,kube_deployment_spec_replicas,kube-state-metrics,http,10.1.37.201:8080,kube-state-metrics,kube-system,,prometheus-kube-state-metrics-95d956569-9dl7x,prometheus-kube-state-metrics,2,,,,,coredns,,,,,,,,,,,,,,,,,,,,
1614827791.982,kube_deployment_spec_replicas,kube-state-metrics,http,10.1.37.201:8080,kube-state-metrics,kube-system,,prometheus-kube-state-metrics-95d956569-9dl7x,prometheus-kube-state-metrics,2,,,,,coredns,,,,,,,,,,,,,,,,,,,,
1614827641.991,kube_deployment_spec_replicas,kube-state-metrics,http,10.1.37.201:8080,kube-state-metrics,linkerd,,prometheus-kube-state-metrics-95d956569-9dl7x,prometheus-kube-state-metrics,1,,,,,linkerd-controller,,,,,,,,,,,,,,,,,,,,
1614827671.982,kube_deployment_spec_replicas,kube-state-metrics,http,10.1.37.201:8080,kube-state-metrics,linkerd,,prometheus-kube-state-metrics-95d956569-9dl7x,prometheus-kube-state-metrics,1,,,,,linkerd-controller,,,,,,,,,,,,,,,,,,,,
1614827701.982,kube_deployment_spec_replicas,kube-state-metrics,http,10.1.37.201:8080,kube-state-metrics,linkerd,,prometheus-kube-state-metrics-95d956569-9dl7x,prometheus-kube-state-metrics,1,,,,,linkerd-controller,,,,,,,,,,,,,,,,,,,,
1614827731.982,kube_deployment_spec_replicas,kube-state-metrics,http,10.1.37.201:8080,kube-state-metrics,linkerd,,prometheus-kube-state-metrics-95d956569-9dl7x,prometheus-kube-state-metrics,1,,,,,linkerd-controller,,,,,,,,,,,,,,,,,,,,
1614827761.982,kube_deployment_spec_replicas,kube-state-metrics,http,10.1.37.201:8080,kube-state-metrics,linkerd,,prometheus-kube-state-metrics-95d956569-9dl7x,prometheus-kube-state-metrics,1,,,,,linkerd-controller,,,,,,,,,,,,,,,,,,,,
1614827791.982,kube_deployment_spec_replicas,kube-state-metrics,http,10.1.37.201:8080,kube-state-metrics,linkerd,,prometheus-kube-state-metrics-95d956569-9dl7x,prometheus-kube-state-metrics,1,,,,,linkerd-controller,,,,,,,,,,,,,,,,,,,,
1614827641.991,kube_deployment_spec_replicas,kube-state-metrics,http,10.1.37.201:8080,kube-state-metrics,linkerd,,prometheus-kube-state-metrics-95d956569-9dl7x,prometheus-kube-state-metrics,1,,,,,linkerd-destination,,,,,,,,,,,,,,,,,,,,
1614827671.982,kube_deployment_spec_replicas,kube-state-metrics,http,10.1.37.201:8080,kube-state-metrics,linkerd,,prometheus-kube-state-metrics-95d956569-9dl7x,prometheus-kube-state-metrics,1,,,,,linkerd-destination,,,,,,,,,,,,,,,,,,,,
1614827701.982,kube_deployment_spec_replicas,kube-state-metrics,http,10.1.37.201:8080,kube-state-metrics,linkerd,,prometheus-kube-state-metrics-95d956569-9dl7x,prometheus-kube-state-metrics,1,,,,,linkerd-destination,,,,,,,,,,,,,,,,,,,,
1614827731.982,kube_deployment_spec_replicas,kube-state-metrics,http,10.1.37.201:8080,kube-state-metrics,linkerd,,prometheus-kube-state-metrics-95d956569-9dl7x,prometheus-kube-state-metrics,1,,,,,linkerd-destination,,,,,,,,,,,,,,,,,,,,
1614827761.982,kube_deployment_spec_replicas,kube-state-metrics,http,10.1.37.201:8080,kube-state-metrics,linkerd,,prometheus-kube-state-metrics-95d956569-9dl7x,prometheus-kube-state-metrics,1,,,,,linkerd-destination,,,,,,,,,,,,,,,,,,,,
1614827791.982,kube_deployment_spec_replicas,kube-state-metrics,http,10.1.37.201:8080,kube-state-metrics,linkerd,,prometheus-kube-state-metrics-95d956569-9dl7x,prometheus-kube-state-metrics,1,,,,,linkerd-destination,,,,,,,,,,,,,,,,,,,,
1614827641.991,kube_deployment_spec_replicas,kube-state-metrics,http,10.1.37.201:8080,kube-state-metrics,linkerd,,prometheus-kube-state-metrics-95d956569-9dl7x,prometheus-kube-state-metrics,1,,,,,linkerd-grafana,,,,,,,,,,,,,,,,,,,,
1614827671.982,kube_deployment_spec_replicas,kube-state-metrics,http,10.1.37.201:8080,kube-state-metrics,linkerd,,prometheus-kube-state-metrics-95d956569-9dl7x,prometheus-kube-state-metrics,1,,,,,linkerd-grafana,,,,,,,,,,,,,,,,,,,,
1614827701.982,kube_deployment_spec_replicas,kube-state-metrics,http,10.1.37.201:8080,kube-state-metrics,linkerd,,prometheus-kube-state-metrics-95d956569-9dl7x,prometheus-kube-state-metrics,1,,,,,linkerd-grafana,,,,,,,,,,,,,,,,,,,,
1614827731.982,kube_deployment_spec_replicas,kube-state-metrics,http,10.1.37.201:8080,kube-state-metrics,linkerd,,prometheus-kube-state-metrics-95d956569-9dl7x,prometheus-kube-state-metrics,1,,,,,linkerd-grafana,,,,,,,,,,,,,,,,,,,,
1614827761.982,kube_deployment_spec_replicas,kube-state-metrics,http,10.1.37.201:8080,kube-state-metrics,linkerd,,prometheus-kube-state-metrics-95d956569-9dl7x,prometheus-kube-state-metrics,1,,,,,linkerd-grafana,,,,,,,,,,,,,,,,,,,,
1614827791.982,kube_deployment_spec_replicas,kube-state-metrics,http,10.1.37.201:8080,kube-state-metrics,linkerd,,prometheus-kube-state-metrics-95d956569-9dl7x,prometheus-kube-state-metrics,1,,,,,linkerd-grafana,,,,,,,,,,,,,,,,,,,,
1614827641.991,kube_deployment_spec_replicas,kube-state-metrics,http,10.1.37.201:8080,kube-state-metrics,linkerd,,prometheus-kube-state-metrics-95d956569-9dl7x,prometheus-kube-state-metrics,1,,,,,linkerd-identity,,,,,,,,,,,,,,,,,,,,
1614827671.982,kube_deployment_spec_replicas,kube-state-metrics,http,10.1.37.201:8080,kube-state-metrics,linkerd,,prometheus-kube-state-metrics-95d956569-9dl7x,prometheus-kube-state-metrics,1,,,,,linkerd-identity,,,,,,,,,,,,,,,,,,,,
1614827701.982,kube_deployment_spec_replicas,kube-state-metrics,http,10.1.37.201:8080,kube-state-metrics,linkerd,,prometheus-kube-state-metrics-95d956569-9dl7x,prometheus-kube-state-metrics,1,,,,,linkerd-identity,,,,,,,,,,,,,,,,,,,,
1614827731.982,kube_deployment_spec_replicas,kube-state-metrics,http,10.1.37.201:8080,kube-state-metrics,linkerd,,prometheus-kube-state-metrics-95d956569-9dl7x,prometheus-kube-state-metrics,1,,,,,linkerd-identity,,,,,,,,,,,,,,,,,,,,
1614827761.982,kube_deployment_spec_replicas,kube-state-metrics,http,10.1.37.201:8080,kube-state-metrics,linkerd,,prometheus-kube-state-metrics-95d956569-9dl7x,prometheus-kube-state-metrics,1,,,,,linkerd-identity,,,,,,,,,,,,,,,,,,,,
1614827791.982,kube_deployment_spec_replicas,kube-state-metrics,http,10.1.37.201:8080,kube-state-metrics,linkerd,,prometheus-kube-state-metrics-95d956569-9dl7x,prometheus-kube-state-metrics,1,,,,,linkerd-identity,,,,,,,,,,,,,,,,,,,,
1614827641.991,kube_deployment_spec_replicas,kube-state-metrics,http,10.1.37.201:8080,kube-state-metrics,linkerd,,prometheus-kube-state-metrics-95d956569-9dl7x,prometheus-kube-state-metrics,1,,,,,linkerd-prometheus,,,,,,,,,,,,,,,,,,,,
1614827671.982,kube_deployment_spec_replicas,kube-state-metrics,http,10.1.37.201:8080,kube-state-metrics,linkerd,,prometheus-kube-state-metrics-95d956569-9dl7x,prometheus-kube-state-metrics,1,,,,,linkerd-prometheus,,,,,,,,,,,,,,,,,,,,
1614827701.982,kube_deployment_spec_replicas,kube-state-metrics,http,10.1.37.201:8080,kube-state-metrics,linkerd,,prometheus-kube-state-metrics-95d956569-9dl7x,prometheus-kube-state-metrics,1,,,,,linkerd-prometheus,,,,,,,,,,,,,,,,,,,,
1614827731.982,kube_deployment_spec_replicas,kube-state-metrics,http,10.1.37.201:8080,kube-state-metrics,linkerd,,prometheus-kube-state-metrics-95d956569-9dl7x,prometheus-kube-state-metrics,1,,,,,linkerd-prometheus,,,,,,,,,,,,,,,,,,,,
1614827761.982,kube_deployment_spec_replicas,kube-state-metrics,http,10.1.37.201:8080,kube-state-metrics,linkerd,,prometheus-kube-state-metrics-95d956569-9dl7x,prometheus-kube-state-metrics,1,,,,,linkerd-prometheus,,,,,,,,,,,,,,,,,,,,
1614827791.982,kube_deployment_spec_replicas,kube-state-metrics,http,10.1.37.201:8080,kube-state-metrics,linkerd,,prometheus-kube-state-metrics-95d956569-9dl7x,prometheus-kube-state-metrics,1,,,,,linkerd-prometheus,,,,,,,,,,,,,,,,,,,,
1614827641.991,kube_deployment_spec_replicas,kube-state-metrics,http,10.1.37.201:8080,kube-state-metrics,linkerd,,prometheus-kube-state-metrics-95d956569-9dl7x,prometheus-kube-state-metrics,1,,,,,linkerd-proxy-injector,,,,,,,,,,,,,,,,,,,,
1614827671.982,kube_deployment_spec_replicas,kube-state-metrics,http,10.1.37.201:8080,kube-state-metrics,linkerd,,prometheus-kube-state-metrics-95d956569-9dl7x,prometheus-kube-state-metrics,1,,,,,linkerd-proxy-injector,,,,,,,,,,,,,,,,,,,,
1614827701.982,kube_deployment_spec_replicas,kube-state-metrics,http,10.1.37.201:8080,kube-state-metrics,linkerd,,prometheus-kube-state-metrics-95d956569-9dl7x,prometheus-kube-state-metrics,1,,,,,linkerd-proxy-injector,,,,,,,,,,,,,,,,,,,,
1614827731.982,kube_deployment_spec_replicas,kube-state-metrics,http,10.1.37.201:8080,kube-state-metrics,linkerd,,prometheus-kube-state-metrics-95d956569-9dl7x,prometheus-kube-state-metrics,1,,,,,linkerd-proxy-injector,,,,,,,,,,,,,,,,,,,,
1614827761.982,kube_deployment_spec_replicas,kube-state-metrics,http,10.1.37.201:8080,kube-state-metrics,linkerd,,prometheus-kube-state-metrics-95d956569-9dl7x,prometheus-kube-state-metrics,1,,,,,linkerd-proxy-injector,,,,,,,,,,,,,,,,,,,,
1614827791.982,kube_deployment_spec_replicas,kube-state-metrics,http,10.1.37.201:8080,kube-state-metrics,linkerd,,prometheus-kube-state-metrics-95d956569-9dl7x,prometheus-kube-state-metrics,1,,,,,linkerd-proxy-injector,,,,,,,,,,,,,,,,,,,,
1614827641.991,kube_deployment_spec_replicas,kube-state-metrics,http,10.1.37.201:8080,kube-state-metrics,linkerd,,prometheus-kube-state-metrics-95d956569-9dl7x,prometheus-kube-state-metrics,1,,,,,linkerd-sp-validator,,,,,,,,,,,,,,,,,,,,
1614827671.982,kube_deployment_spec_replicas,kube-state-metrics,http,10.1.37.201:8080,kube-state-metrics,linkerd,,prometheus-kube-state-metrics-95d956569-9dl7x,prometheus-kube-state-metrics,1,,,,,linkerd-sp-validator,,,,,,,,,,,,,,,,,,,,
1614827701.982,kube_deployment_spec_replicas,kube-state-metrics,http,10.1.37.201:8080,kube-state-metrics,linkerd,,prometheus-kube-state-metrics-95d956569-9dl7x,prometheus-kube-state-metrics,1,,,,,linkerd-sp-validator,,,,,,,,,,,,,,,,,,,,
1614827731.982,kube_deployment_spec_replicas,kube-state-metrics,http,10.1.37.201:8080,kube-state-metrics,linkerd,,prometheus-kube-state-metrics-95d956569-9dl7x,prometheus-kube-state-metrics,1,,,,,linkerd-sp-validator,,,,,,,,,,,,,,,,,,,,
1614827761.982,kube_deployment_spec_replicas,kube-state-metrics,http,10.1.37.201:8080,kube-state-metrics,linkerd,,prometheus-kube-state-metrics-95d956569-9dl7x,prometheus-kube-state-metrics,1,,,,,linkerd-sp-validator,,,,,,,,,,,,,,,,,,,,
1614827791.982,kube_deployment_spec_replicas,kube-state-metrics,http,10.1.37.201:8080,kube-state-metrics,linkerd,,prometheus-kube-state-metrics-95d956569-9dl7x,prometheus-kube-state-metrics,1,,,,,linkerd-sp-validator,,,,,,,,,,,,,,,,,,,,
1614827641.991,kube_deployment_spec_replicas,kube-state-metrics,http,10.1.37.201:8080,kube-state-metrics,linkerd,,prometheus-kube-state-metrics-95d956569-9dl7x,prometheus-kube-state-metrics,1,,,,,linkerd-tap,,,,,,,,,,,,,,,,,,,,
1614827671.982,kube_deployment_spec_replicas,kube-state-metrics,http,10.1.37.201:8080,kube-state-metrics,linkerd,,prometheus-kube-state-metrics-95d956569-9dl7x,prometheus-kube-state-metrics,1,,,,,linkerd-tap,,,,,,,,,,,,,,,,,,,,
1614827701.982,kube_deployment_spec_replicas,kube-state-metrics,http,10.1.37.201:8080,kube-state-metrics,linkerd,,prometheus-kube-state-metrics-95d956569-9dl7x,prometheus-kube-state-metrics,1,,,,,linkerd-tap,,,,,,,,,,,,,,,,,,,,
1614827731.982,kube_deployment_spec_replicas,kube-state-metrics,http,10.1.37.201:8080,kube-state-metrics,linkerd,,prometheus-kube-state-metrics-95d956569-9dl7x,prometheus-kube-state-metrics,1,,,,,linkerd-tap,,,,,,,,,,,,,,,,,,,,
1614827761.982,kube_deployment_spec_replicas,kube-state-metrics,http,10.1.37.201:8080,kube-state-metrics,linkerd,,prometheus-kube-state-metrics-95d956569-9dl7x,prometheus-kube-state-metrics,1,,,,,linkerd-tap,,,,,,,,,,,,,,,,,,,,
1614827791.982,kube_deployment_spec_replicas,kube-state-metrics,http,10.1.37.201:8080,kube-state-metrics,linkerd,,prometheus-kube-state-metrics-95d956569-9dl7x,prometheus-kube-state-metrics,1,,,,,linkerd-tap,,,,,,,,,,,,,,,,,,,,
1614827641.991,kube_deployment_spec_replicas,kube-state-metrics,http,10.1.37.201:8080,kube-state-metrics,linkerd,,prometheus-kube-state-metrics-95d956569-9dl7x,prometheus-kube-state-metrics,1,,,,,linkerd-web,,,,,,,,,,,,,,,,,,,,
1614827671.982,kube_deployment_spec_replicas,kube-state-metrics,http,10.1.37.201:8080,kube-state-metrics,linkerd,,prometheus-kube-state-metrics-95d956569-9dl7x,prometheus-kube-state-metrics,1,,,,,linkerd-web,,,,,,,,,,,,,,,,,,,,
1614827701.982,kube_deployment_spec_replicas,kube-state-metrics,http,10.1.37.201:8080,kube-state-metrics,linkerd,,prometheus-kube-state-metrics-95d956569-9dl7x,prometheus-kube-state-metrics,1,,,,,linkerd-web,,,,,,,,,,,,,,,,,,,,
1614827731.982,kube_deployment_spec_replicas,kube-state-metrics,http,10.1.37.201:8080,kube-state-metrics,linkerd,,prometheus-kube-state-metrics-95d956569-9dl7x,prometheus-kube-state-metrics,1,,,,,linkerd-web,,,,,,,,,,,,,,,,,,,,
1614827761.982,kube_deployment_spec_replicas,kube-state-metrics,http,10.1.37.201:8080,kube-state-metrics,linkerd,,prometheus-kube-state-metrics-95d956569-9dl7x,prometheus-kube-state-metrics,1,,,,,linkerd-web,,,,,,,,,,,,,,,,,,,,
1614827791.982,kube_deployment_spec_replicas,kube-state-metrics,http,10.1.37.201:8080,kube-state-metrics,linkerd,,prometheus-kube-state-metrics-95d956569-9dl7x,prometheus-kube-state-metrics,1,,,,,linkerd-web,,,,,,,,,,,,,,,,,,,,
1614827641.991,kube_deployment_spec_replicas,kube-state-metrics,http,10.1.37.201:8080,kube-state-metrics,default,,prometheus-kube-state-metrics-95d956569-9dl7x,prometheus-kube-state-metrics,1,,,,,prometheus-grafana,,,,,,,,,,,,,,,,,,,,
1614827671.982,kube_deployment_spec_replicas,kube-state-metrics,http,10.1.37.201:8080,kube-state-metrics,default,,prometheus-kube-state-metrics-95d956569-9dl7x,prometheus-kube-state-metrics,1,,,,,prometheus-grafana,,,,,,,,,,,,,,,,,,,,
1614827701.982,kube_deployment_spec_replicas,kube-state-metrics,http,10.1.37.201:8080,kube-state-metrics,default,,prometheus-kube-state-metrics-95d956569-9dl7x,prometheus-kube-state-metrics,1,,,,,prometheus-grafana,,,,,,,,,,,,,,,,,,,,
1614827731.982,kube_deployment_spec_replicas,kube-state-metrics,http,10.1.37.201:8080,kube-state-metrics,default,,prometheus-kube-state-metrics-95d956569-9dl7x,prometheus-kube-state-metrics,1,,,,,prometheus-grafana,,,,,,,,,,,,,,,,,,,,
1614827761.982,kube_deployment_spec_replicas,kube-state-metrics,http,10.1.37.201:8080,kube-state-metrics,default,,prometheus-kube-state-metrics-95d956569-9dl7x,prometheus-kube-state-metrics,1,,,,,prometheus-grafana,,,,,,,,,,,,,,,,,,,,
1614827791.982,kube_deployment_spec_replicas,kube-state-metrics,http,10.1.37.201:8080,kube-state-metrics,default,,prometheus-kube-state-metrics-95d956569-9dl7x,prometheus-kube-state-metrics,1,,,,,prometheus-grafana,,,,,,,,,,,,,,,,,,,,
1614827641.991,kube_deployment_spec_replicas,kube-state-metrics,http,10.1.37.201:8080,kube-state-metrics,default,,prometheus-kube-state-metrics-95d956569-9dl7x,prometheus-kube-state-metrics,1,,,,,prometheus-kube-prometheus-operator,,,,,,,,,,,,,,,,,,,,
1614827671.982,kube_deployment_spec_replicas,kube-state-metrics,http,10.1.37.201:8080,kube-state-metrics,default,,prometheus-kube-state-metrics-95d956569-9dl7x,prometheus-kube-state-metrics,1,,,,,prometheus-kube-prometheus-operator,,,,,,,,,,,,,,,,,,,,
1614827701.982,kube_deployment_spec_replicas,kube-state-metrics,http,10.1.37.201:8080,kube-state-metrics,default,,prometheus-kube-state-metrics-95d956569-9dl7x,prometheus-kube-state-metrics,1,,,,,prometheus-kube-prometheus-operator,,,,,,,,,,,,,,,,,,,,
1614827731.982,kube_deployment_spec_replicas,kube-state-metrics,http,10.1.37.201:8080,kube-state-metrics,default,,prometheus-kube-state-metrics-95d956569-9dl7x,prometheus-kube-state-metrics,1,,,,,prometheus-kube-prometheus-operator,,,,,,,,,,,,,,,,,,,,
1614827761.982,kube_deployment_spec_replicas,kube-state-metrics,http,10.1.37.201:8080,kube-state-metrics,default,,prometheus-kube-state-metrics-95d956569-9dl7x,prometheus-kube-state-metrics,1,,,,,prometheus-kube-prometheus-operator,,,,,,,,,,,,,,,,,,,,
1614827791.982,kube_deployment_spec_replicas,kube-state-metrics,http,10.1.37.201:8080,kube-state-metrics,default,,prometheus-kube-state-metrics-95d956569-9dl7x,prometheus-kube-state-metrics,1,,,,,prometheus-kube-prometheus-operator,,,,,,,,,,,,,,,,,,,,
1614827641.991,kube_deployment_spec_replicas,kube-state-metrics,http,10.1.37.201:8080,kube-state-metrics,default,,prometheus-kube-state-metrics-95d956569-9dl7x,prometheus-kube-state-metrics,1,,,,,prometheus-kube-state-metrics,,,,,,,,,,,,,,,,,,,,
1614827671.982,kube_deployment_spec_replicas,kube-state-metrics,http,10.1.37.201:8080,kube-state-metrics,default,,prometheus-kube-state-metrics-95d956569-9dl7x,prometheus-kube-state-metrics,1,,,,,prometheus-kube-state-metrics,,,,,,,,,,,,,,,,,,,,
1614827701.982,kube_deployment_spec_replicas,kube-state-metrics,http,10.1.37.201:8080,kube-state-metrics,default,,prometheus-kube-state-metrics-95d956569-9dl7x,prometheus-kube-state-metrics,1,,,,,prometheus-kube-state-metrics,,,,,,,,,,,,,,,,,,,,
1614827731.982,kube_deployment_spec_replicas,kube-state-metrics,http,10.1.37.201:8080,kube-state-metrics,default,,prometheus-kube-state-metrics-95d956569-9dl7x,prometheus-kube-state-metrics,1,,,,,prometheus-kube-state-metrics,,,,,,,,,,,,,,,,,,,,
1614827761.982,kube_deployment_spec_replicas,kube-state-metrics,http,10.1.37.201:8080,kube-state-metrics,default,,prometheus-kube-state-metrics-95d956569-9dl7x,prometheus-kube-state-metrics,1,,,,,prometheus-kube-state-metrics,,,,,,,,,,,,,,,,,,,,
1614827791.982,kube_deployment_spec_replicas,kube-state-metrics,http,10.1.37.201:8080,kube-state-metrics,default,,prometheus-kube-state-metrics-95d956569-9dl7x,prometheus-kube-state-metrics,1,,,,,prometheus-kube-state-metrics,,,,,,,,,,,,,,,,,,,,
1614827641.991,kube_deployment_spec_replicas,kube-state-metrics,http,10.1.37.201:8080,kube-state-metrics,teastore,,prometheus-kube-state-metrics-95d956569-9dl7x,prometheus-kube-state-metrics,1,,,,,teastore-auth,,,,,,,,,,,,,,,,,,,,
1614827671.982,kube_deployment_spec_replicas,kube-state-metrics,http,10.1.37.201:8080,kube-state-metrics,teastore,,prometheus-kube-state-metrics-95d956569-9dl7x,prometheus-kube-state-metrics,1,,,,,teastore-auth,,,,,,,,,,,,,,,,,,,,
1614827701.982,kube_deployment_spec_replicas,kube-state-metrics,http,10.1.37.201:8080,kube-state-metrics,teastore,,prometheus-kube-state-metrics-95d956569-9dl7x,prometheus-kube-state-metrics,1,,,,,teastore-auth,,,,,,,,,,,,,,,,,,,,
1614827731.982,kube_deployment_spec_replicas,kube-state-metrics,http,10.1.37.201:8080,kube-state-metrics,teastore,,prometheus-kube-state-metrics-95d956569-9dl7x,prometheus-kube-state-metrics,1,,,,,teastore-auth,,,,,,,,,,,,,,,,,,,,
1614827761.982,kube_deployment_spec_replicas,kube-state-metrics,http,10.1.37.201:8080,kube-state-metrics,teastore,,prometheus-kube-state-metrics-95d956569-9dl7x,prometheus-kube-state-metrics,1,,,,,teastore-auth,,,,,,,,,,,,,,,,,,,,
1614827791.982,kube_deployment_spec_replicas,kube-state-metrics,http,10.1.37.201:8080,kube-state-metrics,teastore,,prometheus-kube-state-metrics-95d956569-9dl7x,prometheus-kube-state-metrics,1,,,,,teastore-auth,,,,,,,,,,,,,,,,,,,,
1614827641.991,kube_deployment_spec_replicas,kube-state-metrics,http,10.1.37.201:8080,kube-state-metrics,teastore,,prometheus-kube-state-metrics-95d956569-9dl7x,prometheus-kube-state-metrics,1,,,,,teastore-db,,,,,,,,,,,,,,,,,,,,
1614827671.982,kube_deployment_spec_replicas,kube-state-metrics,http,10.1.37.201:8080,kube-state-metrics,teastore,,prometheus-kube-state-metrics-95d956569-9dl7x,prometheus-kube-state-metrics,1,,,,,teastore-db,,,,,,,,,,,,,,,,,,,,
1614827701.982,kube_deployment_spec_replicas,kube-state-metrics,http,10.1.37.201:8080,kube-state-metrics,teastore,,prometheus-kube-state-metrics-95d956569-9dl7x,prometheus-kube-state-metrics,1,,,,,teastore-db,,,,,,,,,,,,,,,,,,,,
1614827731.982,kube_deployment_spec_replicas,kube-state-metrics,http,10.1.37.201:8080,kube-state-metrics,teastore,,prometheus-kube-state-metrics-95d956569-9dl7x,prometheus-kube-state-metrics,1,,,,,teastore-db,,,,,,,,,,,,,,,,,,,,
1614827761.982,kube_deployment_spec_replicas,kube-state-metrics,http,10.1.37.201:8080,kube-state-metrics,teastore,,prometheus-kube-state-metrics-95d956569-9dl7x,prometheus-kube-state-metrics,1,,,,,teastore-db,,,,,,,,,,,,,,,,,,,,
1614827791.982,kube_deployment_spec_replicas,kube-state-metrics,http,10.1.37.201:8080,kube-state-metrics,teastore,,prometheus-kube-state-metrics-95d956569-9dl7x,prometheus-kube-state-metrics,1,,,,,teastore-db,,,,,,,,,,,,,,,,,,,,
1614827641.991,kube_deployment_spec_replicas,kube-state-metrics,http,10.1.37.201:8080,kube-state-metrics,teastore,,prometheus-kube-state-metrics-95d956569-9dl7x,prometheus-kube-state-metrics,1,,,,,teastore-image,,,,,,,,,,,,,,,,,,,,
1614827671.982,kube_deployment_spec_replicas,kube-state-metrics,http,10.1.37.201:8080,kube-state-metrics,teastore,,prometheus-kube-state-metrics-95d956569-9dl7x,prometheus-kube-state-metrics,1,,,,,teastore-image,,,,,,,,,,,,,,,,,,,,
1614827701.982,kube_deployment_spec_replicas,kube-state-metrics,http,10.1.37.201:8080,kube-state-metrics,teastore,,prometheus-kube-state-metrics-95d956569-9dl7x,prometheus-kube-state-metrics,1,,,,,teastore-image,,,,,,,,,,,,,,,,,,,,
1614827731.982,kube_deployment_spec_replicas,kube-state-metrics,http,10.1.37.201:8080,kube-state-metrics,teastore,,prometheus-kube-state-metrics-95d956569-9dl7x,prometheus-kube-state-metrics,1,,,,,teastore-image,,,,,,,,,,,,,,,,,,,,
1614827761.982,kube_deployment_spec_replicas,kube-state-metrics,http,10.1.37.201:8080,kube-state-metrics,teastore,,prometheus-kube-state-metrics-95d956569-9dl7x,prometheus-kube-state-metrics,1,,,,,teastore-image,,,,,,,,,,,,,,,,,,,,
1614827791.982,kube_deployment_spec_replicas,kube-state-metrics,http,10.1.37.201:8080,kube-state-metrics,teastore,,prometheus-kube-state-metrics-95d956569-9dl7x,prometheus-kube-state-metrics,1,,,,,teastore-image,,,,,,,,,,,,,,,,,,,,
1614827641.991,kube_deployment_spec_replicas,kube-state-metrics,http,10.1.37.201:8080,kube-state-metrics,teastore,,prometheus-kube-state-metrics-95d956569-9dl7x,prometheus-kube-state-metrics,1,,,,,teastore-persistence,,,,,,,,,,,,,,,,,,,,
1614827671.982,kube_deployment_spec_replicas,kube-state-metrics,http,10.1.37.201:8080,kube-state-metrics,teastore,,prometheus-kube-state-metrics-95d956569-9dl7x,prometheus-kube-state-metrics,1,,,,,teastore-persistence,,,,,,,,,,,,,,,,,,,,
1614827701.982,kube_deployment_spec_replicas,kube-state-metrics,http,10.1.37.201:8080,kube-state-metrics,teastore,,prometheus-kube-state-metrics-95d956569-9dl7x,prometheus-kube-state-metrics,1,,,,,teastore-persistence,,,,,,,,,,,,,,,,,,,,
1614827731.982,kube_deployment_spec_replicas,kube-state-metrics,http,10.1.37.201:8080,kube-state-metrics,teastore,,prometheus-kube-state-metrics-95d956569-9dl7x,prometheus-kube-state-metrics,1,,,,,teastore-persistence,,,,,,,,,,,,,,,,,,,,
1614827761.982,kube_deployment_spec_replicas,kube-state-metrics,http,10.1.37.201:8080,kube-state-metrics,teastore,,prometheus-kube-state-metrics-95d956569-9dl7x,prometheus-kube-state-metrics,1,,,,,teastore-persistence,,,,,,,,,,,,,,,,,,,,
1614827791.982,kube_deployment_spec_replicas,kube-state-metrics,http,10.1.37.201:8080,kube-state-metrics,teastore,,prometheus-kube-state-metrics-95d956569-9dl7x,prometheus-kube-state-metrics,1,,,,,teastore-persistence,,,,,,,,,,,,,,,,,,,,
1614827641.991,kube_deployment_spec_replicas,kube-state-metrics,http,10.1.37.201:8080,kube-state-metrics,teastore,,prometheus-kube-state-metrics-95d956569-9dl7x,prometheus-kube-state-metrics,1,,,,,teastore-recommender,,,,,,,,,,,,,,,,,,,,
1614827671.982,kube_deployment_spec_replicas,kube-state-metrics,http,10.1.37.201:8080,kube-state-metrics,teastore,,prometheus-kube-state-metrics-95d956569-9dl7x,prometheus-kube-state-metrics,1,,,,,teastore-recommender,,,,,,,,,,,,,,,,,,,,
1614827701.982,kube_deployment_spec_replicas,kube-state-metrics,http,10.1.37.201:8080,kube-state-metrics,teastore,,prometheus-kube-state-metrics-95d956569-9dl7x,prometheus-kube-state-metrics,1,,,,,teastore-recommender,,,,,,,,,,,,,,,,,,,,
1614827731.982,kube_deployment_spec_replicas,kube-state-metrics,http,10.1.37.201:8080,kube-state-metrics,teastore,,prometheus-kube-state-metrics-95d956569-9dl7x,prometheus-kube-state-metrics,1,,,,,teastore-recommender,,,,,,,,,,,,,,,,,,,,
1614827761.982,kube_deployment_spec_replicas,kube-state-metrics,http,10.1.37.201:8080,kube-state-metrics,teastore,,prometheus-kube-state-metrics-95d956569-9dl7x,prometheus-kube-state-metrics,1,,,,,teastore-recommender,,,,,,,,,,,,,,,,,,,,
1614827791.982,kube_deployment_spec_replicas,kube-state-metrics,http,10.1.37.201:8080,kube-state-metrics,teastore,,prometheus-kube-state-metrics-95d956569-9dl7x,prometheus-kube-state-metrics,1,,,,,teastore-recommender,,,,,,,,,,,,,,,,,,,,
1614827641.991,kube_deployment_spec_replicas,kube-state-metrics,http,10.1.37.201:8080,kube-state-metrics,teastore,,prometheus-kube-state-metrics-95d956569-9dl7x,prometheus-kube-state-metrics,1,,,,,teastore-registry,,,,,,,,,,,,,,,,,,,,
1614827671.982,kube_deployment_spec_replicas,kube-state-metrics,http,10.1.37.201:8080,kube-state-metrics,teastore,,prometheus-kube-state-metrics-95d956569-9dl7x,prometheus-kube-state-metrics,1,,,,,teastore-registry,,,,,,,,,,,,,,,,,,,,
1614827701.982,kube_deployment_spec_replicas,kube-state-metrics,http,10.1.37.201:8080,kube-state-metrics,teastore,,prometheus-kube-state-metrics-95d956569-9dl7x,prometheus-kube-state-metrics,1,,,,,teastore-registry,,,,,,,,,,,,,,,,,,,,
1614827731.982,kube_deployment_spec_replicas,kube-state-metrics,http,10.1.37.201:8080,kube-state-metrics,teastore,,prometheus-kube-state-metrics-95d956569-9dl7x,prometheus-kube-state-metrics,1,,,,,teastore-registry,,,,,,,,,,,,,,,,,,,,
1614827761.982,kube_deployment_spec_replicas,kube-state-metrics,http,10.1.37.201:8080,kube-state-metrics,teastore,,prometheus-kube-state-metrics-95d956569-9dl7x,prometheus-kube-state-metrics,1,,,,,teastore-registry,,,,,,,,,,,,,,,,,,,,
1614827791.982,kube_deployment_spec_replicas,kube-state-metrics,http,10.1.37.201:8080,kube-state-metrics,teastore,,prometheus-kube-state-metrics-95d956569-9dl7x,prometheus-kube-state-metrics,1,,,,,teastore-registry,,,,,,,,,,,,,,,,,,,,
1614827641.991,kube_deployment_spec_replicas,kube-state-metrics,http,10.1.37.201:8080,kube-state-metrics,teastore,,prometheus-kube-state-metrics-95d956569-9dl7x,prometheus-kube-state-metrics,2,,,,,teastore-webui,,,,,,,,,,,,,,,,,,,,
1614827671.982,kube_deployment_spec_replicas,kube-state-metrics,http,10.1.37.201:8080,kube-state-metrics,teastore,,prometheus-kube-state-metrics-95d956569-9dl7x,prometheus-kube-state-metrics,2,,,,,teastore-webui,,,,,,,,,,,,,,,,,,,,
1614827701.982,kube_deployment_spec_replicas,kube-state-metrics,http,10.1.37.201:8080,kube-state-metrics,teastore,,prometheus-kube-state-metrics-95d956569-9dl7x,prometheus-kube-state-metrics,2,,,,,teastore-webui,,,,,,,,,,,,,,,,,,,,
1614827731.982,kube_deployment_spec_replicas,kube-state-metrics,http,10.1.37.201:8080,kube-state-metrics,teastore,,prometheus-kube-state-metrics-95d956569-9dl7x,prometheus-kube-state-metrics,2,,,,,teastore-webui,,,,,,,,,,,,,,,,,,,,
1614827761.982,kube_deployment_spec_replicas,kube-state-metrics,http,10.1.37.201:8080,kube-state-metrics,teastore,,prometheus-kube-state-metrics-95d956569-9dl7x,prometheus-kube-state-metrics,2,,,,,teastore-webui,,,,,,,,,,,,,,,,,,,,
1614827791.982,kube_deployment_spec_replicas,kube-state-metrics,http,10.1.37.201:8080,kube-state-metrics,teastore,,prometheus-kube-state-metrics-95d956569-9dl7x,prometheus-kube-state-metrics,2,,,,,teastore-webui,,,,,,,,,,,,,,,,,,,,
1614827640.101,response_latency_ms_sum,,,10.1.37.198:4191,linkerd-proxy,linkerd,,linkerd-prometheus-5bccd64d4d-jzwmt,,3920160,,,,,linkerd-prometheus,prometheus,linkerd,inbound,no_tls_from_remote,5bccd64d4d,200,no_identity,linkerd,,,,,,,,,,,,
1614827650.102,response_latency_ms_sum,,,10.1.37.198:4191,linkerd-proxy,linkerd,,linkerd-prometheus-5bccd64d4d-jzwmt,,3920742,,,,,linkerd-prometheus,prometheus,linkerd,inbound,no_tls_from_remote,5bccd64d4d,200,no_identity,linkerd,,,,,,,,,,,,
1614827660.102,response_latency_ms_sum,,,10.1.37.198:4191,linkerd-proxy,linkerd,,linkerd-prometheus-5bccd64d4d-jzwmt,,3920742,,,,,linkerd-prometheus,prometheus,linkerd,inbound,no_tls_from_remote,5bccd64d4d,200,no_identity,linkerd,,,,,,,,,,,,
1614827670.101,response_latency_ms_sum,,,10.1.37.198:4191,linkerd-proxy,linkerd,,linkerd-prometheus-5bccd64d4d-jzwmt,,3920742,,,,,linkerd-prometheus,prometheus,linkerd,inbound,no_tls_from_remote,5bccd64d4d,200,no_identity,linkerd,,,,,,,,,,,,
1614827680.101,response_latency_ms_sum,,,10.1.37.198:4191,linkerd-proxy,linkerd,,linkerd-prometheus-5bccd64d4d-jzwmt,,3921288,,,,,linkerd-prometheus,prometheus,linkerd,inbound,no_tls_from_remote,5bccd64d4d,200,no_identity,linkerd,,,,,,,,,,,,
1614827690.101,response_latency_ms_sum,,,10.1.37.198:4191,linkerd-proxy,linkerd,,linkerd-prometheus-5bccd64d4d-jzwmt,,3921288,,,,,linkerd-prometheus,prometheus,linkerd,inbound,no_tls_from_remote,5bccd64d4d,200,no_identity,linkerd,,,,,,,,,,,,
1614827700.102,response_latency_ms_sum,,,10.1.37.198:4191,linkerd-proxy,linkerd,,linkerd-prometheus-5bccd64d4d-jzwmt,,3921288,,,,,linkerd-prometheus,prometheus,linkerd,inbound,no_tls_from_remote,5bccd64d4d,200,no_identity,linkerd,,,,,,,,,,,,
1614827710.101,response_latency_ms_sum,,,10.1.37.198:4191,linkerd-proxy,linkerd,,linkerd-prometheus-5bccd64d4d-jzwmt,,3921955,,,,,linkerd-prometheus,prometheus,linkerd,inbound,no_tls_from_remote,5bccd64d4d,200,no_identity,linkerd,,,,,,,,,,,,
1614827720.101,response_latency_ms_sum,,,10.1.37.198:4191,linkerd-proxy,linkerd,,linkerd-prometheus-5bccd64d4d-jzwmt,,3921955,,,,,linkerd-prometheus,prometheus,linkerd,inbound,no_tls_from_remote,5bccd64d4d,200,no_identity,linkerd,,,,,,,,,,,,
1614827730.101,response_latency_ms_sum,,,10.1.37.198:4191,linkerd-proxy,linkerd,,linkerd-prometheus-5bccd64d4d-jzwmt,,3921955,,,,,linkerd-prometheus,prometheus,linkerd,inbound,no_tls_from_remote,5bccd64d4d,200,no_identity,linkerd,,,,,,,,,,,,
1614827740.101,response_latency_ms_sum,,,10.1.37.198:4191,linkerd-proxy,linkerd,,linkerd-prometheus-5bccd64d4d-jzwmt,,3922624,,,,,linkerd-prometheus,prometheus,linkerd,inbound,no_tls_from_remote,5bccd64d4d,200,no_identity,linkerd,,,,,,,,,,,,
1614827750.101,response_latency_ms_sum,,,10.1.37.198:4191,linkerd-proxy,linkerd,,linkerd-prometheus-5bccd64d4d-jzwmt,,3922624,,,,,linkerd-prometheus,prometheus,linkerd,inbound,no_tls_from_remote,5bccd64d4d,200,no_identity,linkerd,,,,,,,,,,,,
1614827760.101,response_latency_ms_sum,,,10.1.37.198:4191,linkerd-proxy,linkerd,,linkerd-prometheus-5bccd64d4d-jzwmt,,3922624,,,,,linkerd-prometheus,prometheus,linkerd,inbound,no_tls_from_remote,5bccd64d4d,200,no_identity,linkerd,,,,,,,,,,,,
1614827770.101,response_latency_ms_sum,,,10.1.37.198:4191,linkerd-proxy,linkerd,,linkerd-prometheus-5bccd64d4d-jzwmt,,3923237,,,,,linkerd-prometheus,prometheus,linkerd,inbound,no_tls_from_remote,5bccd64d4d,200,no_identity,linkerd,,,,,,,,,,,,
1614827780.101,response_latency_ms_sum,,,10.1.37.198:4191,linkerd-proxy,linkerd,,linkerd-prometheus-5bccd64d4d-jzwmt,,3923237,,,,,linkerd-prometheus,prometheus,linkerd,inbound,no_tls_from_remote,5bccd64d4d,200,no_identity,linkerd,,,,,,,,,,,,
1614827790.101,response_latency_ms_sum,,,10.1.37.198:4191,linkerd-proxy,linkerd,,linkerd-prometheus-5bccd64d4d-jzwmt,,3923237,,,,,linkerd-prometheus,prometheus,linkerd,inbound,no_tls_from_remote,5bccd64d4d,200,no_identity,linkerd,,,,,,,,,,,,
1614827800.101,response_latency_ms_sum,,,10.1.37.198:4191,linkerd-proxy,linkerd,,linkerd-prometheus-5bccd64d4d-jzwmt,,3923861,,,,,linkerd-prometheus,prometheus,linkerd,inbound,no_tls_from_remote,5bccd64d4d,200,no_identity,linkerd,,,,,,,,,,,,
1614827633.702,response_latency_ms_sum,,,10.1.37.192:4191,linkerd-proxy,linkerd,,linkerd-web-b48d9c89b-49fzh,,0,,,,,linkerd-web,web,linkerd,inbound,no_tls_from_remote,b48d9c89b,,no_identity,linkerd,,,,,,,,,,,,
1614827643.702,response_latency_ms_sum,,,10.1.37.192:4191,linkerd-proxy,linkerd,,linkerd-web-b48d9c89b-49fzh,,0,,,,,linkerd-web,web,linkerd,inbound,no_tls_from_remote,b48d9c89b,,no_identity,linkerd,,,,,,,,,,,,
1614827653.702,response_latency_ms_sum,,,10.1.37.192:4191,linkerd-proxy,linkerd,,linkerd-web-b48d9c89b-49fzh,,0,,,,,linkerd-web,web,linkerd,inbound,no_tls_from_remote,b48d9c89b,,no_identity,linkerd,,,,,,,,,,,,
1614827663.705,response_latency_ms_sum,,,10.1.37.192:4191,linkerd-proxy,linkerd,,linkerd-web-b48d9c89b-49fzh,,0,,,,,linkerd-web,web,linkerd,inbound,no_tls_from_remote,b48d9c89b,,no_identity,linkerd,,,,,,,,,,,,
1614827673.707,response_latency_ms_sum,,,10.1.37.192:4191,linkerd-proxy,linkerd,,linkerd-web-b48d9c89b-49fzh,,0,,,,,linkerd-web,web,linkerd,inbound,no_tls_from_remote,b48d9c89b,,no_identity,linkerd,,,,,,,,,,,,
1614827683.702,response_latency_ms_sum,,,10.1.37.192:4191,linkerd-proxy,linkerd,,linkerd-web-b48d9c89b-49fzh,,0,,,,,linkerd-web,web,linkerd,inbound,no_tls_from_remote,b48d9c89b,,no_identity,linkerd,,,,,,,,,,,,
1614827693.705,response_latency_ms_sum,,,10.1.37.192:4191,linkerd-proxy,linkerd,,linkerd-web-b48d9c89b-49fzh,,0,,,,,linkerd-web,web,linkerd,inbound,no_tls_from_remote,b48d9c89b,,no_identity,linkerd,,,,,,,,,,,,
1614827703.71,response_latency_ms_sum,,,10.1.37.192:4191,linkerd-proxy,linkerd,,linkerd-web-b48d9c89b-49fzh,,0,,,,,linkerd-web,web,linkerd,inbound,no_tls_from_remote,b48d9c89b,,no_identity,linkerd,,,,,,,,,,,,
1614827713.702,response_latency_ms_sum,,,10.1.37.192:4191,linkerd-proxy,linkerd,,linkerd-web-b48d9c89b-49fzh,,0,,,,,linkerd-web,web,linkerd,inbound,no_tls_from_remote,b48d9c89b,,no_identity,linkerd,,,,,,,,,,,,
1614827723.707,response_latency_ms_sum,,,10.1.37.192:4191,linkerd-proxy,linkerd,,linkerd-web-b48d9c89b-49fzh,,0,,,,,linkerd-web,web,linkerd,inbound,no_tls_from_remote,b48d9c89b,,no_identity,linkerd,,,,,,,,,,,,
1614827733.704,response_latency_ms_sum,,,10.1.37.192:4191,linkerd-proxy,linkerd,,linkerd-web-b48d9c89b-49fzh,,0,,,,,linkerd-web,web,linkerd,inbound,no_tls_from_remote,b48d9c89b,,no_identity,linkerd,,,,,,,,,,,,
1614827743.702,response_latency_ms_sum,,,10.1.37.192:4191,linkerd-proxy,linkerd,,linkerd-web-b48d9c89b-49fzh,,0,,,,,linkerd-web,web,linkerd,inbound,no_tls_from_remote,b48d9c89b,,no_identity,linkerd,,,,,,,,,,,,
1614827753.702,response_latency_ms_sum,,,10.1.37.192:4191,linkerd-proxy,linkerd,,linkerd-web-b48d9c89b-49fzh,,0,,,,,linkerd-web,web,linkerd,inbound,no_tls_from_remote,b48d9c89b,,no_identity,linkerd,,,,,,,,,,,,
1614827763.702,response_latency_ms_sum,,,10.1.37.192:4191,linkerd-proxy,linkerd,,linkerd-web-b48d9c89b-49fzh,,0,,,,,linkerd-web,web,linkerd,inbound,no_tls_from_remote,b48d9c89b,,no_identity,linkerd,,,,,,,,,,,,
1614827773.702,response_latency_ms_sum,,,10.1.37.192:4191,linkerd-proxy,linkerd,,linkerd-web-b48d9c89b-49fzh,,0,,,,,linkerd-web,web,linkerd,inbound,no_tls_from_remote,b48d9c89b,,no_identity,linkerd,,,,,,,,,,,,
1614827783.702,response_latency_ms_sum,,,10.1.37.192:4191,linkerd-proxy,linkerd,,linkerd-web-b48d9c89b-49fzh,,0,,,,,linkerd-web,web,linkerd,inbound,no_tls_from_remote,b48d9c89b,,no_identity,linkerd,,,,,,,,,,,,
1614827793.702,response_latency_ms_sum,,,10.1.37.192:4191,linkerd-proxy,linkerd,,linkerd-web-b48d9c89b-49fzh,,0,,,,,linkerd-web,web,linkerd,inbound,no_tls_from_remote,b48d9c89b,,no_identity,linkerd,,,,,,,,,,,,
1614827803.702,response_latency_ms_sum,,,10.1.37.192:4191,linkerd-proxy,linkerd,,linkerd-web-b48d9c89b-49fzh,,0,,,,,linkerd-web,web,linkerd,inbound,no_tls_from_remote,b48d9c89b,,no_identity,linkerd,,,,,,,,,,,,
1614827633.702,response_latency_ms_sum,,,10.1.37.192:4191,linkerd-proxy,linkerd,,linkerd-web-b48d9c89b-49fzh,,51557,,,,,linkerd-web,web,linkerd,inbound,no_tls_from_remote,b48d9c89b,200,no_identity,linkerd,,,,,,,,,,,,
1614827643.702,response_latency_ms_sum,,,10.1.37.192:4191,linkerd-proxy,linkerd,,linkerd-web-b48d9c89b-49fzh,,51557,,,,,linkerd-web,web,linkerd,inbound,no_tls_from_remote,b48d9c89b,200,no_identity,linkerd,,,,,,,,,,,,
1614827653.702,response_latency_ms_sum,,,10.1.37.192:4191,linkerd-proxy,linkerd,,linkerd-web-b48d9c89b-49fzh,,51557,,,,,linkerd-web,web,linkerd,inbound,no_tls_from_remote,b48d9c89b,200,no_identity,linkerd,,,,,,,,,,,,
1614827663.705,response_latency_ms_sum,,,10.1.37.192:4191,linkerd-proxy,linkerd,,linkerd-web-b48d9c89b-49fzh,,51569,,,,,linkerd-web,web,linkerd,inbound,no_tls_from_remote,b48d9c89b,200,no_identity,linkerd,,,,,,,,,,,,
1614827673.707,response_latency_ms_sum,,,10.1.37.192:4191,linkerd-proxy,linkerd,,linkerd-web-b48d9c89b-49fzh,,51569,,,,,linkerd-web,web,linkerd,inbound,no_tls_from_remote,b48d9c89b,200,no_identity,linkerd,,,,,,,,,,,,
1614827683.702,response_latency_ms_sum,,,10.1.37.192:4191,linkerd-proxy,linkerd,,linkerd-web-b48d9c89b-49fzh,,51569,,,,,linkerd-web,web,linkerd,inbound,no_tls_from_remote,b48d9c89b,200,no_identity,linkerd,,,,,,,,,,,,
1614827693.705,response_latency_ms_sum,,,10.1.37.192:4191,linkerd-proxy,linkerd,,linkerd-web-b48d9c89b-49fzh,,51589,,,,,linkerd-web,web,linkerd,inbound,no_tls_from_remote,b48d9c89b,200,no_identity,linkerd,,,,,,,,,,,,
1614827703.71,response_latency_ms_sum,,,10.1.37.192:4191,linkerd-proxy,linkerd,,linkerd-web-b48d9c89b-49fzh,,51589,,,,,linkerd-web,web,linkerd,inbound,no_tls_from_remote,b48d9c89b,200,no_identity,linkerd,,,,,,,,,,,,
1614827713.702,response_latency_ms_sum,,,10.1.37.192:4191,linkerd-proxy,linkerd,,linkerd-web-b48d9c89b-49fzh,,51589,,,,,linkerd-web,web,linkerd,inbound,no_tls_from_remote,b48d9c89b,200,no_identity,linkerd,,,,,,,,,,,,
1614827723.707,response_latency_ms_sum,,,10.1.37.192:4191,linkerd-proxy,linkerd,,linkerd-web-b48d9c89b-49fzh,,51589,,,,,linkerd-web,web,linkerd,inbound,no_tls_from_remote,b48d9c89b,200,no_identity,linkerd,,,,,,,,,,,,
1614827733.704,response_latency_ms_sum,,,10.1.37.192:4191,linkerd-proxy,linkerd,,linkerd-web-b48d9c89b-49fzh,,51598,,,,,linkerd-web,web,linkerd,inbound,no_tls_from_remote,b48d9c89b,200,no_identity,linkerd,,,,,,,,,,,,
1614827743.702,response_latency_ms_sum,,,10.1.37.192:4191,linkerd-proxy,linkerd,,linkerd-web-b48d9c89b-49fzh,,51602,,,,,linkerd-web,web,linkerd,inbound,no_tls_from_remote,b48d9c89b,200,no_identity,linkerd,,,,,,,,,,,,
1614827753.702,response_latency_ms_sum,,,10.1.37.192:4191,linkerd-proxy,linkerd,,linkerd-web-b48d9c89b-49fzh,,51602,,,,,linkerd-web,web,linkerd,inbound,no_tls_from_remote,b48d9c89b,200,no_identity,linkerd,,,,,,,,,,,,
1614827763.702,response_latency_ms_sum,,,10.1.37.192:4191,linkerd-proxy,linkerd,,linkerd-web-b48d9c89b-49fzh,,51602,,,,,linkerd-web,web,linkerd,inbound,no_tls_from_remote,b48d9c89b,200,no_identity,linkerd,,,,,,,,,,,,
1614827773.702,response_latency_ms_sum,,,10.1.37.192:4191,linkerd-proxy,linkerd,,linkerd-web-b48d9c89b-49fzh,,51602,,,,,linkerd-web,web,linkerd,inbound,no_tls_from_remote,b48d9c89b,200,no_identity,linkerd,,,,,,,,,,,,
1614827783.702,response_latency_ms_sum,,,10.1.37.192:4191,linkerd-proxy,linkerd,,linkerd-web-b48d9c89b-49fzh,,51602,,,,,linkerd-web,web,linkerd,inbound,no_tls_from_remote,b48d9c89b,200,no_identity,linkerd,,,,,,,,,,,,
1614827793.702,response_latency_ms_sum,,,10.1.37.192:4191,linkerd-proxy,linkerd,,linkerd-web-b48d9c89b-49fzh,,51602,,,,,linkerd-web,web,linkerd,inbound,no_tls_from_remote,b48d9c89b,200,no_identity,linkerd,,,,,,,,,,,,
1614827803.702,response_latency_ms_sum,,,10.1.37.192:4191,linkerd-proxy,linkerd,,linkerd-web-b48d9c89b-49fzh,,51602,,,,,linkerd-web,web,linkerd,inbound,no_tls_from_remote,b48d9c89b,200,no_identity,linkerd,,,,,,,,,,,,
1614827633.727,response_latency_ms_sum,,,10.1.37.190:4191,linkerd-proxy,linkerd,,linkerd-proxy-injector-666c478cbb-z7nnc,,0,,,,,linkerd-proxy-injector,proxy-injector,linkerd,inbound,no_tls_from_remote,666c478cbb,,no_identity,linkerd,,,,,,,,,,,,
1614827643.727,response_latency_ms_sum,,,10.1.37.190:4191,linkerd-proxy,linkerd,,linkerd-proxy-injector-666c478cbb-z7nnc,,0,,,,,linkerd-proxy-injector,proxy-injector,linkerd,inbound,no_tls_from_remote,666c478cbb,,no_identity,linkerd,,,,,,,,,,,,
1614827653.727,response_latency_ms_sum,,,10.1.37.190:4191,linkerd-proxy,linkerd,,linkerd-proxy-injector-666c478cbb-z7nnc,,0,,,,,linkerd-proxy-injector,proxy-injector,linkerd,inbound,no_tls_from_remote,666c478cbb,,no_identity,linkerd,,,,,,,,,,,,
1614827663.727,response_latency_ms_sum,,,10.1.37.190:4191,linkerd-proxy,linkerd,,linkerd-proxy-injector-666c478cbb-z7nnc,,0,,,,,linkerd-proxy-injector,proxy-injector,linkerd,inbound,no_tls_from_remote,666c478cbb,,no_identity,linkerd,,,,,,,,,,,,
1614827673.727,response_latency_ms_sum,,,10.1.37.190:4191,linkerd-proxy,linkerd,,linkerd-proxy-injector-666c478cbb-z7nnc,,0,,,,,linkerd-proxy-injector,proxy-injector,linkerd,inbound,no_tls_from_remote,666c478cbb,,no_identity,linkerd,,,,,,,,,,,,
1614827683.728,response_latency_ms_sum,,,10.1.37.190:4191,linkerd-proxy,linkerd,,linkerd-proxy-injector-666c478cbb-z7nnc,,0,,,,,linkerd-proxy-injector,proxy-injector,linkerd,inbound,no_tls_from_remote,666c478cbb,,no_identity,linkerd,,,,,,,,,,,,
1614827693.727,response_latency_ms_sum,,,10.1.37.190:4191,linkerd-proxy,linkerd,,linkerd-proxy-injector-666c478cbb-z7nnc,,0,,,,,linkerd-proxy-injector,proxy-injector,linkerd,inbound,no_tls_from_remote,666c478cbb,,no_identity,linkerd,,,,,,,,,,,,
1614827703.727,response_latency_ms_sum,,,10.1.37.190:4191,linkerd-proxy,linkerd,,linkerd-proxy-injector-666c478cbb-z7nnc,,0,,,,,linkerd-proxy-injector,proxy-injector,linkerd,inbound,no_tls_from_remote,666c478cbb,,no_identity,linkerd,,,,,,,,,,,,
1614827713.727,response_latency_ms_sum,,,10.1.37.190:4191,linkerd-proxy,linkerd,,linkerd-proxy-injector-666c478cbb-z7nnc,,0,,,,,linkerd-proxy-injector,proxy-injector,linkerd,inbound,no_tls_from_remote,666c478cbb,,no_identity,linkerd,,,,,,,,,,,,
1614827723.727,response_latency_ms_sum,,,10.1.37.190:4191,linkerd-proxy,linkerd,,linkerd-proxy-injector-666c478cbb-z7nnc,,0,,,,,linkerd-proxy-injector,proxy-injector,linkerd,inbound,no_tls_from_remote,666c478cbb,,no_identity,linkerd,,,,,,,,,,,,
1614827733.727,response_latency_ms_sum,,,10.1.37.190:4191,linkerd-proxy,linkerd,,linkerd-proxy-injector-666c478cbb-z7nnc,,0,,,,,linkerd-proxy-injector,proxy-injector,linkerd,inbound,no_tls_from_remote,666c478cbb,,no_identity,linkerd,,,,,,,,,,,,
1614827743.727,response_latency_ms_sum,,,10.1.37.190:4191,linkerd-proxy,linkerd,,linkerd-proxy-injector-666c478cbb-z7nnc,,0,,,,,linkerd-proxy-injector,proxy-injector,linkerd,inbound,no_tls_from_remote,666c478cbb,,no_identity,linkerd,,,,,,,,,,,,
1614827753.727,response_latency_ms_sum,,,10.1.37.190:4191,linkerd-proxy,linkerd,,linkerd-proxy-injector-666c478cbb-z7nnc,,0,,,,,linkerd-proxy-injector,proxy-injector,linkerd,inbound,no_tls_from_remote,666c478cbb,,no_identity,linkerd,,,,,,,,,,,,
1614827763.727,response_latency_ms_sum,,,10.1.37.190:4191,linkerd-proxy,linkerd,,linkerd-proxy-injector-666c478cbb-z7nnc,,0,,,,,linkerd-proxy-injector,proxy-injector,linkerd,inbound,no_tls_from_remote,666c478cbb,,no_identity,linkerd,,,,,,,,,,,,
1614827773.727,response_latency_ms_sum,,,10.1.37.190:4191,linkerd-proxy,linkerd,,linkerd-proxy-injector-666c478cbb-z7nnc,,0,,,,,linkerd-proxy-injector,proxy-injector,linkerd,inbound,no_tls_from_remote,666c478cbb,,no_identity,linkerd,,,,,,,,,,,,
1614827783.729,response_latency_ms_sum,,,10.1.37.190:4191,linkerd-proxy,linkerd,,linkerd-proxy-injector-666c478cbb-z7nnc,,0,,,,,linkerd-proxy-injector,proxy-injector,linkerd,inbound,no_tls_from_remote,666c478cbb,,no_identity,linkerd,,,,,,,,,,,,
1614827793.727,response_latency_ms_sum,,,10.1.37.190:4191,linkerd-proxy,linkerd,,linkerd-proxy-injector-666c478cbb-z7nnc,,0,,,,,linkerd-proxy-injector,proxy-injector,linkerd,inbound,no_tls_from_remote,666c478cbb,,no_identity,linkerd,,,,,,,,,,,,
1614827803.727,response_latency_ms_sum,,,10.1.37.190:4191,linkerd-proxy,linkerd,,linkerd-proxy-injector-666c478cbb-z7nnc,,0,,,,,linkerd-proxy-injector,proxy-injector,linkerd,inbound,no_tls_from_remote,666c478cbb,,no_identity,linkerd,,,,,,,,,,,,
1614827633.727,response_latency_ms_sum,,,10.1.37.190:4191,linkerd-proxy,linkerd,,linkerd-proxy-injector-666c478cbb-z7nnc,,31893,,,,,linkerd-proxy-injector,proxy-injector,linkerd,inbound,no_tls_from_remote,666c478cbb,200,no_identity,linkerd,,,,,,,,,,,,
1614827643.727,response_latency_ms_sum,,,10.1.37.190:4191,linkerd-proxy,linkerd,,linkerd-proxy-injector-666c478cbb-z7nnc,,31893,,,,,linkerd-proxy-injector,proxy-injector,linkerd,inbound,no_tls_from_remote,666c478cbb,200,no_identity,linkerd,,,,,,,,,,,,
1614827653.727,response_latency_ms_sum,,,10.1.37.190:4191,linkerd-proxy,linkerd,,linkerd-proxy-injector-666c478cbb-z7nnc,,31895,,,,,linkerd-proxy-injector,proxy-injector,linkerd,inbound,no_tls_from_remote,666c478cbb,200,no_identity,linkerd,,,,,,,,,,,,
1614827663.727,response_latency_ms_sum,,,10.1.37.190:4191,linkerd-proxy,linkerd,,linkerd-proxy-injector-666c478cbb-z7nnc,,31895,,,,,linkerd-proxy-injector,proxy-injector,linkerd,inbound,no_tls_from_remote,666c478cbb,200,no_identity,linkerd,,,,,,,,,,,,
1614827673.727,response_latency_ms_sum,,,10.1.37.190:4191,linkerd-proxy,linkerd,,linkerd-proxy-injector-666c478cbb-z7nnc,,31901,,,,,linkerd-proxy-injector,proxy-injector,linkerd,inbound,no_tls_from_remote,666c478cbb,200,no_identity,linkerd,,,,,,,,,,,,
1614827683.728,response_latency_ms_sum,,,10.1.37.190:4191,linkerd-proxy,linkerd,,linkerd-proxy-injector-666c478cbb-z7nnc,,31904,,,,,linkerd-proxy-injector,proxy-injector,linkerd,inbound,no_tls_from_remote,666c478cbb,200,no_identity,linkerd,,,,,,,,,,,,
1614827693.727,response_latency_ms_sum,,,10.1.37.190:4191,linkerd-proxy,linkerd,,linkerd-proxy-injector-666c478cbb-z7nnc,,31904,,,,,linkerd-proxy-injector,proxy-injector,linkerd,inbound,no_tls_from_remote,666c478cbb,200,no_identity,linkerd,,,,,,,,,,,,
1614827703.727,response_latency_ms_sum,,,10.1.37.190:4191,linkerd-proxy,linkerd,,linkerd-proxy-injector-666c478cbb-z7nnc,,31904,,,,,linkerd-proxy-injector,proxy-injector,linkerd,inbound,no_tls_from_remote,666c478cbb,200,no_identity,linkerd,,,,,,,,,,,,
1614827713.727,response_latency_ms_sum,,,10.1.37.190:4191,linkerd-proxy,linkerd,,linkerd-proxy-injector-666c478cbb-z7nnc,,31904,,,,,linkerd-proxy-injector,proxy-injector,linkerd,inbound,no_tls_from_remote,666c478cbb,200,no_identity,linkerd,,,,,,,,,,,,
1614827723.727,response_latency_ms_sum,,,10.1.37.190:4191,linkerd-proxy,linkerd,,linkerd-proxy-injector-666c478cbb-z7nnc,,31909,,,,,linkerd-proxy-injector,proxy-injector,linkerd,inbound,no_tls_from_remote,666c478cbb,200,no_identity,linkerd,,,,,,,,,,,,
1614827733.727,response_latency_ms_sum,,,10.1.37.190:4191,linkerd-proxy,linkerd,,linkerd-proxy-injector-666c478cbb-z7nnc,,31910,,,,,linkerd-proxy-injector,proxy-injector,linkerd,inbound,no_tls_from_remote,666c478cbb,200,no_identity,linkerd,,,,,,,,,,,,
1614827743.727,response_latency_ms_sum,,,10.1.37.190:4191,linkerd-proxy,linkerd,,linkerd-proxy-injector-666c478cbb-z7nnc,,31910,,,,,linkerd-proxy-injector,proxy-injector,linkerd,inbound,no_tls_from_remote,666c478cbb,200,no_identity,linkerd,,,,,,,,,,,,
1614827753.727,response_latency_ms_sum,,,10.1.37.190:4191,linkerd-proxy,linkerd,,linkerd-proxy-injector-666c478cbb-z7nnc,,31910,,,,,linkerd-proxy-injector,proxy-injector,linkerd,inbound,no_tls_from_remote,666c478cbb,200,no_identity,linkerd,,,,,,,,,,,,
1614827763.727,response_latency_ms_sum,,,10.1.37.190:4191,linkerd-proxy,linkerd,,linkerd-proxy-injector-666c478cbb-z7nnc,,31910,,,,,linkerd-proxy-injector,proxy-injector,linkerd,inbound,no_tls_from_remote,666c478cbb,200,no_identity,linkerd,,,,,,,,,,,,
1614827773.727,response_latency_ms_sum,,,10.1.37.190:4191,linkerd-proxy,linkerd,,linkerd-proxy-injector-666c478cbb-z7nnc,,31915,,,,,linkerd-proxy-injector,proxy-injector,linkerd,inbound,no_tls_from_remote,666c478cbb,200,no_identity,linkerd,,,,,,,,,,,,
1614827783.729,response_latency_ms_sum,,,10.1.37.190:4191,linkerd-proxy,linkerd,,linkerd-proxy-injector-666c478cbb-z7nnc,,31916,,,,,linkerd-proxy-injector,proxy-injector,linkerd,inbound,no_tls_from_remote,666c478cbb,200,no_identity,linkerd,,,,,,,,,,,,
1614827793.727,response_latency_ms_sum,,,10.1.37.190:4191,linkerd-proxy,linkerd,,linkerd-proxy-injector-666c478cbb-z7nnc,,31917,,,,,linkerd-proxy-injector,proxy-injector,linkerd,inbound,no_tls_from_remote,666c478cbb,200,no_identity,linkerd,,,,,,,,,,,,
1614827803.727,response_latency_ms_sum,,,10.1.37.190:4191,linkerd-proxy,linkerd,,linkerd-proxy-injector-666c478cbb-z7nnc,,31918,,,,,linkerd-proxy-injector,proxy-injector,linkerd,inbound,no_tls_from_remote,666c478cbb,200,no_identity,linkerd,,,,,,,,,,,,
1614827636.762,response_latency_ms_sum,,,10.1.37.195:4191,linkerd-proxy,linkerd,,linkerd-tap-75785bb98d-dvlv2,,15253,,,,,linkerd-tap,tap,linkerd,inbound,no_tls_from_remote,75785bb98d,200,no_identity,linkerd,,,,,,,,,,,,
1614827646.762,response_latency_ms_sum,,,10.1.37.195:4191,linkerd-proxy,linkerd,,linkerd-tap-75785bb98d-dvlv2,,15259,,,,,linkerd-tap,tap,linkerd,inbound,no_tls_from_remote,75785bb98d,200,no_identity,linkerd,,,,,,,,,,,,
1614827656.762,response_latency_ms_sum,,,10.1.37.195:4191,linkerd-proxy,linkerd,,linkerd-tap-75785bb98d-dvlv2,,15259,,,,,linkerd-tap,tap,linkerd,inbound,no_tls_from_remote,75785bb98d,200,no_identity,linkerd,,,,,,,,,,,,
1614827666.762,response_latency_ms_sum,,,10.1.37.195:4191,linkerd-proxy,linkerd,,linkerd-tap-75785bb98d-dvlv2,,15259,,,,,linkerd-tap,tap,linkerd,inbound,no_tls_from_remote,75785bb98d,200,no_identity,linkerd,,,,,,,,,,,,
1614827676.762,response_latency_ms_sum,,,10.1.37.195:4191,linkerd-proxy,linkerd,,linkerd-tap-75785bb98d-dvlv2,,15259,,,,,linkerd-tap,tap,linkerd,inbound,no_tls_from_remote,75785bb98d,200,no_identity,linkerd,,,,,,,,,,,,
1614827686.762,response_latency_ms_sum,,,10.1.37.195:4191,linkerd-proxy,linkerd,,linkerd-tap-75785bb98d-dvlv2,,15259,,,,,linkerd-tap,tap,linkerd,inbound,no_tls_from_remote,75785bb98d,200,no_identity,linkerd,,,,,,,,,,,,
1614827696.762,response_latency_ms_sum,,,10.1.37.195:4191,linkerd-proxy,linkerd,,linkerd-tap-75785bb98d-dvlv2,,15259,,,,,linkerd-tap,tap,linkerd,inbound,no_tls_from_remote,75785bb98d,200,no_identity,linkerd,,,,,,,,,,,,
1614827706.762,response_latency_ms_sum,,,10.1.37.195:4191,linkerd-proxy,linkerd,,linkerd-tap-75785bb98d-dvlv2,,15260,,,,,linkerd-tap,tap,linkerd,inbound,no_tls_from_remote,75785bb98d,200,no_identity,linkerd,,,,,,,,,,,,
1614827716.762,response_latency_ms_sum,,,10.1.37.195:4191,linkerd-proxy,linkerd,,linkerd-tap-75785bb98d-dvlv2,,15260,,,,,linkerd-tap,tap,linkerd,inbound,no_tls_from_remote,75785bb98d,200,no_identity,linkerd,,,,,,,,,,,,
1614827726.762,response_latency_ms_sum,,,10.1.37.195:4191,linkerd-proxy,linkerd,,linkerd-tap-75785bb98d-dvlv2,,15271,,,,,linkerd-tap,tap,linkerd,inbound,no_tls_from_remote,75785bb98d,200,no_identity,linkerd,,,,,,,,,,,,
1614827736.762,response_latency_ms_sum,,,10.1.37.195:4191,linkerd-proxy,linkerd,,linkerd-tap-75785bb98d-dvlv2,,15272,,,,,linkerd-tap,tap,linkerd,inbound,no_tls_from_remote,75785bb98d,200,no_identity,linkerd,,,,,,,,,,,,
1614827746.762,response_latency_ms_sum,,,10.1.37.195:4191,linkerd-proxy,linkerd,,linkerd-tap-75785bb98d-dvlv2,,15272,,,,,linkerd-tap,tap,linkerd,inbound,no_tls_from_remote,75785bb98d,200,no_identity,linkerd,,,,,,,,,,,,
1614827756.762,response_latency_ms_sum,,,10.1.37.195:4191,linkerd-proxy,linkerd,,linkerd-tap-75785bb98d-dvlv2,,15272,,,,,linkerd-tap,tap,linkerd,inbound,no_tls_from_remote,75785bb98d,200,no_identity,linkerd,,,,,,,,,,,,
1614827766.762,response_latency_ms_sum,,,10.1.37.195:4191,linkerd-proxy,linkerd,,linkerd-tap-75785bb98d-dvlv2,,15272,,,,,linkerd-tap,tap,linkerd,inbound,no_tls_from_remote,75785bb98d,200,no_identity,linkerd,,,,,,,,,,,,
1614827776.762,response_latency_ms_sum,,,10.1.37.195:4191,linkerd-proxy,linkerd,,linkerd-tap-75785bb98d-dvlv2,,15272,,,,,linkerd-tap,tap,linkerd,inbound,no_tls_from_remote,75785bb98d,200,no_identity,linkerd,,,,,,,,,,,,
1614827786.762,response_latency_ms_sum,,,10.1.37.195:4191,linkerd-proxy,linkerd,,linkerd-tap-75785bb98d-dvlv2,,15272,,,,,linkerd-tap,tap,linkerd,inbound,no_tls_from_remote,75785bb98d,200,no_identity,linkerd,,,,,,,,,,,,
1614827796.762,response_latency_ms_sum,,,10.1.37.195:4191,linkerd-proxy,linkerd,,linkerd-tap-75785bb98d-dvlv2,,15274,,,,,linkerd-tap,tap,linkerd,inbound,no_tls_from_remote,75785bb98d,200,no_identity,linkerd,,,,,,,,,,,,
1614827806.762,response_latency_ms_sum,,,10.1.37.195:4191,linkerd-proxy,linkerd,,linkerd-tap-75785bb98d-dvlv2,,15274,,,,,linkerd-tap,tap,linkerd,inbound,no_tls_from_remote,75785bb98d,200,no_identity,linkerd,,,,,,,,,,,,
1614827637.327,response_latency_ms_sum,,,10.1.37.202:4191,linkerd-proxy,linkerd,,linkerd-identity-57f4bc9db9-gb7rk,,6548,,,,,linkerd-identity,identity,linkerd,inbound,no_tls_from_remote,57f4bc9db9,200,no_identity,linkerd,,,,,,,,,,,,
1614827647.327,response_latency_ms_sum,,,10.1.37.202:4191,linkerd-proxy,linkerd,,linkerd-identity-57f4bc9db9-gb7rk,,6548,,,,,linkerd-identity,identity,linkerd,inbound,no_tls_from_remote,57f4bc9db9,200,no_identity,linkerd,,,,,,,,,,,,
1614827657.328,response_latency_ms_sum,,,10.1.37.202:4191,linkerd-proxy,linkerd,,linkerd-identity-57f4bc9db9-gb7rk,,6548,,,,,linkerd-identity,identity,linkerd,inbound,no_tls_from_remote,57f4bc9db9,200,no_identity,linkerd,,,,,,,,,,,,
1614827667.327,response_latency_ms_sum,,,10.1.37.202:4191,linkerd-proxy,linkerd,,linkerd-identity-57f4bc9db9-gb7rk,,6548,,,,,linkerd-identity,identity,linkerd,inbound,no_tls_from_remote,57f4bc9db9,200,no_identity,linkerd,,,,,,,,,,,,
1614827677.328,response_latency_ms_sum,,,10.1.37.202:4191,linkerd-proxy,linkerd,,linkerd-identity-57f4bc9db9-gb7rk,,6548,,,,,linkerd-identity,identity,linkerd,inbound,no_tls_from_remote,57f4bc9db9,200,no_identity,linkerd,,,,,,,,,,,,
1614827687.327,response_latency_ms_sum,,,10.1.37.202:4191,linkerd-proxy,linkerd,,linkerd-identity-57f4bc9db9-gb7rk,,6548,,,,,linkerd-identity,identity,linkerd,inbound,no_tls_from_remote,57f4bc9db9,200,no_identity,linkerd,,,,,,,,,,,,
1614827697.327,response_latency_ms_sum,,,10.1.37.202:4191,linkerd-proxy,linkerd,,linkerd-identity-57f4bc9db9-gb7rk,,6548,,,,,linkerd-identity,identity,linkerd,inbound,no_tls_from_remote,57f4bc9db9,200,no_identity,linkerd,,,,,,,,,,,,
1614827707.327,response_latency_ms_sum,,,10.1.37.202:4191,linkerd-proxy,linkerd,,linkerd-identity-57f4bc9db9-gb7rk,,6548,,,,,linkerd-identity,identity,linkerd,inbound,no_tls_from_remote,57f4bc9db9,200,no_identity,linkerd,,,,,,,,,,,,
1614827717.327,response_latency_ms_sum,,,10.1.37.202:4191,linkerd-proxy,linkerd,,linkerd-identity-57f4bc9db9-gb7rk,,6548,,,,,linkerd-identity,identity,linkerd,inbound,no_tls_from_remote,57f4bc9db9,200,no_identity,linkerd,,,,,,,,,,,,
1614827727.327,response_latency_ms_sum,,,10.1.37.202:4191,linkerd-proxy,linkerd,,linkerd-identity-57f4bc9db9-gb7rk,,6548,,,,,linkerd-identity,identity,linkerd,inbound,no_tls_from_remote,57f4bc9db9,200,no_identity,linkerd,,,,,,,,,,,,
1614827737.327,response_latency_ms_sum,,,10.1.37.202:4191,linkerd-proxy,linkerd,,linkerd-identity-57f4bc9db9-gb7rk,,6548,,,,,linkerd-identity,identity,linkerd,inbound,no_tls_from_remote,57f4bc9db9,200,no_identity,linkerd,,,,,,,,,,,,
1614827747.327,response_latency_ms_sum,,,10.1.37.202:4191,linkerd-proxy,linkerd,,linkerd-identity-57f4bc9db9-gb7rk,,6548,,,,,linkerd-identity,identity,linkerd,inbound,no_tls_from_remote,57f4bc9db9,200,no_identity,linkerd,,,,,,,,,,,,
1614827757.327,response_latency_ms_sum,,,10.1.37.202:4191,linkerd-proxy,linkerd,,linkerd-identity-57f4bc9db9-gb7rk,,6548,,,,,linkerd-identity,identity,linkerd,inbound,no_tls_from_remote,57f4bc9db9,200,no_identity,linkerd,,,,,,,,,,,,
1614827767.327,response_latency_ms_sum,,,10.1.37.202:4191,linkerd-proxy,linkerd,,linkerd-identity-57f4bc9db9-gb7rk,,6548,,,,,linkerd-identity,identity,linkerd,inbound,no_tls_from_remote,57f4bc9db9,200,no_identity,linkerd,,,,,,,,,,,,
1614827777.328,response_latency_ms_sum,,,10.1.37.202:4191,linkerd-proxy,linkerd,,linkerd-identity-57f4bc9db9-gb7rk,,6548,,,,,linkerd-identity,identity,linkerd,inbound,no_tls_from_remote,57f4bc9db9,200,no_identity,linkerd,,,,,,,,,,,,
1614827787.327,response_latency_ms_sum,,,10.1.37.202:4191,linkerd-proxy,linkerd,,linkerd-identity-57f4bc9db9-gb7rk,,6554,,,,,linkerd-identity,identity,linkerd,inbound,no_tls_from_remote,57f4bc9db9,200,no_identity,linkerd,,,,,,,,,,,,
1614827797.328,response_latency_ms_sum,,,10.1.37.202:4191,linkerd-proxy,linkerd,,linkerd-identity-57f4bc9db9-gb7rk,,6554,,,,,linkerd-identity,identity,linkerd,inbound,no_tls_from_remote,57f4bc9db9,200,no_identity,linkerd,,,,,,,,,,,,
1614827807.329,response_latency_ms_sum,,,10.1.37.202:4191,linkerd-proxy,linkerd,,linkerd-identity-57f4bc9db9-gb7rk,,6554,,,,,linkerd-identity,identity,linkerd,inbound,no_tls_from_remote,57f4bc9db9,200,no_identity,linkerd,,,,,,,,,,,,
1614827639.08,response_latency_ms_sum,,,10.1.37.196:4191,linkerd-proxy,linkerd,,linkerd-controller-798d449c77-qk6j4,,25067,,,,,linkerd-controller,controller,linkerd,inbound,no_tls_from_remote,798d449c77,200,no_identity,linkerd,,,,,,,,,,,,
1614827649.08,response_latency_ms_sum,,,10.1.37.196:4191,linkerd-proxy,linkerd,,linkerd-controller-798d449c77-qk6j4,,25067,,,,,linkerd-controller,controller,linkerd,inbound,no_tls_from_remote,798d449c77,200,no_identity,linkerd,,,,,,,,,,,,
1614827659.08,response_latency_ms_sum,,,10.1.37.196:4191,linkerd-proxy,linkerd,,linkerd-controller-798d449c77-qk6j4,,25082,,,,,linkerd-controller,controller,linkerd,inbound,no_tls_from_remote,798d449c77,200,no_identity,linkerd,,,,,,,,,,,,
1614827669.08,response_latency_ms_sum,,,10.1.37.196:4191,linkerd-proxy,linkerd,,linkerd-controller-798d449c77-qk6j4,,25082,,,,,linkerd-controller,controller,linkerd,inbound,no_tls_from_remote,798d449c77,200,no_identity,linkerd,,,,,,,,,,,,
1614827679.08,response_latency_ms_sum,,,10.1.37.196:4191,linkerd-proxy,linkerd,,linkerd-controller-798d449c77-qk6j4,,25082,,,,,linkerd-controller,controller,linkerd,inbound,no_tls_from_remote,798d449c77,200,no_identity,linkerd,,,,,,,,,,,,
1614827689.08,response_latency_ms_sum,,,10.1.37.196:4191,linkerd-proxy,linkerd,,linkerd-controller-798d449c77-qk6j4,,25083,,,,,linkerd-controller,controller,linkerd,inbound,no_tls_from_remote,798d449c77,200,no_identity,linkerd,,,,,,,,,,,,
1614827699.08,response_latency_ms_sum,,,10.1.37.196:4191,linkerd-proxy,linkerd,,linkerd-controller-798d449c77-qk6j4,,25083,,,,,linkerd-controller,controller,linkerd,inbound,no_tls_from_remote,798d449c77,200,no_identity,linkerd,,,,,,,,,,,,
1614827709.08,response_latency_ms_sum,,,10.1.37.196:4191,linkerd-proxy,linkerd,,linkerd-controller-798d449c77-qk6j4,,25083,,,,,linkerd-controller,controller,linkerd,inbound,no_tls_from_remote,798d449c77,200,no_identity,linkerd,,,,,,,,,,,,
1614827719.08,response_latency_ms_sum,,,10.1.37.196:4191,linkerd-proxy,linkerd,,linkerd-controller-798d449c77-qk6j4,,25084,,,,,linkerd-controller,controller,linkerd,inbound,no_tls_from_remote,798d449c77,200,no_identity,linkerd,,,,,,,,,,,,
1614827729.08,response_latency_ms_sum,,,10.1.37.196:4191,linkerd-proxy,linkerd,,linkerd-controller-798d449c77-qk6j4,,25084,,,,,linkerd-controller,controller,linkerd,inbound,no_tls_from_remote,798d449c77,200,no_identity,linkerd,,,,,,,,,,,,
1614827739.08,response_latency_ms_sum,,,10.1.37.196:4191,linkerd-proxy,linkerd,,linkerd-controller-798d449c77-qk6j4,,25086,,,,,linkerd-controller,controller,linkerd,inbound,no_tls_from_remote,798d449c77,200,no_identity,linkerd,,,,,,,,,,,,
1614827749.08,response_latency_ms_sum,,,10.1.37.196:4191,linkerd-proxy,linkerd,,linkerd-controller-798d449c77-qk6j4,,25086,,,,,linkerd-controller,controller,linkerd,inbound,no_tls_from_remote,798d449c77,200,no_identity,linkerd,,,,,,,,,,,,
1614827759.08,response_latency_ms_sum,,,10.1.37.196:4191,linkerd-proxy,linkerd,,linkerd-controller-798d449c77-qk6j4,,25086,,,,,linkerd-controller,controller,linkerd,inbound,no_tls_from_remote,798d449c77,200,no_identity,linkerd,,,,,,,,,,,,
1614827769.08,response_latency_ms_sum,,,10.1.37.196:4191,linkerd-proxy,linkerd,,linkerd-controller-798d449c77-qk6j4,,25086,,,,,linkerd-controller,controller,linkerd,inbound,no_tls_from_remote,798d449c77,200,no_identity,linkerd,,,,,,,,,,,,
1614827779.08,response_latency_ms_sum,,,10.1.37.196:4191,linkerd-proxy,linkerd,,linkerd-controller-798d449c77-qk6j4,,25087,,,,,linkerd-controller,controller,linkerd,inbound,no_tls_from_remote,798d449c77,200,no_identity,linkerd,,,,,,,,,,,,
1614827789.08,response_latency_ms_sum,,,10.1.37.196:4191,linkerd-proxy,linkerd,,linkerd-controller-798d449c77-qk6j4,,25087,,,,,linkerd-controller,controller,linkerd,inbound,no_tls_from_remote,798d449c77,200,no_identity,linkerd,,,,,,,,,,,,
1614827799.08,response_latency_ms_sum,,,10.1.37.196:4191,linkerd-proxy,linkerd,,linkerd-controller-798d449c77-qk6j4,,25087,,,,,linkerd-controller,controller,linkerd,inbound,no_tls_from_remote,798d449c77,200,no_identity,linkerd,,,,,,,,,,,,
1614827809.08,response_latency_ms_sum,,,10.1.37.196:4191,linkerd-proxy,linkerd,,linkerd-controller-798d449c77-qk6j4,,25089,,,,,linkerd-controller,controller,linkerd,inbound,no_tls_from_remote,798d449c77,200,no_identity,linkerd,,,,,,,,,,,,
1614827640.038,response_latency_ms_sum,,,10.1.37.191:4191,linkerd-proxy,linkerd,,linkerd-sp-validator-77d978fbd9-zk8mm,,0,,,,,linkerd-sp-validator,sp-validator,linkerd,inbound,no_tls_from_remote,77d978fbd9,,no_identity,linkerd,,,,,,,,,,,,
1614827650.037,response_latency_ms_sum,,,10.1.37.191:4191,linkerd-proxy,linkerd,,linkerd-sp-validator-77d978fbd9-zk8mm,,0,,,,,linkerd-sp-validator,sp-validator,linkerd,inbound,no_tls_from_remote,77d978fbd9,,no_identity,linkerd,,,,,,,,,,,,
1614827660.038,response_latency_ms_sum,,,10.1.37.191:4191,linkerd-proxy,linkerd,,linkerd-sp-validator-77d978fbd9-zk8mm,,0,,,,,linkerd-sp-validator,sp-validator,linkerd,inbound,no_tls_from_remote,77d978fbd9,,no_identity,linkerd,,,,,,,,,,,,
1614827670.037,response_latency_ms_sum,,,10.1.37.191:4191,linkerd-proxy,linkerd,,linkerd-sp-validator-77d978fbd9-zk8mm,,0,,,,,linkerd-sp-validator,sp-validator,linkerd,inbound,no_tls_from_remote,77d978fbd9,,no_identity,linkerd,,,,,,,,,,,,
1614827680.037,response_latency_ms_sum,,,10.1.37.191:4191,linkerd-proxy,linkerd,,linkerd-sp-validator-77d978fbd9-zk8mm,,0,,,,,linkerd-sp-validator,sp-validator,linkerd,inbound,no_tls_from_remote,77d978fbd9,,no_identity,linkerd,,,,,,,,,,,,
1614827690.038,response_latency_ms_sum,,,10.1.37.191:4191,linkerd-proxy,linkerd,,linkerd-sp-validator-77d978fbd9-zk8mm,,0,,,,,linkerd-sp-validator,sp-validator,linkerd,inbound,no_tls_from_remote,77d978fbd9,,no_identity,linkerd,,,,,,,,,,,,
1614827700.038,response_latency_ms_sum,,,10.1.37.191:4191,linkerd-proxy,linkerd,,linkerd-sp-validator-77d978fbd9-zk8mm,,0,,,,,linkerd-sp-validator,sp-validator,linkerd,inbound,no_tls_from_remote,77d978fbd9,,no_identity,linkerd,,,,,,,,,,,,
1614827710.037,response_latency_ms_sum,,,10.1.37.191:4191,linkerd-proxy,linkerd,,linkerd-sp-validator-77d978fbd9-zk8mm,,0,,,,,linkerd-sp-validator,sp-validator,linkerd,inbound,no_tls_from_remote,77d978fbd9,,no_identity,linkerd,,,,,,,,,,,,
1614827720.038,response_latency_ms_sum,,,10.1.37.191:4191,linkerd-proxy,linkerd,,linkerd-sp-validator-77d978fbd9-zk8mm,,0,,,,,linkerd-sp-validator,sp-validator,linkerd,inbound,no_tls_from_remote,77d978fbd9,,no_identity,linkerd,,,,,,,,,,,,
1614827730.037,response_latency_ms_sum,,,10.1.37.191:4191,linkerd-proxy,linkerd,,linkerd-sp-validator-77d978fbd9-zk8mm,,0,,,,,linkerd-sp-validator,sp-validator,linkerd,inbound,no_tls_from_remote,77d978fbd9,,no_identity,linkerd,,,,,,,,,,,,
1614827740.038,response_latency_ms_sum,,,10.1.37.191:4191,linkerd-proxy,linkerd,,linkerd-sp-validator-77d978fbd9-zk8mm,,0,,,,,linkerd-sp-validator,sp-validator,linkerd,inbound,no_tls_from_remote,77d978fbd9,,no_identity,linkerd,,,,,,,,,,,,
1614827750.04,response_latency_ms_sum,,,10.1.37.191:4191,linkerd-proxy,linkerd,,linkerd-sp-validator-77d978fbd9-zk8mm,,0,,,,,linkerd-sp-validator,sp-validator,linkerd,inbound,no_tls_from_remote,77d978fbd9,,no_identity,linkerd,,,,,,,,,,,,
1614827760.038,response_latency_ms_sum,,,10.1.37.191:4191,linkerd-proxy,linkerd,,linkerd-sp-validator-77d978fbd9-zk8mm,,0,,,,,linkerd-sp-validator,sp-validator,linkerd,inbound,no_tls_from_remote,77d978fbd9,,no_identity,linkerd,,,,,,,,,,,,
1614827770.038,response_latency_ms_sum,,,10.1.37.191:4191,linkerd-proxy,linkerd,,linkerd-sp-validator-77d978fbd9-zk8mm,,0,,,,,linkerd-sp-validator,sp-validator,linkerd,inbound,no_tls_from_remote,77d978fbd9,,no_identity,linkerd,,,,,,,,,,,,
1614827780.037,response_latency_ms_sum,,,10.1.37.191:4191,linkerd-proxy,linkerd,,linkerd-sp-validator-77d978fbd9-zk8mm,,0,,,,,linkerd-sp-validator,sp-validator,linkerd,inbound,no_tls_from_remote,77d978fbd9,,no_identity,linkerd,,,,,,,,,,,,
1614827790.038,response_latency_ms_sum,,,10.1.37.191:4191,linkerd-proxy,linkerd,,linkerd-sp-validator-77d978fbd9-zk8mm,,0,,,,,linkerd-sp-validator,sp-validator,linkerd,inbound,no_tls_from_remote,77d978fbd9,,no_identity,linkerd,,,,,,,,,,,,
1614827800.037,response_latency_ms_sum,,,10.1.37.191:4191,linkerd-proxy,linkerd,,linkerd-sp-validator-77d978fbd9-zk8mm,,0,,,,,linkerd-sp-validator,sp-validator,linkerd,inbound,no_tls_from_remote,77d978fbd9,,no_identity,linkerd,,,,,,,,,,,,
1614827640.038,response_latency_ms_sum,,,10.1.37.191:4191,linkerd-proxy,linkerd,,linkerd-sp-validator-77d978fbd9-zk8mm,,3910,,,,,linkerd-sp-validator,sp-validator,linkerd,inbound,no_tls_from_remote,77d978fbd9,200,no_identity,linkerd,,,,,,,,,,,,
1614827650.037,response_latency_ms_sum,,,10.1.37.191:4191,linkerd-proxy,linkerd,,linkerd-sp-validator-77d978fbd9-zk8mm,,3910,,,,,linkerd-sp-validator,sp-validator,linkerd,inbound,no_tls_from_remote,77d978fbd9,200,no_identity,linkerd,,,,,,,,,,,,
1614827660.038,response_latency_ms_sum,,,10.1.37.191:4191,linkerd-proxy,linkerd,,linkerd-sp-validator-77d978fbd9-zk8mm,,3910,,,,,linkerd-sp-validator,sp-validator,linkerd,inbound,no_tls_from_remote,77d978fbd9,200,no_identity,linkerd,,,,,,,,,,,,
1614827670.037,response_latency_ms_sum,,,10.1.37.191:4191,linkerd-proxy,linkerd,,linkerd-sp-validator-77d978fbd9-zk8mm,,3910,,,,,linkerd-sp-validator,sp-validator,linkerd,inbound,no_tls_from_remote,77d978fbd9,200,no_identity,linkerd,,,,,,,,,,,,
1614827680.037,response_latency_ms_sum,,,10.1.37.191:4191,linkerd-proxy,linkerd,,linkerd-sp-validator-77d978fbd9-zk8mm,,3910,,,,,linkerd-sp-validator,sp-validator,linkerd,inbound,no_tls_from_remote,77d978fbd9,200,no_identity,linkerd,,,,,,,,,,,,
1614827690.038,response_latency_ms_sum,,,10.1.37.191:4191,linkerd-proxy,linkerd,,linkerd-sp-validator-77d978fbd9-zk8mm,,3910,,,,,linkerd-sp-validator,sp-validator,linkerd,inbound,no_tls_from_remote,77d978fbd9,200,no_identity,linkerd,,,,,,,,,,,,
1614827700.038,response_latency_ms_sum,,,10.1.37.191:4191,linkerd-proxy,linkerd,,linkerd-sp-validator-77d978fbd9-zk8mm,,3910,,,,,linkerd-sp-validator,sp-validator,linkerd,inbound,no_tls_from_remote,77d978fbd9,200,no_identity,linkerd,,,,,,,,,,,,
1614827710.037,response_latency_ms_sum,,,10.1.37.191:4191,linkerd-proxy,linkerd,,linkerd-sp-validator-77d978fbd9-zk8mm,,3910,,,,,linkerd-sp-validator,sp-validator,linkerd,inbound,no_tls_from_remote,77d978fbd9,200,no_identity,linkerd,,,,,,,,,,,,
1614827720.038,response_latency_ms_sum,,,10.1.37.191:4191,linkerd-proxy,linkerd,,linkerd-sp-validator-77d978fbd9-zk8mm,,3910,,,,,linkerd-sp-validator,sp-validator,linkerd,inbound,no_tls_from_remote,77d978fbd9,200,no_identity,linkerd,,,,,,,,,,,,
1614827730.037,response_latency_ms_sum,,,10.1.37.191:4191,linkerd-proxy,linkerd,,linkerd-sp-validator-77d978fbd9-zk8mm,,3910,,,,,linkerd-sp-validator,sp-validator,linkerd,inbound,no_tls_from_remote,77d978fbd9,200,no_identity,linkerd,,,,,,,,,,,,
1614827740.038,response_latency_ms_sum,,,10.1.37.191:4191,linkerd-proxy,linkerd,,linkerd-sp-validator-77d978fbd9-zk8mm,,3910,,,,,linkerd-sp-validator,sp-validator,linkerd,inbound,no_tls_from_remote,77d978fbd9,200,no_identity,linkerd,,,,,,,,,,,,
1614827750.04,response_latency_ms_sum,,,10.1.37.191:4191,linkerd-proxy,linkerd,,linkerd-sp-validator-77d978fbd9-zk8mm,,3910,,,,,linkerd-sp-validator,sp-validator,linkerd,inbound,no_tls_from_remote,77d978fbd9,200,no_identity,linkerd,,,,,,,,,,,,
1614827760.038,response_latency_ms_sum,,,10.1.37.191:4191,linkerd-proxy,linkerd,,linkerd-sp-validator-77d978fbd9-zk8mm,,3910,,,,,linkerd-sp-validator,sp-validator,linkerd,inbound,no_tls_from_remote,77d978fbd9,200,no_identity,linkerd,,,,,,,,,,,,
1614827770.038,response_latency_ms_sum,,,10.1.37.191:4191,linkerd-proxy,linkerd,,linkerd-sp-validator-77d978fbd9-zk8mm,,3910,,,,,linkerd-sp-validator,sp-validator,linkerd,inbound,no_tls_from_remote,77d978fbd9,200,no_identity,linkerd,,,,,,,,,,,,
1614827780.037,response_latency_ms_sum,,,10.1.37.191:4191,linkerd-proxy,linkerd,,linkerd-sp-validator-77d978fbd9-zk8mm,,3910,,,,,linkerd-sp-validator,sp-validator,linkerd,inbound,no_tls_from_remote,77d978fbd9,200,no_identity,linkerd,,,,,,,,,,,,
1614827790.038,response_latency_ms_sum,,,10.1.37.191:4191,linkerd-proxy,linkerd,,linkerd-sp-validator-77d978fbd9-zk8mm,,3910,,,,,linkerd-sp-validator,sp-validator,linkerd,inbound,no_tls_from_remote,77d978fbd9,200,no_identity,linkerd,,,,,,,,,,,,
1614827800.037,response_latency_ms_sum,,,10.1.37.191:4191,linkerd-proxy,linkerd,,linkerd-sp-validator-77d978fbd9-zk8mm,,3910,,,,,linkerd-sp-validator,sp-validator,linkerd,inbound,no_tls_from_remote,77d978fbd9,200,no_identity,linkerd,,,,,,,,,,,,
1614827640.038,response_latency_ms_sum,,,10.1.37.191:4191,linkerd-proxy,linkerd,,linkerd-sp-validator-77d978fbd9-zk8mm,,60605,,,,,linkerd-sp-validator,sp-validator,linkerd,inbound,,77d978fbd9,200,true,linkerd,linkerd-prometheus.linkerd.serviceaccount.identity.linkerd.cluster.local,,,,,,,,,,,
1614827650.037,response_latency_ms_sum,,,10.1.37.191:4191,linkerd-proxy,linkerd,,linkerd-sp-validator-77d978fbd9-zk8mm,,60606,,,,,linkerd-sp-validator,sp-validator,linkerd,inbound,,77d978fbd9,200,true,linkerd,linkerd-prometheus.linkerd.serviceaccount.identity.linkerd.cluster.local,,,,,,,,,,,
1614827660.038,response_latency_ms_sum,,,10.1.37.191:4191,linkerd-proxy,linkerd,,linkerd-sp-validator-77d978fbd9-zk8mm,,60610,,,,,linkerd-sp-validator,sp-validator,linkerd,inbound,,77d978fbd9,200,true,linkerd,linkerd-prometheus.linkerd.serviceaccount.identity.linkerd.cluster.local,,,,,,,,,,,
1614827670.037,response_latency_ms_sum,,,10.1.37.191:4191,linkerd-proxy,linkerd,,linkerd-sp-validator-77d978fbd9-zk8mm,,60611,,,,,linkerd-sp-validator,sp-validator,linkerd,inbound,,77d978fbd9,200,true,linkerd,linkerd-prometheus.linkerd.serviceaccount.identity.linkerd.cluster.local,,,,,,,,,,,
1614827680.037,response_latency_ms_sum,,,10.1.37.191:4191,linkerd-proxy,linkerd,,linkerd-sp-validator-77d978fbd9-zk8mm,,60612,,,,,linkerd-sp-validator,sp-validator,linkerd,inbound,,77d978fbd9,200,true,linkerd,linkerd-prometheus.linkerd.serviceaccount.identity.linkerd.cluster.local,,,,,,,,,,,
1614827690.038,response_latency_ms_sum,,,10.1.37.191:4191,linkerd-proxy,linkerd,,linkerd-sp-validator-77d978fbd9-zk8mm,,60613,,,,,linkerd-sp-validator,sp-validator,linkerd,inbound,,77d978fbd9,200,true,linkerd,linkerd-prometheus.linkerd.serviceaccount.identity.linkerd.cluster.local,,,,,,,,,,,
1614827700.038,response_latency_ms_sum,,,10.1.37.191:4191,linkerd-proxy,linkerd,,linkerd-sp-validator-77d978fbd9-zk8mm,,60614,,,,,linkerd-sp-validator,sp-validator,linkerd,inbound,,77d978fbd9,200,true,linkerd,linkerd-prometheus.linkerd.serviceaccount.identity.linkerd.cluster.local,,,,,,,,,,,
1614827710.037,response_latency_ms_sum,,,10.1.37.191:4191,linkerd-proxy,linkerd,,linkerd-sp-validator-77d978fbd9-zk8mm,,60615,,,,,linkerd-sp-validator,sp-validator,linkerd,inbound,,77d978fbd9,200,true,linkerd,linkerd-prometheus.linkerd.serviceaccount.identity.linkerd.cluster.local,,,,,,,,,,,
1614827720.038,response_latency_ms_sum,,,10.1.37.191:4191,linkerd-proxy,linkerd,,linkerd-sp-validator-77d978fbd9-zk8mm,,60616,,,,,linkerd-sp-validator,sp-validator,linkerd,inbound,,77d978fbd9,200,true,linkerd,linkerd-prometheus.linkerd.serviceaccount.identity.linkerd.cluster.local,,,,,,,,,,,
1614827730.037,response_latency_ms_sum,,,10.1.37.191:4191,linkerd-proxy,linkerd,,linkerd-sp-validator-77d978fbd9-zk8mm,,60623,,,,,linkerd-sp-validator,sp-validator,linkerd,inbound,,77d978fbd9,200,true,linkerd,linkerd-prometheus.linkerd.serviceaccount.identity.linkerd.cluster.local,,,,,,,,,,,
1614827740.038,response_latency_ms_sum,,,10.1.37.191:4191,linkerd-proxy,linkerd,,linkerd-sp-validator-77d978fbd9-zk8mm,,60624,,,,,linkerd-sp-validator,sp-validator,linkerd,inbound,,77d978fbd9,200,true,linkerd,linkerd-prometheus.linkerd.serviceaccount.identity.linkerd.cluster.local,,,,,,,,,,,
1614827750.04,response_latency_ms_sum,,,10.1.37.191:4191,linkerd-proxy,linkerd,,linkerd-sp-validator-77d978fbd9-zk8mm,,60627,,,,,linkerd-sp-validator,sp-validator,linkerd,inbound,,77d978fbd9,200,true,linkerd,linkerd-prometheus.linkerd.serviceaccount.identity.linkerd.cluster.local,,,,,,,,,,,
1614827760.038,response_latency_ms_sum,,,10.1.37.191:4191,linkerd-proxy,linkerd,,linkerd-sp-validator-77d978fbd9-zk8mm,,60629,,,,,linkerd-sp-validator,sp-validator,linkerd,inbound,,77d978fbd9,200,true,linkerd,linkerd-prometheus.linkerd.serviceaccount.identity.linkerd.cluster.local,,,,,,,,,,,
1614827770.038,response_latency_ms_sum,,,10.1.37.191:4191,linkerd-proxy,linkerd,,linkerd-sp-validator-77d978fbd9-zk8mm,,60633,,,,,linkerd-sp-validator,sp-validator,linkerd,inbound,,77d978fbd9,200,true,linkerd,linkerd-prometheus.linkerd.serviceaccount.identity.linkerd.cluster.local,,,,,,,,,,,
1614827780.037,response_latency_ms_sum,,,10.1.37.191:4191,linkerd-proxy,linkerd,,linkerd-sp-validator-77d978fbd9-zk8mm,,60636,,,,,linkerd-sp-validator,sp-validator,linkerd,inbound,,77d978fbd9,200,true,linkerd,linkerd-prometheus.linkerd.serviceaccount.identity.linkerd.cluster.local,,,,,,,,,,,
1614827790.038,response_latency_ms_sum,,,10.1.37.191:4191,linkerd-proxy,linkerd,,linkerd-sp-validator-77d978fbd9-zk8mm,,60637,,,,,linkerd-sp-validator,sp-validator,linkerd,inbound,,77d978fbd9,200,true,linkerd,linkerd-prometheus.linkerd.serviceaccount.identity.linkerd.cluster.local,,,,,,,,,,,
1614827800.037,response_latency_ms_sum,,,10.1.37.191:4191,linkerd-proxy,linkerd,,linkerd-sp-validator-77d978fbd9-zk8mm,,60641,,,,,linkerd-sp-validator,sp-validator,linkerd,inbound,,77d978fbd9,200,true,linkerd,linkerd-prometheus.linkerd.serviceaccount.identity.linkerd.cluster.local,,,,,,,,,,,
1614827640.101,response_latency_ms_sum,,,10.1.37.198:4191,linkerd-proxy,linkerd,,linkerd-prometheus-5bccd64d4d-jzwmt,,99214,,,,,linkerd-prometheus,prometheus,linkerd,outbound,,5bccd64d4d,200,true,linkerd,,10.1.37.192:4191,linkerd,linkerd-web,linkerd,linkerd-web-b48d9c89b-49fzh,b48d9c89b,linkerd-web,linkerd-web.linkerd.serviceaccount.identity.linkerd.cluster.local,,,
1614827650.102,response_latency_ms_sum,,,10.1.37.198:4191,linkerd-proxy,linkerd,,linkerd-prometheus-5bccd64d4d-jzwmt,,99217,,,,,linkerd-prometheus,prometheus,linkerd,outbound,,5bccd64d4d,200,true,linkerd,,10.1.37.192:4191,linkerd,linkerd-web,linkerd,linkerd-web-b48d9c89b-49fzh,b48d9c89b,linkerd-web,linkerd-web.linkerd.serviceaccount.identity.linkerd.cluster.local,,,
1614827660.102,response_latency_ms_sum,,,10.1.37.198:4191,linkerd-proxy,linkerd,,linkerd-prometheus-5bccd64d4d-jzwmt,,99222,,,,,linkerd-prometheus,prometheus,linkerd,outbound,,5bccd64d4d,200,true,linkerd,,10.1.37.192:4191,linkerd,linkerd-web,linkerd,linkerd-web-b48d9c89b-49fzh,b48d9c89b,linkerd-web,linkerd-web.linkerd.serviceaccount.identity.linkerd.cluster.local,,,
1614827670.101,response_latency_ms_sum,,,10.1.37.198:4191,linkerd-proxy,linkerd,,linkerd-prometheus-5bccd64d4d-jzwmt,,99225,,,,,linkerd-prometheus,prometheus,linkerd,outbound,,5bccd64d4d,200,true,linkerd,,10.1.37.192:4191,linkerd,linkerd-web,linkerd,linkerd-web-b48d9c89b-49fzh,b48d9c89b,linkerd-web,linkerd-web.linkerd.serviceaccount.identity.linkerd.cluster.local,,,
1614827680.101,response_latency_ms_sum,,,10.1.37.198:4191,linkerd-proxy,linkerd,,linkerd-prometheus-5bccd64d4d-jzwmt,,99227,,,,,linkerd-prometheus,prometheus,linkerd,outbound,,5bccd64d4d,200,true,linkerd,,10.1.37.192:4191,linkerd,linkerd-web,linkerd,linkerd-web-b48d9c89b-49fzh,b48d9c89b,linkerd-web,linkerd-web.linkerd.serviceaccount.identity.linkerd.cluster.local,,,
1614827690.101,response_latency_ms_sum,,,10.1.37.198:4191,linkerd-proxy,linkerd,,linkerd-prometheus-5bccd64d4d-jzwmt,,99249,,,,,linkerd-prometheus,prometheus,linkerd,outbound,,5bccd64d4d,200,true,linkerd,,10.1.37.192:4191,linkerd,linkerd-web,linkerd,linkerd-web-b48d9c89b-49fzh,b48d9c89b,linkerd-web,linkerd-web.linkerd.serviceaccount.identity.linkerd.cluster.local,,,
1614827700.102,response_latency_ms_sum,,,10.1.37.198:4191,linkerd-proxy,linkerd,,linkerd-prometheus-5bccd64d4d-jzwmt,,99251,,,,,linkerd-prometheus,prometheus,linkerd,outbound,,5bccd64d4d,200,true,linkerd,,10.1.37.192:4191,linkerd,linkerd-web,linkerd,linkerd-web-b48d9c89b-49fzh,b48d9c89b,linkerd-web,linkerd-web.linkerd.serviceaccount.identity.linkerd.cluster.local,,,
1614827710.101,response_latency_ms_sum,,,10.1.37.198:4191,linkerd-proxy,linkerd,,linkerd-prometheus-5bccd64d4d-jzwmt,,99254,,,,,linkerd-prometheus,prometheus,linkerd,outbound,,5bccd64d4d,200,true,linkerd,,10.1.37.192:4191,linkerd,linkerd-web,linkerd,linkerd-web-b48d9c89b-49fzh,b48d9c89b,linkerd-web,linkerd-web.linkerd.serviceaccount.identity.linkerd.cluster.local,,,
1614827720.101,response_latency_ms_sum,,,10.1.37.198:4191,linkerd-proxy,linkerd,,linkerd-prometheus-5bccd64d4d-jzwmt,,99262,,,,,linkerd-prometheus,prometheus,linkerd,outbound,,5bccd64d4d,200,true,linkerd,,10.1.37.192:4191,linkerd,linkerd-web,linkerd,linkerd-web-b48d9c89b-49fzh,b48d9c89b,linkerd-web,linkerd-web.linkerd.serviceaccount.identity.linkerd.cluster.local,,,
1614827730.101,response_latency_ms_sum,,,10.1.37.198:4191,linkerd-proxy,linkerd,,linkerd-prometheus-5bccd64d4d-jzwmt,,99263,,,,,linkerd-prometheus,prometheus,linkerd,outbound,,5bccd64d4d,200,true,linkerd,,10.1.37.192:4191,linkerd,linkerd-web,linkerd,linkerd-web-b48d9c89b-49fzh,b48d9c89b,linkerd-web,linkerd-web.linkerd.serviceaccount.identity.linkerd.cluster.local,,,
1614827740.101,response_latency_ms_sum,,,10.1.37.198:4191,linkerd-proxy,linkerd,,linkerd-prometheus-5bccd64d4d-jzwmt,,99264,,,,,linkerd-prometheus,prometheus,linkerd,outbound,,5bccd64d4d,200,true,linkerd,,10.1.37.192:4191,linkerd,linkerd-web,linkerd,linkerd-web-b48d9c89b-49fzh,b48d9c89b,linkerd-web,linkerd-web.linkerd.serviceaccount.identity.linkerd.cluster.local,,,
1614827750.101,response_latency_ms_sum,,,10.1.37.198:4191,linkerd-proxy,linkerd,,linkerd-prometheus-5bccd64d4d-jzwmt,,99275,,,,,linkerd-prometheus,prometheus,linkerd,outbound,,5bccd64d4d,200,true,linkerd,,10.1.37.192:4191,linkerd,linkerd-web,linkerd,linkerd-web-b48d9c89b-49fzh,b48d9c89b,linkerd-web,linkerd-web.linkerd.serviceaccount.identity.linkerd.cluster.local,,,
1614827760.101,response_latency_ms_sum,,,10.1.37.198:4191,linkerd-proxy,linkerd,,linkerd-prometheus-5bccd64d4d-jzwmt,,99276,,,,,linkerd-prometheus,prometheus,linkerd,outbound,,5bccd64d4d,200,true,linkerd,,10.1.37.192:4191,linkerd,linkerd-web,linkerd,linkerd-web-b48d9c89b-49fzh,b48d9c89b,linkerd-web,linkerd-web.linkerd.serviceaccount.identity.linkerd.cluster.local,,,
1614827770.101,response_latency_ms_sum,,,10.1.37.198:4191,linkerd-proxy,linkerd,,linkerd-prometheus-5bccd64d4d-jzwmt,,99277,,,,,linkerd-prometheus,prometheus,linkerd,outbound,,5bccd64d4d,200,true,linkerd,,10.1.37.192:4191,linkerd,linkerd-web,linkerd,linkerd-web-b48d9c89b-49fzh,b48d9c89b,linkerd-web,linkerd-web.linkerd.serviceaccount.identity.linkerd.cluster.local,,,
1614827780.101,response_latency_ms_sum,,,10.1.37.198:4191,linkerd-proxy,linkerd,,linkerd-prometheus-5bccd64d4d-jzwmt,,99284,,,,,linkerd-prometheus,prometheus,linkerd,outbound,,5bccd64d4d,200,true,linkerd,,10.1.37.192:4191,linkerd,linkerd-web,linkerd,linkerd-web-b48d9c89b-49fzh,b48d9c89b,linkerd-web,linkerd-web.linkerd.serviceaccount.identity.linkerd.cluster.local,,,
1614827790.101,response_latency_ms_sum,,,10.1.37.198:4191,linkerd-proxy,linkerd,,linkerd-prometheus-5bccd64d4d-jzwmt,,99285,,,,,linkerd-prometheus,prometheus,linkerd,outbound,,5bccd64d4d,200,true,linkerd,,10.1.37.192:4191,linkerd,linkerd-web,linkerd,linkerd-web-b48d9c89b-49fzh,b48d9c89b,linkerd-web,linkerd-web.linkerd.serviceaccount.identity.linkerd.cluster.local,,,
1614827800.101,response_latency_ms_sum,,,10.1.37.198:4191,linkerd-proxy,linkerd,,linkerd-prometheus-5bccd64d4d-jzwmt,,99291,,,,,linkerd-prometheus,prometheus,linkerd,outbound,,5bccd64d4d,200,true,linkerd,,10.1.37.192:4191,linkerd,linkerd-web,linkerd,linkerd-web-b48d9c89b-49fzh,b48d9c89b,linkerd-web,linkerd-web.linkerd.serviceaccount.identity.linkerd.cluster.local,,,
1614827640.101,response_latency_ms_sum,,,10.1.37.198:4191,linkerd-proxy,linkerd,,linkerd-prometheus-5bccd64d4d-jzwmt,,52196,,,,,linkerd-prometheus,prometheus,linkerd,outbound,,5bccd64d4d,200,true,linkerd,,10.1.37.190:4191,linkerd,linkerd-proxy-injector,linkerd,linkerd-proxy-injector-666c478cbb-z7nnc,666c478cbb,linkerd-proxy-injector,linkerd-proxy-injector.linkerd.serviceaccount.identity.linkerd.cluster.local,,,
1614827650.102,response_latency_ms_sum,,,10.1.37.198:4191,linkerd-proxy,linkerd,,linkerd-prometheus-5bccd64d4d-jzwmt,,52197,,,,,linkerd-prometheus,prometheus,linkerd,outbound,,5bccd64d4d,200,true,linkerd,,10.1.37.190:4191,linkerd,linkerd-proxy-injector,linkerd,linkerd-proxy-injector-666c478cbb-z7nnc,666c478cbb,linkerd-proxy-injector,linkerd-proxy-injector.linkerd.serviceaccount.identity.linkerd.cluster.local,,,
1614827660.102,response_latency_ms_sum,,,10.1.37.198:4191,linkerd-proxy,linkerd,,linkerd-prometheus-5bccd64d4d-jzwmt,,52199,,,,,linkerd-prometheus,prometheus,linkerd,outbound,,5bccd64d4d,200,true,linkerd,,10.1.37.190:4191,linkerd,linkerd-proxy-injector,linkerd,linkerd-proxy-injector-666c478cbb-z7nnc,666c478cbb,linkerd-proxy-injector,linkerd-proxy-injector.linkerd.serviceaccount.identity.linkerd.cluster.local,,,
1614827670.101,response_latency_ms_sum,,,10.1.37.198:4191,linkerd-proxy,linkerd,,linkerd-prometheus-5bccd64d4d-jzwmt,,52201,,,,,linkerd-prometheus,prometheus,linkerd,outbound,,5bccd64d4d,200,true,linkerd,,10.1.37.190:4191,linkerd,linkerd-proxy-injector,linkerd,linkerd-proxy-injector-666c478cbb-z7nnc,666c478cbb,linkerd-proxy-injector,linkerd-proxy-injector.linkerd.serviceaccount.identity.linkerd.cluster.local,,,
1614827680.101,response_latency_ms_sum,,,10.1.37.198:4191,linkerd-proxy,linkerd,,linkerd-prometheus-5bccd64d4d-jzwmt,,52203,,,,,linkerd-prometheus,prometheus,linkerd,outbound,,5bccd64d4d,200,true,linkerd,,10.1.37.190:4191,linkerd,linkerd-proxy-injector,linkerd,linkerd-proxy-injector-666c478cbb-z7nnc,666c478cbb,linkerd-proxy-injector,linkerd-proxy-injector.linkerd.serviceaccount.identity.linkerd.cluster.local,,,
1614827690.101,response_latency_ms_sum,,,10.1.37.198:4191,linkerd-proxy,linkerd,,linkerd-prometheus-5bccd64d4d-jzwmt,,52205,,,,,linkerd-prometheus,prometheus,linkerd,outbound,,5bccd64d4d,200,true,linkerd,,10.1.37.190:4191,linkerd,linkerd-proxy-injector,linkerd,linkerd-proxy-injector-666c478cbb-z7nnc,666c478cbb,linkerd-proxy-injector,linkerd-proxy-injector.linkerd.serviceaccount.identity.linkerd.cluster.local,,,
1614827700.102,response_latency_ms_sum,,,10.1.37.198:4191,linkerd-proxy,linkerd,,linkerd-prometheus-5bccd64d4d-jzwmt,,52207,,,,,linkerd-prometheus,prometheus,linkerd,outbound,,5bccd64d4d,200,true,linkerd,,10.1.37.190:4191,linkerd,linkerd-proxy-injector,linkerd,linkerd-proxy-injector-666c478cbb-z7nnc,666c478cbb,linkerd-proxy-injector,linkerd-proxy-injector.linkerd.serviceaccount.identity.linkerd.cluster.local,,,
1614827710.101,response_latency_ms_sum,,,10.1.37.198:4191,linkerd-proxy,linkerd,,linkerd-prometheus-5bccd64d4d-jzwmt,,52213,,,,,linkerd-prometheus,prometheus,linkerd,outbound,,5bccd64d4d,200,true,linkerd,,10.1.37.190:4191,linkerd,linkerd-proxy-injector,linkerd,linkerd-proxy-injector-666c478cbb-z7nnc,666c478cbb,linkerd-proxy-injector,linkerd-proxy-injector.linkerd.serviceaccount.identity.linkerd.cluster.local,,,
1614827720.101,response_latency_ms_sum,,,10.1.37.198:4191,linkerd-proxy,linkerd,,linkerd-prometheus-5bccd64d4d-jzwmt,,52222,,,,,linkerd-prometheus,prometheus,linkerd,outbound,,5bccd64d4d,200,true,linkerd,,10.1.37.190:4191,linkerd,linkerd-proxy-injector,linkerd,linkerd-proxy-injector-666c478cbb-z7nnc,666c478cbb,linkerd-proxy-injector,linkerd-proxy-injector.linkerd.serviceaccount.identity.linkerd.cluster.local,,,
1614827730.101,response_latency_ms_sum,,,10.1.37.198:4191,linkerd-proxy,linkerd,,linkerd-prometheus-5bccd64d4d-jzwmt,,52224,,,,,linkerd-prometheus,prometheus,linkerd,outbound,,5bccd64d4d,200,true,linkerd,,10.1.37.190:4191,linkerd,linkerd-proxy-injector,linkerd,linkerd-proxy-injector-666c478cbb-z7nnc,666c478cbb,linkerd-proxy-injector,linkerd-proxy-injector.linkerd.serviceaccount.identity.linkerd.cluster.local,,,
1614827740.101,response_latency_ms_sum,,,10.1.37.198:4191,linkerd-proxy,linkerd,,linkerd-prometheus-5bccd64d4d-jzwmt,,52227,,,,,linkerd-prometheus,prometheus,linkerd,outbound,,5bccd64d4d,200,true,linkerd,,10.1.37.190:4191,linkerd,linkerd-proxy-injector,linkerd,linkerd-proxy-injector-666c478cbb-z7nnc,666c478cbb,linkerd-proxy-injector,linkerd-proxy-injector.linkerd.serviceaccount.identity.linkerd.cluster.local,,,
1614827750.101,response_latency_ms_sum,,,10.1.37.198:4191,linkerd-proxy,linkerd,,linkerd-prometheus-5bccd64d4d-jzwmt,,52230,,,,,linkerd-prometheus,prometheus,linkerd,outbound,,5bccd64d4d,200,true,linkerd,,10.1.37.190:4191,linkerd,linkerd-proxy-injector,linkerd,linkerd-proxy-injector-666c478cbb-z7nnc,666c478cbb,linkerd-proxy-injector,linkerd-proxy-injector.linkerd.serviceaccount.identity.linkerd.cluster.local,,,
1614827760.101,response_latency_ms_sum,,,10.1.37.198:4191,linkerd-proxy,linkerd,,linkerd-prometheus-5bccd64d4d-jzwmt,,52231,,,,,linkerd-prometheus,prometheus,linkerd,outbound,,5bccd64d4d,200,true,linkerd,,10.1.37.190:4191,linkerd,linkerd-proxy-injector,linkerd,linkerd-proxy-injector-666c478cbb-z7nnc,666c478cbb,linkerd-proxy-injector,linkerd-proxy-injector.linkerd.serviceaccount.identity.linkerd.cluster.local,,,
1614827770.101,response_latency_ms_sum,,,10.1.37.198:4191,linkerd-proxy,linkerd,,linkerd-prometheus-5bccd64d4d-jzwmt,,52234,,,,,linkerd-prometheus,prometheus,linkerd,outbound,,5bccd64d4d,200,true,linkerd,,10.1.37.190:4191,linkerd,linkerd-proxy-injector,linkerd,linkerd-proxy-injector-666c478cbb-z7nnc,666c478cbb,linkerd-proxy-injector,linkerd-proxy-injector.linkerd.serviceaccount.identity.linkerd.cluster.local,,,
1614827780.101,response_latency_ms_sum,,,10.1.37.198:4191,linkerd-proxy,linkerd,,linkerd-prometheus-5bccd64d4d-jzwmt,,52238,,,,,linkerd-prometheus,prometheus,linkerd,outbound,,5bccd64d4d,200,true,linkerd,,10.1.37.190:4191,linkerd,linkerd-proxy-injector,linkerd,linkerd-proxy-injector-666c478cbb-z7nnc,666c478cbb,linkerd-proxy-injector,linkerd-proxy-injector.linkerd.serviceaccount.identity.linkerd.cluster.local,,,
1614827790.101,response_latency_ms_sum,,,10.1.37.198:4191,linkerd-proxy,linkerd,,linkerd-prometheus-5bccd64d4d-jzwmt,,52243,,,,,linkerd-prometheus,prometheus,linkerd,outbound,,5bccd64d4d,200,true,linkerd,,10.1.37.190:4191,linkerd,linkerd-proxy-injector,linkerd,linkerd-proxy-injector-666c478cbb-z7nnc,666c478cbb,linkerd-proxy-injector,linkerd-proxy-injector.linkerd.serviceaccount.identity.linkerd.cluster.local,,,
1614827800.101,response_latency_ms_sum,,,10.1.37.198:4191,linkerd-proxy,linkerd,,linkerd-prometheus-5bccd64d4d-jzwmt,,52244,,,,,linkerd-prometheus,prometheus,linkerd,outbound,,5bccd64d4d,200,true,linkerd,,10.1.37.190:4191,linkerd,linkerd-proxy-injector,linkerd,linkerd-proxy-injector-666c478cbb-z7nnc,666c478cbb,linkerd-proxy-injector,linkerd-proxy-injector.linkerd.serviceaccount.identity.linkerd.cluster.local,,,
1614827640.101,response_latency_ms_sum,,,10.1.37.198:4191,linkerd-proxy,linkerd,,linkerd-prometheus-5bccd64d4d-jzwmt,,86800,,,,,linkerd-prometheus,prometheus,linkerd,outbound,,5bccd64d4d,200,true,linkerd,,10.1.37.191:9997,linkerd,linkerd-sp-validator,linkerd,linkerd-sp-validator-77d978fbd9-zk8mm,77d978fbd9,linkerd-sp-validator,linkerd-sp-validator.linkerd.serviceaccount.identity.linkerd.cluster.local,,,
1614827650.102,response_latency_ms_sum,,,10.1.37.198:4191,linkerd-proxy,linkerd,,linkerd-prometheus-5bccd64d4d-jzwmt,,86801,,,,,linkerd-prometheus,prometheus,linkerd,outbound,,5bccd64d4d,200,true,linkerd,,10.1.37.191:9997,linkerd,linkerd-sp-validator,linkerd,linkerd-sp-validator-77d978fbd9-zk8mm,77d978fbd9,linkerd-sp-validator,linkerd-sp-validator.linkerd.serviceaccount.identity.linkerd.cluster.local,,,
1614827660.102,response_latency_ms_sum,,,10.1.37.198:4191,linkerd-proxy,linkerd,,linkerd-prometheus-5bccd64d4d-jzwmt,,86805,,,,,linkerd-prometheus,prometheus,linkerd,outbound,,5bccd64d4d,200,true,linkerd,,10.1.37.191:9997,linkerd,linkerd-sp-validator,linkerd,linkerd-sp-validator-77d978fbd9-zk8mm,77d978fbd9,linkerd-sp-validator,linkerd-sp-validator.linkerd.serviceaccount.identity.linkerd.cluster.local,,,
1614827670.101,response_latency_ms_sum,,,10.1.37.198:4191,linkerd-proxy,linkerd,,linkerd-prometheus-5bccd64d4d-jzwmt,,86808,,,,,linkerd-prometheus,prometheus,linkerd,outbound,,5bccd64d4d,200,true,linkerd,,10.1.37.191:9997,linkerd,linkerd-sp-validator,linkerd,linkerd-sp-validator-77d978fbd9-zk8mm,77d978fbd9,linkerd-sp-validator,linkerd-sp-validator.linkerd.serviceaccount.identity.linkerd.cluster.local,,,
1614827680.101,response_latency_ms_sum,,,10.1.37.198:4191,linkerd-proxy,linkerd,,linkerd-prometheus-5bccd64d4d-jzwmt,,86810,,,,,linkerd-prometheus,prometheus,linkerd,outbound,,5bccd64d4d,200,true,linkerd,,10.1.37.191:9997,linkerd,linkerd-sp-validator,linkerd,linkerd-sp-validator-77d978fbd9-zk8mm,77d978fbd9,linkerd-sp-validator,linkerd-sp-validator.linkerd.serviceaccount.identity.linkerd.cluster.local,,,
1614827690.101,response_latency_ms_sum,,,10.1.37.198:4191,linkerd-proxy,linkerd,,linkerd-prometheus-5bccd64d4d-jzwmt,,86811,,,,,linkerd-prometheus,prometheus,linkerd,outbound,,5bccd64d4d,200,true,linkerd,,10.1.37.191:9997,linkerd,linkerd-sp-validator,linkerd,linkerd-sp-validator-77d978fbd9-zk8mm,77d978fbd9,linkerd-sp-validator,linkerd-sp-validator.linkerd.serviceaccount.identity.linkerd.cluster.local,,,
1614827700.102,response_latency_ms_sum,,,10.1.37.198:4191,linkerd-proxy,linkerd,,linkerd-prometheus-5bccd64d4d-jzwmt,,86813,,,,,linkerd-prometheus,prometheus,linkerd,outbound,,5bccd64d4d,200,true,linkerd,,10.1.37.191:9997,linkerd,linkerd-sp-validator,linkerd,linkerd-sp-validator-77d978fbd9-zk8mm,77d978fbd9,linkerd-sp-validator,linkerd-sp-validator.linkerd.serviceaccount.identity.linkerd.cluster.local,,,
1614827710.101,response_latency_ms_sum,,,10.1.37.198:4191,linkerd-proxy,linkerd,,linkerd-prometheus-5bccd64d4d-jzwmt,,86814,,,,,linkerd-prometheus,prometheus,linkerd,outbound,,5bccd64d4d,200,true,linkerd,,10.1.37.191:9997,linkerd,linkerd-sp-validator,linkerd,linkerd-sp-validator-77d978fbd9-zk8mm,77d978fbd9,linkerd-sp-validator,linkerd-sp-validator.linkerd.serviceaccount.identity.linkerd.cluster.local,,,
1614827720.101,response_latency_ms_sum,,,10.1.37.198:4191,linkerd-proxy,linkerd,,linkerd-prometheus-5bccd64d4d-jzwmt,,86816,,,,,linkerd-prometheus,prometheus,linkerd,outbound,,5bccd64d4d,200,true,linkerd,,10.1.37.191:9997,linkerd,linkerd-sp-validator,linkerd,linkerd-sp-validator-77d978fbd9-zk8mm,77d978fbd9,linkerd-sp-validator,linkerd-sp-validator.linkerd.serviceaccount.identity.linkerd.cluster.local,,,
1614827730.101,response_latency_ms_sum,,,10.1.37.198:4191,linkerd-proxy,linkerd,,linkerd-prometheus-5bccd64d4d-jzwmt,,86824,,,,,linkerd-prometheus,prometheus,linkerd,outbound,,5bccd64d4d,200,true,linkerd,,10.1.37.191:9997,linkerd,linkerd-sp-validator,linkerd,linkerd-sp-validator-77d978fbd9-zk8mm,77d978fbd9,linkerd-sp-validator,linkerd-sp-validator.linkerd.serviceaccount.identity.linkerd.cluster.local,,,
1614827740.101,response_latency_ms_sum,,,10.1.37.198:4191,linkerd-proxy,linkerd,,linkerd-prometheus-5bccd64d4d-jzwmt,,86826,,,,,linkerd-prometheus,prometheus,linkerd,outbound,,5bccd64d4d,200,true,linkerd,,10.1.37.191:9997,linkerd,linkerd-sp-validator,linkerd,linkerd-sp-validator-77d978fbd9-zk8mm,77d978fbd9,linkerd-sp-validator,linkerd-sp-validator.linkerd.serviceaccount.identity.linkerd.cluster.local,,,
1614827750.101,response_latency_ms_sum,,,10.1.37.198:4191,linkerd-proxy,linkerd,,linkerd-prometheus-5bccd64d4d-jzwmt,,86830,,,,,linkerd-prometheus,prometheus,linkerd,outbound,,5bccd64d4d,200,true,linkerd,,10.1.37.191:9997,linkerd,linkerd-sp-validator,linkerd,linkerd-sp-validator-77d978fbd9-zk8mm,77d978fbd9,linkerd-sp-validator,linkerd-sp-validator.linkerd.serviceaccount.identity.linkerd.cluster.local,,,
1614827760.101,response_latency_ms_sum,,,10.1.37.198:4191,linkerd-proxy,linkerd,,linkerd-prometheus-5bccd64d4d-jzwmt,,86832,,,,,linkerd-prometheus,prometheus,linkerd,outbound,,5bccd64d4d,200,true,linkerd,,10.1.37.191:9997,linkerd,linkerd-sp-validator,linkerd,linkerd-sp-validator-77d978fbd9-zk8mm,77d978fbd9,linkerd-sp-validator,linkerd-sp-validator.linkerd.serviceaccount.identity.linkerd.cluster.local,,,
1614827770.101,response_latency_ms_sum,,,10.1.37.198:4191,linkerd-proxy,linkerd,,linkerd-prometheus-5bccd64d4d-jzwmt,,86837,,,,,linkerd-prometheus,prometheus,linkerd,outbound,,5bccd64d4d,200,true,linkerd,,10.1.37.191:9997,linkerd,linkerd-sp-validator,linkerd,linkerd-sp-validator-77d978fbd9-zk8mm,77d978fbd9,linkerd-sp-validator,linkerd-sp-validator.linkerd.serviceaccount.identity.linkerd.cluster.local,,,
1614827780.101,response_latency_ms_sum,,,10.1.37.198:4191,linkerd-proxy,linkerd,,linkerd-prometheus-5bccd64d4d-jzwmt,,86840,,,,,linkerd-prometheus,prometheus,linkerd,outbound,,5bccd64d4d,200,true,linkerd,,10.1.37.191:9997,linkerd,linkerd-sp-validator,linkerd,linkerd-sp-validator-77d978fbd9-zk8mm,77d978fbd9,linkerd-sp-validator,linkerd-sp-validator.linkerd.serviceaccount.identity.linkerd.cluster.local,,,
1614827790.101,response_latency_ms_sum,,,10.1.37.198:4191,linkerd-proxy,linkerd,,linkerd-prometheus-5bccd64d4d-jzwmt,,86842,,,,,linkerd-prometheus,prometheus,linkerd,outbound,,5bccd64d4d,200,true,linkerd,,10.1.37.191:9997,linkerd,linkerd-sp-validator,linkerd,linkerd-sp-validator-77d978fbd9-zk8mm,77d978fbd9,linkerd-sp-validator,linkerd-sp-validator.linkerd.serviceaccount.identity.linkerd.cluster.local,,,
1614827800.101,response_latency_ms_sum,,,10.1.37.198:4191,linkerd-proxy,linkerd,,linkerd-prometheus-5bccd64d4d-jzwmt,,86852,,,,,linkerd-prometheus,prometheus,linkerd,outbound,,5bccd64d4d,200,true,linkerd,,10.1.37.191:9997,linkerd,linkerd-sp-validator,linkerd,linkerd-sp-validator-77d978fbd9-zk8mm,77d978fbd9,linkerd-sp-validator,linkerd-sp-validator.linkerd.serviceaccount.identity.linkerd.cluster.local,,,
1614827640.101,response_latency_ms_sum,,,10.1.37.198:4191,linkerd-proxy,linkerd,,linkerd-prometheus-5bccd64d4d-jzwmt,,83475,,,,,linkerd-prometheus,prometheus,linkerd,outbound,,5bccd64d4d,200,true,linkerd,,10.1.37.205:3000,linkerd,linkerd-grafana,linkerd,linkerd-grafana-ddd5c496f-cctr6,ddd5c496f,linkerd-grafana,linkerd-grafana.linkerd.serviceaccount.identity.linkerd.cluster.local,,,
1614827650.102,response_latency_ms_sum,,,10.1.37.198:4191,linkerd-proxy,linkerd,,linkerd-prometheus-5bccd64d4d-jzwmt,,83478,,,,,linkerd-prometheus,prometheus,linkerd,outbound,,5bccd64d4d,200,true,linkerd,,10.1.37.205:3000,linkerd,linkerd-grafana,linkerd,linkerd-grafana-ddd5c496f-cctr6,ddd5c496f,linkerd-grafana,linkerd-grafana.linkerd.serviceaccount.identity.linkerd.cluster.local,,,
1614827660.102,response_latency_ms_sum,,,10.1.37.198:4191,linkerd-proxy,linkerd,,linkerd-prometheus-5bccd64d4d-jzwmt,,83480,,,,,linkerd-prometheus,prometheus,linkerd,outbound,,5bccd64d4d,200,true,linkerd,,10.1.37.205:3000,linkerd,linkerd-grafana,linkerd,linkerd-grafana-ddd5c496f-cctr6,ddd5c496f,linkerd-grafana,linkerd-grafana.linkerd.serviceaccount.identity.linkerd.cluster.local,,,
1614827670.101,response_latency_ms_sum,,,10.1.37.198:4191,linkerd-proxy,linkerd,,linkerd-prometheus-5bccd64d4d-jzwmt,,83482,,,,,linkerd-prometheus,prometheus,linkerd,outbound,,5bccd64d4d,200,true,linkerd,,10.1.37.205:3000,linkerd,linkerd-grafana,linkerd,linkerd-grafana-ddd5c496f-cctr6,ddd5c496f,linkerd-grafana,linkerd-grafana.linkerd.serviceaccount.identity.linkerd.cluster.local,,,
1614827680.101,response_latency_ms_sum,,,10.1.37.198:4191,linkerd-proxy,linkerd,,linkerd-prometheus-5bccd64d4d-jzwmt,,83484,,,,,linkerd-prometheus,prometheus,linkerd,outbound,,5bccd64d4d,200,true,linkerd,,10.1.37.205:3000,linkerd,linkerd-grafana,linkerd,linkerd-grafana-ddd5c496f-cctr6,ddd5c496f,linkerd-grafana,linkerd-grafana.linkerd.serviceaccount.identity.linkerd.cluster.local,,,
1614827690.101,response_latency_ms_sum,,,10.1.37.198:4191,linkerd-proxy,linkerd,,linkerd-prometheus-5bccd64d4d-jzwmt,,83485,,,,,linkerd-prometheus,prometheus,linkerd,outbound,,5bccd64d4d,200,true,linkerd,,10.1.37.205:3000,linkerd,linkerd-grafana,linkerd,linkerd-grafana-ddd5c496f-cctr6,ddd5c496f,linkerd-grafana,linkerd-grafana.linkerd.serviceaccount.identity.linkerd.cluster.local,,,
1614827700.102,response_latency_ms_sum,,,10.1.37.198:4191,linkerd-proxy,linkerd,,linkerd-prometheus-5bccd64d4d-jzwmt,,83487,,,,,linkerd-prometheus,prometheus,linkerd,outbound,,5bccd64d4d,200,true,linkerd,,10.1.37.205:3000,linkerd,linkerd-grafana,linkerd,linkerd-grafana-ddd5c496f-cctr6,ddd5c496f,linkerd-grafana,linkerd-grafana.linkerd.serviceaccount.identity.linkerd.cluster.local,,,
1614827710.101,response_latency_ms_sum,,,10.1.37.198:4191,linkerd-proxy,linkerd,,linkerd-prometheus-5bccd64d4d-jzwmt,,83489,,,,,linkerd-prometheus,prometheus,linkerd,outbound,,5bccd64d4d,200,true,linkerd,,10.1.37.205:3000,linkerd,linkerd-grafana,linkerd,linkerd-grafana-ddd5c496f-cctr6,ddd5c496f,linkerd-grafana,linkerd-grafana.linkerd.serviceaccount.identity.linkerd.cluster.local,,,
1614827720.101,response_latency_ms_sum,,,10.1.37.198:4191,linkerd-proxy,linkerd,,linkerd-prometheus-5bccd64d4d-jzwmt,,83491,,,,,linkerd-prometheus,prometheus,linkerd,outbound,,5bccd64d4d,200,true,linkerd,,10.1.37.205:3000,linkerd,linkerd-grafana,linkerd,linkerd-grafana-ddd5c496f-cctr6,ddd5c496f,linkerd-grafana,linkerd-grafana.linkerd.serviceaccount.identity.linkerd.cluster.local,,,
1614827730.101,response_latency_ms_sum,,,10.1.37.198:4191,linkerd-proxy,linkerd,,linkerd-prometheus-5bccd64d4d-jzwmt,,83494,,,,,linkerd-prometheus,prometheus,linkerd,outbound,,5bccd64d4d,200,true,linkerd,,10.1.37.205:3000,linkerd,linkerd-grafana,linkerd,linkerd-grafana-ddd5c496f-cctr6,ddd5c496f,linkerd-grafana,linkerd-grafana.linkerd.serviceaccount.identity.linkerd.cluster.local,,,
1614827740.101,response_latency_ms_sum,,,10.1.37.198:4191,linkerd-proxy,linkerd,,linkerd-prometheus-5bccd64d4d-jzwmt,,83498,,,,,linkerd-prometheus,prometheus,linkerd,outbound,,5bccd64d4d,200,true,linkerd,,10.1.37.205:3000,linkerd,linkerd-grafana,linkerd,linkerd-grafana-ddd5c496f-cctr6,ddd5c496f,linkerd-grafana,linkerd-grafana.linkerd.serviceaccount.identity.linkerd.cluster.local,,,
1614827750.101,response_latency_ms_sum,,,10.1.37.198:4191,linkerd-proxy,linkerd,,linkerd-prometheus-5bccd64d4d-jzwmt,,83500,,,,,linkerd-prometheus,prometheus,linkerd,outbound,,5bccd64d4d,200,true,linkerd,,10.1.37.205:3000,linkerd,linkerd-grafana,linkerd,linkerd-grafana-ddd5c496f-cctr6,ddd5c496f,linkerd-grafana,linkerd-grafana.linkerd.serviceaccount.identity.linkerd.cluster.local,,,
1614827760.101,response_latency_ms_sum,,,10.1.37.198:4191,linkerd-proxy,linkerd,,linkerd-prometheus-5bccd64d4d-jzwmt,,83502,,,,,linkerd-prometheus,prometheus,linkerd,outbound,,5bccd64d4d,200,true,linkerd,,10.1.37.205:3000,linkerd,linkerd-grafana,linkerd,linkerd-grafana-ddd5c496f-cctr6,ddd5c496f,linkerd-grafana,linkerd-grafana.linkerd.serviceaccount.identity.linkerd.cluster.local,,,
1614827770.101,response_latency_ms_sum,,,10.1.37.198:4191,linkerd-proxy,linkerd,,linkerd-prometheus-5bccd64d4d-jzwmt,,83504,,,,,linkerd-prometheus,prometheus,linkerd,outbound,,5bccd64d4d,200,true,linkerd,,10.1.37.205:3000,linkerd,linkerd-grafana,linkerd,linkerd-grafana-ddd5c496f-cctr6,ddd5c496f,linkerd-grafana,linkerd-grafana.linkerd.serviceaccount.identity.linkerd.cluster.local,,,
1614827780.101,response_latency_ms_sum,,,10.1.37.198:4191,linkerd-proxy,linkerd,,linkerd-prometheus-5bccd64d4d-jzwmt,,83506,,,,,linkerd-prometheus,prometheus,linkerd,outbound,,5bccd64d4d,200,true,linkerd,,10.1.37.205:3000,linkerd,linkerd-grafana,linkerd,linkerd-grafana-ddd5c496f-cctr6,ddd5c496f,linkerd-grafana,linkerd-grafana.linkerd.serviceaccount.identity.linkerd.cluster.local,,,
1614827790.101,response_latency_ms_sum,,,10.1.37.198:4191,linkerd-proxy,linkerd,,linkerd-prometheus-5bccd64d4d-jzwmt,,83509,,,,,linkerd-prometheus,prometheus,linkerd,outbound,,5bccd64d4d,200,true,linkerd,,10.1.37.205:3000,linkerd,linkerd-grafana,linkerd,linkerd-grafana-ddd5c496f-cctr6,ddd5c496f,linkerd-grafana,linkerd-grafana.linkerd.serviceaccount.identity.linkerd.cluster.local,,,
1614827800.101,response_latency_ms_sum,,,10.1.37.198:4191,linkerd-proxy,linkerd,,linkerd-prometheus-5bccd64d4d-jzwmt,,83511,,,,,linkerd-prometheus,prometheus,linkerd,outbound,,5bccd64d4d,200,true,linkerd,,10.1.37.205:3000,linkerd,linkerd-grafana,linkerd,linkerd-grafana-ddd5c496f-cctr6,ddd5c496f,linkerd-grafana,linkerd-grafana.linkerd.serviceaccount.identity.linkerd.cluster.local,,,
1614827640.101,response_latency_ms_sum,,,10.1.37.198:4191,linkerd-proxy,linkerd,,linkerd-prometheus-5bccd64d4d-jzwmt,,34159,,,,,linkerd-prometheus,prometheus,linkerd,outbound,,5bccd64d4d,200,true,linkerd,,10.1.37.195:4191,linkerd,linkerd-tap,linkerd,linkerd-tap-75785bb98d-dvlv2,75785bb98d,linkerd-tap,linkerd-tap.linkerd.serviceaccount.identity.linkerd.cluster.local,,,
1614827650.102,response_latency_ms_sum,,,10.1.37.198:4191,linkerd-proxy,linkerd,,linkerd-prometheus-5bccd64d4d-jzwmt,,34160,,,,,linkerd-prometheus,prometheus,linkerd,outbound,,5bccd64d4d,200,true,linkerd,,10.1.37.195:4191,linkerd,linkerd-tap,linkerd,linkerd-tap-75785bb98d-dvlv2,75785bb98d,linkerd-tap,linkerd-tap.linkerd.serviceaccount.identity.linkerd.cluster.local,,,
1614827660.102,response_latency_ms_sum,,,10.1.37.198:4191,linkerd-proxy,linkerd,,linkerd-prometheus-5bccd64d4d-jzwmt,,34161,,,,,linkerd-prometheus,prometheus,linkerd,outbound,,5bccd64d4d,200,true,linkerd,,10.1.37.195:4191,linkerd,linkerd-tap,linkerd,linkerd-tap-75785bb98d-dvlv2,75785bb98d,linkerd-tap,linkerd-tap.linkerd.serviceaccount.identity.linkerd.cluster.local,,,
1614827670.101,response_latency_ms_sum,,,10.1.37.198:4191,linkerd-proxy,linkerd,,linkerd-prometheus-5bccd64d4d-jzwmt,,34162,,,,,linkerd-prometheus,prometheus,linkerd,outbound,,5bccd64d4d,200,true,linkerd,,10.1.37.195:4191,linkerd,linkerd-tap,linkerd,linkerd-tap-75785bb98d-dvlv2,75785bb98d,linkerd-tap,linkerd-tap.linkerd.serviceaccount.identity.linkerd.cluster.local,,,
1614827680.101,response_latency_ms_sum,,,10.1.37.198:4191,linkerd-proxy,linkerd,,linkerd-prometheus-5bccd64d4d-jzwmt,,34163,,,,,linkerd-prometheus,prometheus,linkerd,outbound,,5bccd64d4d,200,true,linkerd,,10.1.37.195:4191,linkerd,linkerd-tap,linkerd,linkerd-tap-75785bb98d-dvlv2,75785bb98d,linkerd-tap,linkerd-tap.linkerd.serviceaccount.identity.linkerd.cluster.local,,,
1614827690.101,response_latency_ms_sum,,,10.1.37.198:4191,linkerd-proxy,linkerd,,linkerd-prometheus-5bccd64d4d-jzwmt,,34164,,,,,linkerd-prometheus,prometheus,linkerd,outbound,,5bccd64d4d,200,true,linkerd,,10.1.37.195:4191,linkerd,linkerd-tap,linkerd,linkerd-tap-75785bb98d-dvlv2,75785bb98d,linkerd-tap,linkerd-tap.linkerd.serviceaccount.identity.linkerd.cluster.local,,,
1614827700.102,response_latency_ms_sum,,,10.1.37.198:4191,linkerd-proxy,linkerd,,linkerd-prometheus-5bccd64d4d-jzwmt,,34165,,,,,linkerd-prometheus,prometheus,linkerd,outbound,,5bccd64d4d,200,true,linkerd,,10.1.37.195:4191,linkerd,linkerd-tap,linkerd,linkerd-tap-75785bb98d-dvlv2,75785bb98d,linkerd-tap,linkerd-tap.linkerd.serviceaccount.identity.linkerd.cluster.local,,,
1614827710.101,response_latency_ms_sum,,,10.1.37.198:4191,linkerd-proxy,linkerd,,linkerd-prometheus-5bccd64d4d-jzwmt,,34166,,,,,linkerd-prometheus,prometheus,linkerd,outbound,,5bccd64d4d,200,true,linkerd,,10.1.37.195:4191,linkerd,linkerd-tap,linkerd,linkerd-tap-75785bb98d-dvlv2,75785bb98d,linkerd-tap,linkerd-tap.linkerd.serviceaccount.identity.linkerd.cluster.local,,,
1614827720.101,response_latency_ms_sum,,,10.1.37.198:4191,linkerd-proxy,linkerd,,linkerd-prometheus-5bccd64d4d-jzwmt,,34167,,,,,linkerd-prometheus,prometheus,linkerd,outbound,,5bccd64d4d,200,true,linkerd,,10.1.37.195:4191,linkerd,linkerd-tap,linkerd,linkerd-tap-75785bb98d-dvlv2,75785bb98d,linkerd-tap,linkerd-tap.linkerd.serviceaccount.identity.linkerd.cluster.local,,,
1614827730.101,response_latency_ms_sum,,,10.1.37.198:4191,linkerd-proxy,linkerd,,linkerd-prometheus-5bccd64d4d-jzwmt,,34169,,,,,linkerd-prometheus,prometheus,linkerd,outbound,,5bccd64d4d,200,true,linkerd,,10.1.37.195:4191,linkerd,linkerd-tap,linkerd,linkerd-tap-75785bb98d-dvlv2,75785bb98d,linkerd-tap,linkerd-tap.linkerd.serviceaccount.identity.linkerd.cluster.local,,,
1614827740.101,response_latency_ms_sum,,,10.1.37.198:4191,linkerd-proxy,linkerd,,linkerd-prometheus-5bccd64d4d-jzwmt,,34170,,,,,linkerd-prometheus,prometheus,linkerd,outbound,,5bccd64d4d,200,true,linkerd,,10.1.37.195:4191,linkerd,linkerd-tap,linkerd,linkerd-tap-75785bb98d-dvlv2,75785bb98d,linkerd-tap,linkerd-tap.linkerd.serviceaccount.identity.linkerd.cluster.local,,,
1614827750.101,response_latency_ms_sum,,,10.1.37.198:4191,linkerd-proxy,linkerd,,linkerd-prometheus-5bccd64d4d-jzwmt,,34171,,,,,linkerd-prometheus,prometheus,linkerd,outbound,,5bccd64d4d,200,true,linkerd,,10.1.37.195:4191,linkerd,linkerd-tap,linkerd,linkerd-tap-75785bb98d-dvlv2,75785bb98d,linkerd-tap,linkerd-tap.linkerd.serviceaccount.identity.linkerd.cluster.local,,,
1614827760.101,response_latency_ms_sum,,,10.1.37.198:4191,linkerd-proxy,linkerd,,linkerd-prometheus-5bccd64d4d-jzwmt,,34172,,,,,linkerd-prometheus,prometheus,linkerd,outbound,,5bccd64d4d,200,true,linkerd,,10.1.37.195:4191,linkerd,linkerd-tap,linkerd,linkerd-tap-75785bb98d-dvlv2,75785bb98d,linkerd-tap,linkerd-tap.linkerd.serviceaccount.identity.linkerd.cluster.local,,,
1614827770.101,response_latency_ms_sum,,,10.1.37.198:4191,linkerd-proxy,linkerd,,linkerd-prometheus-5bccd64d4d-jzwmt,,34173,,,,,linkerd-prometheus,prometheus,linkerd,outbound,,5bccd64d4d,200,true,linkerd,,10.1.37.195:4191,linkerd,linkerd-tap,linkerd,linkerd-tap-75785bb98d-dvlv2,75785bb98d,linkerd-tap,linkerd-tap.linkerd.serviceaccount.identity.linkerd.cluster.local,,,
1614827780.101,response_latency_ms_sum,,,10.1.37.198:4191,linkerd-proxy,linkerd,,linkerd-prometheus-5bccd64d4d-jzwmt,,34174,,,,,linkerd-prometheus,prometheus,linkerd,outbound,,5bccd64d4d,200,true,linkerd,,10.1.37.195:4191,linkerd,linkerd-tap,linkerd,linkerd-tap-75785bb98d-dvlv2,75785bb98d,linkerd-tap,linkerd-tap.linkerd.serviceaccount.identity.linkerd.cluster.local,,,
1614827790.101,response_latency_ms_sum,,,10.1.37.198:4191,linkerd-proxy,linkerd,,linkerd-prometheus-5bccd64d4d-jzwmt,,34175,,,,,linkerd-prometheus,prometheus,linkerd,outbound,,5bccd64d4d,200,true,linkerd,,10.1.37.195:4191,linkerd,linkerd-tap,linkerd,linkerd-tap-75785bb98d-dvlv2,75785bb98d,linkerd-tap,linkerd-tap.linkerd.serviceaccount.identity.linkerd.cluster.local,,,
1614827800.101,response_latency_ms_sum,,,10.1.37.198:4191,linkerd-proxy,linkerd,,linkerd-prometheus-5bccd64d4d-jzwmt,,34176,,,,,linkerd-prometheus,prometheus,linkerd,outbound,,5bccd64d4d,200,true,linkerd,,10.1.37.195:4191,linkerd,linkerd-tap,linkerd,linkerd-tap-75785bb98d-dvlv2,75785bb98d,linkerd-tap,linkerd-tap.linkerd.serviceaccount.identity.linkerd.cluster.local,,,
1614827640.101,response_latency_ms_sum,,,10.1.37.198:4191,linkerd-proxy,linkerd,,linkerd-prometheus-5bccd64d4d-jzwmt,,65946,,,,,linkerd-prometheus,prometheus,linkerd,outbound,,5bccd64d4d,200,true,linkerd,,10.1.37.190:9995,linkerd,linkerd-proxy-injector,linkerd,linkerd-proxy-injector-666c478cbb-z7nnc,666c478cbb,linkerd-proxy-injector,linkerd-proxy-injector.linkerd.serviceaccount.identity.linkerd.cluster.local,,,
1614827650.102,response_latency_ms_sum,,,10.1.37.198:4191,linkerd-proxy,linkerd,,linkerd-prometheus-5bccd64d4d-jzwmt,,65947,,,,,linkerd-prometheus,prometheus,linkerd,outbound,,5bccd64d4d,200,true,linkerd,,10.1.37.190:9995,linkerd,linkerd-proxy-injector,linkerd,linkerd-proxy-injector-666c478cbb-z7nnc,666c478cbb,linkerd-proxy-injector,linkerd-proxy-injector.linkerd.serviceaccount.identity.linkerd.cluster.local,,,
1614827660.102,response_latency_ms_sum,,,10.1.37.198:4191,linkerd-proxy,linkerd,,linkerd-prometheus-5bccd64d4d-jzwmt,,65948,,,,,linkerd-prometheus,prometheus,linkerd,outbound,,5bccd64d4d,200,true,linkerd,,10.1.37.190:9995,linkerd,linkerd-proxy-injector,linkerd,linkerd-proxy-injector-666c478cbb-z7nnc,666c478cbb,linkerd-proxy-injector,linkerd-proxy-injector.linkerd.serviceaccount.identity.linkerd.cluster.local,,,
1614827670.101,response_latency_ms_sum,,,10.1.37.198:4191,linkerd-proxy,linkerd,,linkerd-prometheus-5bccd64d4d-jzwmt,,65949,,,,,linkerd-prometheus,prometheus,linkerd,outbound,,5bccd64d4d,200,true,linkerd,,10.1.37.190:9995,linkerd,linkerd-proxy-injector,linkerd,linkerd-proxy-injector-666c478cbb-z7nnc,666c478cbb,linkerd-proxy-injector,linkerd-proxy-injector.linkerd.serviceaccount.identity.linkerd.cluster.local,,,
1614827680.101,response_latency_ms_sum,,,10.1.37.198:4191,linkerd-proxy,linkerd,,linkerd-prometheus-5bccd64d4d-jzwmt,,65950,,,,,linkerd-prometheus,prometheus,linkerd,outbound,,5bccd64d4d,200,true,linkerd,,10.1.37.190:9995,linkerd,linkerd-proxy-injector,linkerd,linkerd-proxy-injector-666c478cbb-z7nnc,666c478cbb,linkerd-proxy-injector,linkerd-proxy-injector.linkerd.serviceaccount.identity.linkerd.cluster.local,,,
1614827690.101,response_latency_ms_sum,,,10.1.37.198:4191,linkerd-proxy,linkerd,,linkerd-prometheus-5bccd64d4d-jzwmt,,65951,,,,,linkerd-prometheus,prometheus,linkerd,outbound,,5bccd64d4d,200,true,linkerd,,10.1.37.190:9995,linkerd,linkerd-proxy-injector,linkerd,linkerd-proxy-injector-666c478cbb-z7nnc,666c478cbb,linkerd-proxy-injector,linkerd-proxy-injector.linkerd.serviceaccount.identity.linkerd.cluster.local,,,
1614827700.102,response_latency_ms_sum,,,10.1.37.198:4191,linkerd-proxy,linkerd,,linkerd-prometheus-5bccd64d4d-jzwmt,,65952,,,,,linkerd-prometheus,prometheus,linkerd,outbound,,5bccd64d4d,200,true,linkerd,,10.1.37.190:9995,linkerd,linkerd-proxy-injector,linkerd,linkerd-proxy-injector-666c478cbb-z7nnc,666c478cbb,linkerd-proxy-injector,linkerd-proxy-injector.linkerd.serviceaccount.identity.linkerd.cluster.local,,,
1614827710.101,response_latency_ms_sum,,,10.1.37.198:4191,linkerd-proxy,linkerd,,linkerd-prometheus-5bccd64d4d-jzwmt,,65953,,,,,linkerd-prometheus,prometheus,linkerd,outbound,,5bccd64d4d,200,true,linkerd,,10.1.37.190:9995,linkerd,linkerd-proxy-injector,linkerd,linkerd-proxy-injector-666c478cbb-z7nnc,666c478cbb,linkerd-proxy-injector,linkerd-proxy-injector.linkerd.serviceaccount.identity.linkerd.cluster.local,,,
1614827720.101,response_latency_ms_sum,,,10.1.37.198:4191,linkerd-proxy,linkerd,,linkerd-prometheus-5bccd64d4d-jzwmt,,65954,,,,,linkerd-prometheus,prometheus,linkerd,outbound,,5bccd64d4d,200,true,linkerd,,10.1.37.190:9995,linkerd,linkerd-proxy-injector,linkerd,linkerd-proxy-injector-666c478cbb-z7nnc,666c478cbb,linkerd-proxy-injector,linkerd-proxy-injector.linkerd.serviceaccount.identity.linkerd.cluster.local,,,
1614827730.101,response_latency_ms_sum,,,10.1.37.198:4191,linkerd-proxy,linkerd,,linkerd-prometheus-5bccd64d4d-jzwmt,,65956,,,,,linkerd-prometheus,prometheus,linkerd,outbound,,5bccd64d4d,200,true,linkerd,,10.1.37.190:9995,linkerd,linkerd-proxy-injector,linkerd,linkerd-proxy-injector-666c478cbb-z7nnc,666c478cbb,linkerd-proxy-injector,linkerd-proxy-injector.linkerd.serviceaccount.identity.linkerd.cluster.local,,,
1614827740.101,response_latency_ms_sum,,,10.1.37.198:4191,linkerd-proxy,linkerd,,linkerd-prometheus-5bccd64d4d-jzwmt,,65957,,,,,linkerd-prometheus,prometheus,linkerd,outbound,,5bccd64d4d,200,true,linkerd,,10.1.37.190:9995,linkerd,linkerd-proxy-injector,linkerd,linkerd-proxy-injector-666c478cbb-z7nnc,666c478cbb,linkerd-proxy-injector,linkerd-proxy-injector.linkerd.serviceaccount.identity.linkerd.cluster.local,,,
1614827750.101,response_latency_ms_sum,,,10.1.37.198:4191,linkerd-proxy,linkerd,,linkerd-prometheus-5bccd64d4d-jzwmt,,65959,,,,,linkerd-prometheus,prometheus,linkerd,outbound,,5bccd64d4d,200,true,linkerd,,10.1.37.190:9995,linkerd,linkerd-proxy-injector,linkerd,linkerd-proxy-injector-666c478cbb-z7nnc,666c478cbb,linkerd-proxy-injector,linkerd-proxy-injector.linkerd.serviceaccount.identity.linkerd.cluster.local,,,
1614827760.101,response_latency_ms_sum,,,10.1.37.198:4191,linkerd-proxy,linkerd,,linkerd-prometheus-5bccd64d4d-jzwmt,,65960,,,,,linkerd-prometheus,prometheus,linkerd,outbound,,5bccd64d4d,200,true,linkerd,,10.1.37.190:9995,linkerd,linkerd-proxy-injector,linkerd,linkerd-proxy-injector-666c478cbb-z7nnc,666c478cbb,linkerd-proxy-injector,linkerd-proxy-injector.linkerd.serviceaccount.identity.linkerd.cluster.local,,,
1614827770.101,response_latency_ms_sum,,,10.1.37.198:4191,linkerd-proxy,linkerd,,linkerd-prometheus-5bccd64d4d-jzwmt,,65961,,,,,linkerd-prometheus,prometheus,linkerd,outbound,,5bccd64d4d,200,true,linkerd,,10.1.37.190:9995,linkerd,linkerd-proxy-injector,linkerd,linkerd-proxy-injector-666c478cbb-z7nnc,666c478cbb,linkerd-proxy-injector,linkerd-proxy-injector.linkerd.serviceaccount.identity.linkerd.cluster.local,,,
1614827780.101,response_latency_ms_sum,,,10.1.37.198:4191,linkerd-proxy,linkerd,,linkerd-prometheus-5bccd64d4d-jzwmt,,65962,,,,,linkerd-prometheus,prometheus,linkerd,outbound,,5bccd64d4d,200,true,linkerd,,10.1.37.190:9995,linkerd,linkerd-proxy-injector,linkerd,linkerd-proxy-injector-666c478cbb-z7nnc,666c478cbb,linkerd-proxy-injector,linkerd-proxy-injector.linkerd.serviceaccount.identity.linkerd.cluster.local,,,
1614827790.101,response_latency_ms_sum,,,10.1.37.198:4191,linkerd-proxy,linkerd,,linkerd-prometheus-5bccd64d4d-jzwmt,,65963,,,,,linkerd-prometheus,prometheus,linkerd,outbound,,5bccd64d4d,200,true,linkerd,,10.1.37.190:9995,linkerd,linkerd-proxy-injector,linkerd,linkerd-proxy-injector-666c478cbb-z7nnc,666c478cbb,linkerd-proxy-injector,linkerd-proxy-injector.linkerd.serviceaccount.identity.linkerd.cluster.local,,,
1614827800.101,response_latency_ms_sum,,,10.1.37.198:4191,linkerd-proxy,linkerd,,linkerd-prometheus-5bccd64d4d-jzwmt,,65975,,,,,linkerd-prometheus,prometheus,linkerd,outbound,,5bccd64d4d,200,true,linkerd,,10.1.37.190:9995,linkerd,linkerd-proxy-injector,linkerd,linkerd-proxy-injector-666c478cbb-z7nnc,666c478cbb,linkerd-proxy-injector,linkerd-proxy-injector.linkerd.serviceaccount.identity.linkerd.cluster.local,,,
1614827640.101,response_latency_ms_sum,,,10.1.37.198:4191,linkerd-proxy,linkerd,,linkerd-prometheus-5bccd64d4d-jzwmt,,53238,,,,,linkerd-prometheus,prometheus,linkerd,outbound,,5bccd64d4d,200,true,linkerd,,10.1.37.202:4191,linkerd,linkerd-identity,linkerd,linkerd-identity-57f4bc9db9-gb7rk,57f4bc9db9,linkerd-identity,linkerd-identity.linkerd.serviceaccount.identity.linkerd.cluster.local,,,
1614827650.102,response_latency_ms_sum,,,10.1.37.198:4191,linkerd-proxy,linkerd,,linkerd-prometheus-5bccd64d4d-jzwmt,,53239,,,,,linkerd-prometheus,prometheus,linkerd,outbound,,5bccd64d4d,200,true,linkerd,,10.1.37.202:4191,linkerd,linkerd-identity,linkerd,linkerd-identity-57f4bc9db9-gb7rk,57f4bc9db9,linkerd-identity,linkerd-identity.linkerd.serviceaccount.identity.linkerd.cluster.local,,,
1614827660.102,response_latency_ms_sum,,,10.1.37.198:4191,linkerd-proxy,linkerd,,linkerd-prometheus-5bccd64d4d-jzwmt,,53240,,,,,linkerd-prometheus,prometheus,linkerd,outbound,,5bccd64d4d,200,true,linkerd,,10.1.37.202:4191,linkerd,linkerd-identity,linkerd,linkerd-identity-57f4bc9db9-gb7rk,57f4bc9db9,linkerd-identity,linkerd-identity.linkerd.serviceaccount.identity.linkerd.cluster.local,,,
1614827670.101,response_latency_ms_sum,,,10.1.37.198:4191,linkerd-proxy,linkerd,,linkerd-prometheus-5bccd64d4d-jzwmt,,53241,,,,,linkerd-prometheus,prometheus,linkerd,outbound,,5bccd64d4d,200,true,linkerd,,10.1.37.202:4191,linkerd,linkerd-identity,linkerd,linkerd-identity-57f4bc9db9-gb7rk,57f4bc9db9,linkerd-identity,linkerd-identity.linkerd.serviceaccount.identity.linkerd.cluster.local,,,
1614827680.101,response_latency_ms_sum,,,10.1.37.198:4191,linkerd-proxy,linkerd,,linkerd-prometheus-5bccd64d4d-jzwmt,,53244,,,,,linkerd-prometheus,prometheus,linkerd,outbound,,5bccd64d4d,200,true,linkerd,,10.1.37.202:4191,linkerd,linkerd-identity,linkerd,linkerd-identity-57f4bc9db9-gb7rk,57f4bc9db9,linkerd-identity,linkerd-identity.linkerd.serviceaccount.identity.linkerd.cluster.local,,,
1614827690.101,response_latency_ms_sum,,,10.1.37.198:4191,linkerd-proxy,linkerd,,linkerd-prometheus-5bccd64d4d-jzwmt,,53245,,,,,linkerd-prometheus,prometheus,linkerd,outbound,,5bccd64d4d,200,true,linkerd,,10.1.37.202:4191,linkerd,linkerd-identity,linkerd,linkerd-identity-57f4bc9db9-gb7rk,57f4bc9db9,linkerd-identity,linkerd-identity.linkerd.serviceaccount.identity.linkerd.cluster.local,,,
1614827700.102,response_latency_ms_sum,,,10.1.37.198:4191,linkerd-proxy,linkerd,,linkerd-prometheus-5bccd64d4d-jzwmt,,53247,,,,,linkerd-prometheus,prometheus,linkerd,outbound,,5bccd64d4d,200,true,linkerd,,10.1.37.202:4191,linkerd,linkerd-identity,linkerd,linkerd-identity-57f4bc9db9-gb7rk,57f4bc9db9,linkerd-identity,linkerd-identity.linkerd.serviceaccount.identity.linkerd.cluster.local,,,
1614827710.101,response_latency_ms_sum,,,10.1.37.198:4191,linkerd-proxy,linkerd,,linkerd-prometheus-5bccd64d4d-jzwmt,,53251,,,,,linkerd-prometheus,prometheus,linkerd,outbound,,5bccd64d4d,200,true,linkerd,,10.1.37.202:4191,linkerd,linkerd-identity,linkerd,linkerd-identity-57f4bc9db9-gb7rk,57f4bc9db9,linkerd-identity,linkerd-identity.linkerd.serviceaccount.identity.linkerd.cluster.local,,,
1614827720.101,response_latency_ms_sum,,,10.1.37.198:4191,linkerd-proxy,linkerd,,linkerd-prometheus-5bccd64d4d-jzwmt,,53252,,,,,linkerd-prometheus,prometheus,linkerd,outbound,,5bccd64d4d,200,true,linkerd,,10.1.37.202:4191,linkerd,linkerd-identity,linkerd,linkerd-identity-57f4bc9db9-gb7rk,57f4bc9db9,linkerd-identity,linkerd-identity.linkerd.serviceaccount.identity.linkerd.cluster.local,,,
1614827730.101,response_latency_ms_sum,,,10.1.37.198:4191,linkerd-proxy,linkerd,,linkerd-prometheus-5bccd64d4d-jzwmt,,53254,,,,,linkerd-prometheus,prometheus,linkerd,outbound,,5bccd64d4d,200,true,linkerd,,10.1.37.202:4191,linkerd,linkerd-identity,linkerd,linkerd-identity-57f4bc9db9-gb7rk,57f4bc9db9,linkerd-identity,linkerd-identity.linkerd.serviceaccount.identity.linkerd.cluster.local,,,
1614827740.101,response_latency_ms_sum,,,10.1.37.198:4191,linkerd-proxy,linkerd,,linkerd-prometheus-5bccd64d4d-jzwmt,,53257,,,,,linkerd-prometheus,prometheus,linkerd,outbound,,5bccd64d4d,200,true,linkerd,,10.1.37.202:4191,linkerd,linkerd-identity,linkerd,linkerd-identity-57f4bc9db9-gb7rk,57f4bc9db9,linkerd-identity,linkerd-identity.linkerd.serviceaccount.identity.linkerd.cluster.local,,,
1614827750.101,response_latency_ms_sum,,,10.1.37.198:4191,linkerd-proxy,linkerd,,linkerd-prometheus-5bccd64d4d-jzwmt,,53258,,,,,linkerd-prometheus,prometheus,linkerd,outbound,,5bccd64d4d,200,true,linkerd,,10.1.37.202:4191,linkerd,linkerd-identity,linkerd,linkerd-identity-57f4bc9db9-gb7rk,57f4bc9db9,linkerd-identity,linkerd-identity.linkerd.serviceaccount.identity.linkerd.cluster.local,,,
1614827760.101,response_latency_ms_sum,,,10.1.37.198:4191,linkerd-proxy,linkerd,,linkerd-prometheus-5bccd64d4d-jzwmt,,53260,,,,,linkerd-prometheus,prometheus,linkerd,outbound,,5bccd64d4d,200,true,linkerd,,10.1.37.202:4191,linkerd,linkerd-identity,linkerd,linkerd-identity-57f4bc9db9-gb7rk,57f4bc9db9,linkerd-identity,linkerd-identity.linkerd.serviceaccount.identity.linkerd.cluster.local,,,
1614827770.101,response_latency_ms_sum,,,10.1.37.198:4191,linkerd-proxy,linkerd,,linkerd-prometheus-5bccd64d4d-jzwmt,,53261,,,,,linkerd-prometheus,prometheus,linkerd,outbound,,5bccd64d4d,200,true,linkerd,,10.1.37.202:4191,linkerd,linkerd-identity,linkerd,linkerd-identity-57f4bc9db9-gb7rk,57f4bc9db9,linkerd-identity,linkerd-identity.linkerd.serviceaccount.identity.linkerd.cluster.local,,,
1614827780.101,response_latency_ms_sum,,,10.1.37.198:4191,linkerd-proxy,linkerd,,linkerd-prometheus-5bccd64d4d-jzwmt,,53262,,,,,linkerd-prometheus,prometheus,linkerd,outbound,,5bccd64d4d,200,true,linkerd,,10.1.37.202:4191,linkerd,linkerd-identity,linkerd,linkerd-identity-57f4bc9db9-gb7rk,57f4bc9db9,linkerd-identity,linkerd-identity.linkerd.serviceaccount.identity.linkerd.cluster.local,,,
1614827790.101,response_latency_ms_sum,,,10.1.37.198:4191,linkerd-proxy,linkerd,,linkerd-prometheus-5bccd64d4d-jzwmt,,53266,,,,,linkerd-prometheus,prometheus,linkerd,outbound,,5bccd64d4d,200,true,linkerd,,10.1.37.202:4191,linkerd,linkerd-identity,linkerd,linkerd-identity-57f4bc9db9-gb7rk,57f4bc9db9,linkerd-identity,linkerd-identity.linkerd.serviceaccount.identity.linkerd.cluster.local,,,
1614827800.101,response_latency_ms_sum,,,10.1.37.198:4191,linkerd-proxy,linkerd,,linkerd-prometheus-5bccd64d4d-jzwmt,,53267,,,,,linkerd-prometheus,prometheus,linkerd,outbound,,5bccd64d4d,200,true,linkerd,,10.1.37.202:4191,linkerd,linkerd-identity,linkerd,linkerd-identity-57f4bc9db9-gb7rk,57f4bc9db9,linkerd-identity,linkerd-identity.linkerd.serviceaccount.identity.linkerd.cluster.local,,,
1614827640.101,response_latency_ms_sum,,,10.1.37.198:4191,linkerd-proxy,linkerd,,linkerd-prometheus-5bccd64d4d-jzwmt,,142640,,,,,linkerd-prometheus,prometheus,linkerd,outbound,,5bccd64d4d,200,true,linkerd,,10.1.37.195:9998,linkerd,linkerd-tap,linkerd,linkerd-tap-75785bb98d-dvlv2,75785bb98d,linkerd-tap,linkerd-tap.linkerd.serviceaccount.identity.linkerd.cluster.local,,,
1614827650.102,response_latency_ms_sum,,,10.1.37.198:4191,linkerd-proxy,linkerd,,linkerd-prometheus-5bccd64d4d-jzwmt,,142644,,,,,linkerd-prometheus,prometheus,linkerd,outbound,,5bccd64d4d,200,true,linkerd,,10.1.37.195:9998,linkerd,linkerd-tap,linkerd,linkerd-tap-75785bb98d-dvlv2,75785bb98d,linkerd-tap,linkerd-tap.linkerd.serviceaccount.identity.linkerd.cluster.local,,,
1614827660.102,response_latency_ms_sum,,,10.1.37.198:4191,linkerd-proxy,linkerd,,linkerd-prometheus-5bccd64d4d-jzwmt,,142647,,,,,linkerd-prometheus,prometheus,linkerd,outbound,,5bccd64d4d,200,true,linkerd,,10.1.37.195:9998,linkerd,linkerd-tap,linkerd,linkerd-tap-75785bb98d-dvlv2,75785bb98d,linkerd-tap,linkerd-tap.linkerd.serviceaccount.identity.linkerd.cluster.local,,,
1614827670.101,response_latency_ms_sum,,,10.1.37.198:4191,linkerd-proxy,linkerd,,linkerd-prometheus-5bccd64d4d-jzwmt,,142649,,,,,linkerd-prometheus,prometheus,linkerd,outbound,,5bccd64d4d,200,true,linkerd,,10.1.37.195:9998,linkerd,linkerd-tap,linkerd,linkerd-tap-75785bb98d-dvlv2,75785bb98d,linkerd-tap,linkerd-tap.linkerd.serviceaccount.identity.linkerd.cluster.local,,,
1614827680.101,response_latency_ms_sum,,,10.1.37.198:4191,linkerd-proxy,linkerd,,linkerd-prometheus-5bccd64d4d-jzwmt,,142651,,,,,linkerd-prometheus,prometheus,linkerd,outbound,,5bccd64d4d,200,true,linkerd,,10.1.37.195:9998,linkerd,linkerd-tap,linkerd,linkerd-tap-75785bb98d-dvlv2,75785bb98d,linkerd-tap,linkerd-tap.linkerd.serviceaccount.identity.linkerd.cluster.local,,,
1614827690.101,response_latency_ms_sum,,,10.1.37.198:4191,linkerd-proxy,linkerd,,linkerd-prometheus-5bccd64d4d-jzwmt,,142663,,,,,linkerd-prometheus,prometheus,linkerd,outbound,,5bccd64d4d,200,true,linkerd,,10.1.37.195:9998,linkerd,linkerd-tap,linkerd,linkerd-tap-75785bb98d-dvlv2,75785bb98d,linkerd-tap,linkerd-tap.linkerd.serviceaccount.identity.linkerd.cluster.local,,,
1614827700.102,response_latency_ms_sum,,,10.1.37.198:4191,linkerd-proxy,linkerd,,linkerd-prometheus-5bccd64d4d-jzwmt,,142664,,,,,linkerd-prometheus,prometheus,linkerd,outbound,,5bccd64d4d,200,true,linkerd,,10.1.37.195:9998,linkerd,linkerd-tap,linkerd,linkerd-tap-75785bb98d-dvlv2,75785bb98d,linkerd-tap,linkerd-tap.linkerd.serviceaccount.identity.linkerd.cluster.local,,,
1614827710.101,response_latency_ms_sum,,,10.1.37.198:4191,linkerd-proxy,linkerd,,linkerd-prometheus-5bccd64d4d-jzwmt,,142666,,,,,linkerd-prometheus,prometheus,linkerd,outbound,,5bccd64d4d,200,true,linkerd,,10.1.37.195:9998,linkerd,linkerd-tap,linkerd,linkerd-tap-75785bb98d-dvlv2,75785bb98d,linkerd-tap,linkerd-tap.linkerd.serviceaccount.identity.linkerd.cluster.local,,,
1614827720.101,response_latency_ms_sum,,,10.1.37.198:4191,linkerd-proxy,linkerd,,linkerd-prometheus-5bccd64d4d-jzwmt,,142672,,,,,linkerd-prometheus,prometheus,linkerd,outbound,,5bccd64d4d,200,true,linkerd,,10.1.37.195:9998,linkerd,linkerd-tap,linkerd,linkerd-tap-75785bb98d-dvlv2,75785bb98d,linkerd-tap,linkerd-tap.linkerd.serviceaccount.identity.linkerd.cluster.local,,,
1614827730.101,response_latency_ms_sum,,,10.1.37.198:4191,linkerd-proxy,linkerd,,linkerd-prometheus-5bccd64d4d-jzwmt,,142674,,,,,linkerd-prometheus,prometheus,linkerd,outbound,,5bccd64d4d,200,true,linkerd,,10.1.37.195:9998,linkerd,linkerd-tap,linkerd,linkerd-tap-75785bb98d-dvlv2,75785bb98d,linkerd-tap,linkerd-tap.linkerd.serviceaccount.identity.linkerd.cluster.local,,,
1614827740.101,response_latency_ms_sum,,,10.1.37.198:4191,linkerd-proxy,linkerd,,linkerd-prometheus-5bccd64d4d-jzwmt,,142685,,,,,linkerd-prometheus,prometheus,linkerd,outbound,,5bccd64d4d,200,true,linkerd,,10.1.37.195:9998,linkerd,linkerd-tap,linkerd,linkerd-tap-75785bb98d-dvlv2,75785bb98d,linkerd-tap,linkerd-tap.linkerd.serviceaccount.identity.linkerd.cluster.local,,,
1614827750.101,response_latency_ms_sum,,,10.1.37.198:4191,linkerd-proxy,linkerd,,linkerd-prometheus-5bccd64d4d-jzwmt,,142687,,,,,linkerd-prometheus,prometheus,linkerd,outbound,,5bccd64d4d,200,true,linkerd,,10.1.37.195:9998,linkerd,linkerd-tap,linkerd,linkerd-tap-75785bb98d-dvlv2,75785bb98d,linkerd-tap,linkerd-tap.linkerd.serviceaccount.identity.linkerd.cluster.local,,,
1614827760.101,response_latency_ms_sum,,,10.1.37.198:4191,linkerd-proxy,linkerd,,linkerd-prometheus-5bccd64d4d-jzwmt,,142697,,,,,linkerd-prometheus,prometheus,linkerd,outbound,,5bccd64d4d,200,true,linkerd,,10.1.37.195:9998,linkerd,linkerd-tap,linkerd,linkerd-tap-75785bb98d-dvlv2,75785bb98d,linkerd-tap,linkerd-tap.linkerd.serviceaccount.identity.linkerd.cluster.local,,,
1614827770.101,response_latency_ms_sum,,,10.1.37.198:4191,linkerd-proxy,linkerd,,linkerd-prometheus-5bccd64d4d-jzwmt,,142699,,,,,linkerd-prometheus,prometheus,linkerd,outbound,,5bccd64d4d,200,true,linkerd,,10.1.37.195:9998,linkerd,linkerd-tap,linkerd,linkerd-tap-75785bb98d-dvlv2,75785bb98d,linkerd-tap,linkerd-tap.linkerd.serviceaccount.identity.linkerd.cluster.local,,,
1614827780.101,response_latency_ms_sum,,,10.1.37.198:4191,linkerd-proxy,linkerd,,linkerd-prometheus-5bccd64d4d-jzwmt,,142700,,,,,linkerd-prometheus,prometheus,linkerd,outbound,,5bccd64d4d,200,true,linkerd,,10.1.37.195:9998,linkerd,linkerd-tap,linkerd,linkerd-tap-75785bb98d-dvlv2,75785bb98d,linkerd-tap,linkerd-tap.linkerd.serviceaccount.identity.linkerd.cluster.local,,,
1614827790.101,response_latency_ms_sum,,,10.1.37.198:4191,linkerd-proxy,linkerd,,linkerd-prometheus-5bccd64d4d-jzwmt,,142702,,,,,linkerd-prometheus,prometheus,linkerd,outbound,,5bccd64d4d,200,true,linkerd,,10.1.37.195:9998,linkerd,linkerd-tap,linkerd,linkerd-tap-75785bb98d-dvlv2,75785bb98d,linkerd-tap,linkerd-tap.linkerd.serviceaccount.identity.linkerd.cluster.local,,,
1614827800.101,response_latency_ms_sum,,,10.1.37.198:4191,linkerd-proxy,linkerd,,linkerd-prometheus-5bccd64d4d-jzwmt,,142709,,,,,linkerd-prometheus,prometheus,linkerd,outbound,,5bccd64d4d,200,true,linkerd,,10.1.37.195:9998,linkerd,linkerd-tap,linkerd,linkerd-tap-75785bb98d-dvlv2,75785bb98d,linkerd-tap,linkerd-tap.linkerd.serviceaccount.identity.linkerd.cluster.local,,,
1614827640.101,response_latency_ms_sum,,,10.1.37.198:4191,linkerd-proxy,linkerd,,linkerd-prometheus-5bccd64d4d-jzwmt,,27948,,,,,linkerd-prometheus,prometheus,linkerd,outbound,,5bccd64d4d,200,true,linkerd,,10.1.37.196:4191,linkerd,linkerd-controller,linkerd,linkerd-controller-798d449c77-qk6j4,798d449c77,linkerd-controller,linkerd-controller.linkerd.serviceaccount.identity.linkerd.cluster.local,,,
1614827650.102,response_latency_ms_sum,,,10.1.37.198:4191,linkerd-proxy,linkerd,,linkerd-prometheus-5bccd64d4d-jzwmt,,27949,,,,,linkerd-prometheus,prometheus,linkerd,outbound,,5bccd64d4d,200,true,linkerd,,10.1.37.196:4191,linkerd,linkerd-controller,linkerd,linkerd-controller-798d449c77-qk6j4,798d449c77,linkerd-controller,linkerd-controller.linkerd.serviceaccount.identity.linkerd.cluster.local,,,
1614827660.102,response_latency_ms_sum,,,10.1.37.198:4191,linkerd-proxy,linkerd,,linkerd-prometheus-5bccd64d4d-jzwmt,,27949,,,,,linkerd-prometheus,prometheus,linkerd,outbound,,5bccd64d4d,200,true,linkerd,,10.1.37.196:4191,linkerd,linkerd-controller,linkerd,linkerd-controller-798d449c77-qk6j4,798d449c77,linkerd-controller,linkerd-controller.linkerd.serviceaccount.identity.linkerd.cluster.local,,,
1614827670.101,response_latency_ms_sum,,,10.1.37.198:4191,linkerd-proxy,linkerd,,linkerd-prometheus-5bccd64d4d-jzwmt,,27950,,,,,linkerd-prometheus,prometheus,linkerd,outbound,,5bccd64d4d,200,true,linkerd,,10.1.37.196:4191,linkerd,linkerd-controller,linkerd,linkerd-controller-798d449c77-qk6j4,798d449c77,linkerd-controller,linkerd-controller.linkerd.serviceaccount.identity.linkerd.cluster.local,,,
1614827680.101,response_latency_ms_sum,,,10.1.37.198:4191,linkerd-proxy,linkerd,,linkerd-prometheus-5bccd64d4d-jzwmt,,27951,,,,,linkerd-prometheus,prometheus,linkerd,outbound,,5bccd64d4d,200,true,linkerd,,10.1.37.196:4191,linkerd,linkerd-controller,linkerd,linkerd-controller-798d449c77-qk6j4,798d449c77,linkerd-controller,linkerd-controller.linkerd.serviceaccount.identity.linkerd.cluster.local,,,
1614827690.101,response_latency_ms_sum,,,10.1.37.198:4191,linkerd-proxy,linkerd,,linkerd-prometheus-5bccd64d4d-jzwmt,,27952,,,,,linkerd-prometheus,prometheus,linkerd,outbound,,5bccd64d4d,200,true,linkerd,,10.1.37.196:4191,linkerd,linkerd-controller,linkerd,linkerd-controller-798d449c77-qk6j4,798d449c77,linkerd-controller,linkerd-controller.linkerd.serviceaccount.identity.linkerd.cluster.local,,,
1614827700.102,response_latency_ms_sum,,,10.1.37.198:4191,linkerd-proxy,linkerd,,linkerd-prometheus-5bccd64d4d-jzwmt,,27953,,,,,linkerd-prometheus,prometheus,linkerd,outbound,,5bccd64d4d,200,true,linkerd,,10.1.37.196:4191,linkerd,linkerd-controller,linkerd,linkerd-controller-798d449c77-qk6j4,798d449c77,linkerd-controller,linkerd-controller.linkerd.serviceaccount.identity.linkerd.cluster.local,,,
1614827710.101,response_latency_ms_sum,,,10.1.37.198:4191,linkerd-proxy,linkerd,,linkerd-prometheus-5bccd64d4d-jzwmt,,27954,,,,,linkerd-prometheus,prometheus,linkerd,outbound,,5bccd64d4d,200,true,linkerd,,10.1.37.196:4191,linkerd,linkerd-controller,linkerd,linkerd-controller-798d449c77-qk6j4,798d449c77,linkerd-controller,linkerd-controller.linkerd.serviceaccount.identity.linkerd.cluster.local,,,
1614827720.101,response_latency_ms_sum,,,10.1.37.198:4191,linkerd-proxy,linkerd,,linkerd-prometheus-5bccd64d4d-jzwmt,,27955,,,,,linkerd-prometheus,prometheus,linkerd,outbound,,5bccd64d4d,200,true,linkerd,,10.1.37.196:4191,linkerd,linkerd-controller,linkerd,linkerd-controller-798d449c77-qk6j4,798d449c77,linkerd-controller,linkerd-controller.linkerd.serviceaccount.identity.linkerd.cluster.local,,,
1614827730.101,response_latency_ms_sum,,,10.1.37.198:4191,linkerd-proxy,linkerd,,linkerd-prometheus-5bccd64d4d-jzwmt,,27956,,,,,linkerd-prometheus,prometheus,linkerd,outbound,,5bccd64d4d,200,true,linkerd,,10.1.37.196:4191,linkerd,linkerd-controller,linkerd,linkerd-controller-798d449c77-qk6j4,798d449c77,linkerd-controller,linkerd-controller.linkerd.serviceaccount.identity.linkerd.cluster.local,,,
1614827740.101,response_latency_ms_sum,,,10.1.37.198:4191,linkerd-proxy,linkerd,,linkerd-prometheus-5bccd64d4d-jzwmt,,27957,,,,,linkerd-prometheus,prometheus,linkerd,outbound,,5bccd64d4d,200,true,linkerd,,10.1.37.196:4191,linkerd,linkerd-controller,linkerd,linkerd-controller-798d449c77-qk6j4,798d449c77,linkerd-controller,linkerd-controller.linkerd.serviceaccount.identity.linkerd.cluster.local,,,
1614827750.101,response_latency_ms_sum,,,10.1.37.198:4191,linkerd-proxy,linkerd,,linkerd-prometheus-5bccd64d4d-jzwmt,,27958,,,,,linkerd-prometheus,prometheus,linkerd,outbound,,5bccd64d4d,200,true,linkerd,,10.1.37.196:4191,linkerd,linkerd-controller,linkerd,linkerd-controller-798d449c77-qk6j4,798d449c77,linkerd-controller,linkerd-controller.linkerd.serviceaccount.identity.linkerd.cluster.local,,,
1614827760.101,response_latency_ms_sum,,,10.1.37.198:4191,linkerd-proxy,linkerd,,linkerd-prometheus-5bccd64d4d-jzwmt,,27959,,,,,linkerd-prometheus,prometheus,linkerd,outbound,,5bccd64d4d,200,true,linkerd,,10.1.37.196:4191,linkerd,linkerd-controller,linkerd,linkerd-controller-798d449c77-qk6j4,798d449c77,linkerd-controller,linkerd-controller.linkerd.serviceaccount.identity.linkerd.cluster.local,,,
1614827770.101,response_latency_ms_sum,,,10.1.37.198:4191,linkerd-proxy,linkerd,,linkerd-prometheus-5bccd64d4d-jzwmt,,27960,,,,,linkerd-prometheus,prometheus,linkerd,outbound,,5bccd64d4d,200,true,linkerd,,10.1.37.196:4191,linkerd,linkerd-controller,linkerd,linkerd-controller-798d449c77-qk6j4,798d449c77,linkerd-controller,linkerd-controller.linkerd.serviceaccount.identity.linkerd.cluster.local,,,
1614827780.101,response_latency_ms_sum,,,10.1.37.198:4191,linkerd-proxy,linkerd,,linkerd-prometheus-5bccd64d4d-jzwmt,,27961,,,,,linkerd-prometheus,prometheus,linkerd,outbound,,5bccd64d4d,200,true,linkerd,,10.1.37.196:4191,linkerd,linkerd-controller,linkerd,linkerd-controller-798d449c77-qk6j4,798d449c77,linkerd-controller,linkerd-controller.linkerd.serviceaccount.identity.linkerd.cluster.local,,,
1614827790.101,response_latency_ms_sum,,,10.1.37.198:4191,linkerd-proxy,linkerd,,linkerd-prometheus-5bccd64d4d-jzwmt,,27962,,,,,linkerd-prometheus,prometheus,linkerd,outbound,,5bccd64d4d,200,true,linkerd,,10.1.37.196:4191,linkerd,linkerd-controller,linkerd,linkerd-controller-798d449c77-qk6j4,798d449c77,linkerd-controller,linkerd-controller.linkerd.serviceaccount.identity.linkerd.cluster.local,,,
1614827800.101,response_latency_ms_sum,,,10.1.37.198:4191,linkerd-proxy,linkerd,,linkerd-prometheus-5bccd64d4d-jzwmt,,27963,,,,,linkerd-prometheus,prometheus,linkerd,outbound,,5bccd64d4d,200,true,linkerd,,10.1.37.196:4191,linkerd,linkerd-controller,linkerd,linkerd-controller-798d449c77-qk6j4,798d449c77,linkerd-controller,linkerd-controller.linkerd.serviceaccount.identity.linkerd.cluster.local,,,
1614827640.101,response_latency_ms_sum,,,10.1.37.198:4191,linkerd-proxy,linkerd,,linkerd-prometheus-5bccd64d4d-jzwmt,,44169,,,,,linkerd-prometheus,prometheus,linkerd,outbound,,5bccd64d4d,200,true,linkerd,,10.1.37.191:4191,linkerd,linkerd-sp-validator,linkerd,linkerd-sp-validator-77d978fbd9-zk8mm,77d978fbd9,linkerd-sp-validator,linkerd-sp-validator.linkerd.serviceaccount.identity.linkerd.cluster.local,,,
1614827650.102,response_latency_ms_sum,,,10.1.37.198:4191,linkerd-proxy,linkerd,,linkerd-prometheus-5bccd64d4d-jzwmt,,44170,,,,,linkerd-prometheus,prometheus,linkerd,outbound,,5bccd64d4d,200,true,linkerd,,10.1.37.191:4191,linkerd,linkerd-sp-validator,linkerd,linkerd-sp-validator-77d978fbd9-zk8mm,77d978fbd9,linkerd-sp-validator,linkerd-sp-validator.linkerd.serviceaccount.identity.linkerd.cluster.local,,,
1614827660.102,response_latency_ms_sum,,,10.1.37.198:4191,linkerd-proxy,linkerd,,linkerd-prometheus-5bccd64d4d-jzwmt,,44171,,,,,linkerd-prometheus,prometheus,linkerd,outbound,,5bccd64d4d,200,true,linkerd,,10.1.37.191:4191,linkerd,linkerd-sp-validator,linkerd,linkerd-sp-validator-77d978fbd9-zk8mm,77d978fbd9,linkerd-sp-validator,linkerd-sp-validator.linkerd.serviceaccount.identity.linkerd.cluster.local,,,
1614827670.101,response_latency_ms_sum,,,10.1.37.198:4191,linkerd-proxy,linkerd,,linkerd-prometheus-5bccd64d4d-jzwmt,,44172,,,,,linkerd-prometheus,prometheus,linkerd,outbound,,5bccd64d4d,200,true,linkerd,,10.1.37.191:4191,linkerd,linkerd-sp-validator,linkerd,linkerd-sp-validator-77d978fbd9-zk8mm,77d978fbd9,linkerd-sp-validator,linkerd-sp-validator.linkerd.serviceaccount.identity.linkerd.cluster.local,,,
1614827680.101,response_latency_ms_sum,,,10.1.37.198:4191,linkerd-proxy,linkerd,,linkerd-prometheus-5bccd64d4d-jzwmt,,44173,,,,,linkerd-prometheus,prometheus,linkerd,outbound,,5bccd64d4d,200,true,linkerd,,10.1.37.191:4191,linkerd,linkerd-sp-validator,linkerd,linkerd-sp-validator-77d978fbd9-zk8mm,77d978fbd9,linkerd-sp-validator,linkerd-sp-validator.linkerd.serviceaccount.identity.linkerd.cluster.local,,,
1614827690.101,response_latency_ms_sum,,,10.1.37.198:4191,linkerd-proxy,linkerd,,linkerd-prometheus-5bccd64d4d-jzwmt,,44174,,,,,linkerd-prometheus,prometheus,linkerd,outbound,,5bccd64d4d,200,true,linkerd,,10.1.37.191:4191,linkerd,linkerd-sp-validator,linkerd,linkerd-sp-validator-77d978fbd9-zk8mm,77d978fbd9,linkerd-sp-validator,linkerd-sp-validator.linkerd.serviceaccount.identity.linkerd.cluster.local,,,
1614827700.102,response_latency_ms_sum,,,10.1.37.198:4191,linkerd-proxy,linkerd,,linkerd-prometheus-5bccd64d4d-jzwmt,,44175,,,,,linkerd-prometheus,prometheus,linkerd,outbound,,5bccd64d4d,200,true,linkerd,,10.1.37.191:4191,linkerd,linkerd-sp-validator,linkerd,linkerd-sp-validator-77d978fbd9-zk8mm,77d978fbd9,linkerd-sp-validator,linkerd-sp-validator.linkerd.serviceaccount.identity.linkerd.cluster.local,,,
1614827710.101,response_latency_ms_sum,,,10.1.37.198:4191,linkerd-proxy,linkerd,,linkerd-prometheus-5bccd64d4d-jzwmt,,44176,,,,,linkerd-prometheus,prometheus,linkerd,outbound,,5bccd64d4d,200,true,linkerd,,10.1.37.191:4191,linkerd,linkerd-sp-validator,linkerd,linkerd-sp-validator-77d978fbd9-zk8mm,77d978fbd9,linkerd-sp-validator,linkerd-sp-validator.linkerd.serviceaccount.identity.linkerd.cluster.local,,,
1614827720.101,response_latency_ms_sum,,,10.1.37.198:4191,linkerd-proxy,linkerd,,linkerd-prometheus-5bccd64d4d-jzwmt,,44178,,,,,linkerd-prometheus,prometheus,linkerd,outbound,,5bccd64d4d,200,true,linkerd,,10.1.37.191:4191,linkerd,linkerd-sp-validator,linkerd,linkerd-sp-validator-77d978fbd9-zk8mm,77d978fbd9,linkerd-sp-validator,linkerd-sp-validator.linkerd.serviceaccount.identity.linkerd.cluster.local,,,
1614827730.101,response_latency_ms_sum,,,10.1.37.198:4191,linkerd-proxy,linkerd,,linkerd-prometheus-5bccd64d4d-jzwmt,,44179,,,,,linkerd-prometheus,prometheus,linkerd,outbound,,5bccd64d4d,200,true,linkerd,,10.1.37.191:4191,linkerd,linkerd-sp-validator,linkerd,linkerd-sp-validator-77d978fbd9-zk8mm,77d978fbd9,linkerd-sp-validator,linkerd-sp-validator.linkerd.serviceaccount.identity.linkerd.cluster.local,,,
1614827740.101,response_latency_ms_sum,,,10.1.37.198:4191,linkerd-proxy,linkerd,,linkerd-prometheus-5bccd64d4d-jzwmt,,44180,,,,,linkerd-prometheus,prometheus,linkerd,outbound,,5bccd64d4d,200,true,linkerd,,10.1.37.191:4191,linkerd,linkerd-sp-validator,linkerd,linkerd-sp-validator-77d978fbd9-zk8mm,77d978fbd9,linkerd-sp-validator,linkerd-sp-validator.linkerd.serviceaccount.identity.linkerd.cluster.local,,,
1614827750.101,response_latency_ms_sum,,,10.1.37.198:4191,linkerd-proxy,linkerd,,linkerd-prometheus-5bccd64d4d-jzwmt,,44181,,,,,linkerd-prometheus,prometheus,linkerd,outbound,,5bccd64d4d,200,true,linkerd,,10.1.37.191:4191,linkerd,linkerd-sp-validator,linkerd,linkerd-sp-validator-77d978fbd9-zk8mm,77d978fbd9,linkerd-sp-validator,linkerd-sp-validator.linkerd.serviceaccount.identity.linkerd.cluster.local,,,
1614827760.101,response_latency_ms_sum,,,10.1.37.198:4191,linkerd-proxy,linkerd,,linkerd-prometheus-5bccd64d4d-jzwmt,,44182,,,,,linkerd-prometheus,prometheus,linkerd,outbound,,5bccd64d4d,200,true,linkerd,,10.1.37.191:4191,linkerd,linkerd-sp-validator,linkerd,linkerd-sp-validator-77d978fbd9-zk8mm,77d978fbd9,linkerd-sp-validator,linkerd-sp-validator.linkerd.serviceaccount.identity.linkerd.cluster.local,,,
1614827770.101,response_latency_ms_sum,,,10.1.37.198:4191,linkerd-proxy,linkerd,,linkerd-prometheus-5bccd64d4d-jzwmt,,44183,,,,,linkerd-prometheus,prometheus,linkerd,outbound,,5bccd64d4d,200,true,linkerd,,10.1.37.191:4191,linkerd,linkerd-sp-validator,linkerd,linkerd-sp-validator-77d978fbd9-zk8mm,77d978fbd9,linkerd-sp-validator,linkerd-sp-validator.linkerd.serviceaccount.identity.linkerd.cluster.local,,,
1614827780.101,response_latency_ms_sum,,,10.1.37.198:4191,linkerd-proxy,linkerd,,linkerd-prometheus-5bccd64d4d-jzwmt,,44184,,,,,linkerd-prometheus,prometheus,linkerd,outbound,,5bccd64d4d,200,true,linkerd,,10.1.37.191:4191,linkerd,linkerd-sp-validator,linkerd,linkerd-sp-validator-77d978fbd9-zk8mm,77d978fbd9,linkerd-sp-validator,linkerd-sp-validator.linkerd.serviceaccount.identity.linkerd.cluster.local,,,
1614827790.101,response_latency_ms_sum,,,10.1.37.198:4191,linkerd-proxy,linkerd,,linkerd-prometheus-5bccd64d4d-jzwmt,,44187,,,,,linkerd-prometheus,prometheus,linkerd,outbound,,5bccd64d4d,200,true,linkerd,,10.1.37.191:4191,linkerd,linkerd-sp-validator,linkerd,linkerd-sp-validator-77d978fbd9-zk8mm,77d978fbd9,linkerd-sp-validator,linkerd-sp-validator.linkerd.serviceaccount.identity.linkerd.cluster.local,,,
1614827800.101,response_latency_ms_sum,,,10.1.37.198:4191,linkerd-proxy,linkerd,,linkerd-prometheus-5bccd64d4d-jzwmt,,44191,,,,,linkerd-prometheus,prometheus,linkerd,outbound,,5bccd64d4d,200,true,linkerd,,10.1.37.191:4191,linkerd,linkerd-sp-validator,linkerd,linkerd-sp-validator-77d978fbd9-zk8mm,77d978fbd9,linkerd-sp-validator,linkerd-sp-validator.linkerd.serviceaccount.identity.linkerd.cluster.local,,,
1614827631.031,response_latency_ms_sum,,,10.1.37.193:4191,linkerd-proxy,linkerd,,linkerd-destination-654f8848f5-4tr7b,,20983,,,,,linkerd-destination,destination,linkerd,inbound,no_tls_from_remote,654f8848f5,200,no_identity,linkerd,,,,,,,,,,,,
1614827641.03,response_latency_ms_sum,,,10.1.37.193:4191,linkerd-proxy,linkerd,,linkerd-destination-654f8848f5-4tr7b,,20983,,,,,linkerd-destination,destination,linkerd,inbound,no_tls_from_remote,654f8848f5,200,no_identity,linkerd,,,,,,,,,,,,
1614827651.03,response_latency_ms_sum,,,10.1.37.193:4191,linkerd-proxy,linkerd,,linkerd-destination-654f8848f5-4tr7b,,20983,,,,,linkerd-destination,destination,linkerd,inbound,no_tls_from_remote,654f8848f5,200,no_identity,linkerd,,,,,,,,,,,,
1614827661.03,response_latency_ms_sum,,,10.1.37.193:4191,linkerd-proxy,linkerd,,linkerd-destination-654f8848f5-4tr7b,,20983,,,,,linkerd-destination,destination,linkerd,inbound,no_tls_from_remote,654f8848f5,200,no_identity,linkerd,,,,,,,,,,,,
1614827671.031,response_latency_ms_sum,,,10.1.37.193:4191,linkerd-proxy,linkerd,,linkerd-destination-654f8848f5-4tr7b,,20983,,,,,linkerd-destination,destination,linkerd,inbound,no_tls_from_remote,654f8848f5,200,no_identity,linkerd,,,,,,,,,,,,
1614827681.03,response_latency_ms_sum,,,10.1.37.193:4191,linkerd-proxy,linkerd,,linkerd-destination-654f8848f5-4tr7b,,20983,,,,,linkerd-destination,destination,linkerd,inbound,no_tls_from_remote,654f8848f5,200,no_identity,linkerd,,,,,,,,,,,,
1614827691.03,response_latency_ms_sum,,,10.1.37.193:4191,linkerd-proxy,linkerd,,linkerd-destination-654f8848f5-4tr7b,,20983,,,,,linkerd-destination,destination,linkerd,inbound,no_tls_from_remote,654f8848f5,200,no_identity,linkerd,,,,,,,,,,,,
1614827701.031,response_latency_ms_sum,,,10.1.37.193:4191,linkerd-proxy,linkerd,,linkerd-destination-654f8848f5-4tr7b,,20983,,,,,linkerd-destination,destination,linkerd,inbound,no_tls_from_remote,654f8848f5,200,no_identity,linkerd,,,,,,,,,,,,
1614827711.03,response_latency_ms_sum,,,10.1.37.193:4191,linkerd-proxy,linkerd,,linkerd-destination-654f8848f5-4tr7b,,20983,,,,,linkerd-destination,destination,linkerd,inbound,no_tls_from_remote,654f8848f5,200,no_identity,linkerd,,,,,,,,,,,,
1614827721.03,response_latency_ms_sum,,,10.1.37.193:4191,linkerd-proxy,linkerd,,linkerd-destination-654f8848f5-4tr7b,,20983,,,,,linkerd-destination,destination,linkerd,inbound,no_tls_from_remote,654f8848f5,200,no_identity,linkerd,,,,,,,,,,,,
1614827731.031,response_latency_ms_sum,,,10.1.37.193:4191,linkerd-proxy,linkerd,,linkerd-destination-654f8848f5-4tr7b,,20983,,,,,linkerd-destination,destination,linkerd,inbound,no_tls_from_remote,654f8848f5,200,no_identity,linkerd,,,,,,,,,,,,
1614827741.031,response_latency_ms_sum,,,10.1.37.193:4191,linkerd-proxy,linkerd,,linkerd-destination-654f8848f5-4tr7b,,20983,,,,,linkerd-destination,destination,linkerd,inbound,no_tls_from_remote,654f8848f5,200,no_identity,linkerd,,,,,,,,,,,,
1614827751.031,response_latency_ms_sum,,,10.1.37.193:4191,linkerd-proxy,linkerd,,linkerd-destination-654f8848f5-4tr7b,,20983,,,,,linkerd-destination,destination,linkerd,inbound,no_tls_from_remote,654f8848f5,200,no_identity,linkerd,,,,,,,,,,,,
1614827761.031,response_latency_ms_sum,,,10.1.37.193:4191,linkerd-proxy,linkerd,,linkerd-destination-654f8848f5-4tr7b,,20983,,,,,linkerd-destination,destination,linkerd,inbound,no_tls_from_remote,654f8848f5,200,no_identity,linkerd,,,,,,,,,,,,
1614827771.031,response_latency_ms_sum,,,10.1.37.193:4191,linkerd-proxy,linkerd,,linkerd-destination-654f8848f5-4tr7b,,20983,,,,,linkerd-destination,destination,linkerd,inbound,no_tls_from_remote,654f8848f5,200,no_identity,linkerd,,,,,,,,,,,,
1614827781.031,response_latency_ms_sum,,,10.1.37.193:4191,linkerd-proxy,linkerd,,linkerd-destination-654f8848f5-4tr7b,,20988,,,,,linkerd-destination,destination,linkerd,inbound,no_tls_from_remote,654f8848f5,200,no_identity,linkerd,,,,,,,,,,,,
1614827791.03,response_latency_ms_sum,,,10.1.37.193:4191,linkerd-proxy,linkerd,,linkerd-destination-654f8848f5-4tr7b,,20988,,,,,linkerd-destination,destination,linkerd,inbound,no_tls_from_remote,654f8848f5,200,no_identity,linkerd,,,,,,,,,,,,
1614827801.031,response_latency_ms_sum,,,10.1.37.193:4191,linkerd-proxy,linkerd,,linkerd-destination-654f8848f5-4tr7b,,20988,,,,,linkerd-destination,destination,linkerd,inbound,no_tls_from_remote,654f8848f5,200,no_identity,linkerd,,,,,,,,,,,,
1614827631.031,response_latency_ms_sum,,,10.1.37.193:4191,linkerd-proxy,linkerd,,linkerd-destination-654f8848f5-4tr7b,,3424,,,,,linkerd-destination,destination,linkerd,inbound,,654f8848f5,200,true,linkerd,linkerd-prometheus.linkerd.serviceaccount.identity.linkerd.cluster.local,linkerd-dst-headless.linkerd.svc.cluster.local:8086,,,,,,,,,,
1614827641.03,response_latency_ms_sum,,,10.1.37.193:4191,linkerd-proxy,linkerd,,linkerd-destination-654f8848f5-4tr7b,,3424,,,,,linkerd-destination,destination,linkerd,inbound,,654f8848f5,200,true,linkerd,linkerd-prometheus.linkerd.serviceaccount.identity.linkerd.cluster.local,linkerd-dst-headless.linkerd.svc.cluster.local:8086,,,,,,,,,,
1614827651.03,response_latency_ms_sum,,,10.1.37.193:4191,linkerd-proxy,linkerd,,linkerd-destination-654f8848f5-4tr7b,,3424,,,,,linkerd-destination,destination,linkerd,inbound,,654f8848f5,200,true,linkerd,linkerd-prometheus.linkerd.serviceaccount.identity.linkerd.cluster.local,linkerd-dst-headless.linkerd.svc.cluster.local:8086,,,,,,,,,,
1614827661.03,response_latency_ms_sum,,,10.1.37.193:4191,linkerd-proxy,linkerd,,linkerd-destination-654f8848f5-4tr7b,,3424,,,,,linkerd-destination,destination,linkerd,inbound,,654f8848f5,200,true,linkerd,linkerd-prometheus.linkerd.serviceaccount.identity.linkerd.cluster.local,linkerd-dst-headless.linkerd.svc.cluster.local:8086,,,,,,,,,,
1614827671.031,response_latency_ms_sum,,,10.1.37.193:4191,linkerd-proxy,linkerd,,linkerd-destination-654f8848f5-4tr7b,,3424,,,,,linkerd-destination,destination,linkerd,inbound,,654f8848f5,200,true,linkerd,linkerd-prometheus.linkerd.serviceaccount.identity.linkerd.cluster.local,linkerd-dst-headless.linkerd.svc.cluster.local:8086,,,,,,,,,,
1614827681.03,response_latency_ms_sum,,,10.1.37.193:4191,linkerd-proxy,linkerd,,linkerd-destination-654f8848f5-4tr7b,,3424,,,,,linkerd-destination,destination,linkerd,inbound,,654f8848f5,200,true,linkerd,linkerd-prometheus.linkerd.serviceaccount.identity.linkerd.cluster.local,linkerd-dst-headless.linkerd.svc.cluster.local:8086,,,,,,,,,,
1614827691.03,response_latency_ms_sum,,,10.1.37.193:4191,linkerd-proxy,linkerd,,linkerd-destination-654f8848f5-4tr7b,,3424,,,,,linkerd-destination,destination,linkerd,inbound,,654f8848f5,200,true,linkerd,linkerd-prometheus.linkerd.serviceaccount.identity.linkerd.cluster.local,linkerd-dst-headless.linkerd.svc.cluster.local:8086,,,,,,,,,,
1614827701.031,response_latency_ms_sum,,,10.1.37.193:4191,linkerd-proxy,linkerd,,linkerd-destination-654f8848f5-4tr7b,,3424,,,,,linkerd-destination,destination,linkerd,inbound,,654f8848f5,200,true,linkerd,linkerd-prometheus.linkerd.serviceaccount.identity.linkerd.cluster.local,linkerd-dst-headless.linkerd.svc.cluster.local:8086,,,,,,,,,,
1614827711.03,response_latency_ms_sum,,,10.1.37.193:4191,linkerd-proxy,linkerd,,linkerd-destination-654f8848f5-4tr7b,,3424,,,,,linkerd-destination,destination,linkerd,inbound,,654f8848f5,200,true,linkerd,linkerd-prometheus.linkerd.serviceaccount.identity.linkerd.cluster.local,linkerd-dst-headless.linkerd.svc.cluster.local:8086,,,,,,,,,,
1614827721.03,response_latency_ms_sum,,,10.1.37.193:4191,linkerd-proxy,linkerd,,linkerd-destination-654f8848f5-4tr7b,,3424,,,,,linkerd-destination,destination,linkerd,inbound,,654f8848f5,200,true,linkerd,linkerd-prometheus.linkerd.serviceaccount.identity.linkerd.cluster.local,linkerd-dst-headless.linkerd.svc.cluster.local:8086,,,,,,,,,,
1614827731.031,response_latency_ms_sum,,,10.1.37.193:4191,linkerd-proxy,linkerd,,linkerd-destination-654f8848f5-4tr7b,,3424,,,,,linkerd-destination,destination,linkerd,inbound,,654f8848f5,200,true,linkerd,linkerd-prometheus.linkerd.serviceaccount.identity.linkerd.cluster.local,linkerd-dst-headless.linkerd.svc.cluster.local:8086,,,,,,,,,,
1614827741.031,response_latency_ms_sum,,,10.1.37.193:4191,linkerd-proxy,linkerd,,linkerd-destination-654f8848f5-4tr7b,,3424,,,,,linkerd-destination,destination,linkerd,inbound,,654f8848f5,200,true,linkerd,linkerd-prometheus.linkerd.serviceaccount.identity.linkerd.cluster.local,linkerd-dst-headless.linkerd.svc.cluster.local:8086,,,,,,,,,,
1614827751.031,response_latency_ms_sum,,,10.1.37.193:4191,linkerd-proxy,linkerd,,linkerd-destination-654f8848f5-4tr7b,,3424,,,,,linkerd-destination,destination,linkerd,inbound,,654f8848f5,200,true,linkerd,linkerd-prometheus.linkerd.serviceaccount.identity.linkerd.cluster.local,linkerd-dst-headless.linkerd.svc.cluster.local:8086,,,,,,,,,,
1614827761.031,response_latency_ms_sum,,,10.1.37.193:4191,linkerd-proxy,linkerd,,linkerd-destination-654f8848f5-4tr7b,,3424,,,,,linkerd-destination,destination,linkerd,inbound,,654f8848f5,200,true,linkerd,linkerd-prometheus.linkerd.serviceaccount.identity.linkerd.cluster.local,linkerd-dst-headless.linkerd.svc.cluster.local:8086,,,,,,,,,,
1614827771.031,response_latency_ms_sum,,,10.1.37.193:4191,linkerd-proxy,linkerd,,linkerd-destination-654f8848f5-4tr7b,,3424,,,,,linkerd-destination,destination,linkerd,inbound,,654f8848f5,200,true,linkerd,linkerd-prometheus.linkerd.serviceaccount.identity.linkerd.cluster.local,linkerd-dst-headless.linkerd.svc.cluster.local:8086,,,,,,,,,,
1614827781.031,response_latency_ms_sum,,,10.1.37.193:4191,linkerd-proxy,linkerd,,linkerd-destination-654f8848f5-4tr7b,,3424,,,,,linkerd-destination,destination,linkerd,inbound,,654f8848f5,200,true,linkerd,linkerd-prometheus.linkerd.serviceaccount.identity.linkerd.cluster.local,linkerd-dst-headless.linkerd.svc.cluster.local:8086,,,,,,,,,,
1614827791.03,response_latency_ms_sum,,,10.1.37.193:4191,linkerd-proxy,linkerd,,linkerd-destination-654f8848f5-4tr7b,,3424,,,,,linkerd-destination,destination,linkerd,inbound,,654f8848f5,200,true,linkerd,linkerd-prometheus.linkerd.serviceaccount.identity.linkerd.cluster.local,linkerd-dst-headless.linkerd.svc.cluster.local:8086,,,,,,,,,,
1614827801.031,response_latency_ms_sum,,,10.1.37.193:4191,linkerd-proxy,linkerd,,linkerd-destination-654f8848f5-4tr7b,,3424,,,,,linkerd-destination,destination,linkerd,inbound,,654f8848f5,200,true,linkerd,linkerd-prometheus.linkerd.serviceaccount.identity.linkerd.cluster.local,linkerd-dst-headless.linkerd.svc.cluster.local:8086,,,,,,,,,,
1614827631.502,response_latency_ms_sum,,,10.1.37.205:4191,linkerd-proxy,linkerd,,linkerd-grafana-ddd5c496f-cctr6,,37988,,,,,linkerd-grafana,grafana,linkerd,inbound,no_tls_from_remote,ddd5c496f,200,no_identity,linkerd,,,,,,,,,,,,
1614827641.502,response_latency_ms_sum,,,10.1.37.205:4191,linkerd-proxy,linkerd,,linkerd-grafana-ddd5c496f-cctr6,,37988,,,,,linkerd-grafana,grafana,linkerd,inbound,no_tls_from_remote,ddd5c496f,200,no_identity,linkerd,,,,,,,,,,,,
1614827651.502,response_latency_ms_sum,,,10.1.37.205:4191,linkerd-proxy,linkerd,,linkerd-grafana-ddd5c496f-cctr6,,37988,,,,,linkerd-grafana,grafana,linkerd,inbound,no_tls_from_remote,ddd5c496f,200,no_identity,linkerd,,,,,,,,,,,,
1614827661.502,response_latency_ms_sum,,,10.1.37.205:4191,linkerd-proxy,linkerd,,linkerd-grafana-ddd5c496f-cctr6,,37988,,,,,linkerd-grafana,grafana,linkerd,inbound,no_tls_from_remote,ddd5c496f,200,no_identity,linkerd,,,,,,,,,,,,
1614827671.502,response_latency_ms_sum,,,10.1.37.205:4191,linkerd-proxy,linkerd,,linkerd-grafana-ddd5c496f-cctr6,,37991,,,,,linkerd-grafana,grafana,linkerd,inbound,no_tls_from_remote,ddd5c496f,200,no_identity,linkerd,,,,,,,,,,,,
1614827681.502,response_latency_ms_sum,,,10.1.37.205:4191,linkerd-proxy,linkerd,,linkerd-grafana-ddd5c496f-cctr6,,37992,,,,,linkerd-grafana,grafana,linkerd,inbound,no_tls_from_remote,ddd5c496f,200,no_identity,linkerd,,,,,,,,,,,,
1614827691.502,response_latency_ms_sum,,,10.1.37.205:4191,linkerd-proxy,linkerd,,linkerd-grafana-ddd5c496f-cctr6,,37992,,,,,linkerd-grafana,grafana,linkerd,inbound,no_tls_from_remote,ddd5c496f,200,no_identity,linkerd,,,,,,,,,,,,
1614827701.502,response_latency_ms_sum,,,10.1.37.205:4191,linkerd-proxy,linkerd,,linkerd-grafana-ddd5c496f-cctr6,,38000,,,,,linkerd-grafana,grafana,linkerd,inbound,no_tls_from_remote,ddd5c496f,200,no_identity,linkerd,,,,,,,,,,,,
1614827711.502,response_latency_ms_sum,,,10.1.37.205:4191,linkerd-proxy,linkerd,,linkerd-grafana-ddd5c496f-cctr6,,38009,,,,,linkerd-grafana,grafana,linkerd,inbound,no_tls_from_remote,ddd5c496f,200,no_identity,linkerd,,,,,,,,,,,,
1614827721.502,response_latency_ms_sum,,,10.1.37.205:4191,linkerd-proxy,linkerd,,linkerd-grafana-ddd5c496f-cctr6,,38010,,,,,linkerd-grafana,grafana,linkerd,inbound,no_tls_from_remote,ddd5c496f,200,no_identity,linkerd,,,,,,,,,,,,
1614827731.502,response_latency_ms_sum,,,10.1.37.205:4191,linkerd-proxy,linkerd,,linkerd-grafana-ddd5c496f-cctr6,,38010,,,,,linkerd-grafana,grafana,linkerd,inbound,no_tls_from_remote,ddd5c496f,200,no_identity,linkerd,,,,,,,,,,,,
1614827741.502,response_latency_ms_sum,,,10.1.37.205:4191,linkerd-proxy,linkerd,,linkerd-grafana-ddd5c496f-cctr6,,38010,,,,,linkerd-grafana,grafana,linkerd,inbound,no_tls_from_remote,ddd5c496f,200,no_identity,linkerd,,,,,,,,,,,,
1614827751.502,response_latency_ms_sum,,,10.1.37.205:4191,linkerd-proxy,linkerd,,linkerd-grafana-ddd5c496f-cctr6,,38010,,,,,linkerd-grafana,grafana,linkerd,inbound,no_tls_from_remote,ddd5c496f,200,no_identity,linkerd,,,,,,,,,,,,
1614827761.502,response_latency_ms_sum,,,10.1.37.205:4191,linkerd-proxy,linkerd,,linkerd-grafana-ddd5c496f-cctr6,,38010,,,,,linkerd-grafana,grafana,linkerd,inbound,no_tls_from_remote,ddd5c496f,200,no_identity,linkerd,,,,,,,,,,,,
1614827771.502,response_latency_ms_sum,,,10.1.37.205:4191,linkerd-proxy,linkerd,,linkerd-grafana-ddd5c496f-cctr6,,38010,,,,,linkerd-grafana,grafana,linkerd,inbound,no_tls_from_remote,ddd5c496f,200,no_identity,linkerd,,,,,,,,,,,,
1614827781.502,response_latency_ms_sum,,,10.1.37.205:4191,linkerd-proxy,linkerd,,linkerd-grafana-ddd5c496f-cctr6,,38011,,,,,linkerd-grafana,grafana,linkerd,inbound,no_tls_from_remote,ddd5c496f,200,no_identity,linkerd,,,,,,,,,,,,
1614827791.502,response_latency_ms_sum,,,10.1.37.205:4191,linkerd-proxy,linkerd,,linkerd-grafana-ddd5c496f-cctr6,,38011,,,,,linkerd-grafana,grafana,linkerd,inbound,no_tls_from_remote,ddd5c496f,200,no_identity,linkerd,,,,,,,,,,,,
1614827801.502,response_latency_ms_sum,,,10.1.37.205:4191,linkerd-proxy,linkerd,,linkerd-grafana-ddd5c496f-cctr6,,38012,,,,,linkerd-grafana,grafana,linkerd,inbound,no_tls_from_remote,ddd5c496f,200,no_identity,linkerd,,,,,,,,,,,,
1614827631.502,response_latency_ms_sum,,,10.1.37.205:4191,linkerd-proxy,linkerd,,linkerd-grafana-ddd5c496f-cctr6,,66060,,,,,linkerd-grafana,grafana,linkerd,inbound,,ddd5c496f,200,true,linkerd,linkerd-prometheus.linkerd.serviceaccount.identity.linkerd.cluster.local,,,,,,,,,,,
1614827641.502,response_latency_ms_sum,,,10.1.37.205:4191,linkerd-proxy,linkerd,,linkerd-grafana-ddd5c496f-cctr6,,66061,,,,,linkerd-grafana,grafana,linkerd,inbound,,ddd5c496f,200,true,linkerd,linkerd-prometheus.linkerd.serviceaccount.identity.linkerd.cluster.local,,,,,,,,,,,
1614827651.502,response_latency_ms_sum,,,10.1.37.205:4191,linkerd-proxy,linkerd,,linkerd-grafana-ddd5c496f-cctr6,,66064,,,,,linkerd-grafana,grafana,linkerd,inbound,,ddd5c496f,200,true,linkerd,linkerd-prometheus.linkerd.serviceaccount.identity.linkerd.cluster.local,,,,,,,,,,,
1614827661.502,response_latency_ms_sum,,,10.1.37.205:4191,linkerd-proxy,linkerd,,linkerd-grafana-ddd5c496f-cctr6,,66065,,,,,linkerd-grafana,grafana,linkerd,inbound,,ddd5c496f,200,true,linkerd,linkerd-prometheus.linkerd.serviceaccount.identity.linkerd.cluster.local,,,,,,,,,,,
1614827671.502,response_latency_ms_sum,,,10.1.37.205:4191,linkerd-proxy,linkerd,,linkerd-grafana-ddd5c496f-cctr6,,66066,,,,,linkerd-grafana,grafana,linkerd,inbound,,ddd5c496f,200,true,linkerd,linkerd-prometheus.linkerd.serviceaccount.identity.linkerd.cluster.local,,,,,,,,,,,
1614827681.502,response_latency_ms_sum,,,10.1.37.205:4191,linkerd-proxy,linkerd,,linkerd-grafana-ddd5c496f-cctr6,,66067,,,,,linkerd-grafana,grafana,linkerd,inbound,,ddd5c496f,200,true,linkerd,linkerd-prometheus.linkerd.serviceaccount.identity.linkerd.cluster.local,,,,,,,,,,,
1614827691.502,response_latency_ms_sum,,,10.1.37.205:4191,linkerd-proxy,linkerd,,linkerd-grafana-ddd5c496f-cctr6,,66068,,,,,linkerd-grafana,grafana,linkerd,inbound,,ddd5c496f,200,true,linkerd,linkerd-prometheus.linkerd.serviceaccount.identity.linkerd.cluster.local,,,,,,,,,,,
1614827701.502,response_latency_ms_sum,,,10.1.37.205:4191,linkerd-proxy,linkerd,,linkerd-grafana-ddd5c496f-cctr6,,66070,,,,,linkerd-grafana,grafana,linkerd,inbound,,ddd5c496f,200,true,linkerd,linkerd-prometheus.linkerd.serviceaccount.identity.linkerd.cluster.local,,,,,,,,,,,
1614827711.502,response_latency_ms_sum,,,10.1.37.205:4191,linkerd-proxy,linkerd,,linkerd-grafana-ddd5c496f-cctr6,,66071,,,,,linkerd-grafana,grafana,linkerd,inbound,,ddd5c496f,200,true,linkerd,linkerd-prometheus.linkerd.serviceaccount.identity.linkerd.cluster.local,,,,,,,,,,,
1614827721.502,response_latency_ms_sum,,,10.1.37.205:4191,linkerd-proxy,linkerd,,linkerd-grafana-ddd5c496f-cctr6,,66072,,,,,linkerd-grafana,grafana,linkerd,inbound,,ddd5c496f,200,true,linkerd,linkerd-prometheus.linkerd.serviceaccount.identity.linkerd.cluster.local,,,,,,,,,,,
1614827731.502,response_latency_ms_sum,,,10.1.37.205:4191,linkerd-proxy,linkerd,,linkerd-grafana-ddd5c496f-cctr6,,66074,,,,,linkerd-grafana,grafana,linkerd,inbound,,ddd5c496f,200,true,linkerd,linkerd-prometheus.linkerd.serviceaccount.identity.linkerd.cluster.local,,,,,,,,,,,
1614827741.502,response_latency_ms_sum,,,10.1.37.205:4191,linkerd-proxy,linkerd,,linkerd-grafana-ddd5c496f-cctr6,,66077,,,,,linkerd-grafana,grafana,linkerd,inbound,,ddd5c496f,200,true,linkerd,linkerd-prometheus.linkerd.serviceaccount.identity.linkerd.cluster.local,,,,,,,,,,,
1614827751.502,response_latency_ms_sum,,,10.1.37.205:4191,linkerd-proxy,linkerd,,linkerd-grafana-ddd5c496f-cctr6,,66078,,,,,linkerd-grafana,grafana,linkerd,inbound,,ddd5c496f,200,true,linkerd,linkerd-prometheus.linkerd.serviceaccount.identity.linkerd.cluster.local,,,,,,,,,,,
1614827761.502,response_latency_ms_sum,,,10.1.37.205:4191,linkerd-proxy,linkerd,,linkerd-grafana-ddd5c496f-cctr6,,66079,,,,,linkerd-grafana,grafana,linkerd,inbound,,ddd5c496f,200,true,linkerd,linkerd-prometheus.linkerd.serviceaccount.identity.linkerd.cluster.local,,,,,,,,,,,
1614827771.502,response_latency_ms_sum,,,10.1.37.205:4191,linkerd-proxy,linkerd,,linkerd-grafana-ddd5c496f-cctr6,,66080,,,,,linkerd-grafana,grafana,linkerd,inbound,,ddd5c496f,200,true,linkerd,linkerd-prometheus.linkerd.serviceaccount.identity.linkerd.cluster.local,,,,,,,,,,,
1614827781.502,response_latency_ms_sum,,,10.1.37.205:4191,linkerd-proxy,linkerd,,linkerd-grafana-ddd5c496f-cctr6,,66081,,,,,linkerd-grafana,grafana,linkerd,inbound,,ddd5c496f,200,true,linkerd,linkerd-prometheus.linkerd.serviceaccount.identity.linkerd.cluster.local,,,,,,,,,,,
1614827791.502,response_latency_ms_sum,,,10.1.37.205:4191,linkerd-proxy,linkerd,,linkerd-grafana-ddd5c496f-cctr6,,66083,,,,,linkerd-grafana,grafana,linkerd,inbound,,ddd5c496f,200,true,linkerd,linkerd-prometheus.linkerd.serviceaccount.identity.linkerd.cluster.local,,,,,,,,,,,
1614827801.502,response_latency_ms_sum,,,10.1.37.205:4191,linkerd-proxy,linkerd,,linkerd-grafana-ddd5c496f-cctr6,,66084,,,,,linkerd-grafana,grafana,linkerd,inbound,,ddd5c496f,200,true,linkerd,linkerd-prometheus.linkerd.serviceaccount.identity.linkerd.cluster.local,,,,,,,,,,,
1614827633.702,response_latency_ms_sum,,,10.1.37.192:4191,linkerd-proxy,linkerd,,linkerd-web-b48d9c89b-49fzh,,43823,,,,,linkerd-web,web,linkerd,inbound,,b48d9c89b,200,true,linkerd,linkerd-prometheus.linkerd.serviceaccount.identity.linkerd.cluster.local,,,,,,,,,,,
1614827643.702,response_latency_ms_sum,,,10.1.37.192:4191,linkerd-proxy,linkerd,,linkerd-web-b48d9c89b-49fzh,,43824,,,,,linkerd-web,web,linkerd,inbound,,b48d9c89b,200,true,linkerd,linkerd-prometheus.linkerd.serviceaccount.identity.linkerd.cluster.local,,,,,,,,,,,
1614827653.702,response_latency_ms_sum,,,10.1.37.192:4191,linkerd-proxy,linkerd,,linkerd-web-b48d9c89b-49fzh,,43825,,,,,linkerd-web,web,linkerd,inbound,,b48d9c89b,200,true,linkerd,linkerd-prometheus.linkerd.serviceaccount.identity.linkerd.cluster.local,,,,,,,,,,,
1614827663.705,response_latency_ms_sum,,,10.1.37.192:4191,linkerd-proxy,linkerd,,linkerd-web-b48d9c89b-49fzh,,43826,,,,,linkerd-web,web,linkerd,inbound,,b48d9c89b,200,true,linkerd,linkerd-prometheus.linkerd.serviceaccount.identity.linkerd.cluster.local,,,,,,,,,,,
1614827673.707,response_latency_ms_sum,,,10.1.37.192:4191,linkerd-proxy,linkerd,,linkerd-web-b48d9c89b-49fzh,,43827,,,,,linkerd-web,web,linkerd,inbound,,b48d9c89b,200,true,linkerd,linkerd-prometheus.linkerd.serviceaccount.identity.linkerd.cluster.local,,,,,,,,,,,
1614827683.702,response_latency_ms_sum,,,10.1.37.192:4191,linkerd-proxy,linkerd,,linkerd-web-b48d9c89b-49fzh,,43828,,,,,linkerd-web,web,linkerd,inbound,,b48d9c89b,200,true,linkerd,linkerd-prometheus.linkerd.serviceaccount.identity.linkerd.cluster.local,,,,,,,,,,,
1614827693.705,response_latency_ms_sum,,,10.1.37.192:4191,linkerd-proxy,linkerd,,linkerd-web-b48d9c89b-49fzh,,43829,,,,,linkerd-web,web,linkerd,inbound,,b48d9c89b,200,true,linkerd,linkerd-prometheus.linkerd.serviceaccount.identity.linkerd.cluster.local,,,,,,,,,,,
1614827703.71,response_latency_ms_sum,,,10.1.37.192:4191,linkerd-proxy,linkerd,,linkerd-web-b48d9c89b-49fzh,,43830,,,,,linkerd-web,web,linkerd,inbound,,b48d9c89b,200,true,linkerd,linkerd-prometheus.linkerd.serviceaccount.identity.linkerd.cluster.local,,,,,,,,,,,
1614827713.702,response_latency_ms_sum,,,10.1.37.192:4191,linkerd-proxy,linkerd,,linkerd-web-b48d9c89b-49fzh,,43831,,,,,linkerd-web,web,linkerd,inbound,,b48d9c89b,200,true,linkerd,linkerd-prometheus.linkerd.serviceaccount.identity.linkerd.cluster.local,,,,,,,,,,,
1614827723.707,response_latency_ms_sum,,,10.1.37.192:4191,linkerd-proxy,linkerd,,linkerd-web-b48d9c89b-49fzh,,43835,,,,,linkerd-web,web,linkerd,inbound,,b48d9c89b,200,true,linkerd,linkerd-prometheus.linkerd.serviceaccount.identity.linkerd.cluster.local,,,,,,,,,,,
1614827733.704,response_latency_ms_sum,,,10.1.37.192:4191,linkerd-proxy,linkerd,,linkerd-web-b48d9c89b-49fzh,,43837,,,,,linkerd-web,web,linkerd,inbound,,b48d9c89b,200,true,linkerd,linkerd-prometheus.linkerd.serviceaccount.identity.linkerd.cluster.local,,,,,,,,,,,
1614827743.702,response_latency_ms_sum,,,10.1.37.192:4191,linkerd-proxy,linkerd,,linkerd-web-b48d9c89b-49fzh,,43838,,,,,linkerd-web,web,linkerd,inbound,,b48d9c89b,200,true,linkerd,linkerd-prometheus.linkerd.serviceaccount.identity.linkerd.cluster.local,,,,,,,,,,,
1614827753.702,response_latency_ms_sum,,,10.1.37.192:4191,linkerd-proxy,linkerd,,linkerd-web-b48d9c89b-49fzh,,43839,,,,,linkerd-web,web,linkerd,inbound,,b48d9c89b,200,true,linkerd,linkerd-prometheus.linkerd.serviceaccount.identity.linkerd.cluster.local,,,,,,,,,,,
1614827763.702,response_latency_ms_sum,,,10.1.37.192:4191,linkerd-proxy,linkerd,,linkerd-web-b48d9c89b-49fzh,,43840,,,,,linkerd-web,web,linkerd,inbound,,b48d9c89b,200,true,linkerd,linkerd-prometheus.linkerd.serviceaccount.identity.linkerd.cluster.local,,,,,,,,,,,
1614827773.702,response_latency_ms_sum,,,10.1.37.192:4191,linkerd-proxy,linkerd,,linkerd-web-b48d9c89b-49fzh,,43845,,,,,linkerd-web,web,linkerd,inbound,,b48d9c89b,200,true,linkerd,linkerd-prometheus.linkerd.serviceaccount.identity.linkerd.cluster.local,,,,,,,,,,,
1614827783.702,response_latency_ms_sum,,,10.1.37.192:4191,linkerd-proxy,linkerd,,linkerd-web-b48d9c89b-49fzh,,43847,,,,,linkerd-web,web,linkerd,inbound,,b48d9c89b,200,true,linkerd,linkerd-prometheus.linkerd.serviceaccount.identity.linkerd.cluster.local,,,,,,,,,,,
1614827793.702,response_latency_ms_sum,,,10.1.37.192:4191,linkerd-proxy,linkerd,,linkerd-web-b48d9c89b-49fzh,,43848,,,,,linkerd-web,web,linkerd,inbound,,b48d9c89b,200,true,linkerd,linkerd-prometheus.linkerd.serviceaccount.identity.linkerd.cluster.local,,,,,,,,,,,
1614827803.702,response_latency_ms_sum,,,10.1.37.192:4191,linkerd-proxy,linkerd,,linkerd-web-b48d9c89b-49fzh,,43849,,,,,linkerd-web,web,linkerd,inbound,,b48d9c89b,200,true,linkerd,linkerd-prometheus.linkerd.serviceaccount.identity.linkerd.cluster.local,,,,,,,,,,,
1614827633.727,response_latency_ms_sum,,,10.1.37.190:4191,linkerd-proxy,linkerd,,linkerd-proxy-injector-666c478cbb-z7nnc,,52374,,,,,linkerd-proxy-injector,proxy-injector,linkerd,inbound,,666c478cbb,200,true,linkerd,linkerd-prometheus.linkerd.serviceaccount.identity.linkerd.cluster.local,,,,,,,,,,,
1614827643.727,response_latency_ms_sum,,,10.1.37.190:4191,linkerd-proxy,linkerd,,linkerd-proxy-injector-666c478cbb-z7nnc,,52375,,,,,linkerd-proxy-injector,proxy-injector,linkerd,inbound,,666c478cbb,200,true,linkerd,linkerd-prometheus.linkerd.serviceaccount.identity.linkerd.cluster.local,,,,,,,,,,,
1614827653.727,response_latency_ms_sum,,,10.1.37.190:4191,linkerd-proxy,linkerd,,linkerd-proxy-injector-666c478cbb-z7nnc,,52376,,,,,linkerd-proxy-injector,proxy-injector,linkerd,inbound,,666c478cbb,200,true,linkerd,linkerd-prometheus.linkerd.serviceaccount.identity.linkerd.cluster.local,,,,,,,,,,,
1614827663.727,response_latency_ms_sum,,,10.1.37.190:4191,linkerd-proxy,linkerd,,linkerd-proxy-injector-666c478cbb-z7nnc,,52377,,,,,linkerd-proxy-injector,proxy-injector,linkerd,inbound,,666c478cbb,200,true,linkerd,linkerd-prometheus.linkerd.serviceaccount.identity.linkerd.cluster.local,,,,,,,,,,,
1614827673.727,response_latency_ms_sum,,,10.1.37.190:4191,linkerd-proxy,linkerd,,linkerd-proxy-injector-666c478cbb-z7nnc,,52378,,,,,linkerd-proxy-injector,proxy-injector,linkerd,inbound,,666c478cbb,200,true,linkerd,linkerd-prometheus.linkerd.serviceaccount.identity.linkerd.cluster.local,,,,,,,,,,,
1614827683.728,response_latency_ms_sum,,,10.1.37.190:4191,linkerd-proxy,linkerd,,linkerd-proxy-injector-666c478cbb-z7nnc,,52379,,,,,linkerd-proxy-injector,proxy-injector,linkerd,inbound,,666c478cbb,200,true,linkerd,linkerd-prometheus.linkerd.serviceaccount.identity.linkerd.cluster.local,,,,,,,,,,,
1614827693.727,response_latency_ms_sum,,,10.1.37.190:4191,linkerd-proxy,linkerd,,linkerd-proxy-injector-666c478cbb-z7nnc,,52380,,,,,linkerd-proxy-injector,proxy-injector,linkerd,inbound,,666c478cbb,200,true,linkerd,linkerd-prometheus.linkerd.serviceaccount.identity.linkerd.cluster.local,,,,,,,,,,,
1614827703.727,response_latency_ms_sum,,,10.1.37.190:4191,linkerd-proxy,linkerd,,linkerd-proxy-injector-666c478cbb-z7nnc,,52381,,,,,linkerd-proxy-injector,proxy-injector,linkerd,inbound,,666c478cbb,200,true,linkerd,linkerd-prometheus.linkerd.serviceaccount.identity.linkerd.cluster.local,,,,,,,,,,,
1614827713.727,response_latency_ms_sum,,,10.1.37.190:4191,linkerd-proxy,linkerd,,linkerd-proxy-injector-666c478cbb-z7nnc,,52382,,,,,linkerd-proxy-injector,proxy-injector,linkerd,inbound,,666c478cbb,200,true,linkerd,linkerd-prometheus.linkerd.serviceaccount.identity.linkerd.cluster.local,,,,,,,,,,,
1614827723.727,response_latency_ms_sum,,,10.1.37.190:4191,linkerd-proxy,linkerd,,linkerd-proxy-injector-666c478cbb-z7nnc,,52383,,,,,linkerd-proxy-injector,proxy-injector,linkerd,inbound,,666c478cbb,200,true,linkerd,linkerd-prometheus.linkerd.serviceaccount.identity.linkerd.cluster.local,,,,,,,,,,,
1614827733.727,response_latency_ms_sum,,,10.1.37.190:4191,linkerd-proxy,linkerd,,linkerd-proxy-injector-666c478cbb-z7nnc,,52384,,,,,linkerd-proxy-injector,proxy-injector,linkerd,inbound,,666c478cbb,200,true,linkerd,linkerd-prometheus.linkerd.serviceaccount.identity.linkerd.cluster.local,,,,,,,,,,,
1614827743.727,response_latency_ms_sum,,,10.1.37.190:4191,linkerd-proxy,linkerd,,linkerd-proxy-injector-666c478cbb-z7nnc,,52385,,,,,linkerd-proxy-injector,proxy-injector,linkerd,inbound,,666c478cbb,200,true,linkerd,linkerd-prometheus.linkerd.serviceaccount.identity.linkerd.cluster.local,,,,,,,,,,,
1614827753.727,response_latency_ms_sum,,,10.1.37.190:4191,linkerd-proxy,linkerd,,linkerd-proxy-injector-666c478cbb-z7nnc,,52386,,,,,linkerd-proxy-injector,proxy-injector,linkerd,inbound,,666c478cbb,200,true,linkerd,linkerd-prometheus.linkerd.serviceaccount.identity.linkerd.cluster.local,,,,,,,,,,,
1614827763.727,response_latency_ms_sum,,,10.1.37.190:4191,linkerd-proxy,linkerd,,linkerd-proxy-injector-666c478cbb-z7nnc,,52387,,,,,linkerd-proxy-injector,proxy-injector,linkerd,inbound,,666c478cbb,200,true,linkerd,linkerd-prometheus.linkerd.serviceaccount.identity.linkerd.cluster.local,,,,,,,,,,,
1614827773.727,response_latency_ms_sum,,,10.1.37.190:4191,linkerd-proxy,linkerd,,linkerd-proxy-injector-666c478cbb-z7nnc,,52388,,,,,linkerd-proxy-injector,proxy-injector,linkerd,inbound,,666c478cbb,200,true,linkerd,linkerd-prometheus.linkerd.serviceaccount.identity.linkerd.cluster.local,,,,,,,,,,,
1614827783.729,response_latency_ms_sum,,,10.1.37.190:4191,linkerd-proxy,linkerd,,linkerd-proxy-injector-666c478cbb-z7nnc,,52389,,,,,linkerd-proxy-injector,proxy-injector,linkerd,inbound,,666c478cbb,200,true,linkerd,linkerd-prometheus.linkerd.serviceaccount.identity.linkerd.cluster.local,,,,,,,,,,,
1614827793.727,response_latency_ms_sum,,,10.1.37.190:4191,linkerd-proxy,linkerd,,linkerd-proxy-injector-666c478cbb-z7nnc,,52390,,,,,linkerd-proxy-injector,proxy-injector,linkerd,inbound,,666c478cbb,200,true,linkerd,linkerd-prometheus.linkerd.serviceaccount.identity.linkerd.cluster.local,,,,,,,,,,,
1614827803.727,response_latency_ms_sum,,,10.1.37.190:4191,linkerd-proxy,linkerd,,linkerd-proxy-injector-666c478cbb-z7nnc,,52401,,,,,linkerd-proxy-injector,proxy-injector,linkerd,inbound,,666c478cbb,200,true,linkerd,linkerd-prometheus.linkerd.serviceaccount.identity.linkerd.cluster.local,,,,,,,,,,,
1614827636.762,response_latency_ms_sum,,,10.1.37.195:4191,linkerd-proxy,linkerd,,linkerd-tap-75785bb98d-dvlv2,,111350,,,,,linkerd-tap,tap,linkerd,inbound,,75785bb98d,200,true,linkerd,linkerd-prometheus.linkerd.serviceaccount.identity.linkerd.cluster.local,,,,,,,,,,,
1614827646.762,response_latency_ms_sum,,,10.1.37.195:4191,linkerd-proxy,linkerd,,linkerd-tap-75785bb98d-dvlv2,,111351,,,,,linkerd-tap,tap,linkerd,inbound,,75785bb98d,200,true,linkerd,linkerd-prometheus.linkerd.serviceaccount.identity.linkerd.cluster.local,,,,,,,,,,,
1614827656.762,response_latency_ms_sum,,,10.1.37.195:4191,linkerd-proxy,linkerd,,linkerd-tap-75785bb98d-dvlv2,,111354,,,,,linkerd-tap,tap,linkerd,inbound,,75785bb98d,200,true,linkerd,linkerd-prometheus.linkerd.serviceaccount.identity.linkerd.cluster.local,,,,,,,,,,,
1614827666.762,response_latency_ms_sum,,,10.1.37.195:4191,linkerd-proxy,linkerd,,linkerd-tap-75785bb98d-dvlv2,,111355,,,,,linkerd-tap,tap,linkerd,inbound,,75785bb98d,200,true,linkerd,linkerd-prometheus.linkerd.serviceaccount.identity.linkerd.cluster.local,,,,,,,,,,,
1614827676.762,response_latency_ms_sum,,,10.1.37.195:4191,linkerd-proxy,linkerd,,linkerd-tap-75785bb98d-dvlv2,,111356,,,,,linkerd-tap,tap,linkerd,inbound,,75785bb98d,200,true,linkerd,linkerd-prometheus.linkerd.serviceaccount.identity.linkerd.cluster.local,,,,,,,,,,,
1614827686.762,response_latency_ms_sum,,,10.1.37.195:4191,linkerd-proxy,linkerd,,linkerd-tap-75785bb98d-dvlv2,,111357,,,,,linkerd-tap,tap,linkerd,inbound,,75785bb98d,200,true,linkerd,linkerd-prometheus.linkerd.serviceaccount.identity.linkerd.cluster.local,,,,,,,,,,,
1614827696.762,response_latency_ms_sum,,,10.1.37.195:4191,linkerd-proxy,linkerd,,linkerd-tap-75785bb98d-dvlv2,,111359,,,,,linkerd-tap,tap,linkerd,inbound,,75785bb98d,200,true,linkerd,linkerd-prometheus.linkerd.serviceaccount.identity.linkerd.cluster.local,,,,,,,,,,,
1614827706.762,response_latency_ms_sum,,,10.1.37.195:4191,linkerd-proxy,linkerd,,linkerd-tap-75785bb98d-dvlv2,,111360,,,,,linkerd-tap,tap,linkerd,inbound,,75785bb98d,200,true,linkerd,linkerd-prometheus.linkerd.serviceaccount.identity.linkerd.cluster.local,,,,,,,,,,,
1614827716.762,response_latency_ms_sum,,,10.1.37.195:4191,linkerd-proxy,linkerd,,linkerd-tap-75785bb98d-dvlv2,,111361,,,,,linkerd-tap,tap,linkerd,inbound,,75785bb98d,200,true,linkerd,linkerd-prometheus.linkerd.serviceaccount.identity.linkerd.cluster.local,,,,,,,,,,,
1614827726.762,response_latency_ms_sum,,,10.1.37.195:4191,linkerd-proxy,linkerd,,linkerd-tap-75785bb98d-dvlv2,,111367,,,,,linkerd-tap,tap,linkerd,inbound,,75785bb98d,200,true,linkerd,linkerd-prometheus.linkerd.serviceaccount.identity.linkerd.cluster.local,,,,,,,,,,,
1614827736.762,response_latency_ms_sum,,,10.1.37.195:4191,linkerd-proxy,linkerd,,linkerd-tap-75785bb98d-dvlv2,,111369,,,,,linkerd-tap,tap,linkerd,inbound,,75785bb98d,200,true,linkerd,linkerd-prometheus.linkerd.serviceaccount.identity.linkerd.cluster.local,,,,,,,,,,,
1614827746.762,response_latency_ms_sum,,,10.1.37.195:4191,linkerd-proxy,linkerd,,linkerd-tap-75785bb98d-dvlv2,,111380,,,,,linkerd-tap,tap,linkerd,inbound,,75785bb98d,200,true,linkerd,linkerd-prometheus.linkerd.serviceaccount.identity.linkerd.cluster.local,,,,,,,,,,,
1614827756.762,response_latency_ms_sum,,,10.1.37.195:4191,linkerd-proxy,linkerd,,linkerd-tap-75785bb98d-dvlv2,,111381,,,,,linkerd-tap,tap,linkerd,inbound,,75785bb98d,200,true,linkerd,linkerd-prometheus.linkerd.serviceaccount.identity.linkerd.cluster.local,,,,,,,,,,,
1614827766.762,response_latency_ms_sum,,,10.1.37.195:4191,linkerd-proxy,linkerd,,linkerd-tap-75785bb98d-dvlv2,,111391,,,,,linkerd-tap,tap,linkerd,inbound,,75785bb98d,200,true,linkerd,linkerd-prometheus.linkerd.serviceaccount.identity.linkerd.cluster.local,,,,,,,,,,,
1614827776.762,response_latency_ms_sum,,,10.1.37.195:4191,linkerd-proxy,linkerd,,linkerd-tap-75785bb98d-dvlv2,,111392,,,,,linkerd-tap,tap,linkerd,inbound,,75785bb98d,200,true,linkerd,linkerd-prometheus.linkerd.serviceaccount.identity.linkerd.cluster.local,,,,,,,,,,,
1614827786.762,response_latency_ms_sum,,,10.1.37.195:4191,linkerd-proxy,linkerd,,linkerd-tap-75785bb98d-dvlv2,,111393,,,,,linkerd-tap,tap,linkerd,inbound,,75785bb98d,200,true,linkerd,linkerd-prometheus.linkerd.serviceaccount.identity.linkerd.cluster.local,,,,,,,,,,,
1614827796.762,response_latency_ms_sum,,,10.1.37.195:4191,linkerd-proxy,linkerd,,linkerd-tap-75785bb98d-dvlv2,,111394,,,,,linkerd-tap,tap,linkerd,inbound,,75785bb98d,200,true,linkerd,linkerd-prometheus.linkerd.serviceaccount.identity.linkerd.cluster.local,,,,,,,,,,,
1614827806.762,response_latency_ms_sum,,,10.1.37.195:4191,linkerd-proxy,linkerd,,linkerd-tap-75785bb98d-dvlv2,,111399,,,,,linkerd-tap,tap,linkerd,inbound,,75785bb98d,200,true,linkerd,linkerd-prometheus.linkerd.serviceaccount.identity.linkerd.cluster.local,,,,,,,,,,,
1614827637.327,response_latency_ms_sum,,,10.1.37.202:4191,linkerd-proxy,linkerd,,linkerd-identity-57f4bc9db9-gb7rk,,38988,,,,,linkerd-identity,identity,linkerd,inbound,no_peer_id_from_remote,57f4bc9db9,200,no_identity,linkerd,,,,,,,,,,,,
1614827647.327,response_latency_ms_sum,,,10.1.37.202:4191,linkerd-proxy,linkerd,,linkerd-identity-57f4bc9db9-gb7rk,,38989,,,,,linkerd-identity,identity,linkerd,inbound,no_peer_id_from_remote,57f4bc9db9,200,no_identity,linkerd,,,,,,,,,,,,
1614827657.328,response_latency_ms_sum,,,10.1.37.202:4191,linkerd-proxy,linkerd,,linkerd-identity-57f4bc9db9-gb7rk,,38990,,,,,linkerd-identity,identity,linkerd,inbound,no_peer_id_from_remote,57f4bc9db9,200,no_identity,linkerd,,,,,,,,,,,,
1614827667.327,response_latency_ms_sum,,,10.1.37.202:4191,linkerd-proxy,linkerd,,linkerd-identity-57f4bc9db9-gb7rk,,38991,,,,,linkerd-identity,identity,linkerd,inbound,no_peer_id_from_remote,57f4bc9db9,200,no_identity,linkerd,,,,,,,,,,,,
1614827677.328,response_latency_ms_sum,,,10.1.37.202:4191,linkerd-proxy,linkerd,,linkerd-identity-57f4bc9db9-gb7rk,,38992,,,,,linkerd-identity,identity,linkerd,inbound,no_peer_id_from_remote,57f4bc9db9,200,no_identity,linkerd,,,,,,,,,,,,
1614827687.327,response_latency_ms_sum,,,10.1.37.202:4191,linkerd-proxy,linkerd,,linkerd-identity-57f4bc9db9-gb7rk,,38993,,,,,linkerd-identity,identity,linkerd,inbound,no_peer_id_from_remote,57f4bc9db9,200,no_identity,linkerd,,,,,,,,,,,,
1614827697.327,response_latency_ms_sum,,,10.1.37.202:4191,linkerd-proxy,linkerd,,linkerd-identity-57f4bc9db9-gb7rk,,38994,,,,,linkerd-identity,identity,linkerd,inbound,no_peer_id_from_remote,57f4bc9db9,200,no_identity,linkerd,,,,,,,,,,,,
1614827707.327,response_latency_ms_sum,,,10.1.37.202:4191,linkerd-proxy,linkerd,,linkerd-identity-57f4bc9db9-gb7rk,,38995,,,,,linkerd-identity,identity,linkerd,inbound,no_peer_id_from_remote,57f4bc9db9,200,no_identity,linkerd,,,,,,,,,,,,
1614827717.327,response_latency_ms_sum,,,10.1.37.202:4191,linkerd-proxy,linkerd,,linkerd-identity-57f4bc9db9-gb7rk,,38996,,,,,linkerd-identity,identity,linkerd,inbound,no_peer_id_from_remote,57f4bc9db9,200,no_identity,linkerd,,,,,,,,,,,,
1614827727.327,response_latency_ms_sum,,,10.1.37.202:4191,linkerd-proxy,linkerd,,linkerd-identity-57f4bc9db9-gb7rk,,38997,,,,,linkerd-identity,identity,linkerd,inbound,no_peer_id_from_remote,57f4bc9db9,200,no_identity,linkerd,,,,,,,,,,,,
1614827737.327,response_latency_ms_sum,,,10.1.37.202:4191,linkerd-proxy,linkerd,,linkerd-identity-57f4bc9db9-gb7rk,,38998,,,,,linkerd-identity,identity,linkerd,inbound,no_peer_id_from_remote,57f4bc9db9,200,no_identity,linkerd,,,,,,,,,,,,
1614827747.327,response_latency_ms_sum,,,10.1.37.202:4191,linkerd-proxy,linkerd,,linkerd-identity-57f4bc9db9-gb7rk,,38999,,,,,linkerd-identity,identity,linkerd,inbound,no_peer_id_from_remote,57f4bc9db9,200,no_identity,linkerd,,,,,,,,,,,,
1614827757.327,response_latency_ms_sum,,,10.1.37.202:4191,linkerd-proxy,linkerd,,linkerd-identity-57f4bc9db9-gb7rk,,39000,,,,,linkerd-identity,identity,linkerd,inbound,no_peer_id_from_remote,57f4bc9db9,200,no_identity,linkerd,,,,,,,,,,,,
1614827767.327,response_latency_ms_sum,,,10.1.37.202:4191,linkerd-proxy,linkerd,,linkerd-identity-57f4bc9db9-gb7rk,,39001,,,,,linkerd-identity,identity,linkerd,inbound,no_peer_id_from_remote,57f4bc9db9,200,no_identity,linkerd,,,,,,,,,,,,
1614827777.328,response_latency_ms_sum,,,10.1.37.202:4191,linkerd-proxy,linkerd,,linkerd-identity-57f4bc9db9-gb7rk,,39002,,,,,linkerd-identity,identity,linkerd,inbound,no_peer_id_from_remote,57f4bc9db9,200,no_identity,linkerd,,,,,,,,,,,,
1614827787.327,response_latency_ms_sum,,,10.1.37.202:4191,linkerd-proxy,linkerd,,linkerd-identity-57f4bc9db9-gb7rk,,39003,,,,,linkerd-identity,identity,linkerd,inbound,no_peer_id_from_remote,57f4bc9db9,200,no_identity,linkerd,,,,,,,,,,,,
1614827797.328,response_latency_ms_sum,,,10.1.37.202:4191,linkerd-proxy,linkerd,,linkerd-identity-57f4bc9db9-gb7rk,,39004,,,,,linkerd-identity,identity,linkerd,inbound,no_peer_id_from_remote,57f4bc9db9,200,no_identity,linkerd,,,,,,,,,,,,
1614827807.329,response_latency_ms_sum,,,10.1.37.202:4191,linkerd-proxy,linkerd,,linkerd-identity-57f4bc9db9-gb7rk,,39005,,,,,linkerd-identity,identity,linkerd,inbound,no_peer_id_from_remote,57f4bc9db9,200,no_identity,linkerd,,,,,,,,,,,,
1614827639.08,response_latency_ms_sum,,,10.1.37.196:4191,linkerd-proxy,linkerd,,linkerd-controller-798d449c77-qk6j4,,51950,,,,,linkerd-controller,controller,linkerd,inbound,,798d449c77,200,true,linkerd,linkerd-prometheus.linkerd.serviceaccount.identity.linkerd.cluster.local,,,,,,,,,,,
1614827649.08,response_latency_ms_sum,,,10.1.37.196:4191,linkerd-proxy,linkerd,,linkerd-controller-798d449c77-qk6j4,,51951,,,,,linkerd-controller,controller,linkerd,inbound,,798d449c77,200,true,linkerd,linkerd-prometheus.linkerd.serviceaccount.identity.linkerd.cluster.local,,,,,,,,,,,
1614827659.08,response_latency_ms_sum,,,10.1.37.196:4191,linkerd-proxy,linkerd,,linkerd-controller-798d449c77-qk6j4,,51952,,,,,linkerd-controller,controller,linkerd,inbound,,798d449c77,200,true,linkerd,linkerd-prometheus.linkerd.serviceaccount.identity.linkerd.cluster.local,,,,,,,,,,,
1614827669.08,response_latency_ms_sum,,,10.1.37.196:4191,linkerd-proxy,linkerd,,linkerd-controller-798d449c77-qk6j4,,51953,,,,,linkerd-controller,controller,linkerd,inbound,,798d449c77,200,true,linkerd,linkerd-prometheus.linkerd.serviceaccount.identity.linkerd.cluster.local,,,,,,,,,,,
1614827679.08,response_latency_ms_sum,,,10.1.37.196:4191,linkerd-proxy,linkerd,,linkerd-controller-798d449c77-qk6j4,,51958,,,,,linkerd-controller,controller,linkerd,inbound,,798d449c77,200,true,linkerd,linkerd-prometheus.linkerd.serviceaccount.identity.linkerd.cluster.local,,,,,,,,,,,
1614827689.08,response_latency_ms_sum,,,10.1.37.196:4191,linkerd-proxy,linkerd,,linkerd-controller-798d449c77-qk6j4,,51959,,,,,linkerd-controller,controller,linkerd,inbound,,798d449c77,200,true,linkerd,linkerd-prometheus.linkerd.serviceaccount.identity.linkerd.cluster.local,,,,,,,,,,,
1614827699.08,response_latency_ms_sum,,,10.1.37.196:4191,linkerd-proxy,linkerd,,linkerd-controller-798d449c77-qk6j4,,51960,,,,,linkerd-controller,controller,linkerd,inbound,,798d449c77,200,true,linkerd,linkerd-prometheus.linkerd.serviceaccount.identity.linkerd.cluster.local,,,,,,,,,,,
1614827709.08,response_latency_ms_sum,,,10.1.37.196:4191,linkerd-proxy,linkerd,,linkerd-controller-798d449c77-qk6j4,,51961,,,,,linkerd-controller,controller,linkerd,inbound,,798d449c77,200,true,linkerd,linkerd-prometheus.linkerd.serviceaccount.identity.linkerd.cluster.local,,,,,,,,,,,
1614827719.08,response_latency_ms_sum,,,10.1.37.196:4191,linkerd-proxy,linkerd,,linkerd-controller-798d449c77-qk6j4,,51963,,,,,linkerd-controller,controller,linkerd,inbound,,798d449c77,200,true,linkerd,linkerd-prometheus.linkerd.serviceaccount.identity.linkerd.cluster.local,,,,,,,,,,,
1614827729.08,response_latency_ms_sum,,,10.1.37.196:4191,linkerd-proxy,linkerd,,linkerd-controller-798d449c77-qk6j4,,51964,,,,,linkerd-controller,controller,linkerd,inbound,,798d449c77,200,true,linkerd,linkerd-prometheus.linkerd.serviceaccount.identity.linkerd.cluster.local,,,,,,,,,,,
1614827739.08,response_latency_ms_sum,,,10.1.37.196:4191,linkerd-proxy,linkerd,,linkerd-controller-798d449c77-qk6j4,,51965,,,,,linkerd-controller,controller,linkerd,inbound,,798d449c77,200,true,linkerd,linkerd-prometheus.linkerd.serviceaccount.identity.linkerd.cluster.local,,,,,,,,,,,
1614827749.08,response_latency_ms_sum,,,10.1.37.196:4191,linkerd-proxy,linkerd,,linkerd-controller-798d449c77-qk6j4,,51966,,,,,linkerd-controller,controller,linkerd,inbound,,798d449c77,200,true,linkerd,linkerd-prometheus.linkerd.serviceaccount.identity.linkerd.cluster.local,,,,,,,,,,,
1614827759.08,response_latency_ms_sum,,,10.1.37.196:4191,linkerd-proxy,linkerd,,linkerd-controller-798d449c77-qk6j4,,51967,,,,,linkerd-controller,controller,linkerd,inbound,,798d449c77,200,true,linkerd,linkerd-prometheus.linkerd.serviceaccount.identity.linkerd.cluster.local,,,,,,,,,,,
1614827769.08,response_latency_ms_sum,,,10.1.37.196:4191,linkerd-proxy,linkerd,,linkerd-controller-798d449c77-qk6j4,,51968,,,,,linkerd-controller,controller,linkerd,inbound,,798d449c77,200,true,linkerd,linkerd-prometheus.linkerd.serviceaccount.identity.linkerd.cluster.local,,,,,,,,,,,
1614827779.08,response_latency_ms_sum,,,10.1.37.196:4191,linkerd-proxy,linkerd,,linkerd-controller-798d449c77-qk6j4,,51969,,,,,linkerd-controller,controller,linkerd,inbound,,798d449c77,200,true,linkerd,linkerd-prometheus.linkerd.serviceaccount.identity.linkerd.cluster.local,,,,,,,,,,,
1614827789.08,response_latency_ms_sum,,,10.1.37.196:4191,linkerd-proxy,linkerd,,linkerd-controller-798d449c77-qk6j4,,51970,,,,,linkerd-controller,controller,linkerd,inbound,,798d449c77,200,true,linkerd,linkerd-prometheus.linkerd.serviceaccount.identity.linkerd.cluster.local,,,,,,,,,,,
1614827799.08,response_latency_ms_sum,,,10.1.37.196:4191,linkerd-proxy,linkerd,,linkerd-controller-798d449c77-qk6j4,,51971,,,,,linkerd-controller,controller,linkerd,inbound,,798d449c77,200,true,linkerd,linkerd-prometheus.linkerd.serviceaccount.identity.linkerd.cluster.local,,,,,,,,,,,
1614827809.08,response_latency_ms_sum,,,10.1.37.196:4191,linkerd-proxy,linkerd,,linkerd-controller-798d449c77-qk6j4,,51972,,,,,linkerd-controller,controller,linkerd,inbound,,798d449c77,200,true,linkerd,linkerd-prometheus.linkerd.serviceaccount.identity.linkerd.cluster.local,,,,,,,,,,,
1614827640.101,response_latency_ms_sum,,,10.1.37.198:4191,linkerd-proxy,linkerd,,linkerd-prometheus-5bccd64d4d-jzwmt,,64686,,,,,linkerd-prometheus,prometheus,linkerd,outbound,,5bccd64d4d,200,true,linkerd,,10.1.37.193:4191,linkerd,linkerd-destination,linkerd,linkerd-destination-654f8848f5-4tr7b,654f8848f5,linkerd-destination,linkerd-destination.linkerd.serviceaccount.identity.linkerd.cluster.local,,,
1614827650.102,response_latency_ms_sum,,,10.1.37.198:4191,linkerd-proxy,linkerd,,linkerd-prometheus-5bccd64d4d-jzwmt,,64687,,,,,linkerd-prometheus,prometheus,linkerd,outbound,,5bccd64d4d,200,true,linkerd,,10.1.37.193:4191,linkerd,linkerd-destination,linkerd,linkerd-destination-654f8848f5-4tr7b,654f8848f5,linkerd-destination,linkerd-destination.linkerd.serviceaccount.identity.linkerd.cluster.local,,,
1614827660.102,response_latency_ms_sum,,,10.1.37.198:4191,linkerd-proxy,linkerd,,linkerd-prometheus-5bccd64d4d-jzwmt,,64688,,,,,linkerd-prometheus,prometheus,linkerd,outbound,,5bccd64d4d,200,true,linkerd,,10.1.37.193:4191,linkerd,linkerd-destination,linkerd,linkerd-destination-654f8848f5-4tr7b,654f8848f5,linkerd-destination,linkerd-destination.linkerd.serviceaccount.identity.linkerd.cluster.local,,,
1614827670.101,response_latency_ms_sum,,,10.1.37.198:4191,linkerd-proxy,linkerd,,linkerd-prometheus-5bccd64d4d-jzwmt,,64690,,,,,linkerd-prometheus,prometheus,linkerd,outbound,,5bccd64d4d,200,true,linkerd,,10.1.37.193:4191,linkerd,linkerd-destination,linkerd,linkerd-destination-654f8848f5-4tr7b,654f8848f5,linkerd-destination,linkerd-destination.linkerd.serviceaccount.identity.linkerd.cluster.local,,,
1614827680.101,response_latency_ms_sum,,,10.1.37.198:4191,linkerd-proxy,linkerd,,linkerd-prometheus-5bccd64d4d-jzwmt,,64692,,,,,linkerd-prometheus,prometheus,linkerd,outbound,,5bccd64d4d,200,true,linkerd,,10.1.37.193:4191,linkerd,linkerd-destination,linkerd,linkerd-destination-654f8848f5-4tr7b,654f8848f5,linkerd-destination,linkerd-destination.linkerd.serviceaccount.identity.linkerd.cluster.local,,,
1614827690.101,response_latency_ms_sum,,,10.1.37.198:4191,linkerd-proxy,linkerd,,linkerd-prometheus-5bccd64d4d-jzwmt,,64695,,,,,linkerd-prometheus,prometheus,linkerd,outbound,,5bccd64d4d,200,true,linkerd,,10.1.37.193:4191,linkerd,linkerd-destination,linkerd,linkerd-destination-654f8848f5-4tr7b,654f8848f5,linkerd-destination,linkerd-destination.linkerd.serviceaccount.identity.linkerd.cluster.local,,,
1614827700.102,response_latency_ms_sum,,,10.1.37.198:4191,linkerd-proxy,linkerd,,linkerd-prometheus-5bccd64d4d-jzwmt,,64697,,,,,linkerd-prometheus,prometheus,linkerd,outbound,,5bccd64d4d,200,true,linkerd,,10.1.37.193:4191,linkerd,linkerd-destination,linkerd,linkerd-destination-654f8848f5-4tr7b,654f8848f5,linkerd-destination,linkerd-destination.linkerd.serviceaccount.identity.linkerd.cluster.local,,,
1614827710.101,response_latency_ms_sum,,,10.1.37.198:4191,linkerd-proxy,linkerd,,linkerd-prometheus-5bccd64d4d-jzwmt,,64699,,,,,linkerd-prometheus,prometheus,linkerd,outbound,,5bccd64d4d,200,true,linkerd,,10.1.37.193:4191,linkerd,linkerd-destination,linkerd,linkerd-destination-654f8848f5-4tr7b,654f8848f5,linkerd-destination,linkerd-destination.linkerd.serviceaccount.identity.linkerd.cluster.local,,,
1614827720.101,response_latency_ms_sum,,,10.1.37.198:4191,linkerd-proxy,linkerd,,linkerd-prometheus-5bccd64d4d-jzwmt,,64700,,,,,linkerd-prometheus,prometheus,linkerd,outbound,,5bccd64d4d,200,true,linkerd,,10.1.37.193:4191,linkerd,linkerd-destination,linkerd,linkerd-destination-654f8848f5-4tr7b,654f8848f5,linkerd-destination,linkerd-destination.linkerd.serviceaccount.identity.linkerd.cluster.local,,,
1614827730.101,response_latency_ms_sum,,,10.1.37.198:4191,linkerd-proxy,linkerd,,linkerd-prometheus-5bccd64d4d-jzwmt,,64702,,,,,linkerd-prometheus,prometheus,linkerd,outbound,,5bccd64d4d,200,true,linkerd,,10.1.37.193:4191,linkerd,linkerd-destination,linkerd,linkerd-destination-654f8848f5-4tr7b,654f8848f5,linkerd-destination,linkerd-destination.linkerd.serviceaccount.identity.linkerd.cluster.local,,,
1614827740.101,response_latency_ms_sum,,,10.1.37.198:4191,linkerd-proxy,linkerd,,linkerd-prometheus-5bccd64d4d-jzwmt,,64706,,,,,linkerd-prometheus,prometheus,linkerd,outbound,,5bccd64d4d,200,true,linkerd,,10.1.37.193:4191,linkerd,linkerd-destination,linkerd,linkerd-destination-654f8848f5-4tr7b,654f8848f5,linkerd-destination,linkerd-destination.linkerd.serviceaccount.identity.linkerd.cluster.local,,,
1614827750.101,response_latency_ms_sum,,,10.1.37.198:4191,linkerd-proxy,linkerd,,linkerd-prometheus-5bccd64d4d-jzwmt,,64708,,,,,linkerd-prometheus,prometheus,linkerd,outbound,,5bccd64d4d,200,true,linkerd,,10.1.37.193:4191,linkerd,linkerd-destination,linkerd,linkerd-destination-654f8848f5-4tr7b,654f8848f5,linkerd-destination,linkerd-destination.linkerd.serviceaccount.identity.linkerd.cluster.local,,,
1614827760.101,response_latency_ms_sum,,,10.1.37.198:4191,linkerd-proxy,linkerd,,linkerd-prometheus-5bccd64d4d-jzwmt,,64710,,,,,linkerd-prometheus,prometheus,linkerd,outbound,,5bccd64d4d,200,true,linkerd,,10.1.37.193:4191,linkerd,linkerd-destination,linkerd,linkerd-destination-654f8848f5-4tr7b,654f8848f5,linkerd-destination,linkerd-destination.linkerd.serviceaccount.identity.linkerd.cluster.local,,,
1614827770.101,response_latency_ms_sum,,,10.1.37.198:4191,linkerd-proxy,linkerd,,linkerd-prometheus-5bccd64d4d-jzwmt,,64711,,,,,linkerd-prometheus,prometheus,linkerd,outbound,,5bccd64d4d,200,true,linkerd,,10.1.37.193:4191,linkerd,linkerd-destination,linkerd,linkerd-destination-654f8848f5-4tr7b,654f8848f5,linkerd-destination,linkerd-destination.linkerd.serviceaccount.identity.linkerd.cluster.local,,,
1614827780.101,response_latency_ms_sum,,,10.1.37.198:4191,linkerd-proxy,linkerd,,linkerd-prometheus-5bccd64d4d-jzwmt,,64713,,,,,linkerd-prometheus,prometheus,linkerd,outbound,,5bccd64d4d,200,true,linkerd,,10.1.37.193:4191,linkerd,linkerd-destination,linkerd,linkerd-destination-654f8848f5-4tr7b,654f8848f5,linkerd-destination,linkerd-destination.linkerd.serviceaccount.identity.linkerd.cluster.local,,,
1614827790.101,response_latency_ms_sum,,,10.1.37.198:4191,linkerd-proxy,linkerd,,linkerd-prometheus-5bccd64d4d-jzwmt,,64715,,,,,linkerd-prometheus,prometheus,linkerd,outbound,,5bccd64d4d,200,true,linkerd,,10.1.37.193:4191,linkerd,linkerd-destination,linkerd,linkerd-destination-654f8848f5-4tr7b,654f8848f5,linkerd-destination,linkerd-destination.linkerd.serviceaccount.identity.linkerd.cluster.local,,,
1614827800.101,response_latency_ms_sum,,,10.1.37.198:4191,linkerd-proxy,linkerd,,linkerd-prometheus-5bccd64d4d-jzwmt,,64718,,,,,linkerd-prometheus,prometheus,linkerd,outbound,,5bccd64d4d,200,true,linkerd,,10.1.37.193:4191,linkerd,linkerd-destination,linkerd,linkerd-destination-654f8848f5-4tr7b,654f8848f5,linkerd-destination,linkerd-destination.linkerd.serviceaccount.identity.linkerd.cluster.local,,,
1614827640.101,response_latency_ms_sum,,,10.1.37.198:4191,linkerd-proxy,linkerd,,linkerd-prometheus-5bccd64d4d-jzwmt,,88203,,,,,linkerd-prometheus,prometheus,linkerd,outbound,,5bccd64d4d,200,true,linkerd,,10.1.37.205:4191,linkerd,linkerd-grafana,linkerd,linkerd-grafana-ddd5c496f-cctr6,ddd5c496f,linkerd-grafana,linkerd-grafana.linkerd.serviceaccount.identity.linkerd.cluster.local,,,
1614827650.102,response_latency_ms_sum,,,10.1.37.198:4191,linkerd-proxy,linkerd,,linkerd-prometheus-5bccd64d4d-jzwmt,,88205,,,,,linkerd-prometheus,prometheus,linkerd,outbound,,5bccd64d4d,200,true,linkerd,,10.1.37.205:4191,linkerd,linkerd-grafana,linkerd,linkerd-grafana-ddd5c496f-cctr6,ddd5c496f,linkerd-grafana,linkerd-grafana.linkerd.serviceaccount.identity.linkerd.cluster.local,,,
1614827660.102,response_latency_ms_sum,,,10.1.37.198:4191,linkerd-proxy,linkerd,,linkerd-prometheus-5bccd64d4d-jzwmt,,88208,,,,,linkerd-prometheus,prometheus,linkerd,outbound,,5bccd64d4d,200,true,linkerd,,10.1.37.205:4191,linkerd,linkerd-grafana,linkerd,linkerd-grafana-ddd5c496f-cctr6,ddd5c496f,linkerd-grafana,linkerd-grafana.linkerd.serviceaccount.identity.linkerd.cluster.local,,,
1614827670.101,response_latency_ms_sum,,,10.1.37.198:4191,linkerd-proxy,linkerd,,linkerd-prometheus-5bccd64d4d-jzwmt,,88211,,,,,linkerd-prometheus,prometheus,linkerd,outbound,,5bccd64d4d,200,true,linkerd,,10.1.37.205:4191,linkerd,linkerd-grafana,linkerd,linkerd-grafana-ddd5c496f-cctr6,ddd5c496f,linkerd-grafana,linkerd-grafana.linkerd.serviceaccount.identity.linkerd.cluster.local,,,
1614827680.101,response_latency_ms_sum,,,10.1.37.198:4191,linkerd-proxy,linkerd,,linkerd-prometheus-5bccd64d4d-jzwmt,,88213,,,,,linkerd-prometheus,prometheus,linkerd,outbound,,5bccd64d4d,200,true,linkerd,,10.1.37.205:4191,linkerd,linkerd-grafana,linkerd,linkerd-grafana-ddd5c496f-cctr6,ddd5c496f,linkerd-grafana,linkerd-grafana.linkerd.serviceaccount.identity.linkerd.cluster.local,,,
1614827690.101,response_latency_ms_sum,,,10.1.37.198:4191,linkerd-proxy,linkerd,,linkerd-prometheus-5bccd64d4d-jzwmt,,88218,,,,,linkerd-prometheus,prometheus,linkerd,outbound,,5bccd64d4d,200,true,linkerd,,10.1.37.205:4191,linkerd,linkerd-grafana,linkerd,linkerd-grafana-ddd5c496f-cctr6,ddd5c496f,linkerd-grafana,linkerd-grafana.linkerd.serviceaccount.identity.linkerd.cluster.local,,,
1614827700.102,response_latency_ms_sum,,,10.1.37.198:4191,linkerd-proxy,linkerd,,linkerd-prometheus-5bccd64d4d-jzwmt,,88228,,,,,linkerd-prometheus,prometheus,linkerd,outbound,,5bccd64d4d,200,true,linkerd,,10.1.37.205:4191,linkerd,linkerd-grafana,linkerd,linkerd-grafana-ddd5c496f-cctr6,ddd5c496f,linkerd-grafana,linkerd-grafana.linkerd.serviceaccount.identity.linkerd.cluster.local,,,
1614827710.101,response_latency_ms_sum,,,10.1.37.198:4191,linkerd-proxy,linkerd,,linkerd-prometheus-5bccd64d4d-jzwmt,,88244,,,,,linkerd-prometheus,prometheus,linkerd,outbound,,5bccd64d4d,200,true,linkerd,,10.1.37.205:4191,linkerd,linkerd-grafana,linkerd,linkerd-grafana-ddd5c496f-cctr6,ddd5c496f,linkerd-grafana,linkerd-grafana.linkerd.serviceaccount.identity.linkerd.cluster.local,,,
1614827720.101,response_latency_ms_sum,,,10.1.37.198:4191,linkerd-proxy,linkerd,,linkerd-prometheus-5bccd64d4d-jzwmt,,88246,,,,,linkerd-prometheus,prometheus,linkerd,outbound,,5bccd64d4d,200,true,linkerd,,10.1.37.205:4191,linkerd,linkerd-grafana,linkerd,linkerd-grafana-ddd5c496f-cctr6,ddd5c496f,linkerd-grafana,linkerd-grafana.linkerd.serviceaccount.identity.linkerd.cluster.local,,,
1614827730.101,response_latency_ms_sum,,,10.1.37.198:4191,linkerd-proxy,linkerd,,linkerd-prometheus-5bccd64d4d-jzwmt,,88247,,,,,linkerd-prometheus,prometheus,linkerd,outbound,,5bccd64d4d,200,true,linkerd,,10.1.37.205:4191,linkerd,linkerd-grafana,linkerd,linkerd-grafana-ddd5c496f-cctr6,ddd5c496f,linkerd-grafana,linkerd-grafana.linkerd.serviceaccount.identity.linkerd.cluster.local,,,
1614827740.101,response_latency_ms_sum,,,10.1.37.198:4191,linkerd-proxy,linkerd,,linkerd-prometheus-5bccd64d4d-jzwmt,,88251,,,,,linkerd-prometheus,prometheus,linkerd,outbound,,5bccd64d4d,200,true,linkerd,,10.1.37.205:4191,linkerd,linkerd-grafana,linkerd,linkerd-grafana-ddd5c496f-cctr6,ddd5c496f,linkerd-grafana,linkerd-grafana.linkerd.serviceaccount.identity.linkerd.cluster.local,,,
1614827750.101,response_latency_ms_sum,,,10.1.37.198:4191,linkerd-proxy,linkerd,,linkerd-prometheus-5bccd64d4d-jzwmt,,88254,,,,,linkerd-prometheus,prometheus,linkerd,outbound,,5bccd64d4d,200,true,linkerd,,10.1.37.205:4191,linkerd,linkerd-grafana,linkerd,linkerd-grafana-ddd5c496f-cctr6,ddd5c496f,linkerd-grafana,linkerd-grafana.linkerd.serviceaccount.identity.linkerd.cluster.local,,,
1614827760.101,response_latency_ms_sum,,,10.1.37.198:4191,linkerd-proxy,linkerd,,linkerd-prometheus-5bccd64d4d-jzwmt,,88255,,,,,linkerd-prometheus,prometheus,linkerd,outbound,,5bccd64d4d,200,true,linkerd,,10.1.37.205:4191,linkerd,linkerd-grafana,linkerd,linkerd-grafana-ddd5c496f-cctr6,ddd5c496f,linkerd-grafana,linkerd-grafana.linkerd.serviceaccount.identity.linkerd.cluster.local,,,
1614827770.101,response_latency_ms_sum,,,10.1.37.198:4191,linkerd-proxy,linkerd,,linkerd-prometheus-5bccd64d4d-jzwmt,,88260,,,,,linkerd-prometheus,prometheus,linkerd,outbound,,5bccd64d4d,200,true,linkerd,,10.1.37.205:4191,linkerd,linkerd-grafana,linkerd,linkerd-grafana-ddd5c496f-cctr6,ddd5c496f,linkerd-grafana,linkerd-grafana.linkerd.serviceaccount.identity.linkerd.cluster.local,,,
1614827780.101,response_latency_ms_sum,,,10.1.37.198:4191,linkerd-proxy,linkerd,,linkerd-prometheus-5bccd64d4d-jzwmt,,88265,,,,,linkerd-prometheus,prometheus,linkerd,outbound,,5bccd64d4d,200,true,linkerd,,10.1.37.205:4191,linkerd,linkerd-grafana,linkerd,linkerd-grafana-ddd5c496f-cctr6,ddd5c496f,linkerd-grafana,linkerd-grafana.linkerd.serviceaccount.identity.linkerd.cluster.local,,,
1614827790.101,response_latency_ms_sum,,,10.1.37.198:4191,linkerd-proxy,linkerd,,linkerd-prometheus-5bccd64d4d-jzwmt,,88270,,,,,linkerd-prometheus,prometheus,linkerd,outbound,,5bccd64d4d,200,true,linkerd,,10.1.37.205:4191,linkerd,linkerd-grafana,linkerd,linkerd-grafana-ddd5c496f-cctr6,ddd5c496f,linkerd-grafana,linkerd-grafana.linkerd.serviceaccount.identity.linkerd.cluster.local,,,
1614827800.101,response_latency_ms_sum,,,10.1.37.198:4191,linkerd-proxy,linkerd,,linkerd-prometheus-5bccd64d4d-jzwmt,,88274,,,,,linkerd-prometheus,prometheus,linkerd,outbound,,5bccd64d4d,200,true,linkerd,,10.1.37.205:4191,linkerd,linkerd-grafana,linkerd,linkerd-grafana-ddd5c496f-cctr6,ddd5c496f,linkerd-grafana,linkerd-grafana.linkerd.serviceaccount.identity.linkerd.cluster.local,,,
1614827640.101,response_latency_ms_sum,,,10.1.37.198:4191,linkerd-proxy,linkerd,,linkerd-prometheus-5bccd64d4d-jzwmt,,61387,,,,,linkerd-prometheus,prometheus,linkerd,outbound,,5bccd64d4d,200,true,linkerd,,10.1.37.192:9994,linkerd,linkerd-web,linkerd,linkerd-web-b48d9c89b-49fzh,b48d9c89b,linkerd-web,linkerd-web.linkerd.serviceaccount.identity.linkerd.cluster.local,,,
1614827650.102,response_latency_ms_sum,,,10.1.37.198:4191,linkerd-proxy,linkerd,,linkerd-prometheus-5bccd64d4d-jzwmt,,61389,,,,,linkerd-prometheus,prometheus,linkerd,outbound,,5bccd64d4d,200,true,linkerd,,10.1.37.192:9994,linkerd,linkerd-web,linkerd,linkerd-web-b48d9c89b-49fzh,b48d9c89b,linkerd-web,linkerd-web.linkerd.serviceaccount.identity.linkerd.cluster.local,,,
1614827660.102,response_latency_ms_sum,,,10.1.37.198:4191,linkerd-proxy,linkerd,,linkerd-prometheus-5bccd64d4d-jzwmt,,61391,,,,,linkerd-prometheus,prometheus,linkerd,outbound,,5bccd64d4d,200,true,linkerd,,10.1.37.192:9994,linkerd,linkerd-web,linkerd,linkerd-web-b48d9c89b-49fzh,b48d9c89b,linkerd-web,linkerd-web.linkerd.serviceaccount.identity.linkerd.cluster.local,,,
1614827670.101,response_latency_ms_sum,,,10.1.37.198:4191,linkerd-proxy,linkerd,,linkerd-prometheus-5bccd64d4d-jzwmt,,61392,,,,,linkerd-prometheus,prometheus,linkerd,outbound,,5bccd64d4d,200,true,linkerd,,10.1.37.192:9994,linkerd,linkerd-web,linkerd,linkerd-web-b48d9c89b-49fzh,b48d9c89b,linkerd-web,linkerd-web.linkerd.serviceaccount.identity.linkerd.cluster.local,,,
1614827680.101,response_latency_ms_sum,,,10.1.37.198:4191,linkerd-proxy,linkerd,,linkerd-prometheus-5bccd64d4d-jzwmt,,61393,,,,,linkerd-prometheus,prometheus,linkerd,outbound,,5bccd64d4d,200,true,linkerd,,10.1.37.192:9994,linkerd,linkerd-web,linkerd,linkerd-web-b48d9c89b-49fzh,b48d9c89b,linkerd-web,linkerd-web.linkerd.serviceaccount.identity.linkerd.cluster.local,,,
1614827690.101,response_latency_ms_sum,,,10.1.37.198:4191,linkerd-proxy,linkerd,,linkerd-prometheus-5bccd64d4d-jzwmt,,61394,,,,,linkerd-prometheus,prometheus,linkerd,outbound,,5bccd64d4d,200,true,linkerd,,10.1.37.192:9994,linkerd,linkerd-web,linkerd,linkerd-web-b48d9c89b-49fzh,b48d9c89b,linkerd-web,linkerd-web.linkerd.serviceaccount.identity.linkerd.cluster.local,,,
1614827700.102,response_latency_ms_sum,,,10.1.37.198:4191,linkerd-proxy,linkerd,,linkerd-prometheus-5bccd64d4d-jzwmt,,61395,,,,,linkerd-prometheus,prometheus,linkerd,outbound,,5bccd64d4d,200,true,linkerd,,10.1.37.192:9994,linkerd,linkerd-web,linkerd,linkerd-web-b48d9c89b-49fzh,b48d9c89b,linkerd-web,linkerd-web.linkerd.serviceaccount.identity.linkerd.cluster.local,,,
1614827710.101,response_latency_ms_sum,,,10.1.37.198:4191,linkerd-proxy,linkerd,,linkerd-prometheus-5bccd64d4d-jzwmt,,61397,,,,,linkerd-prometheus,prometheus,linkerd,outbound,,5bccd64d4d,200,true,linkerd,,10.1.37.192:9994,linkerd,linkerd-web,linkerd,linkerd-web-b48d9c89b-49fzh,b48d9c89b,linkerd-web,linkerd-web.linkerd.serviceaccount.identity.linkerd.cluster.local,,,
1614827720.101,response_latency_ms_sum,,,10.1.37.198:4191,linkerd-proxy,linkerd,,linkerd-prometheus-5bccd64d4d-jzwmt,,61399,,,,,linkerd-prometheus,prometheus,linkerd,outbound,,5bccd64d4d,200,true,linkerd,,10.1.37.192:9994,linkerd,linkerd-web,linkerd,linkerd-web-b48d9c89b-49fzh,b48d9c89b,linkerd-web,linkerd-web.linkerd.serviceaccount.identity.linkerd.cluster.local,,,
1614827730.101,response_latency_ms_sum,,,10.1.37.198:4191,linkerd-proxy,linkerd,,linkerd-prometheus-5bccd64d4d-jzwmt,,61404,,,,,linkerd-prometheus,prometheus,linkerd,outbound,,5bccd64d4d,200,true,linkerd,,10.1.37.192:9994,linkerd,linkerd-web,linkerd,linkerd-web-b48d9c89b-49fzh,b48d9c89b,linkerd-web,linkerd-web.linkerd.serviceaccount.identity.linkerd.cluster.local,,,
1614827740.101,response_latency_ms_sum,,,10.1.37.198:4191,linkerd-proxy,linkerd,,linkerd-prometheus-5bccd64d4d-jzwmt,,61407,,,,,linkerd-prometheus,prometheus,linkerd,outbound,,5bccd64d4d,200,true,linkerd,,10.1.37.192:9994,linkerd,linkerd-web,linkerd,linkerd-web-b48d9c89b-49fzh,b48d9c89b,linkerd-web,linkerd-web.linkerd.serviceaccount.identity.linkerd.cluster.local,,,
1614827750.101,response_latency_ms_sum,,,10.1.37.198:4191,linkerd-proxy,linkerd,,linkerd-prometheus-5bccd64d4d-jzwmt,,61409,,,,,linkerd-prometheus,prometheus,linkerd,outbound,,5bccd64d4d,200,true,linkerd,,10.1.37.192:9994,linkerd,linkerd-web,linkerd,linkerd-web-b48d9c89b-49fzh,b48d9c89b,linkerd-web,linkerd-web.linkerd.serviceaccount.identity.linkerd.cluster.local,,,
1614827760.101,response_latency_ms_sum,,,10.1.37.198:4191,linkerd-proxy,linkerd,,linkerd-prometheus-5bccd64d4d-jzwmt,,61410,,,,,linkerd-prometheus,prometheus,linkerd,outbound,,5bccd64d4d,200,true,linkerd,,10.1.37.192:9994,linkerd,linkerd-web,linkerd,linkerd-web-b48d9c89b-49fzh,b48d9c89b,linkerd-web,linkerd-web.linkerd.serviceaccount.identity.linkerd.cluster.local,,,
1614827770.101,response_latency_ms_sum,,,10.1.37.198:4191,linkerd-proxy,linkerd,,linkerd-prometheus-5bccd64d4d-jzwmt,,61413,,,,,linkerd-prometheus,prometheus,linkerd,outbound,,5bccd64d4d,200,true,linkerd,,10.1.37.192:9994,linkerd,linkerd-web,linkerd,linkerd-web-b48d9c89b-49fzh,b48d9c89b,linkerd-web,linkerd-web.linkerd.serviceaccount.identity.linkerd.cluster.local,,,
1614827780.101,response_latency_ms_sum,,,10.1.37.198:4191,linkerd-proxy,linkerd,,linkerd-prometheus-5bccd64d4d-jzwmt,,61420,,,,,linkerd-prometheus,prometheus,linkerd,outbound,,5bccd64d4d,200,true,linkerd,,10.1.37.192:9994,linkerd,linkerd-web,linkerd,linkerd-web-b48d9c89b-49fzh,b48d9c89b,linkerd-web,linkerd-web.linkerd.serviceaccount.identity.linkerd.cluster.local,,,
1614827790.101,response_latency_ms_sum,,,10.1.37.198:4191,linkerd-proxy,linkerd,,linkerd-prometheus-5bccd64d4d-jzwmt,,61424,,,,,linkerd-prometheus,prometheus,linkerd,outbound,,5bccd64d4d,200,true,linkerd,,10.1.37.192:9994,linkerd,linkerd-web,linkerd,linkerd-web-b48d9c89b-49fzh,b48d9c89b,linkerd-web,linkerd-web.linkerd.serviceaccount.identity.linkerd.cluster.local,,,
1614827800.101,response_latency_ms_sum,,,10.1.37.198:4191,linkerd-proxy,linkerd,,linkerd-prometheus-5bccd64d4d-jzwmt,,61425,,,,,linkerd-prometheus,prometheus,linkerd,outbound,,5bccd64d4d,200,true,linkerd,,10.1.37.192:9994,linkerd,linkerd-web,linkerd,linkerd-web-b48d9c89b-49fzh,b48d9c89b,linkerd-web,linkerd-web.linkerd.serviceaccount.identity.linkerd.cluster.local,,,
1614827640.101,response_latency_ms_sum,,,10.1.37.198:4191,linkerd-proxy,linkerd,,linkerd-prometheus-5bccd64d4d-jzwmt,,50902,,,,,linkerd-prometheus,prometheus,linkerd,outbound,,5bccd64d4d,200,true,linkerd,,10.1.37.202:9990,linkerd,linkerd-identity,linkerd,linkerd-identity-57f4bc9db9-gb7rk,57f4bc9db9,linkerd-identity,linkerd-identity.linkerd.serviceaccount.identity.linkerd.cluster.local,,,
1614827650.102,response_latency_ms_sum,,,10.1.37.198:4191,linkerd-proxy,linkerd,,linkerd-prometheus-5bccd64d4d-jzwmt,,50904,,,,,linkerd-prometheus,prometheus,linkerd,outbound,,5bccd64d4d,200,true,linkerd,,10.1.37.202:9990,linkerd,linkerd-identity,linkerd,linkerd-identity-57f4bc9db9-gb7rk,57f4bc9db9,linkerd-identity,linkerd-identity.linkerd.serviceaccount.identity.linkerd.cluster.local,,,
1614827660.102,response_latency_ms_sum,,,10.1.37.198:4191,linkerd-proxy,linkerd,,linkerd-prometheus-5bccd64d4d-jzwmt,,50906,,,,,linkerd-prometheus,prometheus,linkerd,outbound,,5bccd64d4d,200,true,linkerd,,10.1.37.202:9990,linkerd,linkerd-identity,linkerd,linkerd-identity-57f4bc9db9-gb7rk,57f4bc9db9,linkerd-identity,linkerd-identity.linkerd.serviceaccount.identity.linkerd.cluster.local,,,
1614827670.101,response_latency_ms_sum,,,10.1.37.198:4191,linkerd-proxy,linkerd,,linkerd-prometheus-5bccd64d4d-jzwmt,,50907,,,,,linkerd-prometheus,prometheus,linkerd,outbound,,5bccd64d4d,200,true,linkerd,,10.1.37.202:9990,linkerd,linkerd-identity,linkerd,linkerd-identity-57f4bc9db9-gb7rk,57f4bc9db9,linkerd-identity,linkerd-identity.linkerd.serviceaccount.identity.linkerd.cluster.local,,,
1614827680.101,response_latency_ms_sum,,,10.1.37.198:4191,linkerd-proxy,linkerd,,linkerd-prometheus-5bccd64d4d-jzwmt,,50908,,,,,linkerd-prometheus,prometheus,linkerd,outbound,,5bccd64d4d,200,true,linkerd,,10.1.37.202:9990,linkerd,linkerd-identity,linkerd,linkerd-identity-57f4bc9db9-gb7rk,57f4bc9db9,linkerd-identity,linkerd-identity.linkerd.serviceaccount.identity.linkerd.cluster.local,,,
1614827690.101,response_latency_ms_sum,,,10.1.37.198:4191,linkerd-proxy,linkerd,,linkerd-prometheus-5bccd64d4d-jzwmt,,50909,,,,,linkerd-prometheus,prometheus,linkerd,outbound,,5bccd64d4d,200,true,linkerd,,10.1.37.202:9990,linkerd,linkerd-identity,linkerd,linkerd-identity-57f4bc9db9-gb7rk,57f4bc9db9,linkerd-identity,linkerd-identity.linkerd.serviceaccount.identity.linkerd.cluster.local,,,
1614827700.102,response_latency_ms_sum,,,10.1.37.198:4191,linkerd-proxy,linkerd,,linkerd-prometheus-5bccd64d4d-jzwmt,,50910,,,,,linkerd-prometheus,prometheus,linkerd,outbound,,5bccd64d4d,200,true,linkerd,,10.1.37.202:9990,linkerd,linkerd-identity,linkerd,linkerd-identity-57f4bc9db9-gb7rk,57f4bc9db9,linkerd-identity,linkerd-identity.linkerd.serviceaccount.identity.linkerd.cluster.local,,,
1614827710.101,response_latency_ms_sum,,,10.1.37.198:4191,linkerd-proxy,linkerd,,linkerd-prometheus-5bccd64d4d-jzwmt,,50911,,,,,linkerd-prometheus,prometheus,linkerd,outbound,,5bccd64d4d,200,true,linkerd,,10.1.37.202:9990,linkerd,linkerd-identity,linkerd,linkerd-identity-57f4bc9db9-gb7rk,57f4bc9db9,linkerd-identity,linkerd-identity.linkerd.serviceaccount.identity.linkerd.cluster.local,,,
1614827720.101,response_latency_ms_sum,,,10.1.37.198:4191,linkerd-proxy,linkerd,,linkerd-prometheus-5bccd64d4d-jzwmt,,50913,,,,,linkerd-prometheus,prometheus,linkerd,outbound,,5bccd64d4d,200,true,linkerd,,10.1.37.202:9990,linkerd,linkerd-identity,linkerd,linkerd-identity-57f4bc9db9-gb7rk,57f4bc9db9,linkerd-identity,linkerd-identity.linkerd.serviceaccount.identity.linkerd.cluster.local,,,
1614827730.101,response_latency_ms_sum,,,10.1.37.198:4191,linkerd-proxy,linkerd,,linkerd-prometheus-5bccd64d4d-jzwmt,,50915,,,,,linkerd-prometheus,prometheus,linkerd,outbound,,5bccd64d4d,200,true,linkerd,,10.1.37.202:9990,linkerd,linkerd-identity,linkerd,linkerd-identity-57f4bc9db9-gb7rk,57f4bc9db9,linkerd-identity,linkerd-identity.linkerd.serviceaccount.identity.linkerd.cluster.local,,,
1614827740.101,response_latency_ms_sum,,,10.1.37.198:4191,linkerd-proxy,linkerd,,linkerd-prometheus-5bccd64d4d-jzwmt,,50917,,,,,linkerd-prometheus,prometheus,linkerd,outbound,,5bccd64d4d,200,true,linkerd,,10.1.37.202:9990,linkerd,linkerd-identity,linkerd,linkerd-identity-57f4bc9db9-gb7rk,57f4bc9db9,linkerd-identity,linkerd-identity.linkerd.serviceaccount.identity.linkerd.cluster.local,,,
1614827750.101,response_latency_ms_sum,,,10.1.37.198:4191,linkerd-proxy,linkerd,,linkerd-prometheus-5bccd64d4d-jzwmt,,50918,,,,,linkerd-prometheus,prometheus,linkerd,outbound,,5bccd64d4d,200,true,linkerd,,10.1.37.202:9990,linkerd,linkerd-identity,linkerd,linkerd-identity-57f4bc9db9-gb7rk,57f4bc9db9,linkerd-identity,linkerd-identity.linkerd.serviceaccount.identity.linkerd.cluster.local,,,
1614827760.101,response_latency_ms_sum,,,10.1.37.198:4191,linkerd-proxy,linkerd,,linkerd-prometheus-5bccd64d4d-jzwmt,,50919,,,,,linkerd-prometheus,prometheus,linkerd,outbound,,5bccd64d4d,200,true,linkerd,,10.1.37.202:9990,linkerd,linkerd-identity,linkerd,linkerd-identity-57f4bc9db9-gb7rk,57f4bc9db9,linkerd-identity,linkerd-identity.linkerd.serviceaccount.identity.linkerd.cluster.local,,,
1614827770.101,response_latency_ms_sum,,,10.1.37.198:4191,linkerd-proxy,linkerd,,linkerd-prometheus-5bccd64d4d-jzwmt,,50920,,,,,linkerd-prometheus,prometheus,linkerd,outbound,,5bccd64d4d,200,true,linkerd,,10.1.37.202:9990,linkerd,linkerd-identity,linkerd,linkerd-identity-57f4bc9db9-gb7rk,57f4bc9db9,linkerd-identity,linkerd-identity.linkerd.serviceaccount.identity.linkerd.cluster.local,,,
1614827780.101,response_latency_ms_sum,,,10.1.37.198:4191,linkerd-proxy,linkerd,,linkerd-prometheus-5bccd64d4d-jzwmt,,50922,,,,,linkerd-prometheus,prometheus,linkerd,outbound,,5bccd64d4d,200,true,linkerd,,10.1.37.202:9990,linkerd,linkerd-identity,linkerd,linkerd-identity-57f4bc9db9-gb7rk,57f4bc9db9,linkerd-identity,linkerd-identity.linkerd.serviceaccount.identity.linkerd.cluster.local,,,
1614827790.101,response_latency_ms_sum,,,10.1.37.198:4191,linkerd-proxy,linkerd,,linkerd-prometheus-5bccd64d4d-jzwmt,,50924,,,,,linkerd-prometheus,prometheus,linkerd,outbound,,5bccd64d4d,200,true,linkerd,,10.1.37.202:9990,linkerd,linkerd-identity,linkerd,linkerd-identity-57f4bc9db9-gb7rk,57f4bc9db9,linkerd-identity,linkerd-identity.linkerd.serviceaccount.identity.linkerd.cluster.local,,,
1614827800.101,response_latency_ms_sum,,,10.1.37.198:4191,linkerd-proxy,linkerd,,linkerd-prometheus-5bccd64d4d-jzwmt,,50925,,,,,linkerd-prometheus,prometheus,linkerd,outbound,,5bccd64d4d,200,true,linkerd,,10.1.37.202:9990,linkerd,linkerd-identity,linkerd,linkerd-identity-57f4bc9db9-gb7rk,57f4bc9db9,linkerd-identity,linkerd-identity.linkerd.serviceaccount.identity.linkerd.cluster.local,,,
1614827640.101,response_latency_ms_sum,,,10.1.37.198:4191,linkerd-proxy,linkerd,,linkerd-prometheus-5bccd64d4d-jzwmt,,109059,,,,,linkerd-prometheus,prometheus,linkerd,outbound,,5bccd64d4d,200,true,linkerd,,10.1.37.193:9996,linkerd,linkerd-destination,linkerd,linkerd-destination-654f8848f5-4tr7b,654f8848f5,linkerd-destination,linkerd-destination.linkerd.serviceaccount.identity.linkerd.cluster.local,,,
1614827650.102,response_latency_ms_sum,,,10.1.37.198:4191,linkerd-proxy,linkerd,,linkerd-prometheus-5bccd64d4d-jzwmt,,109062,,,,,linkerd-prometheus,prometheus,linkerd,outbound,,5bccd64d4d,200,true,linkerd,,10.1.37.193:9996,linkerd,linkerd-destination,linkerd,linkerd-destination-654f8848f5-4tr7b,654f8848f5,linkerd-destination,linkerd-destination.linkerd.serviceaccount.identity.linkerd.cluster.local,,,
1614827660.102,response_latency_ms_sum,,,10.1.37.198:4191,linkerd-proxy,linkerd,,linkerd-prometheus-5bccd64d4d-jzwmt,,109065,,,,,linkerd-prometheus,prometheus,linkerd,outbound,,5bccd64d4d,200,true,linkerd,,10.1.37.193:9996,linkerd,linkerd-destination,linkerd,linkerd-destination-654f8848f5-4tr7b,654f8848f5,linkerd-destination,linkerd-destination.linkerd.serviceaccount.identity.linkerd.cluster.local,,,
1614827670.101,response_latency_ms_sum,,,10.1.37.198:4191,linkerd-proxy,linkerd,,linkerd-prometheus-5bccd64d4d-jzwmt,,109069,,,,,linkerd-prometheus,prometheus,linkerd,outbound,,5bccd64d4d,200,true,linkerd,,10.1.37.193:9996,linkerd,linkerd-destination,linkerd,linkerd-destination-654f8848f5-4tr7b,654f8848f5,linkerd-destination,linkerd-destination.linkerd.serviceaccount.identity.linkerd.cluster.local,,,
1614827680.101,response_latency_ms_sum,,,10.1.37.198:4191,linkerd-proxy,linkerd,,linkerd-prometheus-5bccd64d4d-jzwmt,,109075,,,,,linkerd-prometheus,prometheus,linkerd,outbound,,5bccd64d4d,200,true,linkerd,,10.1.37.193:9996,linkerd,linkerd-destination,linkerd,linkerd-destination-654f8848f5-4tr7b,654f8848f5,linkerd-destination,linkerd-destination.linkerd.serviceaccount.identity.linkerd.cluster.local,,,
1614827690.101,response_latency_ms_sum,,,10.1.37.198:4191,linkerd-proxy,linkerd,,linkerd-prometheus-5bccd64d4d-jzwmt,,109080,,,,,linkerd-prometheus,prometheus,linkerd,outbound,,5bccd64d4d,200,true,linkerd,,10.1.37.193:9996,linkerd,linkerd-destination,linkerd,linkerd-destination-654f8848f5-4tr7b,654f8848f5,linkerd-destination,linkerd-destination.linkerd.serviceaccount.identity.linkerd.cluster.local,,,
1614827700.102,response_latency_ms_sum,,,10.1.37.198:4191,linkerd-proxy,linkerd,,linkerd-prometheus-5bccd64d4d-jzwmt,,109083,,,,,linkerd-prometheus,prometheus,linkerd,outbound,,5bccd64d4d,200,true,linkerd,,10.1.37.193:9996,linkerd,linkerd-destination,linkerd,linkerd-destination-654f8848f5-4tr7b,654f8848f5,linkerd-destination,linkerd-destination.linkerd.serviceaccount.identity.linkerd.cluster.local,,,
1614827710.101,response_latency_ms_sum,,,10.1.37.198:4191,linkerd-proxy,linkerd,,linkerd-prometheus-5bccd64d4d-jzwmt,,109088,,,,,linkerd-prometheus,prometheus,linkerd,outbound,,5bccd64d4d,200,true,linkerd,,10.1.37.193:9996,linkerd,linkerd-destination,linkerd,linkerd-destination-654f8848f5-4tr7b,654f8848f5,linkerd-destination,linkerd-destination.linkerd.serviceaccount.identity.linkerd.cluster.local,,,
1614827720.101,response_latency_ms_sum,,,10.1.37.198:4191,linkerd-proxy,linkerd,,linkerd-prometheus-5bccd64d4d-jzwmt,,109090,,,,,linkerd-prometheus,prometheus,linkerd,outbound,,5bccd64d4d,200,true,linkerd,,10.1.37.193:9996,linkerd,linkerd-destination,linkerd,linkerd-destination-654f8848f5-4tr7b,654f8848f5,linkerd-destination,linkerd-destination.linkerd.serviceaccount.identity.linkerd.cluster.local,,,
1614827730.101,response_latency_ms_sum,,,10.1.37.198:4191,linkerd-proxy,linkerd,,linkerd-prometheus-5bccd64d4d-jzwmt,,109092,,,,,linkerd-prometheus,prometheus,linkerd,outbound,,5bccd64d4d,200,true,linkerd,,10.1.37.193:9996,linkerd,linkerd-destination,linkerd,linkerd-destination-654f8848f5-4tr7b,654f8848f5,linkerd-destination,linkerd-destination.linkerd.serviceaccount.identity.linkerd.cluster.local,,,
1614827740.101,response_latency_ms_sum,,,10.1.37.198:4191,linkerd-proxy,linkerd,,linkerd-prometheus-5bccd64d4d-jzwmt,,109098,,,,,linkerd-prometheus,prometheus,linkerd,outbound,,5bccd64d4d,200,true,linkerd,,10.1.37.193:9996,linkerd,linkerd-destination,linkerd,linkerd-destination-654f8848f5-4tr7b,654f8848f5,linkerd-destination,linkerd-destination.linkerd.serviceaccount.identity.linkerd.cluster.local,,,
1614827750.101,response_latency_ms_sum,,,10.1.37.198:4191,linkerd-proxy,linkerd,,linkerd-prometheus-5bccd64d4d-jzwmt,,109100,,,,,linkerd-prometheus,prometheus,linkerd,outbound,,5bccd64d4d,200,true,linkerd,,10.1.37.193:9996,linkerd,linkerd-destination,linkerd,linkerd-destination-654f8848f5-4tr7b,654f8848f5,linkerd-destination,linkerd-destination.linkerd.serviceaccount.identity.linkerd.cluster.local,,,
1614827760.101,response_latency_ms_sum,,,10.1.37.198:4191,linkerd-proxy,linkerd,,linkerd-prometheus-5bccd64d4d-jzwmt,,109105,,,,,linkerd-prometheus,prometheus,linkerd,outbound,,5bccd64d4d,200,true,linkerd,,10.1.37.193:9996,linkerd,linkerd-destination,linkerd,linkerd-destination-654f8848f5-4tr7b,654f8848f5,linkerd-destination,linkerd-destination.linkerd.serviceaccount.identity.linkerd.cluster.local,,,
1614827770.101,response_latency_ms_sum,,,10.1.37.198:4191,linkerd-proxy,linkerd,,linkerd-prometheus-5bccd64d4d-jzwmt,,109117,,,,,linkerd-prometheus,prometheus,linkerd,outbound,,5bccd64d4d,200,true,linkerd,,10.1.37.193:9996,linkerd,linkerd-destination,linkerd,linkerd-destination-654f8848f5-4tr7b,654f8848f5,linkerd-destination,linkerd-destination.linkerd.serviceaccount.identity.linkerd.cluster.local,,,
1614827780.101,response_latency_ms_sum,,,10.1.37.198:4191,linkerd-proxy,linkerd,,linkerd-prometheus-5bccd64d4d-jzwmt,,109126,,,,,linkerd-prometheus,prometheus,linkerd,outbound,,5bccd64d4d,200,true,linkerd,,10.1.37.193:9996,linkerd,linkerd-destination,linkerd,linkerd-destination-654f8848f5-4tr7b,654f8848f5,linkerd-destination,linkerd-destination.linkerd.serviceaccount.identity.linkerd.cluster.local,,,
1614827790.101,response_latency_ms_sum,,,10.1.37.198:4191,linkerd-proxy,linkerd,,linkerd-prometheus-5bccd64d4d-jzwmt,,109136,,,,,linkerd-prometheus,prometheus,linkerd,outbound,,5bccd64d4d,200,true,linkerd,,10.1.37.193:9996,linkerd,linkerd-destination,linkerd,linkerd-destination-654f8848f5-4tr7b,654f8848f5,linkerd-destination,linkerd-destination.linkerd.serviceaccount.identity.linkerd.cluster.local,,,
1614827800.101,response_latency_ms_sum,,,10.1.37.198:4191,linkerd-proxy,linkerd,,linkerd-prometheus-5bccd64d4d-jzwmt,,109139,,,,,linkerd-prometheus,prometheus,linkerd,outbound,,5bccd64d4d,200,true,linkerd,,10.1.37.193:9996,linkerd,linkerd-destination,linkerd,linkerd-destination-654f8848f5-4tr7b,654f8848f5,linkerd-destination,linkerd-destination.linkerd.serviceaccount.identity.linkerd.cluster.local,,,
1614827640.101,response_latency_ms_sum,,,10.1.37.198:4191,linkerd-proxy,linkerd,,linkerd-prometheus-5bccd64d4d-jzwmt,,70235,,,,,linkerd-prometheus,prometheus,linkerd,outbound,,5bccd64d4d,200,true,linkerd,,10.1.37.196:9995,linkerd,linkerd-controller,linkerd,linkerd-controller-798d449c77-qk6j4,798d449c77,linkerd-controller,linkerd-controller.linkerd.serviceaccount.identity.linkerd.cluster.local,,,
1614827650.102,response_latency_ms_sum,,,10.1.37.198:4191,linkerd-proxy,linkerd,,linkerd-prometheus-5bccd64d4d-jzwmt,,70236,,,,,linkerd-prometheus,prometheus,linkerd,outbound,,5bccd64d4d,200,true,linkerd,,10.1.37.196:9995,linkerd,linkerd-controller,linkerd,linkerd-controller-798d449c77-qk6j4,798d449c77,linkerd-controller,linkerd-controller.linkerd.serviceaccount.identity.linkerd.cluster.local,,,
1614827660.102,response_latency_ms_sum,,,10.1.37.198:4191,linkerd-proxy,linkerd,,linkerd-prometheus-5bccd64d4d-jzwmt,,70238,,,,,linkerd-prometheus,prometheus,linkerd,outbound,,5bccd64d4d,200,true,linkerd,,10.1.37.196:9995,linkerd,linkerd-controller,linkerd,linkerd-controller-798d449c77-qk6j4,798d449c77,linkerd-controller,linkerd-controller.linkerd.serviceaccount.identity.linkerd.cluster.local,,,
1614827670.101,response_latency_ms_sum,,,10.1.37.198:4191,linkerd-proxy,linkerd,,linkerd-prometheus-5bccd64d4d-jzwmt,,70240,,,,,linkerd-prometheus,prometheus,linkerd,outbound,,5bccd64d4d,200,true,linkerd,,10.1.37.196:9995,linkerd,linkerd-controller,linkerd,linkerd-controller-798d449c77-qk6j4,798d449c77,linkerd-controller,linkerd-controller.linkerd.serviceaccount.identity.linkerd.cluster.local,,,
1614827680.101,response_latency_ms_sum,,,10.1.37.198:4191,linkerd-proxy,linkerd,,linkerd-prometheus-5bccd64d4d-jzwmt,,70246,,,,,linkerd-prometheus,prometheus,linkerd,outbound,,5bccd64d4d,200,true,linkerd,,10.1.37.196:9995,linkerd,linkerd-controller,linkerd,linkerd-controller-798d449c77-qk6j4,798d449c77,linkerd-controller,linkerd-controller.linkerd.serviceaccount.identity.linkerd.cluster.local,,,
1614827690.101,response_latency_ms_sum,,,10.1.37.198:4191,linkerd-proxy,linkerd,,linkerd-prometheus-5bccd64d4d-jzwmt,,70248,,,,,linkerd-prometheus,prometheus,linkerd,outbound,,5bccd64d4d,200,true,linkerd,,10.1.37.196:9995,linkerd,linkerd-controller,linkerd,linkerd-controller-798d449c77-qk6j4,798d449c77,linkerd-controller,linkerd-controller.linkerd.serviceaccount.identity.linkerd.cluster.local,,,
1614827700.102,response_latency_ms_sum,,,10.1.37.198:4191,linkerd-proxy,linkerd,,linkerd-prometheus-5bccd64d4d-jzwmt,,70250,,,,,linkerd-prometheus,prometheus,linkerd,outbound,,5bccd64d4d,200,true,linkerd,,10.1.37.196:9995,linkerd,linkerd-controller,linkerd,linkerd-controller-798d449c77-qk6j4,798d449c77,linkerd-controller,linkerd-controller.linkerd.serviceaccount.identity.linkerd.cluster.local,,,
1614827710.101,response_latency_ms_sum,,,10.1.37.198:4191,linkerd-proxy,linkerd,,linkerd-prometheus-5bccd64d4d-jzwmt,,70252,,,,,linkerd-prometheus,prometheus,linkerd,outbound,,5bccd64d4d,200,true,linkerd,,10.1.37.196:9995,linkerd,linkerd-controller,linkerd,linkerd-controller-798d449c77-qk6j4,798d449c77,linkerd-controller,linkerd-controller.linkerd.serviceaccount.identity.linkerd.cluster.local,,,
1614827720.101,response_latency_ms_sum,,,10.1.37.198:4191,linkerd-proxy,linkerd,,linkerd-prometheus-5bccd64d4d-jzwmt,,70254,,,,,linkerd-prometheus,prometheus,linkerd,outbound,,5bccd64d4d,200,true,linkerd,,10.1.37.196:9995,linkerd,linkerd-controller,linkerd,linkerd-controller-798d449c77-qk6j4,798d449c77,linkerd-controller,linkerd-controller.linkerd.serviceaccount.identity.linkerd.cluster.local,,,
1614827730.101,response_latency_ms_sum,,,10.1.37.198:4191,linkerd-proxy,linkerd,,linkerd-prometheus-5bccd64d4d-jzwmt,,70255,,,,,linkerd-prometheus,prometheus,linkerd,outbound,,5bccd64d4d,200,true,linkerd,,10.1.37.196:9995,linkerd,linkerd-controller,linkerd,linkerd-controller-798d449c77-qk6j4,798d449c77,linkerd-controller,linkerd-controller.linkerd.serviceaccount.identity.linkerd.cluster.local,,,
1614827740.101,response_latency_ms_sum,,,10.1.37.198:4191,linkerd-proxy,linkerd,,linkerd-prometheus-5bccd64d4d-jzwmt,,70258,,,,,linkerd-prometheus,prometheus,linkerd,outbound,,5bccd64d4d,200,true,linkerd,,10.1.37.196:9995,linkerd,linkerd-controller,linkerd,linkerd-controller-798d449c77-qk6j4,798d449c77,linkerd-controller,linkerd-controller.linkerd.serviceaccount.identity.linkerd.cluster.local,,,
1614827750.101,response_latency_ms_sum,,,10.1.37.198:4191,linkerd-proxy,linkerd,,linkerd-prometheus-5bccd64d4d-jzwmt,,70260,,,,,linkerd-prometheus,prometheus,linkerd,outbound,,5bccd64d4d,200,true,linkerd,,10.1.37.196:9995,linkerd,linkerd-controller,linkerd,linkerd-controller-798d449c77-qk6j4,798d449c77,linkerd-controller,linkerd-controller.linkerd.serviceaccount.identity.linkerd.cluster.local,,,
1614827760.101,response_latency_ms_sum,,,10.1.37.198:4191,linkerd-proxy,linkerd,,linkerd-prometheus-5bccd64d4d-jzwmt,,70262,,,,,linkerd-prometheus,prometheus,linkerd,outbound,,5bccd64d4d,200,true,linkerd,,10.1.37.196:9995,linkerd,linkerd-controller,linkerd,linkerd-controller-798d449c77-qk6j4,798d449c77,linkerd-controller,linkerd-controller.linkerd.serviceaccount.identity.linkerd.cluster.local,,,
1614827770.101,response_latency_ms_sum,,,10.1.37.198:4191,linkerd-proxy,linkerd,,linkerd-prometheus-5bccd64d4d-jzwmt,,70263,,,,,linkerd-prometheus,prometheus,linkerd,outbound,,5bccd64d4d,200,true,linkerd,,10.1.37.196:9995,linkerd,linkerd-controller,linkerd,linkerd-controller-798d449c77-qk6j4,798d449c77,linkerd-controller,linkerd-controller.linkerd.serviceaccount.identity.linkerd.cluster.local,,,
1614827780.101,response_latency_ms_sum,,,10.1.37.198:4191,linkerd-proxy,linkerd,,linkerd-prometheus-5bccd64d4d-jzwmt,,70265,,,,,linkerd-prometheus,prometheus,linkerd,outbound,,5bccd64d4d,200,true,linkerd,,10.1.37.196:9995,linkerd,linkerd-controller,linkerd,linkerd-controller-798d449c77-qk6j4,798d449c77,linkerd-controller,linkerd-controller.linkerd.serviceaccount.identity.linkerd.cluster.local,,,
1614827790.101,response_latency_ms_sum,,,10.1.37.198:4191,linkerd-proxy,linkerd,,linkerd-prometheus-5bccd64d4d-jzwmt,,70267,,,,,linkerd-prometheus,prometheus,linkerd,outbound,,5bccd64d4d,200,true,linkerd,,10.1.37.196:9995,linkerd,linkerd-controller,linkerd,linkerd-controller-798d449c77-qk6j4,798d449c77,linkerd-controller,linkerd-controller.linkerd.serviceaccount.identity.linkerd.cluster.local,,,
1614827800.101,response_latency_ms_sum,,,10.1.37.198:4191,linkerd-proxy,linkerd,,linkerd-prometheus-5bccd64d4d-jzwmt,,70269,,,,,linkerd-prometheus,prometheus,linkerd,outbound,,5bccd64d4d,200,true,linkerd,,10.1.37.196:9995,linkerd,linkerd-controller,linkerd,linkerd-controller-798d449c77-qk6j4,798d449c77,linkerd-controller,linkerd-controller.linkerd.serviceaccount.identity.linkerd.cluster.local,,,
1614827631.031,response_latency_ms_sum,,,10.1.37.193:4191,linkerd-proxy,linkerd,,linkerd-destination-654f8848f5-4tr7b,,81638,,,,,linkerd-destination,destination,linkerd,inbound,,654f8848f5,200,true,linkerd,linkerd-prometheus.linkerd.serviceaccount.identity.linkerd.cluster.local,,,,,,,,,,,
1614827641.03,response_latency_ms_sum,,,10.1.37.193:4191,linkerd-proxy,linkerd,,linkerd-destination-654f8848f5-4tr7b,,81639,,,,,linkerd-destination,destination,linkerd,inbound,,654f8848f5,200,true,linkerd,linkerd-prometheus.linkerd.serviceaccount.identity.linkerd.cluster.local,,,,,,,,,,,
1614827651.03,response_latency_ms_sum,,,10.1.37.193:4191,linkerd-proxy,linkerd,,linkerd-destination-654f8848f5-4tr7b,,81641,,,,,linkerd-destination,destination,linkerd,inbound,,654f8848f5,200,true,linkerd,linkerd-prometheus.linkerd.serviceaccount.identity.linkerd.cluster.local,,,,,,,,,,,
1614827661.03,response_latency_ms_sum,,,10.1.37.193:4191,linkerd-proxy,linkerd,,linkerd-destination-654f8848f5-4tr7b,,81643,,,,,linkerd-destination,destination,linkerd,inbound,,654f8848f5,200,true,linkerd,linkerd-prometheus.linkerd.serviceaccount.identity.linkerd.cluster.local,,,,,,,,,,,
1614827671.031,response_latency_ms_sum,,,10.1.37.193:4191,linkerd-proxy,linkerd,,linkerd-destination-654f8848f5-4tr7b,,81647,,,,,linkerd-destination,destination,linkerd,inbound,,654f8848f5,200,true,linkerd,linkerd-prometheus.linkerd.serviceaccount.identity.linkerd.cluster.local,,,,,,,,,,,
1614827681.03,response_latency_ms_sum,,,10.1.37.193:4191,linkerd-proxy,linkerd,,linkerd-destination-654f8848f5-4tr7b,,81652,,,,,linkerd-destination,destination,linkerd,inbound,,654f8848f5,200,true,linkerd,linkerd-prometheus.linkerd.serviceaccount.identity.linkerd.cluster.local,,,,,,,,,,,
1614827691.03,response_latency_ms_sum,,,10.1.37.193:4191,linkerd-proxy,linkerd,,linkerd-destination-654f8848f5-4tr7b,,81656,,,,,linkerd-destination,destination,linkerd,inbound,,654f8848f5,200,true,linkerd,linkerd-prometheus.linkerd.serviceaccount.identity.linkerd.cluster.local,,,,,,,,,,,
1614827701.031,response_latency_ms_sum,,,10.1.37.193:4191,linkerd-proxy,linkerd,,linkerd-destination-654f8848f5-4tr7b,,81658,,,,,linkerd-destination,destination,linkerd,inbound,,654f8848f5,200,true,linkerd,linkerd-prometheus.linkerd.serviceaccount.identity.linkerd.cluster.local,,,,,,,,,,,
1614827711.03,response_latency_ms_sum,,,10.1.37.193:4191,linkerd-proxy,linkerd,,linkerd-destination-654f8848f5-4tr7b,,81661,,,,,linkerd-destination,destination,linkerd,inbound,,654f8848f5,200,true,linkerd,linkerd-prometheus.linkerd.serviceaccount.identity.linkerd.cluster.local,,,,,,,,,,,
1614827721.03,response_latency_ms_sum,,,10.1.37.193:4191,linkerd-proxy,linkerd,,linkerd-destination-654f8848f5-4tr7b,,81662,,,,,linkerd-destination,destination,linkerd,inbound,,654f8848f5,200,true,linkerd,linkerd-prometheus.linkerd.serviceaccount.identity.linkerd.cluster.local,,,,,,,,,,,
1614827731.031,response_latency_ms_sum,,,10.1.37.193:4191,linkerd-proxy,linkerd,,linkerd-destination-654f8848f5-4tr7b,,81663,,,,,linkerd-destination,destination,linkerd,inbound,,654f8848f5,200,true,linkerd,linkerd-prometheus.linkerd.serviceaccount.identity.linkerd.cluster.local,,,,,,,,,,,
1614827741.031,response_latency_ms_sum,,,10.1.37.193:4191,linkerd-proxy,linkerd,,linkerd-destination-654f8848f5-4tr7b,,81668,,,,,linkerd-destination,destination,linkerd,inbound,,654f8848f5,200,true,linkerd,linkerd-prometheus.linkerd.serviceaccount.identity.linkerd.cluster.local,,,,,,,,,,,
1614827751.031,response_latency_ms_sum,,,10.1.37.193:4191,linkerd-proxy,linkerd,,linkerd-destination-654f8848f5-4tr7b,,81669,,,,,linkerd-destination,destination,linkerd,inbound,,654f8848f5,200,true,linkerd,linkerd-prometheus.linkerd.serviceaccount.identity.linkerd.cluster.local,,,,,,,,,,,
1614827761.031,response_latency_ms_sum,,,10.1.37.193:4191,linkerd-proxy,linkerd,,linkerd-destination-654f8848f5-4tr7b,,81672,,,,,linkerd-destination,destination,linkerd,inbound,,654f8848f5,200,true,linkerd,linkerd-prometheus.linkerd.serviceaccount.identity.linkerd.cluster.local,,,,,,,,,,,
1614827771.031,response_latency_ms_sum,,,10.1.37.193:4191,linkerd-proxy,linkerd,,linkerd-destination-654f8848f5-4tr7b,,81683,,,,,linkerd-destination,destination,linkerd,inbound,,654f8848f5,200,true,linkerd,linkerd-prometheus.linkerd.serviceaccount.identity.linkerd.cluster.local,,,,,,,,,,,
1614827781.031,response_latency_ms_sum,,,10.1.37.193:4191,linkerd-proxy,linkerd,,linkerd-destination-654f8848f5-4tr7b,,81691,,,,,linkerd-destination,destination,linkerd,inbound,,654f8848f5,200,true,linkerd,linkerd-prometheus.linkerd.serviceaccount.identity.linkerd.cluster.local,,,,,,,,,,,
1614827791.03,response_latency_ms_sum,,,10.1.37.193:4191,linkerd-proxy,linkerd,,linkerd-destination-654f8848f5-4tr7b,,81701,,,,,linkerd-destination,destination,linkerd,inbound,,654f8848f5,200,true,linkerd,linkerd-prometheus.linkerd.serviceaccount.identity.linkerd.cluster.local,,,,,,,,,,,
1614827801.031,response_latency_ms_sum,,,10.1.37.193:4191,linkerd-proxy,linkerd,,linkerd-destination-654f8848f5-4tr7b,,81703,,,,,linkerd-destination,destination,linkerd,inbound,,654f8848f5,200,true,linkerd,linkerd-prometheus.linkerd.serviceaccount.identity.linkerd.cluster.local,,,,,,,,,,,
1614827631.031,response_latency_ms_sum,,,10.1.37.193:4191,linkerd-proxy,linkerd,,linkerd-destination-654f8848f5-4tr7b,,1,,,,,linkerd-destination,destination,linkerd,inbound,,654f8848f5,200,true,linkerd,linkerd-controller.linkerd.serviceaccount.identity.linkerd.cluster.local,linkerd-dst-headless.linkerd.svc.cluster.local:8086,,,,,,,,,,
1614827641.03,response_latency_ms_sum,,,10.1.37.193:4191,linkerd-proxy,linkerd,,linkerd-destination-654f8848f5-4tr7b,,1,,,,,linkerd-destination,destination,linkerd,inbound,,654f8848f5,200,true,linkerd,linkerd-controller.linkerd.serviceaccount.identity.linkerd.cluster.local,linkerd-dst-headless.linkerd.svc.cluster.local:8086,,,,,,,,,,
1614827651.03,response_latency_ms_sum,,,10.1.37.193:4191,linkerd-proxy,linkerd,,linkerd-destination-654f8848f5-4tr7b,,1,,,,,linkerd-destination,destination,linkerd,inbound,,654f8848f5,200,true,linkerd,linkerd-controller.linkerd.serviceaccount.identity.linkerd.cluster.local,linkerd-dst-headless.linkerd.svc.cluster.local:8086,,,,,,,,,,
1614827661.03,response_latency_ms_sum,,,10.1.37.193:4191,linkerd-proxy,linkerd,,linkerd-destination-654f8848f5-4tr7b,,1,,,,,linkerd-destination,destination,linkerd,inbound,,654f8848f5,200,true,linkerd,linkerd-controller.linkerd.serviceaccount.identity.linkerd.cluster.local,linkerd-dst-headless.linkerd.svc.cluster.local:8086,,,,,,,,,,
1614827671.031,response_latency_ms_sum,,,10.1.37.193:4191,linkerd-proxy,linkerd,,linkerd-destination-654f8848f5-4tr7b,,1,,,,,linkerd-destination,destination,linkerd,inbound,,654f8848f5,200,true,linkerd,linkerd-controller.linkerd.serviceaccount.identity.linkerd.cluster.local,linkerd-dst-headless.linkerd.svc.cluster.local:8086,,,,,,,,,,
1614827681.03,response_latency_ms_sum,,,10.1.37.193:4191,linkerd-proxy,linkerd,,linkerd-destination-654f8848f5-4tr7b,,1,,,,,linkerd-destination,destination,linkerd,inbound,,654f8848f5,200,true,linkerd,linkerd-controller.linkerd.serviceaccount.identity.linkerd.cluster.local,linkerd-dst-headless.linkerd.svc.cluster.local:8086,,,,,,,,,,
1614827691.03,response_latency_ms_sum,,,10.1.37.193:4191,linkerd-proxy,linkerd,,linkerd-destination-654f8848f5-4tr7b,,1,,,,,linkerd-destination,destination,linkerd,inbound,,654f8848f5,200,true,linkerd,linkerd-controller.linkerd.serviceaccount.identity.linkerd.cluster.local,linkerd-dst-headless.linkerd.svc.cluster.local:8086,,,,,,,,,,
1614827701.031,response_latency_ms_sum,,,10.1.37.193:4191,linkerd-proxy,linkerd,,linkerd-destination-654f8848f5-4tr7b,,1,,,,,linkerd-destination,destination,linkerd,inbound,,654f8848f5,200,true,linkerd,linkerd-controller.linkerd.serviceaccount.identity.linkerd.cluster.local,linkerd-dst-headless.linkerd.svc.cluster.local:8086,,,,,,,,,,
1614827711.03,response_latency_ms_sum,,,10.1.37.193:4191,linkerd-proxy,linkerd,,linkerd-destination-654f8848f5-4tr7b,,1,,,,,linkerd-destination,destination,linkerd,inbound,,654f8848f5,200,true,linkerd,linkerd-controller.linkerd.serviceaccount.identity.linkerd.cluster.local,linkerd-dst-headless.linkerd.svc.cluster.local:8086,,,,,,,,,,
1614827721.03,response_latency_ms_sum,,,10.1.37.193:4191,linkerd-proxy,linkerd,,linkerd-destination-654f8848f5-4tr7b,,1,,,,,linkerd-destination,destination,linkerd,inbound,,654f8848f5,200,true,linkerd,linkerd-controller.linkerd.serviceaccount.identity.linkerd.cluster.local,linkerd-dst-headless.linkerd.svc.cluster.local:8086,,,,,,,,,,
1614827731.031,response_latency_ms_sum,,,10.1.37.193:4191,linkerd-proxy,linkerd,,linkerd-destination-654f8848f5-4tr7b,,1,,,,,linkerd-destination,destination,linkerd,inbound,,654f8848f5,200,true,linkerd,linkerd-controller.linkerd.serviceaccount.identity.linkerd.cluster.local,linkerd-dst-headless.linkerd.svc.cluster.local:8086,,,,,,,,,,
1614827741.031,response_latency_ms_sum,,,10.1.37.193:4191,linkerd-proxy,linkerd,,linkerd-destination-654f8848f5-4tr7b,,1,,,,,linkerd-destination,destination,linkerd,inbound,,654f8848f5,200,true,linkerd,linkerd-controller.linkerd.serviceaccount.identity.linkerd.cluster.local,linkerd-dst-headless.linkerd.svc.cluster.local:8086,,,,,,,,,,
1614827751.031,response_latency_ms_sum,,,10.1.37.193:4191,linkerd-proxy,linkerd,,linkerd-destination-654f8848f5-4tr7b,,1,,,,,linkerd-destination,destination,linkerd,inbound,,654f8848f5,200,true,linkerd,linkerd-controller.linkerd.serviceaccount.identity.linkerd.cluster.local,linkerd-dst-headless.linkerd.svc.cluster.local:8086,,,,,,,,,,
1614827761.031,response_latency_ms_sum,,,10.1.37.193:4191,linkerd-proxy,linkerd,,linkerd-destination-654f8848f5-4tr7b,,1,,,,,linkerd-destination,destination,linkerd,inbound,,654f8848f5,200,true,linkerd,linkerd-controller.linkerd.serviceaccount.identity.linkerd.cluster.local,linkerd-dst-headless.linkerd.svc.cluster.local:8086,,,,,,,,,,
1614827771.031,response_latency_ms_sum,,,10.1.37.193:4191,linkerd-proxy,linkerd,,linkerd-destination-654f8848f5-4tr7b,,1,,,,,linkerd-destination,destination,linkerd,inbound,,654f8848f5,200,true,linkerd,linkerd-controller.linkerd.serviceaccount.identity.linkerd.cluster.local,linkerd-dst-headless.linkerd.svc.cluster.local:8086,,,,,,,,,,
1614827781.031,response_latency_ms_sum,,,10.1.37.193:4191,linkerd-proxy,linkerd,,linkerd-destination-654f8848f5-4tr7b,,1,,,,,linkerd-destination,destination,linkerd,inbound,,654f8848f5,200,true,linkerd,linkerd-controller.linkerd.serviceaccount.identity.linkerd.cluster.local,linkerd-dst-headless.linkerd.svc.cluster.local:8086,,,,,,,,,,
1614827791.03,response_latency_ms_sum,,,10.1.37.193:4191,linkerd-proxy,linkerd,,linkerd-destination-654f8848f5-4tr7b,,1,,,,,linkerd-destination,destination,linkerd,inbound,,654f8848f5,200,true,linkerd,linkerd-controller.linkerd.serviceaccount.identity.linkerd.cluster.local,linkerd-dst-headless.linkerd.svc.cluster.local:8086,,,,,,,,,,
1614827801.031,response_latency_ms_sum,,,10.1.37.193:4191,linkerd-proxy,linkerd,,linkerd-destination-654f8848f5-4tr7b,,1,,,,,linkerd-destination,destination,linkerd,inbound,,654f8848f5,200,true,linkerd,linkerd-controller.linkerd.serviceaccount.identity.linkerd.cluster.local,linkerd-dst-headless.linkerd.svc.cluster.local:8086,,,,,,,,,,
1614827631.031,response_latency_ms_sum,,,10.1.37.193:4191,linkerd-proxy,linkerd,,linkerd-destination-654f8848f5-4tr7b,,552420,,,,,linkerd-destination,destination,linkerd,inbound,,654f8848f5,200,true,linkerd,default.teastore.serviceaccount.identity.linkerd.cluster.local,linkerd-dst-headless.linkerd.svc.cluster.local:8086,,,,,,,,,,
1614827641.03,response_latency_ms_sum,,,10.1.37.193:4191,linkerd-proxy,linkerd,,linkerd-destination-654f8848f5-4tr7b,,552456,,,,,linkerd-destination,destination,linkerd,inbound,,654f8848f5,200,true,linkerd,default.teastore.serviceaccount.identity.linkerd.cluster.local,linkerd-dst-headless.linkerd.svc.cluster.local:8086,,,,,,,,,,
1614827651.03,response_latency_ms_sum,,,10.1.37.193:4191,linkerd-proxy,linkerd,,linkerd-destination-654f8848f5-4tr7b,,552476,,,,,linkerd-destination,destination,linkerd,inbound,,654f8848f5,200,true,linkerd,default.teastore.serviceaccount.identity.linkerd.cluster.local,linkerd-dst-headless.linkerd.svc.cluster.local:8086,,,,,,,,,,
1614827661.03,response_latency_ms_sum,,,10.1.37.193:4191,linkerd-proxy,linkerd,,linkerd-destination-654f8848f5-4tr7b,,552497,,,,,linkerd-destination,destination,linkerd,inbound,,654f8848f5,200,true,linkerd,default.teastore.serviceaccount.identity.linkerd.cluster.local,linkerd-dst-headless.linkerd.svc.cluster.local:8086,,,,,,,,,,
1614827671.031,response_latency_ms_sum,,,10.1.37.193:4191,linkerd-proxy,linkerd,,linkerd-destination-654f8848f5-4tr7b,,552579,,,,,linkerd-destination,destination,linkerd,inbound,,654f8848f5,200,true,linkerd,default.teastore.serviceaccount.identity.linkerd.cluster.local,linkerd-dst-headless.linkerd.svc.cluster.local:8086,,,,,,,,,,
1614827681.03,response_latency_ms_sum,,,10.1.37.193:4191,linkerd-proxy,linkerd,,linkerd-destination-654f8848f5-4tr7b,,552610,,,,,linkerd-destination,destination,linkerd,inbound,,654f8848f5,200,true,linkerd,default.teastore.serviceaccount.identity.linkerd.cluster.local,linkerd-dst-headless.linkerd.svc.cluster.local:8086,,,,,,,,,,
1614827691.03,response_latency_ms_sum,,,10.1.37.193:4191,linkerd-proxy,linkerd,,linkerd-destination-654f8848f5-4tr7b,,552661,,,,,linkerd-destination,destination,linkerd,inbound,,654f8848f5,200,true,linkerd,default.teastore.serviceaccount.identity.linkerd.cluster.local,linkerd-dst-headless.linkerd.svc.cluster.local:8086,,,,,,,,,,
1614827701.031,response_latency_ms_sum,,,10.1.37.193:4191,linkerd-proxy,linkerd,,linkerd-destination-654f8848f5-4tr7b,,552704,,,,,linkerd-destination,destination,linkerd,inbound,,654f8848f5,200,true,linkerd,default.teastore.serviceaccount.identity.linkerd.cluster.local,linkerd-dst-headless.linkerd.svc.cluster.local:8086,,,,,,,,,,
1614827711.03,response_latency_ms_sum,,,10.1.37.193:4191,linkerd-proxy,linkerd,,linkerd-destination-654f8848f5-4tr7b,,552752,,,,,linkerd-destination,destination,linkerd,inbound,,654f8848f5,200,true,linkerd,default.teastore.serviceaccount.identity.linkerd.cluster.local,linkerd-dst-headless.linkerd.svc.cluster.local:8086,,,,,,,,,,
1614827721.03,response_latency_ms_sum,,,10.1.37.193:4191,linkerd-proxy,linkerd,,linkerd-destination-654f8848f5-4tr7b,,552767,,,,,linkerd-destination,destination,linkerd,inbound,,654f8848f5,200,true,linkerd,default.teastore.serviceaccount.identity.linkerd.cluster.local,linkerd-dst-headless.linkerd.svc.cluster.local:8086,,,,,,,,,,
1614827731.031,response_latency_ms_sum,,,10.1.37.193:4191,linkerd-proxy,linkerd,,linkerd-destination-654f8848f5-4tr7b,,552807,,,,,linkerd-destination,destination,linkerd,inbound,,654f8848f5,200,true,linkerd,default.teastore.serviceaccount.identity.linkerd.cluster.local,linkerd-dst-headless.linkerd.svc.cluster.local:8086,,,,,,,,,,
1614827741.031,response_latency_ms_sum,,,10.1.37.193:4191,linkerd-proxy,linkerd,,linkerd-destination-654f8848f5-4tr7b,,552870,,,,,linkerd-destination,destination,linkerd,inbound,,654f8848f5,200,true,linkerd,default.teastore.serviceaccount.identity.linkerd.cluster.local,linkerd-dst-headless.linkerd.svc.cluster.local:8086,,,,,,,,,,
1614827751.031,response_latency_ms_sum,,,10.1.37.193:4191,linkerd-proxy,linkerd,,linkerd-destination-654f8848f5-4tr7b,,552913,,,,,linkerd-destination,destination,linkerd,inbound,,654f8848f5,200,true,linkerd,default.teastore.serviceaccount.identity.linkerd.cluster.local,linkerd-dst-headless.linkerd.svc.cluster.local:8086,,,,,,,,,,
1614827761.031,response_latency_ms_sum,,,10.1.37.193:4191,linkerd-proxy,linkerd,,linkerd-destination-654f8848f5-4tr7b,,552947,,,,,linkerd-destination,destination,linkerd,inbound,,654f8848f5,200,true,linkerd,default.teastore.serviceaccount.identity.linkerd.cluster.local,linkerd-dst-headless.linkerd.svc.cluster.local:8086,,,,,,,,,,
1614827771.031,response_latency_ms_sum,,,10.1.37.193:4191,linkerd-proxy,linkerd,,linkerd-destination-654f8848f5-4tr7b,,552990,,,,,linkerd-destination,destination,linkerd,inbound,,654f8848f5,200,true,linkerd,default.teastore.serviceaccount.identity.linkerd.cluster.local,linkerd-dst-headless.linkerd.svc.cluster.local:8086,,,,,,,,,,
1614827781.031,response_latency_ms_sum,,,10.1.37.193:4191,linkerd-proxy,linkerd,,linkerd-destination-654f8848f5-4tr7b,,553008,,,,,linkerd-destination,destination,linkerd,inbound,,654f8848f5,200,true,linkerd,default.teastore.serviceaccount.identity.linkerd.cluster.local,linkerd-dst-headless.linkerd.svc.cluster.local:8086,,,,,,,,,,
1614827791.03,response_latency_ms_sum,,,10.1.37.193:4191,linkerd-proxy,linkerd,,linkerd-destination-654f8848f5-4tr7b,,553017,,,,,linkerd-destination,destination,linkerd,inbound,,654f8848f5,200,true,linkerd,default.teastore.serviceaccount.identity.linkerd.cluster.local,linkerd-dst-headless.linkerd.svc.cluster.local:8086,,,,,,,,,,
1614827801.031,response_latency_ms_sum,,,10.1.37.193:4191,linkerd-proxy,linkerd,,linkerd-destination-654f8848f5-4tr7b,,553041,,,,,linkerd-destination,destination,linkerd,inbound,,654f8848f5,200,true,linkerd,default.teastore.serviceaccount.identity.linkerd.cluster.local,linkerd-dst-headless.linkerd.svc.cluster.local:8086,,,,,,,,,,
1614827631.031,response_latency_ms_sum,,,10.1.37.193:4191,linkerd-proxy,linkerd,,linkerd-destination-654f8848f5-4tr7b,,183,,,,,linkerd-destination,destination,linkerd,inbound,,654f8848f5,200,true,linkerd,linkerd-identity.linkerd.serviceaccount.identity.linkerd.cluster.local,linkerd-dst-headless.linkerd.svc.cluster.local:8086,,,,,,,,,,
1614827641.03,response_latency_ms_sum,,,10.1.37.193:4191,linkerd-proxy,linkerd,,linkerd-destination-654f8848f5-4tr7b,,183,,,,,linkerd-destination,destination,linkerd,inbound,,654f8848f5,200,true,linkerd,linkerd-identity.linkerd.serviceaccount.identity.linkerd.cluster.local,linkerd-dst-headless.linkerd.svc.cluster.local:8086,,,,,,,,,,
1614827651.03,response_latency_ms_sum,,,10.1.37.193:4191,linkerd-proxy,linkerd,,linkerd-destination-654f8848f5-4tr7b,,183,,,,,linkerd-destination,destination,linkerd,inbound,,654f8848f5,200,true,linkerd,linkerd-identity.linkerd.serviceaccount.identity.linkerd.cluster.local,linkerd-dst-headless.linkerd.svc.cluster.local:8086,,,,,,,,,,
1614827661.03,response_latency_ms_sum,,,10.1.37.193:4191,linkerd-proxy,linkerd,,linkerd-destination-654f8848f5-4tr7b,,183,,,,,linkerd-destination,destination,linkerd,inbound,,654f8848f5,200,true,linkerd,linkerd-identity.linkerd.serviceaccount.identity.linkerd.cluster.local,linkerd-dst-headless.linkerd.svc.cluster.local:8086,,,,,,,,,,
1614827671.031,response_latency_ms_sum,,,10.1.37.193:4191,linkerd-proxy,linkerd,,linkerd-destination-654f8848f5-4tr7b,,183,,,,,linkerd-destination,destination,linkerd,inbound,,654f8848f5,200,true,linkerd,linkerd-identity.linkerd.serviceaccount.identity.linkerd.cluster.local,linkerd-dst-headless.linkerd.svc.cluster.local:8086,,,,,,,,,,
1614827681.03,response_latency_ms_sum,,,10.1.37.193:4191,linkerd-proxy,linkerd,,linkerd-destination-654f8848f5-4tr7b,,183,,,,,linkerd-destination,destination,linkerd,inbound,,654f8848f5,200,true,linkerd,linkerd-identity.linkerd.serviceaccount.identity.linkerd.cluster.local,linkerd-dst-headless.linkerd.svc.cluster.local:8086,,,,,,,,,,
1614827691.03,response_latency_ms_sum,,,10.1.37.193:4191,linkerd-proxy,linkerd,,linkerd-destination-654f8848f5-4tr7b,,183,,,,,linkerd-destination,destination,linkerd,inbound,,654f8848f5,200,true,linkerd,linkerd-identity.linkerd.serviceaccount.identity.linkerd.cluster.local,linkerd-dst-headless.linkerd.svc.cluster.local:8086,,,,,,,,,,
1614827701.031,response_latency_ms_sum,,,10.1.37.193:4191,linkerd-proxy,linkerd,,linkerd-destination-654f8848f5-4tr7b,,183,,,,,linkerd-destination,destination,linkerd,inbound,,654f8848f5,200,true,linkerd,linkerd-identity.linkerd.serviceaccount.identity.linkerd.cluster.local,linkerd-dst-headless.linkerd.svc.cluster.local:8086,,,,,,,,,,
1614827711.03,response_latency_ms_sum,,,10.1.37.193:4191,linkerd-proxy,linkerd,,linkerd-destination-654f8848f5-4tr7b,,183,,,,,linkerd-destination,destination,linkerd,inbound,,654f8848f5,200,true,linkerd,linkerd-identity.linkerd.serviceaccount.identity.linkerd.cluster.local,linkerd-dst-headless.linkerd.svc.cluster.local:8086,,,,,,,,,,
1614827721.03,response_latency_ms_sum,,,10.1.37.193:4191,linkerd-proxy,linkerd,,linkerd-destination-654f8848f5-4tr7b,,183,,,,,linkerd-destination,destination,linkerd,inbound,,654f8848f5,200,true,linkerd,linkerd-identity.linkerd.serviceaccount.identity.linkerd.cluster.local,linkerd-dst-headless.linkerd.svc.cluster.local:8086,,,,,,,,,,
1614827731.031,response_latency_ms_sum,,,10.1.37.193:4191,linkerd-proxy,linkerd,,linkerd-destination-654f8848f5-4tr7b,,183,,,,,linkerd-destination,destination,linkerd,inbound,,654f8848f5,200,true,linkerd,linkerd-identity.linkerd.serviceaccount.identity.linkerd.cluster.local,linkerd-dst-headless.linkerd.svc.cluster.local:8086,,,,,,,,,,
1614827741.031,response_latency_ms_sum,,,10.1.37.193:4191,linkerd-proxy,linkerd,,linkerd-destination-654f8848f5-4tr7b,,183,,,,,linkerd-destination,destination,linkerd,inbound,,654f8848f5,200,true,linkerd,linkerd-identity.linkerd.serviceaccount.identity.linkerd.cluster.local,linkerd-dst-headless.linkerd.svc.cluster.local:8086,,,,,,,,,,
1614827751.031,response_latency_ms_sum,,,10.1.37.193:4191,linkerd-proxy,linkerd,,linkerd-destination-654f8848f5-4tr7b,,183,,,,,linkerd-destination,destination,linkerd,inbound,,654f8848f5,200,true,linkerd,linkerd-identity.linkerd.serviceaccount.identity.linkerd.cluster.local,linkerd-dst-headless.linkerd.svc.cluster.local:8086,,,,,,,,,,
1614827761.031,response_latency_ms_sum,,,10.1.37.193:4191,linkerd-proxy,linkerd,,linkerd-destination-654f8848f5-4tr7b,,183,,,,,linkerd-destination,destination,linkerd,inbound,,654f8848f5,200,true,linkerd,linkerd-identity.linkerd.serviceaccount.identity.linkerd.cluster.local,linkerd-dst-headless.linkerd.svc.cluster.local:8086,,,,,,,,,,
1614827771.031,response_latency_ms_sum,,,10.1.37.193:4191,linkerd-proxy,linkerd,,linkerd-destination-654f8848f5-4tr7b,,183,,,,,linkerd-destination,destination,linkerd,inbound,,654f8848f5,200,true,linkerd,linkerd-identity.linkerd.serviceaccount.identity.linkerd.cluster.local,linkerd-dst-headless.linkerd.svc.cluster.local:8086,,,,,,,,,,
1614827781.031,response_latency_ms_sum,,,10.1.37.193:4191,linkerd-proxy,linkerd,,linkerd-destination-654f8848f5-4tr7b,,183,,,,,linkerd-destination,destination,linkerd,inbound,,654f8848f5,200,true,linkerd,linkerd-identity.linkerd.serviceaccount.identity.linkerd.cluster.local,linkerd-dst-headless.linkerd.svc.cluster.local:8086,,,,,,,,,,
1614827791.03,response_latency_ms_sum,,,10.1.37.193:4191,linkerd-proxy,linkerd,,linkerd-destination-654f8848f5-4tr7b,,183,,,,,linkerd-destination,destination,linkerd,inbound,,654f8848f5,200,true,linkerd,linkerd-identity.linkerd.serviceaccount.identity.linkerd.cluster.local,linkerd-dst-headless.linkerd.svc.cluster.local:8086,,,,,,,,,,
1614827801.031,response_latency_ms_sum,,,10.1.37.193:4191,linkerd-proxy,linkerd,,linkerd-destination-654f8848f5-4tr7b,,183,,,,,linkerd-destination,destination,linkerd,inbound,,654f8848f5,200,true,linkerd,linkerd-identity.linkerd.serviceaccount.identity.linkerd.cluster.local,linkerd-dst-headless.linkerd.svc.cluster.local:8086,,,,,,,,,,
1614827637.327,response_latency_ms_sum,,,10.1.37.202:4191,linkerd-proxy,linkerd,,linkerd-identity-57f4bc9db9-gb7rk,,2425,,,,,linkerd-identity,identity,linkerd,inbound,no_peer_id_from_remote,57f4bc9db9,200,no_identity,linkerd,,linkerd-identity-headless.linkerd.svc.cluster.local:8080,,,,,,,,,,
1614827647.327,response_latency_ms_sum,,,10.1.37.202:4191,linkerd-proxy,linkerd,,linkerd-identity-57f4bc9db9-gb7rk,,2425,,,,,linkerd-identity,identity,linkerd,inbound,no_peer_id_from_remote,57f4bc9db9,200,no_identity,linkerd,,linkerd-identity-headless.linkerd.svc.cluster.local:8080,,,,,,,,,,
1614827657.328,response_latency_ms_sum,,,10.1.37.202:4191,linkerd-proxy,linkerd,,linkerd-identity-57f4bc9db9-gb7rk,,2425,,,,,linkerd-identity,identity,linkerd,inbound,no_peer_id_from_remote,57f4bc9db9,200,no_identity,linkerd,,linkerd-identity-headless.linkerd.svc.cluster.local:8080,,,,,,,,,,
1614827667.327,response_latency_ms_sum,,,10.1.37.202:4191,linkerd-proxy,linkerd,,linkerd-identity-57f4bc9db9-gb7rk,,2425,,,,,linkerd-identity,identity,linkerd,inbound,no_peer_id_from_remote,57f4bc9db9,200,no_identity,linkerd,,linkerd-identity-headless.linkerd.svc.cluster.local:8080,,,,,,,,,,
1614827677.328,response_latency_ms_sum,,,10.1.37.202:4191,linkerd-proxy,linkerd,,linkerd-identity-57f4bc9db9-gb7rk,,2425,,,,,linkerd-identity,identity,linkerd,inbound,no_peer_id_from_remote,57f4bc9db9,200,no_identity,linkerd,,linkerd-identity-headless.linkerd.svc.cluster.local:8080,,,,,,,,,,
1614827687.327,response_latency_ms_sum,,,10.1.37.202:4191,linkerd-proxy,linkerd,,linkerd-identity-57f4bc9db9-gb7rk,,2425,,,,,linkerd-identity,identity,linkerd,inbound,no_peer_id_from_remote,57f4bc9db9,200,no_identity,linkerd,,linkerd-identity-headless.linkerd.svc.cluster.local:8080,,,,,,,,,,
1614827697.327,response_latency_ms_sum,,,10.1.37.202:4191,linkerd-proxy,linkerd,,linkerd-identity-57f4bc9db9-gb7rk,,2425,,,,,linkerd-identity,identity,linkerd,inbound,no_peer_id_from_remote,57f4bc9db9,200,no_identity,linkerd,,linkerd-identity-headless.linkerd.svc.cluster.local:8080,,,,,,,,,,
1614827707.327,response_latency_ms_sum,,,10.1.37.202:4191,linkerd-proxy,linkerd,,linkerd-identity-57f4bc9db9-gb7rk,,2425,,,,,linkerd-identity,identity,linkerd,inbound,no_peer_id_from_remote,57f4bc9db9,200,no_identity,linkerd,,linkerd-identity-headless.linkerd.svc.cluster.local:8080,,,,,,,,,,
1614827717.327,response_latency_ms_sum,,,10.1.37.202:4191,linkerd-proxy,linkerd,,linkerd-identity-57f4bc9db9-gb7rk,,2425,,,,,linkerd-identity,identity,linkerd,inbound,no_peer_id_from_remote,57f4bc9db9,200,no_identity,linkerd,,linkerd-identity-headless.linkerd.svc.cluster.local:8080,,,,,,,,,,
1614827727.327,response_latency_ms_sum,,,10.1.37.202:4191,linkerd-proxy,linkerd,,linkerd-identity-57f4bc9db9-gb7rk,,2425,,,,,linkerd-identity,identity,linkerd,inbound,no_peer_id_from_remote,57f4bc9db9,200,no_identity,linkerd,,linkerd-identity-headless.linkerd.svc.cluster.local:8080,,,,,,,,,,
1614827737.327,response_latency_ms_sum,,,10.1.37.202:4191,linkerd-proxy,linkerd,,linkerd-identity-57f4bc9db9-gb7rk,,2425,,,,,linkerd-identity,identity,linkerd,inbound,no_peer_id_from_remote,57f4bc9db9,200,no_identity,linkerd,,linkerd-identity-headless.linkerd.svc.cluster.local:8080,,,,,,,,,,
1614827747.327,response_latency_ms_sum,,,10.1.37.202:4191,linkerd-proxy,linkerd,,linkerd-identity-57f4bc9db9-gb7rk,,2425,,,,,linkerd-identity,identity,linkerd,inbound,no_peer_id_from_remote,57f4bc9db9,200,no_identity,linkerd,,linkerd-identity-headless.linkerd.svc.cluster.local:8080,,,,,,,,,,
1614827757.327,response_latency_ms_sum,,,10.1.37.202:4191,linkerd-proxy,linkerd,,linkerd-identity-57f4bc9db9-gb7rk,,2425,,,,,linkerd-identity,identity,linkerd,inbound,no_peer_id_from_remote,57f4bc9db9,200,no_identity,linkerd,,linkerd-identity-headless.linkerd.svc.cluster.local:8080,,,,,,,,,,
1614827767.327,response_latency_ms_sum,,,10.1.37.202:4191,linkerd-proxy,linkerd,,linkerd-identity-57f4bc9db9-gb7rk,,2425,,,,,linkerd-identity,identity,linkerd,inbound,no_peer_id_from_remote,57f4bc9db9,200,no_identity,linkerd,,linkerd-identity-headless.linkerd.svc.cluster.local:8080,,,,,,,,,,
1614827777.328,response_latency_ms_sum,,,10.1.37.202:4191,linkerd-proxy,linkerd,,linkerd-identity-57f4bc9db9-gb7rk,,2425,,,,,linkerd-identity,identity,linkerd,inbound,no_peer_id_from_remote,57f4bc9db9,200,no_identity,linkerd,,linkerd-identity-headless.linkerd.svc.cluster.local:8080,,,,,,,,,,
1614827787.327,response_latency_ms_sum,,,10.1.37.202:4191,linkerd-proxy,linkerd,,linkerd-identity-57f4bc9db9-gb7rk,,2425,,,,,linkerd-identity,identity,linkerd,inbound,no_peer_id_from_remote,57f4bc9db9,200,no_identity,linkerd,,linkerd-identity-headless.linkerd.svc.cluster.local:8080,,,,,,,,,,
1614827797.328,response_latency_ms_sum,,,10.1.37.202:4191,linkerd-proxy,linkerd,,linkerd-identity-57f4bc9db9-gb7rk,,2425,,,,,linkerd-identity,identity,linkerd,inbound,no_peer_id_from_remote,57f4bc9db9,200,no_identity,linkerd,,linkerd-identity-headless.linkerd.svc.cluster.local:8080,,,,,,,,,,
1614827807.329,response_latency_ms_sum,,,10.1.37.202:4191,linkerd-proxy,linkerd,,linkerd-identity-57f4bc9db9-gb7rk,,2425,,,,,linkerd-identity,identity,linkerd,inbound,no_peer_id_from_remote,57f4bc9db9,200,no_identity,linkerd,,linkerd-identity-headless.linkerd.svc.cluster.local:8080,,,,,,,,,,
1614827640.101,response_latency_ms_sum,,,10.1.37.198:4191,linkerd-proxy,linkerd,,linkerd-prometheus-5bccd64d4d-jzwmt,,2150,,,,,linkerd-prometheus,prometheus,linkerd,inbound,no_tls_from_remote,5bccd64d4d,200,no_identity,linkerd,,localhost:31275,,,,,,,,,,
1614827650.102,response_latency_ms_sum,,,10.1.37.198:4191,linkerd-proxy,linkerd,,linkerd-prometheus-5bccd64d4d-jzwmt,,2150,,,,,linkerd-prometheus,prometheus,linkerd,inbound,no_tls_from_remote,5bccd64d4d,200,no_identity,linkerd,,localhost:31275,,,,,,,,,,
1614827660.102,response_latency_ms_sum,,,10.1.37.198:4191,linkerd-proxy,linkerd,,linkerd-prometheus-5bccd64d4d-jzwmt,,2150,,,,,linkerd-prometheus,prometheus,linkerd,inbound,no_tls_from_remote,5bccd64d4d,200,no_identity,linkerd,,localhost:31275,,,,,,,,,,
1614827670.101,response_latency_ms_sum,,,10.1.37.198:4191,linkerd-proxy,linkerd,,linkerd-prometheus-5bccd64d4d-jzwmt,,2150,,,,,linkerd-prometheus,prometheus,linkerd,inbound,no_tls_from_remote,5bccd64d4d,200,no_identity,linkerd,,localhost:31275,,,,,,,,,,
1614827680.101,response_latency_ms_sum,,,10.1.37.198:4191,linkerd-proxy,linkerd,,linkerd-prometheus-5bccd64d4d-jzwmt,,2150,,,,,linkerd-prometheus,prometheus,linkerd,inbound,no_tls_from_remote,5bccd64d4d,200,no_identity,linkerd,,localhost:31275,,,,,,,,,,
1614827690.101,response_latency_ms_sum,,,10.1.37.198:4191,linkerd-proxy,linkerd,,linkerd-prometheus-5bccd64d4d-jzwmt,,2150,,,,,linkerd-prometheus,prometheus,linkerd,inbound,no_tls_from_remote,5bccd64d4d,200,no_identity,linkerd,,localhost:31275,,,,,,,,,,
1614827700.102,response_latency_ms_sum,,,10.1.37.198:4191,linkerd-proxy,linkerd,,linkerd-prometheus-5bccd64d4d-jzwmt,,2150,,,,,linkerd-prometheus,prometheus,linkerd,inbound,no_tls_from_remote,5bccd64d4d,200,no_identity,linkerd,,localhost:31275,,,,,,,,,,
1614827710.101,response_latency_ms_sum,,,10.1.37.198:4191,linkerd-proxy,linkerd,,linkerd-prometheus-5bccd64d4d-jzwmt,,2150,,,,,linkerd-prometheus,prometheus,linkerd,inbound,no_tls_from_remote,5bccd64d4d,200,no_identity,linkerd,,localhost:31275,,,,,,,,,,
1614827720.101,response_latency_ms_sum,,,10.1.37.198:4191,linkerd-proxy,linkerd,,linkerd-prometheus-5bccd64d4d-jzwmt,,2150,,,,,linkerd-prometheus,prometheus,linkerd,inbound,no_tls_from_remote,5bccd64d4d,200,no_identity,linkerd,,localhost:31275,,,,,,,,,,
1614827730.101,response_latency_ms_sum,,,10.1.37.198:4191,linkerd-proxy,linkerd,,linkerd-prometheus-5bccd64d4d-jzwmt,,2150,,,,,linkerd-prometheus,prometheus,linkerd,inbound,no_tls_from_remote,5bccd64d4d,200,no_identity,linkerd,,localhost:31275,,,,,,,,,,
1614827740.101,response_latency_ms_sum,,,10.1.37.198:4191,linkerd-proxy,linkerd,,linkerd-prometheus-5bccd64d4d-jzwmt,,2150,,,,,linkerd-prometheus,prometheus,linkerd,inbound,no_tls_from_remote,5bccd64d4d,200,no_identity,linkerd,,localhost:31275,,,,,,,,,,
1614827750.101,response_latency_ms_sum,,,10.1.37.198:4191,linkerd-proxy,linkerd,,linkerd-prometheus-5bccd64d4d-jzwmt,,2150,,,,,linkerd-prometheus,prometheus,linkerd,inbound,no_tls_from_remote,5bccd64d4d,200,no_identity,linkerd,,localhost:31275,,,,,,,,,,
1614827760.101,response_latency_ms_sum,,,10.1.37.198:4191,linkerd-proxy,linkerd,,linkerd-prometheus-5bccd64d4d-jzwmt,,2150,,,,,linkerd-prometheus,prometheus,linkerd,inbound,no_tls_from_remote,5bccd64d4d,200,no_identity,linkerd,,localhost:31275,,,,,,,,,,
1614827770.101,response_latency_ms_sum,,,10.1.37.198:4191,linkerd-proxy,linkerd,,linkerd-prometheus-5bccd64d4d-jzwmt,,2150,,,,,linkerd-prometheus,prometheus,linkerd,inbound,no_tls_from_remote,5bccd64d4d,200,no_identity,linkerd,,localhost:31275,,,,,,,,,,
1614827780.101,response_latency_ms_sum,,,10.1.37.198:4191,linkerd-proxy,linkerd,,linkerd-prometheus-5bccd64d4d-jzwmt,,2150,,,,,linkerd-prometheus,prometheus,linkerd,inbound,no_tls_from_remote,5bccd64d4d,200,no_identity,linkerd,,localhost:31275,,,,,,,,,,
1614827790.101,response_latency_ms_sum,,,10.1.37.198:4191,linkerd-proxy,linkerd,,linkerd-prometheus-5bccd64d4d-jzwmt,,2150,,,,,linkerd-prometheus,prometheus,linkerd,inbound,no_tls_from_remote,5bccd64d4d,200,no_identity,linkerd,,localhost:31275,,,,,,,,,,
1614827800.101,response_latency_ms_sum,,,10.1.37.198:4191,linkerd-proxy,linkerd,,linkerd-prometheus-5bccd64d4d-jzwmt,,2150,,,,,linkerd-prometheus,prometheus,linkerd,inbound,no_tls_from_remote,5bccd64d4d,200,no_identity,linkerd,,localhost:31275,,,,,,,,,,
1614827640.101,response_latency_ms_sum,,,10.1.37.198:4191,linkerd-proxy,linkerd,,linkerd-prometheus-5bccd64d4d-jzwmt,,6776,,,,,linkerd-prometheus,prometheus,linkerd,outbound,,5bccd64d4d,200,true,linkerd,,10.1.40.97:4191,linkerd,teastore-persistence,teastore,teastore-persistence-d9666cc75-zcrs7,d9666cc75,default,default.teastore.serviceaccount.identity.linkerd.cluster.local,,,
1614827650.102,response_latency_ms_sum,,,10.1.37.198:4191,linkerd-proxy,linkerd,,linkerd-prometheus-5bccd64d4d-jzwmt,,6777,,,,,linkerd-prometheus,prometheus,linkerd,outbound,,5bccd64d4d,200,true,linkerd,,10.1.40.97:4191,linkerd,teastore-persistence,teastore,teastore-persistence-d9666cc75-zcrs7,d9666cc75,default,default.teastore.serviceaccount.identity.linkerd.cluster.local,,,
1614827660.102,response_latency_ms_sum,,,10.1.37.198:4191,linkerd-proxy,linkerd,,linkerd-prometheus-5bccd64d4d-jzwmt,,6780,,,,,linkerd-prometheus,prometheus,linkerd,outbound,,5bccd64d4d,200,true,linkerd,,10.1.40.97:4191,linkerd,teastore-persistence,teastore,teastore-persistence-d9666cc75-zcrs7,d9666cc75,default,default.teastore.serviceaccount.identity.linkerd.cluster.local,,,
1614827670.101,response_latency_ms_sum,,,10.1.37.198:4191,linkerd-proxy,linkerd,,linkerd-prometheus-5bccd64d4d-jzwmt,,6782,,,,,linkerd-prometheus,prometheus,linkerd,outbound,,5bccd64d4d,200,true,linkerd,,10.1.40.97:4191,linkerd,teastore-persistence,teastore,teastore-persistence-d9666cc75-zcrs7,d9666cc75,default,default.teastore.serviceaccount.identity.linkerd.cluster.local,,,
1614827680.101,response_latency_ms_sum,,,10.1.37.198:4191,linkerd-proxy,linkerd,,linkerd-prometheus-5bccd64d4d-jzwmt,,6783,,,,,linkerd-prometheus,prometheus,linkerd,outbound,,5bccd64d4d,200,true,linkerd,,10.1.40.97:4191,linkerd,teastore-persistence,teastore,teastore-persistence-d9666cc75-zcrs7,d9666cc75,default,default.teastore.serviceaccount.identity.linkerd.cluster.local,,,
1614827690.101,response_latency_ms_sum,,,10.1.37.198:4191,linkerd-proxy,linkerd,,linkerd-prometheus-5bccd64d4d-jzwmt,,6785,,,,,linkerd-prometheus,prometheus,linkerd,outbound,,5bccd64d4d,200,true,linkerd,,10.1.40.97:4191,linkerd,teastore-persistence,teastore,teastore-persistence-d9666cc75-zcrs7,d9666cc75,default,default.teastore.serviceaccount.identity.linkerd.cluster.local,,,
1614827700.102,response_latency_ms_sum,,,10.1.37.198:4191,linkerd-proxy,linkerd,,linkerd-prometheus-5bccd64d4d-jzwmt,,6787,,,,,linkerd-prometheus,prometheus,linkerd,outbound,,5bccd64d4d,200,true,linkerd,,10.1.40.97:4191,linkerd,teastore-persistence,teastore,teastore-persistence-d9666cc75-zcrs7,d9666cc75,default,default.teastore.serviceaccount.identity.linkerd.cluster.local,,,
1614827710.101,response_latency_ms_sum,,,10.1.37.198:4191,linkerd-proxy,linkerd,,linkerd-prometheus-5bccd64d4d-jzwmt,,6788,,,,,linkerd-prometheus,prometheus,linkerd,outbound,,5bccd64d4d,200,true,linkerd,,10.1.40.97:4191,linkerd,teastore-persistence,teastore,teastore-persistence-d9666cc75-zcrs7,d9666cc75,default,default.teastore.serviceaccount.identity.linkerd.cluster.local,,,
1614827720.101,response_latency_ms_sum,,,10.1.37.198:4191,linkerd-proxy,linkerd,,linkerd-prometheus-5bccd64d4d-jzwmt,,6790,,,,,linkerd-prometheus,prometheus,linkerd,outbound,,5bccd64d4d,200,true,linkerd,,10.1.40.97:4191,linkerd,teastore-persistence,teastore,teastore-persistence-d9666cc75-zcrs7,d9666cc75,default,default.teastore.serviceaccount.identity.linkerd.cluster.local,,,
1614827730.101,response_latency_ms_sum,,,10.1.37.198:4191,linkerd-proxy,linkerd,,linkerd-prometheus-5bccd64d4d-jzwmt,,6795,,,,,linkerd-prometheus,prometheus,linkerd,outbound,,5bccd64d4d,200,true,linkerd,,10.1.40.97:4191,linkerd,teastore-persistence,teastore,teastore-persistence-d9666cc75-zcrs7,d9666cc75,default,default.teastore.serviceaccount.identity.linkerd.cluster.local,,,
1614827740.101,response_latency_ms_sum,,,10.1.37.198:4191,linkerd-proxy,linkerd,,linkerd-prometheus-5bccd64d4d-jzwmt,,6797,,,,,linkerd-prometheus,prometheus,linkerd,outbound,,5bccd64d4d,200,true,linkerd,,10.1.40.97:4191,linkerd,teastore-persistence,teastore,teastore-persistence-d9666cc75-zcrs7,d9666cc75,default,default.teastore.serviceaccount.identity.linkerd.cluster.local,,,
1614827750.101,response_latency_ms_sum,,,10.1.37.198:4191,linkerd-proxy,linkerd,,linkerd-prometheus-5bccd64d4d-jzwmt,,6800,,,,,linkerd-prometheus,prometheus,linkerd,outbound,,5bccd64d4d,200,true,linkerd,,10.1.40.97:4191,linkerd,teastore-persistence,teastore,teastore-persistence-d9666cc75-zcrs7,d9666cc75,default,default.teastore.serviceaccount.identity.linkerd.cluster.local,,,
1614827760.101,response_latency_ms_sum,,,10.1.37.198:4191,linkerd-proxy,linkerd,,linkerd-prometheus-5bccd64d4d-jzwmt,,6802,,,,,linkerd-prometheus,prometheus,linkerd,outbound,,5bccd64d4d,200,true,linkerd,,10.1.40.97:4191,linkerd,teastore-persistence,teastore,teastore-persistence-d9666cc75-zcrs7,d9666cc75,default,default.teastore.serviceaccount.identity.linkerd.cluster.local,,,
1614827770.101,response_latency_ms_sum,,,10.1.37.198:4191,linkerd-proxy,linkerd,,linkerd-prometheus-5bccd64d4d-jzwmt,,6804,,,,,linkerd-prometheus,prometheus,linkerd,outbound,,5bccd64d4d,200,true,linkerd,,10.1.40.97:4191,linkerd,teastore-persistence,teastore,teastore-persistence-d9666cc75-zcrs7,d9666cc75,default,default.teastore.serviceaccount.identity.linkerd.cluster.local,,,
1614827780.101,response_latency_ms_sum,,,10.1.37.198:4191,linkerd-proxy,linkerd,,linkerd-prometheus-5bccd64d4d-jzwmt,,6806,,,,,linkerd-prometheus,prometheus,linkerd,outbound,,5bccd64d4d,200,true,linkerd,,10.1.40.97:4191,linkerd,teastore-persistence,teastore,teastore-persistence-d9666cc75-zcrs7,d9666cc75,default,default.teastore.serviceaccount.identity.linkerd.cluster.local,,,
1614827790.101,response_latency_ms_sum,,,10.1.37.198:4191,linkerd-proxy,linkerd,,linkerd-prometheus-5bccd64d4d-jzwmt,,6808,,,,,linkerd-prometheus,prometheus,linkerd,outbound,,5bccd64d4d,200,true,linkerd,,10.1.40.97:4191,linkerd,teastore-persistence,teastore,teastore-persistence-d9666cc75-zcrs7,d9666cc75,default,default.teastore.serviceaccount.identity.linkerd.cluster.local,,,
1614827800.101,response_latency_ms_sum,,,10.1.37.198:4191,linkerd-proxy,linkerd,,linkerd-prometheus-5bccd64d4d-jzwmt,,6810,,,,,linkerd-prometheus,prometheus,linkerd,outbound,,5bccd64d4d,200,true,linkerd,,10.1.40.97:4191,linkerd,teastore-persistence,teastore,teastore-persistence-d9666cc75-zcrs7,d9666cc75,default,default.teastore.serviceaccount.identity.linkerd.cluster.local,,,
1614827640.101,response_latency_ms_sum,,,10.1.37.198:4191,linkerd-proxy,linkerd,,linkerd-prometheus-5bccd64d4d-jzwmt,,5876,,,,,linkerd-prometheus,prometheus,linkerd,outbound,,5bccd64d4d,200,true,linkerd,,10.1.40.99:4191,linkerd,teastore-image,teastore,teastore-image-77b5d74b7d-d27bk,77b5d74b7d,default,default.teastore.serviceaccount.identity.linkerd.cluster.local,,,
1614827650.102,response_latency_ms_sum,,,10.1.37.198:4191,linkerd-proxy,linkerd,,linkerd-prometheus-5bccd64d4d-jzwmt,,5878,,,,,linkerd-prometheus,prometheus,linkerd,outbound,,5bccd64d4d,200,true,linkerd,,10.1.40.99:4191,linkerd,teastore-image,teastore,teastore-image-77b5d74b7d-d27bk,77b5d74b7d,default,default.teastore.serviceaccount.identity.linkerd.cluster.local,,,
1614827660.102,response_latency_ms_sum,,,10.1.37.198:4191,linkerd-proxy,linkerd,,linkerd-prometheus-5bccd64d4d-jzwmt,,5880,,,,,linkerd-prometheus,prometheus,linkerd,outbound,,5bccd64d4d,200,true,linkerd,,10.1.40.99:4191,linkerd,teastore-image,teastore,teastore-image-77b5d74b7d-d27bk,77b5d74b7d,default,default.teastore.serviceaccount.identity.linkerd.cluster.local,,,
1614827670.101,response_latency_ms_sum,,,10.1.37.198:4191,linkerd-proxy,linkerd,,linkerd-prometheus-5bccd64d4d-jzwmt,,5882,,,,,linkerd-prometheus,prometheus,linkerd,outbound,,5bccd64d4d,200,true,linkerd,,10.1.40.99:4191,linkerd,teastore-image,teastore,teastore-image-77b5d74b7d-d27bk,77b5d74b7d,default,default.teastore.serviceaccount.identity.linkerd.cluster.local,,,
1614827680.101,response_latency_ms_sum,,,10.1.37.198:4191,linkerd-proxy,linkerd,,linkerd-prometheus-5bccd64d4d-jzwmt,,5884,,,,,linkerd-prometheus,prometheus,linkerd,outbound,,5bccd64d4d,200,true,linkerd,,10.1.40.99:4191,linkerd,teastore-image,teastore,teastore-image-77b5d74b7d-d27bk,77b5d74b7d,default,default.teastore.serviceaccount.identity.linkerd.cluster.local,,,
1614827690.101,response_latency_ms_sum,,,10.1.37.198:4191,linkerd-proxy,linkerd,,linkerd-prometheus-5bccd64d4d-jzwmt,,5886,,,,,linkerd-prometheus,prometheus,linkerd,outbound,,5bccd64d4d,200,true,linkerd,,10.1.40.99:4191,linkerd,teastore-image,teastore,teastore-image-77b5d74b7d-d27bk,77b5d74b7d,default,default.teastore.serviceaccount.identity.linkerd.cluster.local,,,
1614827700.102,response_latency_ms_sum,,,10.1.37.198:4191,linkerd-proxy,linkerd,,linkerd-prometheus-5bccd64d4d-jzwmt,,5888,,,,,linkerd-prometheus,prometheus,linkerd,outbound,,5bccd64d4d,200,true,linkerd,,10.1.40.99:4191,linkerd,teastore-image,teastore,teastore-image-77b5d74b7d-d27bk,77b5d74b7d,default,default.teastore.serviceaccount.identity.linkerd.cluster.local,,,
1614827710.101,response_latency_ms_sum,,,10.1.37.198:4191,linkerd-proxy,linkerd,,linkerd-prometheus-5bccd64d4d-jzwmt,,5890,,,,,linkerd-prometheus,prometheus,linkerd,outbound,,5bccd64d4d,200,true,linkerd,,10.1.40.99:4191,linkerd,teastore-image,teastore,teastore-image-77b5d74b7d-d27bk,77b5d74b7d,default,default.teastore.serviceaccount.identity.linkerd.cluster.local,,,
1614827720.101,response_latency_ms_sum,,,10.1.37.198:4191,linkerd-proxy,linkerd,,linkerd-prometheus-5bccd64d4d-jzwmt,,5892,,,,,linkerd-prometheus,prometheus,linkerd,outbound,,5bccd64d4d,200,true,linkerd,,10.1.40.99:4191,linkerd,teastore-image,teastore,teastore-image-77b5d74b7d-d27bk,77b5d74b7d,default,default.teastore.serviceaccount.identity.linkerd.cluster.local,,,
1614827730.101,response_latency_ms_sum,,,10.1.37.198:4191,linkerd-proxy,linkerd,,linkerd-prometheus-5bccd64d4d-jzwmt,,5894,,,,,linkerd-prometheus,prometheus,linkerd,outbound,,5bccd64d4d,200,true,linkerd,,10.1.40.99:4191,linkerd,teastore-image,teastore,teastore-image-77b5d74b7d-d27bk,77b5d74b7d,default,default.teastore.serviceaccount.identity.linkerd.cluster.local,,,
1614827740.101,response_latency_ms_sum,,,10.1.37.198:4191,linkerd-proxy,linkerd,,linkerd-prometheus-5bccd64d4d-jzwmt,,5897,,,,,linkerd-prometheus,prometheus,linkerd,outbound,,5bccd64d4d,200,true,linkerd,,10.1.40.99:4191,linkerd,teastore-image,teastore,teastore-image-77b5d74b7d-d27bk,77b5d74b7d,default,default.teastore.serviceaccount.identity.linkerd.cluster.local,,,
1614827750.101,response_latency_ms_sum,,,10.1.37.198:4191,linkerd-proxy,linkerd,,linkerd-prometheus-5bccd64d4d-jzwmt,,5899,,,,,linkerd-prometheus,prometheus,linkerd,outbound,,5bccd64d4d,200,true,linkerd,,10.1.40.99:4191,linkerd,teastore-image,teastore,teastore-image-77b5d74b7d-d27bk,77b5d74b7d,default,default.teastore.serviceaccount.identity.linkerd.cluster.local,,,
1614827760.101,response_latency_ms_sum,,,10.1.37.198:4191,linkerd-proxy,linkerd,,linkerd-prometheus-5bccd64d4d-jzwmt,,5901,,,,,linkerd-prometheus,prometheus,linkerd,outbound,,5bccd64d4d,200,true,linkerd,,10.1.40.99:4191,linkerd,teastore-image,teastore,teastore-image-77b5d74b7d-d27bk,77b5d74b7d,default,default.teastore.serviceaccount.identity.linkerd.cluster.local,,,
1614827770.101,response_latency_ms_sum,,,10.1.37.198:4191,linkerd-proxy,linkerd,,linkerd-prometheus-5bccd64d4d-jzwmt,,5908,,,,,linkerd-prometheus,prometheus,linkerd,outbound,,5bccd64d4d,200,true,linkerd,,10.1.40.99:4191,linkerd,teastore-image,teastore,teastore-image-77b5d74b7d-d27bk,77b5d74b7d,default,default.teastore.serviceaccount.identity.linkerd.cluster.local,,,
1614827780.101,response_latency_ms_sum,,,10.1.37.198:4191,linkerd-proxy,linkerd,,linkerd-prometheus-5bccd64d4d-jzwmt,,5910,,,,,linkerd-prometheus,prometheus,linkerd,outbound,,5bccd64d4d,200,true,linkerd,,10.1.40.99:4191,linkerd,teastore-image,teastore,teastore-image-77b5d74b7d-d27bk,77b5d74b7d,default,default.teastore.serviceaccount.identity.linkerd.cluster.local,,,
1614827790.101,response_latency_ms_sum,,,10.1.37.198:4191,linkerd-proxy,linkerd,,linkerd-prometheus-5bccd64d4d-jzwmt,,5916,,,,,linkerd-prometheus,prometheus,linkerd,outbound,,5bccd64d4d,200,true,linkerd,,10.1.40.99:4191,linkerd,teastore-image,teastore,teastore-image-77b5d74b7d-d27bk,77b5d74b7d,default,default.teastore.serviceaccount.identity.linkerd.cluster.local,,,
1614827800.101,response_latency_ms_sum,,,10.1.37.198:4191,linkerd-proxy,linkerd,,linkerd-prometheus-5bccd64d4d-jzwmt,,5918,,,,,linkerd-prometheus,prometheus,linkerd,outbound,,5bccd64d4d,200,true,linkerd,,10.1.40.99:4191,linkerd,teastore-image,teastore,teastore-image-77b5d74b7d-d27bk,77b5d74b7d,default,default.teastore.serviceaccount.identity.linkerd.cluster.local,,,
1614827640.101,response_latency_ms_sum,,,10.1.37.198:4191,linkerd-proxy,linkerd,,linkerd-prometheus-5bccd64d4d-jzwmt,,723,,,,,linkerd-prometheus,prometheus,linkerd,outbound,,5bccd64d4d,200,true,linkerd,,10.1.40.95:4191,linkerd,teastore-db,teastore,teastore-db-9ff58bdbd-vkg7l,9ff58bdbd,default,default.teastore.serviceaccount.identity.linkerd.cluster.local,,,
1614827650.102,response_latency_ms_sum,,,10.1.37.198:4191,linkerd-proxy,linkerd,,linkerd-prometheus-5bccd64d4d-jzwmt,,723,,,,,linkerd-prometheus,prometheus,linkerd,outbound,,5bccd64d4d,200,true,linkerd,,10.1.40.95:4191,linkerd,teastore-db,teastore,teastore-db-9ff58bdbd-vkg7l,9ff58bdbd,default,default.teastore.serviceaccount.identity.linkerd.cluster.local,,,
1614827660.102,response_latency_ms_sum,,,10.1.37.198:4191,linkerd-proxy,linkerd,,linkerd-prometheus-5bccd64d4d-jzwmt,,723,,,,,linkerd-prometheus,prometheus,linkerd,outbound,,5bccd64d4d,200,true,linkerd,,10.1.40.95:4191,linkerd,teastore-db,teastore,teastore-db-9ff58bdbd-vkg7l,9ff58bdbd,default,default.teastore.serviceaccount.identity.linkerd.cluster.local,,,
1614827670.101,response_latency_ms_sum,,,10.1.37.198:4191,linkerd-proxy,linkerd,,linkerd-prometheus-5bccd64d4d-jzwmt,,723,,,,,linkerd-prometheus,prometheus,linkerd,outbound,,5bccd64d4d,200,true,linkerd,,10.1.40.95:4191,linkerd,teastore-db,teastore,teastore-db-9ff58bdbd-vkg7l,9ff58bdbd,default,default.teastore.serviceaccount.identity.linkerd.cluster.local,,,
1614827680.101,response_latency_ms_sum,,,10.1.37.198:4191,linkerd-proxy,linkerd,,linkerd-prometheus-5bccd64d4d-jzwmt,,723,,,,,linkerd-prometheus,prometheus,linkerd,outbound,,5bccd64d4d,200,true,linkerd,,10.1.40.95:4191,linkerd,teastore-db,teastore,teastore-db-9ff58bdbd-vkg7l,9ff58bdbd,default,default.teastore.serviceaccount.identity.linkerd.cluster.local,,,
1614827690.101,response_latency_ms_sum,,,10.1.37.198:4191,linkerd-proxy,linkerd,,linkerd-prometheus-5bccd64d4d-jzwmt,,723,,,,,linkerd-prometheus,prometheus,linkerd,outbound,,5bccd64d4d,200,true,linkerd,,10.1.40.95:4191,linkerd,teastore-db,teastore,teastore-db-9ff58bdbd-vkg7l,9ff58bdbd,default,default.teastore.serviceaccount.identity.linkerd.cluster.local,,,
1614827700.102,response_latency_ms_sum,,,10.1.37.198:4191,linkerd-proxy,linkerd,,linkerd-prometheus-5bccd64d4d-jzwmt,,723,,,,,linkerd-prometheus,prometheus,linkerd,outbound,,5bccd64d4d,200,true,linkerd,,10.1.40.95:4191,linkerd,teastore-db,teastore,teastore-db-9ff58bdbd-vkg7l,9ff58bdbd,default,default.teastore.serviceaccount.identity.linkerd.cluster.local,,,
1614827710.101,response_latency_ms_sum,,,10.1.37.198:4191,linkerd-proxy,linkerd,,linkerd-prometheus-5bccd64d4d-jzwmt,,723,,,,,linkerd-prometheus,prometheus,linkerd,outbound,,5bccd64d4d,200,true,linkerd,,10.1.40.95:4191,linkerd,teastore-db,teastore,teastore-db-9ff58bdbd-vkg7l,9ff58bdbd,default,default.teastore.serviceaccount.identity.linkerd.cluster.local,,,
1614827720.101,response_latency_ms_sum,,,10.1.37.198:4191,linkerd-proxy,linkerd,,linkerd-prometheus-5bccd64d4d-jzwmt,,723,,,,,linkerd-prometheus,prometheus,linkerd,outbound,,5bccd64d4d,200,true,linkerd,,10.1.40.95:4191,linkerd,teastore-db,teastore,teastore-db-9ff58bdbd-vkg7l,9ff58bdbd,default,default.teastore.serviceaccount.identity.linkerd.cluster.local,,,
1614827730.101,response_latency_ms_sum,,,10.1.37.198:4191,linkerd-proxy,linkerd,,linkerd-prometheus-5bccd64d4d-jzwmt,,723,,,,,linkerd-prometheus,prometheus,linkerd,outbound,,5bccd64d4d,200,true,linkerd,,10.1.40.95:4191,linkerd,teastore-db,teastore,teastore-db-9ff58bdbd-vkg7l,9ff58bdbd,default,default.teastore.serviceaccount.identity.linkerd.cluster.local,,,
1614827740.101,response_latency_ms_sum,,,10.1.37.198:4191,linkerd-proxy,linkerd,,linkerd-prometheus-5bccd64d4d-jzwmt,,723,,,,,linkerd-prometheus,prometheus,linkerd,outbound,,5bccd64d4d,200,true,linkerd,,10.1.40.95:4191,linkerd,teastore-db,teastore,teastore-db-9ff58bdbd-vkg7l,9ff58bdbd,default,default.teastore.serviceaccount.identity.linkerd.cluster.local,,,
1614827750.101,response_latency_ms_sum,,,10.1.37.198:4191,linkerd-proxy,linkerd,,linkerd-prometheus-5bccd64d4d-jzwmt,,723,,,,,linkerd-prometheus,prometheus,linkerd,outbound,,5bccd64d4d,200,true,linkerd,,10.1.40.95:4191,linkerd,teastore-db,teastore,teastore-db-9ff58bdbd-vkg7l,9ff58bdbd,default,default.teastore.serviceaccount.identity.linkerd.cluster.local,,,
1614827760.101,response_latency_ms_sum,,,10.1.37.198:4191,linkerd-proxy,linkerd,,linkerd-prometheus-5bccd64d4d-jzwmt,,723,,,,,linkerd-prometheus,prometheus,linkerd,outbound,,5bccd64d4d,200,true,linkerd,,10.1.40.95:4191,linkerd,teastore-db,teastore,teastore-db-9ff58bdbd-vkg7l,9ff58bdbd,default,default.teastore.serviceaccount.identity.linkerd.cluster.local,,,
1614827770.101,response_latency_ms_sum,,,10.1.37.198:4191,linkerd-proxy,linkerd,,linkerd-prometheus-5bccd64d4d-jzwmt,,723,,,,,linkerd-prometheus,prometheus,linkerd,outbound,,5bccd64d4d,200,true,linkerd,,10.1.40.95:4191,linkerd,teastore-db,teastore,teastore-db-9ff58bdbd-vkg7l,9ff58bdbd,default,default.teastore.serviceaccount.identity.linkerd.cluster.local,,,
1614827780.101,response_latency_ms_sum,,,10.1.37.198:4191,linkerd-proxy,linkerd,,linkerd-prometheus-5bccd64d4d-jzwmt,,724,,,,,linkerd-prometheus,prometheus,linkerd,outbound,,5bccd64d4d,200,true,linkerd,,10.1.40.95:4191,linkerd,teastore-db,teastore,teastore-db-9ff58bdbd-vkg7l,9ff58bdbd,default,default.teastore.serviceaccount.identity.linkerd.cluster.local,,,
1614827790.101,response_latency_ms_sum,,,10.1.37.198:4191,linkerd-proxy,linkerd,,linkerd-prometheus-5bccd64d4d-jzwmt,,724,,,,,linkerd-prometheus,prometheus,linkerd,outbound,,5bccd64d4d,200,true,linkerd,,10.1.40.95:4191,linkerd,teastore-db,teastore,teastore-db-9ff58bdbd-vkg7l,9ff58bdbd,default,default.teastore.serviceaccount.identity.linkerd.cluster.local,,,
1614827800.101,response_latency_ms_sum,,,10.1.37.198:4191,linkerd-proxy,linkerd,,linkerd-prometheus-5bccd64d4d-jzwmt,,724,,,,,linkerd-prometheus,prometheus,linkerd,outbound,,5bccd64d4d,200,true,linkerd,,10.1.40.95:4191,linkerd,teastore-db,teastore,teastore-db-9ff58bdbd-vkg7l,9ff58bdbd,default,default.teastore.serviceaccount.identity.linkerd.cluster.local,,,
1614827640.101,response_latency_ms_sum,,,10.1.37.198:4191,linkerd-proxy,linkerd,,linkerd-prometheus-5bccd64d4d-jzwmt,,5659,,,,,linkerd-prometheus,prometheus,linkerd,outbound,,5bccd64d4d,200,true,linkerd,,10.1.40.98:4191,linkerd,teastore-auth,teastore,teastore-auth-5c8f77dbb8-trzs6,5c8f77dbb8,default,default.teastore.serviceaccount.identity.linkerd.cluster.local,,,
1614827650.102,response_latency_ms_sum,,,10.1.37.198:4191,linkerd-proxy,linkerd,,linkerd-prometheus-5bccd64d4d-jzwmt,,5661,,,,,linkerd-prometheus,prometheus,linkerd,outbound,,5bccd64d4d,200,true,linkerd,,10.1.40.98:4191,linkerd,teastore-auth,teastore,teastore-auth-5c8f77dbb8-trzs6,5c8f77dbb8,default,default.teastore.serviceaccount.identity.linkerd.cluster.local,,,
1614827660.102,response_latency_ms_sum,,,10.1.37.198:4191,linkerd-proxy,linkerd,,linkerd-prometheus-5bccd64d4d-jzwmt,,5663,,,,,linkerd-prometheus,prometheus,linkerd,outbound,,5bccd64d4d,200,true,linkerd,,10.1.40.98:4191,linkerd,teastore-auth,teastore,teastore-auth-5c8f77dbb8-trzs6,5c8f77dbb8,default,default.teastore.serviceaccount.identity.linkerd.cluster.local,,,
1614827670.101,response_latency_ms_sum,,,10.1.37.198:4191,linkerd-proxy,linkerd,,linkerd-prometheus-5bccd64d4d-jzwmt,,5665,,,,,linkerd-prometheus,prometheus,linkerd,outbound,,5bccd64d4d,200,true,linkerd,,10.1.40.98:4191,linkerd,teastore-auth,teastore,teastore-auth-5c8f77dbb8-trzs6,5c8f77dbb8,default,default.teastore.serviceaccount.identity.linkerd.cluster.local,,,
1614827680.101,response_latency_ms_sum,,,10.1.37.198:4191,linkerd-proxy,linkerd,,linkerd-prometheus-5bccd64d4d-jzwmt,,5667,,,,,linkerd-prometheus,prometheus,linkerd,outbound,,5bccd64d4d,200,true,linkerd,,10.1.40.98:4191,linkerd,teastore-auth,teastore,teastore-auth-5c8f77dbb8-trzs6,5c8f77dbb8,default,default.teastore.serviceaccount.identity.linkerd.cluster.local,,,
1614827690.101,response_latency_ms_sum,,,10.1.37.198:4191,linkerd-proxy,linkerd,,linkerd-prometheus-5bccd64d4d-jzwmt,,5669,,,,,linkerd-prometheus,prometheus,linkerd,outbound,,5bccd64d4d,200,true,linkerd,,10.1.40.98:4191,linkerd,teastore-auth,teastore,teastore-auth-5c8f77dbb8-trzs6,5c8f77dbb8,default,default.teastore.serviceaccount.identity.linkerd.cluster.local,,,
1614827700.102,response_latency_ms_sum,,,10.1.37.198:4191,linkerd-proxy,linkerd,,linkerd-prometheus-5bccd64d4d-jzwmt,,5671,,,,,linkerd-prometheus,prometheus,linkerd,outbound,,5bccd64d4d,200,true,linkerd,,10.1.40.98:4191,linkerd,teastore-auth,teastore,teastore-auth-5c8f77dbb8-trzs6,5c8f77dbb8,default,default.teastore.serviceaccount.identity.linkerd.cluster.local,,,
1614827710.101,response_latency_ms_sum,,,10.1.37.198:4191,linkerd-proxy,linkerd,,linkerd-prometheus-5bccd64d4d-jzwmt,,5673,,,,,linkerd-prometheus,prometheus,linkerd,outbound,,5bccd64d4d,200,true,linkerd,,10.1.40.98:4191,linkerd,teastore-auth,teastore,teastore-auth-5c8f77dbb8-trzs6,5c8f77dbb8,default,default.teastore.serviceaccount.identity.linkerd.cluster.local,,,
1614827720.101,response_latency_ms_sum,,,10.1.37.198:4191,linkerd-proxy,linkerd,,linkerd-prometheus-5bccd64d4d-jzwmt,,5675,,,,,linkerd-prometheus,prometheus,linkerd,outbound,,5bccd64d4d,200,true,linkerd,,10.1.40.98:4191,linkerd,teastore-auth,teastore,teastore-auth-5c8f77dbb8-trzs6,5c8f77dbb8,default,default.teastore.serviceaccount.identity.linkerd.cluster.local,,,
1614827730.101,response_latency_ms_sum,,,10.1.37.198:4191,linkerd-proxy,linkerd,,linkerd-prometheus-5bccd64d4d-jzwmt,,5678,,,,,linkerd-prometheus,prometheus,linkerd,outbound,,5bccd64d4d,200,true,linkerd,,10.1.40.98:4191,linkerd,teastore-auth,teastore,teastore-auth-5c8f77dbb8-trzs6,5c8f77dbb8,default,default.teastore.serviceaccount.identity.linkerd.cluster.local,,,
1614827740.101,response_latency_ms_sum,,,10.1.37.198:4191,linkerd-proxy,linkerd,,linkerd-prometheus-5bccd64d4d-jzwmt,,5681,,,,,linkerd-prometheus,prometheus,linkerd,outbound,,5bccd64d4d,200,true,linkerd,,10.1.40.98:4191,linkerd,teastore-auth,teastore,teastore-auth-5c8f77dbb8-trzs6,5c8f77dbb8,default,default.teastore.serviceaccount.identity.linkerd.cluster.local,,,
1614827750.101,response_latency_ms_sum,,,10.1.37.198:4191,linkerd-proxy,linkerd,,linkerd-prometheus-5bccd64d4d-jzwmt,,5683,,,,,linkerd-prometheus,prometheus,linkerd,outbound,,5bccd64d4d,200,true,linkerd,,10.1.40.98:4191,linkerd,teastore-auth,teastore,teastore-auth-5c8f77dbb8-trzs6,5c8f77dbb8,default,default.teastore.serviceaccount.identity.linkerd.cluster.local,,,
1614827760.101,response_latency_ms_sum,,,10.1.37.198:4191,linkerd-proxy,linkerd,,linkerd-prometheus-5bccd64d4d-jzwmt,,5686,,,,,linkerd-prometheus,prometheus,linkerd,outbound,,5bccd64d4d,200,true,linkerd,,10.1.40.98:4191,linkerd,teastore-auth,teastore,teastore-auth-5c8f77dbb8-trzs6,5c8f77dbb8,default,default.teastore.serviceaccount.identity.linkerd.cluster.local,,,
1614827770.101,response_latency_ms_sum,,,10.1.37.198:4191,linkerd-proxy,linkerd,,linkerd-prometheus-5bccd64d4d-jzwmt,,5688,,,,,linkerd-prometheus,prometheus,linkerd,outbound,,5bccd64d4d,200,true,linkerd,,10.1.40.98:4191,linkerd,teastore-auth,teastore,teastore-auth-5c8f77dbb8-trzs6,5c8f77dbb8,default,default.teastore.serviceaccount.identity.linkerd.cluster.local,,,
1614827780.101,response_latency_ms_sum,,,10.1.37.198:4191,linkerd-proxy,linkerd,,linkerd-prometheus-5bccd64d4d-jzwmt,,5690,,,,,linkerd-prometheus,prometheus,linkerd,outbound,,5bccd64d4d,200,true,linkerd,,10.1.40.98:4191,linkerd,teastore-auth,teastore,teastore-auth-5c8f77dbb8-trzs6,5c8f77dbb8,default,default.teastore.serviceaccount.identity.linkerd.cluster.local,,,
1614827790.101,response_latency_ms_sum,,,10.1.37.198:4191,linkerd-proxy,linkerd,,linkerd-prometheus-5bccd64d4d-jzwmt,,5692,,,,,linkerd-prometheus,prometheus,linkerd,outbound,,5bccd64d4d,200,true,linkerd,,10.1.40.98:4191,linkerd,teastore-auth,teastore,teastore-auth-5c8f77dbb8-trzs6,5c8f77dbb8,default,default.teastore.serviceaccount.identity.linkerd.cluster.local,,,
1614827800.101,response_latency_ms_sum,,,10.1.37.198:4191,linkerd-proxy,linkerd,,linkerd-prometheus-5bccd64d4d-jzwmt,,5694,,,,,linkerd-prometheus,prometheus,linkerd,outbound,,5bccd64d4d,200,true,linkerd,,10.1.40.98:4191,linkerd,teastore-auth,teastore,teastore-auth-5c8f77dbb8-trzs6,5c8f77dbb8,default,default.teastore.serviceaccount.identity.linkerd.cluster.local,,,
1614827640.101,response_latency_ms_sum,,,10.1.37.198:4191,linkerd-proxy,linkerd,,linkerd-prometheus-5bccd64d4d-jzwmt,,5526,,,,,linkerd-prometheus,prometheus,linkerd,outbound,,5bccd64d4d,200,true,linkerd,,10.1.40.96:4191,linkerd,teastore-registry,teastore,teastore-registry-c8b58678f-v869d,c8b58678f,default,default.teastore.serviceaccount.identity.linkerd.cluster.local,,,
1614827650.102,response_latency_ms_sum,,,10.1.37.198:4191,linkerd-proxy,linkerd,,linkerd-prometheus-5bccd64d4d-jzwmt,,5527,,,,,linkerd-prometheus,prometheus,linkerd,outbound,,5bccd64d4d,200,true,linkerd,,10.1.40.96:4191,linkerd,teastore-registry,teastore,teastore-registry-c8b58678f-v869d,c8b58678f,default,default.teastore.serviceaccount.identity.linkerd.cluster.local,,,
1614827660.102,response_latency_ms_sum,,,10.1.37.198:4191,linkerd-proxy,linkerd,,linkerd-prometheus-5bccd64d4d-jzwmt,,5529,,,,,linkerd-prometheus,prometheus,linkerd,outbound,,5bccd64d4d,200,true,linkerd,,10.1.40.96:4191,linkerd,teastore-registry,teastore,teastore-registry-c8b58678f-v869d,c8b58678f,default,default.teastore.serviceaccount.identity.linkerd.cluster.local,,,
1614827670.101,response_latency_ms_sum,,,10.1.37.198:4191,linkerd-proxy,linkerd,,linkerd-prometheus-5bccd64d4d-jzwmt,,5532,,,,,linkerd-prometheus,prometheus,linkerd,outbound,,5bccd64d4d,200,true,linkerd,,10.1.40.96:4191,linkerd,teastore-registry,teastore,teastore-registry-c8b58678f-v869d,c8b58678f,default,default.teastore.serviceaccount.identity.linkerd.cluster.local,,,
1614827680.101,response_latency_ms_sum,,,10.1.37.198:4191,linkerd-proxy,linkerd,,linkerd-prometheus-5bccd64d4d-jzwmt,,5535,,,,,linkerd-prometheus,prometheus,linkerd,outbound,,5bccd64d4d,200,true,linkerd,,10.1.40.96:4191,linkerd,teastore-registry,teastore,teastore-registry-c8b58678f-v869d,c8b58678f,default,default.teastore.serviceaccount.identity.linkerd.cluster.local,,,
1614827690.101,response_latency_ms_sum,,,10.1.37.198:4191,linkerd-proxy,linkerd,,linkerd-prometheus-5bccd64d4d-jzwmt,,5536,,,,,linkerd-prometheus,prometheus,linkerd,outbound,,5bccd64d4d,200,true,linkerd,,10.1.40.96:4191,linkerd,teastore-registry,teastore,teastore-registry-c8b58678f-v869d,c8b58678f,default,default.teastore.serviceaccount.identity.linkerd.cluster.local,,,
1614827700.102,response_latency_ms_sum,,,10.1.37.198:4191,linkerd-proxy,linkerd,,linkerd-prometheus-5bccd64d4d-jzwmt,,5541,,,,,linkerd-prometheus,prometheus,linkerd,outbound,,5bccd64d4d,200,true,linkerd,,10.1.40.96:4191,linkerd,teastore-registry,teastore,teastore-registry-c8b58678f-v869d,c8b58678f,default,default.teastore.serviceaccount.identity.linkerd.cluster.local,,,
1614827710.101,response_latency_ms_sum,,,10.1.37.198:4191,linkerd-proxy,linkerd,,linkerd-prometheus-5bccd64d4d-jzwmt,,5545,,,,,linkerd-prometheus,prometheus,linkerd,outbound,,5bccd64d4d,200,true,linkerd,,10.1.40.96:4191,linkerd,teastore-registry,teastore,teastore-registry-c8b58678f-v869d,c8b58678f,default,default.teastore.serviceaccount.identity.linkerd.cluster.local,,,
1614827720.101,response_latency_ms_sum,,,10.1.37.198:4191,linkerd-proxy,linkerd,,linkerd-prometheus-5bccd64d4d-jzwmt,,5547,,,,,linkerd-prometheus,prometheus,linkerd,outbound,,5bccd64d4d,200,true,linkerd,,10.1.40.96:4191,linkerd,teastore-registry,teastore,teastore-registry-c8b58678f-v869d,c8b58678f,default,default.teastore.serviceaccount.identity.linkerd.cluster.local,,,
1614827730.101,response_latency_ms_sum,,,10.1.37.198:4191,linkerd-proxy,linkerd,,linkerd-prometheus-5bccd64d4d-jzwmt,,5551,,,,,linkerd-prometheus,prometheus,linkerd,outbound,,5bccd64d4d,200,true,linkerd,,10.1.40.96:4191,linkerd,teastore-registry,teastore,teastore-registry-c8b58678f-v869d,c8b58678f,default,default.teastore.serviceaccount.identity.linkerd.cluster.local,,,
1614827740.101,response_latency_ms_sum,,,10.1.37.198:4191,linkerd-proxy,linkerd,,linkerd-prometheus-5bccd64d4d-jzwmt,,5553,,,,,linkerd-prometheus,prometheus,linkerd,outbound,,5bccd64d4d,200,true,linkerd,,10.1.40.96:4191,linkerd,teastore-registry,teastore,teastore-registry-c8b58678f-v869d,c8b58678f,default,default.teastore.serviceaccount.identity.linkerd.cluster.local,,,
1614827750.101,response_latency_ms_sum,,,10.1.37.198:4191,linkerd-proxy,linkerd,,linkerd-prometheus-5bccd64d4d-jzwmt,,5559,,,,,linkerd-prometheus,prometheus,linkerd,outbound,,5bccd64d4d,200,true,linkerd,,10.1.40.96:4191,linkerd,teastore-registry,teastore,teastore-registry-c8b58678f-v869d,c8b58678f,default,default.teastore.serviceaccount.identity.linkerd.cluster.local,,,
1614827760.101,response_latency_ms_sum,,,10.1.37.198:4191,linkerd-proxy,linkerd,,linkerd-prometheus-5bccd64d4d-jzwmt,,5561,,,,,linkerd-prometheus,prometheus,linkerd,outbound,,5bccd64d4d,200,true,linkerd,,10.1.40.96:4191,linkerd,teastore-registry,teastore,teastore-registry-c8b58678f-v869d,c8b58678f,default,default.teastore.serviceaccount.identity.linkerd.cluster.local,,,
1614827770.101,response_latency_ms_sum,,,10.1.37.198:4191,linkerd-proxy,linkerd,,linkerd-prometheus-5bccd64d4d-jzwmt,,5562,,,,,linkerd-prometheus,prometheus,linkerd,outbound,,5bccd64d4d,200,true,linkerd,,10.1.40.96:4191,linkerd,teastore-registry,teastore,teastore-registry-c8b58678f-v869d,c8b58678f,default,default.teastore.serviceaccount.identity.linkerd.cluster.local,,,
1614827780.101,response_latency_ms_sum,,,10.1.37.198:4191,linkerd-proxy,linkerd,,linkerd-prometheus-5bccd64d4d-jzwmt,,5563,,,,,linkerd-prometheus,prometheus,linkerd,outbound,,5bccd64d4d,200,true,linkerd,,10.1.40.96:4191,linkerd,teastore-registry,teastore,teastore-registry-c8b58678f-v869d,c8b58678f,default,default.teastore.serviceaccount.identity.linkerd.cluster.local,,,
1614827790.101,response_latency_ms_sum,,,10.1.37.198:4191,linkerd-proxy,linkerd,,linkerd-prometheus-5bccd64d4d-jzwmt,,5564,,,,,linkerd-prometheus,prometheus,linkerd,outbound,,5bccd64d4d,200,true,linkerd,,10.1.40.96:4191,linkerd,teastore-registry,teastore,teastore-registry-c8b58678f-v869d,c8b58678f,default,default.teastore.serviceaccount.identity.linkerd.cluster.local,,,
1614827800.101,response_latency_ms_sum,,,10.1.37.198:4191,linkerd-proxy,linkerd,,linkerd-prometheus-5bccd64d4d-jzwmt,,5574,,,,,linkerd-prometheus,prometheus,linkerd,outbound,,5bccd64d4d,200,true,linkerd,,10.1.40.96:4191,linkerd,teastore-registry,teastore,teastore-registry-c8b58678f-v869d,c8b58678f,default,default.teastore.serviceaccount.identity.linkerd.cluster.local,,,
1614827640.101,response_latency_ms_sum,,,10.1.37.198:4191,linkerd-proxy,linkerd,,linkerd-prometheus-5bccd64d4d-jzwmt,,4402,,,,,linkerd-prometheus,prometheus,linkerd,outbound,,5bccd64d4d,200,true,linkerd,,10.1.40.100:4191,linkerd,teastore-recommender,teastore,teastore-recommender-597fccb746-dbm6l,597fccb746,default,default.teastore.serviceaccount.identity.linkerd.cluster.local,,,
1614827650.102,response_latency_ms_sum,,,10.1.37.198:4191,linkerd-proxy,linkerd,,linkerd-prometheus-5bccd64d4d-jzwmt,,4403,,,,,linkerd-prometheus,prometheus,linkerd,outbound,,5bccd64d4d,200,true,linkerd,,10.1.40.100:4191,linkerd,teastore-recommender,teastore,teastore-recommender-597fccb746-dbm6l,597fccb746,default,default.teastore.serviceaccount.identity.linkerd.cluster.local,,,
1614827660.102,response_latency_ms_sum,,,10.1.37.198:4191,linkerd-proxy,linkerd,,linkerd-prometheus-5bccd64d4d-jzwmt,,4404,,,,,linkerd-prometheus,prometheus,linkerd,outbound,,5bccd64d4d,200,true,linkerd,,10.1.40.100:4191,linkerd,teastore-recommender,teastore,teastore-recommender-597fccb746-dbm6l,597fccb746,default,default.teastore.serviceaccount.identity.linkerd.cluster.local,,,
1614827670.101,response_latency_ms_sum,,,10.1.37.198:4191,linkerd-proxy,linkerd,,linkerd-prometheus-5bccd64d4d-jzwmt,,4406,,,,,linkerd-prometheus,prometheus,linkerd,outbound,,5bccd64d4d,200,true,linkerd,,10.1.40.100:4191,linkerd,teastore-recommender,teastore,teastore-recommender-597fccb746-dbm6l,597fccb746,default,default.teastore.serviceaccount.identity.linkerd.cluster.local,,,
1614827680.101,response_latency_ms_sum,,,10.1.37.198:4191,linkerd-proxy,linkerd,,linkerd-prometheus-5bccd64d4d-jzwmt,,4408,,,,,linkerd-prometheus,prometheus,linkerd,outbound,,5bccd64d4d,200,true,linkerd,,10.1.40.100:4191,linkerd,teastore-recommender,teastore,teastore-recommender-597fccb746-dbm6l,597fccb746,default,default.teastore.serviceaccount.identity.linkerd.cluster.local,,,
1614827690.101,response_latency_ms_sum,,,10.1.37.198:4191,linkerd-proxy,linkerd,,linkerd-prometheus-5bccd64d4d-jzwmt,,4410,,,,,linkerd-prometheus,prometheus,linkerd,outbound,,5bccd64d4d,200,true,linkerd,,10.1.40.100:4191,linkerd,teastore-recommender,teastore,teastore-recommender-597fccb746-dbm6l,597fccb746,default,default.teastore.serviceaccount.identity.linkerd.cluster.local,,,
1614827700.102,response_latency_ms_sum,,,10.1.37.198:4191,linkerd-proxy,linkerd,,linkerd-prometheus-5bccd64d4d-jzwmt,,4412,,,,,linkerd-prometheus,prometheus,linkerd,outbound,,5bccd64d4d,200,true,linkerd,,10.1.40.100:4191,linkerd,teastore-recommender,teastore,teastore-recommender-597fccb746-dbm6l,597fccb746,default,default.teastore.serviceaccount.identity.linkerd.cluster.local,,,
1614827710.101,response_latency_ms_sum,,,10.1.37.198:4191,linkerd-proxy,linkerd,,linkerd-prometheus-5bccd64d4d-jzwmt,,4414,,,,,linkerd-prometheus,prometheus,linkerd,outbound,,5bccd64d4d,200,true,linkerd,,10.1.40.100:4191,linkerd,teastore-recommender,teastore,teastore-recommender-597fccb746-dbm6l,597fccb746,default,default.teastore.serviceaccount.identity.linkerd.cluster.local,,,
1614827720.101,response_latency_ms_sum,,,10.1.37.198:4191,linkerd-proxy,linkerd,,linkerd-prometheus-5bccd64d4d-jzwmt,,4415,,,,,linkerd-prometheus,prometheus,linkerd,outbound,,5bccd64d4d,200,true,linkerd,,10.1.40.100:4191,linkerd,teastore-recommender,teastore,teastore-recommender-597fccb746-dbm6l,597fccb746,default,default.teastore.serviceaccount.identity.linkerd.cluster.local,,,
1614827730.101,response_latency_ms_sum,,,10.1.37.198:4191,linkerd-proxy,linkerd,,linkerd-prometheus-5bccd64d4d-jzwmt,,4418,,,,,linkerd-prometheus,prometheus,linkerd,outbound,,5bccd64d4d,200,true,linkerd,,10.1.40.100:4191,linkerd,teastore-recommender,teastore,teastore-recommender-597fccb746-dbm6l,597fccb746,default,default.teastore.serviceaccount.identity.linkerd.cluster.local,,,
1614827740.101,response_latency_ms_sum,,,10.1.37.198:4191,linkerd-proxy,linkerd,,linkerd-prometheus-5bccd64d4d-jzwmt,,4420,,,,,linkerd-prometheus,prometheus,linkerd,outbound,,5bccd64d4d,200,true,linkerd,,10.1.40.100:4191,linkerd,teastore-recommender,teastore,teastore-recommender-597fccb746-dbm6l,597fccb746,default,default.teastore.serviceaccount.identity.linkerd.cluster.local,,,
1614827750.101,response_latency_ms_sum,,,10.1.37.198:4191,linkerd-proxy,linkerd,,linkerd-prometheus-5bccd64d4d-jzwmt,,4422,,,,,linkerd-prometheus,prometheus,linkerd,outbound,,5bccd64d4d,200,true,linkerd,,10.1.40.100:4191,linkerd,teastore-recommender,teastore,teastore-recommender-597fccb746-dbm6l,597fccb746,default,default.teastore.serviceaccount.identity.linkerd.cluster.local,,,
1614827760.101,response_latency_ms_sum,,,10.1.37.198:4191,linkerd-proxy,linkerd,,linkerd-prometheus-5bccd64d4d-jzwmt,,4425,,,,,linkerd-prometheus,prometheus,linkerd,outbound,,5bccd64d4d,200,true,linkerd,,10.1.40.100:4191,linkerd,teastore-recommender,teastore,teastore-recommender-597fccb746-dbm6l,597fccb746,default,default.teastore.serviceaccount.identity.linkerd.cluster.local,,,
1614827770.101,response_latency_ms_sum,,,10.1.37.198:4191,linkerd-proxy,linkerd,,linkerd-prometheus-5bccd64d4d-jzwmt,,4427,,,,,linkerd-prometheus,prometheus,linkerd,outbound,,5bccd64d4d,200,true,linkerd,,10.1.40.100:4191,linkerd,teastore-recommender,teastore,teastore-recommender-597fccb746-dbm6l,597fccb746,default,default.teastore.serviceaccount.identity.linkerd.cluster.local,,,
1614827780.101,response_latency_ms_sum,,,10.1.37.198:4191,linkerd-proxy,linkerd,,linkerd-prometheus-5bccd64d4d-jzwmt,,4429,,,,,linkerd-prometheus,prometheus,linkerd,outbound,,5bccd64d4d,200,true,linkerd,,10.1.40.100:4191,linkerd,teastore-recommender,teastore,teastore-recommender-597fccb746-dbm6l,597fccb746,default,default.teastore.serviceaccount.identity.linkerd.cluster.local,,,
1614827790.101,response_latency_ms_sum,,,10.1.37.198:4191,linkerd-proxy,linkerd,,linkerd-prometheus-5bccd64d4d-jzwmt,,4431,,,,,linkerd-prometheus,prometheus,linkerd,outbound,,5bccd64d4d,200,true,linkerd,,10.1.40.100:4191,linkerd,teastore-recommender,teastore,teastore-recommender-597fccb746-dbm6l,597fccb746,default,default.teastore.serviceaccount.identity.linkerd.cluster.local,,,
1614827800.101,response_latency_ms_sum,,,10.1.37.198:4191,linkerd-proxy,linkerd,,linkerd-prometheus-5bccd64d4d-jzwmt,,4433,,,,,linkerd-prometheus,prometheus,linkerd,outbound,,5bccd64d4d,200,true,linkerd,,10.1.40.100:4191,linkerd,teastore-recommender,teastore,teastore-recommender-597fccb746-dbm6l,597fccb746,default,default.teastore.serviceaccount.identity.linkerd.cluster.local,,,
1614827637.443,response_latency_ms_sum,,,10.1.40.99:4191,linkerd-proxy,teastore,,teastore-image-77b5d74b7d-d27bk,,34031,,,,,teastore-image,,linkerd,outbound,,77b5d74b7d,200,true,teastore,,teastore-registry.teastore.svc.cluster.local:8080,linkerd,teastore-registry,teastore,teastore-registry-c8b58678f-v869d,c8b58678f,default,default.teastore.serviceaccount.identity.linkerd.cluster.local,teastore,teastore-registry,teastore-image
1614827647.443,response_latency_ms_sum,,,10.1.40.99:4191,linkerd-proxy,teastore,,teastore-image-77b5d74b7d-d27bk,,34040,,,,,teastore-image,,linkerd,outbound,,77b5d74b7d,200,true,teastore,,teastore-registry.teastore.svc.cluster.local:8080,linkerd,teastore-registry,teastore,teastore-registry-c8b58678f-v869d,c8b58678f,default,default.teastore.serviceaccount.identity.linkerd.cluster.local,teastore,teastore-registry,teastore-image
1614827657.443,response_latency_ms_sum,,,10.1.40.99:4191,linkerd-proxy,teastore,,teastore-image-77b5d74b7d-d27bk,,34048,,,,,teastore-image,,linkerd,outbound,,77b5d74b7d,200,true,teastore,,teastore-registry.teastore.svc.cluster.local:8080,linkerd,teastore-registry,teastore,teastore-registry-c8b58678f-v869d,c8b58678f,default,default.teastore.serviceaccount.identity.linkerd.cluster.local,teastore,teastore-registry,teastore-image
1614827667.443,response_latency_ms_sum,,,10.1.40.99:4191,linkerd-proxy,teastore,,teastore-image-77b5d74b7d-d27bk,,34059,,,,,teastore-image,,linkerd,outbound,,77b5d74b7d,200,true,teastore,,teastore-registry.teastore.svc.cluster.local:8080,linkerd,teastore-registry,teastore,teastore-registry-c8b58678f-v869d,c8b58678f,default,default.teastore.serviceaccount.identity.linkerd.cluster.local,teastore,teastore-registry,teastore-image
1614827677.443,response_latency_ms_sum,,,10.1.40.99:4191,linkerd-proxy,teastore,,teastore-image-77b5d74b7d-d27bk,,34066,,,,,teastore-image,,linkerd,outbound,,77b5d74b7d,200,true,teastore,,teastore-registry.teastore.svc.cluster.local:8080,linkerd,teastore-registry,teastore,teastore-registry-c8b58678f-v869d,c8b58678f,default,default.teastore.serviceaccount.identity.linkerd.cluster.local,teastore,teastore-registry,teastore-image
1614827687.443,response_latency_ms_sum,,,10.1.40.99:4191,linkerd-proxy,teastore,,teastore-image-77b5d74b7d-d27bk,,34074,,,,,teastore-image,,linkerd,outbound,,77b5d74b7d,200,true,teastore,,teastore-registry.teastore.svc.cluster.local:8080,linkerd,teastore-registry,teastore,teastore-registry-c8b58678f-v869d,c8b58678f,default,default.teastore.serviceaccount.identity.linkerd.cluster.local,teastore,teastore-registry,teastore-image
1614827697.443,response_latency_ms_sum,,,10.1.40.99:4191,linkerd-proxy,teastore,,teastore-image-77b5d74b7d-d27bk,,34085,,,,,teastore-image,,linkerd,outbound,,77b5d74b7d,200,true,teastore,,teastore-registry.teastore.svc.cluster.local:8080,linkerd,teastore-registry,teastore,teastore-registry-c8b58678f-v869d,c8b58678f,default,default.teastore.serviceaccount.identity.linkerd.cluster.local,teastore,teastore-registry,teastore-image
1614827707.443,response_latency_ms_sum,,,10.1.40.99:4191,linkerd-proxy,teastore,,teastore-image-77b5d74b7d-d27bk,,34096,,,,,teastore-image,,linkerd,outbound,,77b5d74b7d,200,true,teastore,,teastore-registry.teastore.svc.cluster.local:8080,linkerd,teastore-registry,teastore,teastore-registry-c8b58678f-v869d,c8b58678f,default,default.teastore.serviceaccount.identity.linkerd.cluster.local,teastore,teastore-registry,teastore-image
1614827717.443,response_latency_ms_sum,,,10.1.40.99:4191,linkerd-proxy,teastore,,teastore-image-77b5d74b7d-d27bk,,34109,,,,,teastore-image,,linkerd,outbound,,77b5d74b7d,200,true,teastore,,teastore-registry.teastore.svc.cluster.local:8080,linkerd,teastore-registry,teastore,teastore-registry-c8b58678f-v869d,c8b58678f,default,default.teastore.serviceaccount.identity.linkerd.cluster.local,teastore,teastore-registry,teastore-image
1614827727.443,response_latency_ms_sum,,,10.1.40.99:4191,linkerd-proxy,teastore,,teastore-image-77b5d74b7d-d27bk,,34128,,,,,teastore-image,,linkerd,outbound,,77b5d74b7d,200,true,teastore,,teastore-registry.teastore.svc.cluster.local:8080,linkerd,teastore-registry,teastore,teastore-registry-c8b58678f-v869d,c8b58678f,default,default.teastore.serviceaccount.identity.linkerd.cluster.local,teastore,teastore-registry,teastore-image
1614827737.443,response_latency_ms_sum,,,10.1.40.99:4191,linkerd-proxy,teastore,,teastore-image-77b5d74b7d-d27bk,,34138,,,,,teastore-image,,linkerd,outbound,,77b5d74b7d,200,true,teastore,,teastore-registry.teastore.svc.cluster.local:8080,linkerd,teastore-registry,teastore,teastore-registry-c8b58678f-v869d,c8b58678f,default,default.teastore.serviceaccount.identity.linkerd.cluster.local,teastore,teastore-registry,teastore-image
1614827747.443,response_latency_ms_sum,,,10.1.40.99:4191,linkerd-proxy,teastore,,teastore-image-77b5d74b7d-d27bk,,34162,,,,,teastore-image,,linkerd,outbound,,77b5d74b7d,200,true,teastore,,teastore-registry.teastore.svc.cluster.local:8080,linkerd,teastore-registry,teastore,teastore-registry-c8b58678f-v869d,c8b58678f,default,default.teastore.serviceaccount.identity.linkerd.cluster.local,teastore,teastore-registry,teastore-image
1614827757.443,response_latency_ms_sum,,,10.1.40.99:4191,linkerd-proxy,teastore,,teastore-image-77b5d74b7d-d27bk,,34178,,,,,teastore-image,,linkerd,outbound,,77b5d74b7d,200,true,teastore,,teastore-registry.teastore.svc.cluster.local:8080,linkerd,teastore-registry,teastore,teastore-registry-c8b58678f-v869d,c8b58678f,default,default.teastore.serviceaccount.identity.linkerd.cluster.local,teastore,teastore-registry,teastore-image
1614827767.443,response_latency_ms_sum,,,10.1.40.99:4191,linkerd-proxy,teastore,,teastore-image-77b5d74b7d-d27bk,,34190,,,,,teastore-image,,linkerd,outbound,,77b5d74b7d,200,true,teastore,,teastore-registry.teastore.svc.cluster.local:8080,linkerd,teastore-registry,teastore,teastore-registry-c8b58678f-v869d,c8b58678f,default,default.teastore.serviceaccount.identity.linkerd.cluster.local,teastore,teastore-registry,teastore-image
1614827777.443,response_latency_ms_sum,,,10.1.40.99:4191,linkerd-proxy,teastore,,teastore-image-77b5d74b7d-d27bk,,34198,,,,,teastore-image,,linkerd,outbound,,77b5d74b7d,200,true,teastore,,teastore-registry.teastore.svc.cluster.local:8080,linkerd,teastore-registry,teastore,teastore-registry-c8b58678f-v869d,c8b58678f,default,default.teastore.serviceaccount.identity.linkerd.cluster.local,teastore,teastore-registry,teastore-image
1614827787.444,response_latency_ms_sum,,,10.1.40.99:4191,linkerd-proxy,teastore,,teastore-image-77b5d74b7d-d27bk,,34209,,,,,teastore-image,,linkerd,outbound,,77b5d74b7d,200,true,teastore,,teastore-registry.teastore.svc.cluster.local:8080,linkerd,teastore-registry,teastore,teastore-registry-c8b58678f-v869d,c8b58678f,default,default.teastore.serviceaccount.identity.linkerd.cluster.local,teastore,teastore-registry,teastore-image
1614827797.443,response_latency_ms_sum,,,10.1.40.99:4191,linkerd-proxy,teastore,,teastore-image-77b5d74b7d-d27bk,,34228,,,,,teastore-image,,linkerd,outbound,,77b5d74b7d,200,true,teastore,,teastore-registry.teastore.svc.cluster.local:8080,linkerd,teastore-registry,teastore,teastore-registry-c8b58678f-v869d,c8b58678f,default,default.teastore.serviceaccount.identity.linkerd.cluster.local,teastore,teastore-registry,teastore-image
1614827807.445,response_latency_ms_sum,,,10.1.40.99:4191,linkerd-proxy,teastore,,teastore-image-77b5d74b7d-d27bk,,34245,,,,,teastore-image,,linkerd,outbound,,77b5d74b7d,200,true,teastore,,teastore-registry.teastore.svc.cluster.local:8080,linkerd,teastore-registry,teastore,teastore-registry-c8b58678f-v869d,c8b58678f,default,default.teastore.serviceaccount.identity.linkerd.cluster.local,teastore,teastore-registry,teastore-image
1614827638.823,response_latency_ms_sum,,,10.1.40.96:4191,linkerd-proxy,teastore,,teastore-registry-c8b58678f-v869d,,207363,,,,,teastore-registry,,linkerd,inbound,,c8b58678f,200,true,teastore,default.teastore.serviceaccount.identity.linkerd.cluster.local,teastore-registry.teastore.svc.cluster.local:8080,,,,,,,,teastore,,teastore-registry
1614827648.823,response_latency_ms_sum,,,10.1.40.96:4191,linkerd-proxy,teastore,,teastore-registry-c8b58678f-v869d,,207401,,,,,teastore-registry,,linkerd,inbound,,c8b58678f,200,true,teastore,default.teastore.serviceaccount.identity.linkerd.cluster.local,teastore-registry.teastore.svc.cluster.local:8080,,,,,,,,teastore,,teastore-registry
1614827658.824,response_latency_ms_sum,,,10.1.40.96:4191,linkerd-proxy,teastore,,teastore-registry-c8b58678f-v869d,,207485,,,,,teastore-registry,,linkerd,inbound,,c8b58678f,200,true,teastore,default.teastore.serviceaccount.identity.linkerd.cluster.local,teastore-registry.teastore.svc.cluster.local:8080,,,,,,,,teastore,,teastore-registry
1614827668.823,response_latency_ms_sum,,,10.1.40.96:4191,linkerd-proxy,teastore,,teastore-registry-c8b58678f-v869d,,207546,,,,,teastore-registry,,linkerd,inbound,,c8b58678f,200,true,teastore,default.teastore.serviceaccount.identity.linkerd.cluster.local,teastore-registry.teastore.svc.cluster.local:8080,,,,,,,,teastore,,teastore-registry
1614827678.824,response_latency_ms_sum,,,10.1.40.96:4191,linkerd-proxy,teastore,,teastore-registry-c8b58678f-v869d,,207611,,,,,teastore-registry,,linkerd,inbound,,c8b58678f,200,true,teastore,default.teastore.serviceaccount.identity.linkerd.cluster.local,teastore-registry.teastore.svc.cluster.local:8080,,,,,,,,teastore,,teastore-registry
1614827688.823,response_latency_ms_sum,,,10.1.40.96:4191,linkerd-proxy,teastore,,teastore-registry-c8b58678f-v869d,,207675,,,,,teastore-registry,,linkerd,inbound,,c8b58678f,200,true,teastore,default.teastore.serviceaccount.identity.linkerd.cluster.local,teastore-registry.teastore.svc.cluster.local:8080,,,,,,,,teastore,,teastore-registry
1614827698.823,response_latency_ms_sum,,,10.1.40.96:4191,linkerd-proxy,teastore,,teastore-registry-c8b58678f-v869d,,207748,,,,,teastore-registry,,linkerd,inbound,,c8b58678f,200,true,teastore,default.teastore.serviceaccount.identity.linkerd.cluster.local,teastore-registry.teastore.svc.cluster.local:8080,,,,,,,,teastore,,teastore-registry
1614827708.823,response_latency_ms_sum,,,10.1.40.96:4191,linkerd-proxy,teastore,,teastore-registry-c8b58678f-v869d,,207841,,,,,teastore-registry,,linkerd,inbound,,c8b58678f,200,true,teastore,default.teastore.serviceaccount.identity.linkerd.cluster.local,teastore-registry.teastore.svc.cluster.local:8080,,,,,,,,teastore,,teastore-registry
1614827718.823,response_latency_ms_sum,,,10.1.40.96:4191,linkerd-proxy,teastore,,teastore-registry-c8b58678f-v869d,,207900,,,,,teastore-registry,,linkerd,inbound,,c8b58678f,200,true,teastore,default.teastore.serviceaccount.identity.linkerd.cluster.local,teastore-registry.teastore.svc.cluster.local:8080,,,,,,,,teastore,,teastore-registry
1614827728.823,response_latency_ms_sum,,,10.1.40.96:4191,linkerd-proxy,teastore,,teastore-registry-c8b58678f-v869d,,208005,,,,,teastore-registry,,linkerd,inbound,,c8b58678f,200,true,teastore,default.teastore.serviceaccount.identity.linkerd.cluster.local,teastore-registry.teastore.svc.cluster.local:8080,,,,,,,,teastore,,teastore-registry
1614827738.823,response_latency_ms_sum,,,10.1.40.96:4191,linkerd-proxy,teastore,,teastore-registry-c8b58678f-v869d,,208059,,,,,teastore-registry,,linkerd,inbound,,c8b58678f,200,true,teastore,default.teastore.serviceaccount.identity.linkerd.cluster.local,teastore-registry.teastore.svc.cluster.local:8080,,,,,,,,teastore,,teastore-registry
1614827748.823,response_latency_ms_sum,,,10.1.40.96:4191,linkerd-proxy,teastore,,teastore-registry-c8b58678f-v869d,,208141,,,,,teastore-registry,,linkerd,inbound,,c8b58678f,200,true,teastore,default.teastore.serviceaccount.identity.linkerd.cluster.local,teastore-registry.teastore.svc.cluster.local:8080,,,,,,,,teastore,,teastore-registry
1614827758.823,response_latency_ms_sum,,,10.1.40.96:4191,linkerd-proxy,teastore,,teastore-registry-c8b58678f-v869d,,208247,,,,,teastore-registry,,linkerd,inbound,,c8b58678f,200,true,teastore,default.teastore.serviceaccount.identity.linkerd.cluster.local,teastore-registry.teastore.svc.cluster.local:8080,,,,,,,,teastore,,teastore-registry
1614827768.823,response_latency_ms_sum,,,10.1.40.96:4191,linkerd-proxy,teastore,,teastore-registry-c8b58678f-v869d,,208307,,,,,teastore-registry,,linkerd,inbound,,c8b58678f,200,true,teastore,default.teastore.serviceaccount.identity.linkerd.cluster.local,teastore-registry.teastore.svc.cluster.local:8080,,,,,,,,teastore,,teastore-registry
1614827778.823,response_latency_ms_sum,,,10.1.40.96:4191,linkerd-proxy,teastore,,teastore-registry-c8b58678f-v869d,,208380,,,,,teastore-registry,,linkerd,inbound,,c8b58678f,200,true,teastore,default.teastore.serviceaccount.identity.linkerd.cluster.local,teastore-registry.teastore.svc.cluster.local:8080,,,,,,,,teastore,,teastore-registry
1614827788.823,response_latency_ms_sum,,,10.1.40.96:4191,linkerd-proxy,teastore,,teastore-registry-c8b58678f-v869d,,208445,,,,,teastore-registry,,linkerd,inbound,,c8b58678f,200,true,teastore,default.teastore.serviceaccount.identity.linkerd.cluster.local,teastore-registry.teastore.svc.cluster.local:8080,,,,,,,,teastore,,teastore-registry
1614827798.823,response_latency_ms_sum,,,10.1.40.96:4191,linkerd-proxy,teastore,,teastore-registry-c8b58678f-v869d,,208506,,,,,teastore-registry,,linkerd,inbound,,c8b58678f,200,true,teastore,default.teastore.serviceaccount.identity.linkerd.cluster.local,teastore-registry.teastore.svc.cluster.local:8080,,,,,,,,teastore,,teastore-registry
1614827808.823,response_latency_ms_sum,,,10.1.40.96:4191,linkerd-proxy,teastore,,teastore-registry-c8b58678f-v869d,,208599,,,,,teastore-registry,,linkerd,inbound,,c8b58678f,200,true,teastore,default.teastore.serviceaccount.identity.linkerd.cluster.local,teastore-registry.teastore.svc.cluster.local:8080,,,,,,,,teastore,,teastore-registry
1614827638.823,response_latency_ms_sum,,,10.1.40.96:4191,linkerd-proxy,teastore,,teastore-registry-c8b58678f-v869d,,50,,,,,teastore-registry,,linkerd,inbound,,c8b58678f,201,true,teastore,default.teastore.serviceaccount.identity.linkerd.cluster.local,teastore-registry.teastore.svc.cluster.local:8080,,,,,,,,teastore,,teastore-registry
1614827648.823,response_latency_ms_sum,,,10.1.40.96:4191,linkerd-proxy,teastore,,teastore-registry-c8b58678f-v869d,,50,,,,,teastore-registry,,linkerd,inbound,,c8b58678f,201,true,teastore,default.teastore.serviceaccount.identity.linkerd.cluster.local,teastore-registry.teastore.svc.cluster.local:8080,,,,,,,,teastore,,teastore-registry
1614827658.824,response_latency_ms_sum,,,10.1.40.96:4191,linkerd-proxy,teastore,,teastore-registry-c8b58678f-v869d,,50,,,,,teastore-registry,,linkerd,inbound,,c8b58678f,201,true,teastore,default.teastore.serviceaccount.identity.linkerd.cluster.local,teastore-registry.teastore.svc.cluster.local:8080,,,,,,,,teastore,,teastore-registry
1614827668.823,response_latency_ms_sum,,,10.1.40.96:4191,linkerd-proxy,teastore,,teastore-registry-c8b58678f-v869d,,50,,,,,teastore-registry,,linkerd,inbound,,c8b58678f,201,true,teastore,default.teastore.serviceaccount.identity.linkerd.cluster.local,teastore-registry.teastore.svc.cluster.local:8080,,,,,,,,teastore,,teastore-registry
1614827678.824,response_latency_ms_sum,,,10.1.40.96:4191,linkerd-proxy,teastore,,teastore-registry-c8b58678f-v869d,,50,,,,,teastore-registry,,linkerd,inbound,,c8b58678f,201,true,teastore,default.teastore.serviceaccount.identity.linkerd.cluster.local,teastore-registry.teastore.svc.cluster.local:8080,,,,,,,,teastore,,teastore-registry
1614827688.823,response_latency_ms_sum,,,10.1.40.96:4191,linkerd-proxy,teastore,,teastore-registry-c8b58678f-v869d,,50,,,,,teastore-registry,,linkerd,inbound,,c8b58678f,201,true,teastore,default.teastore.serviceaccount.identity.linkerd.cluster.local,teastore-registry.teastore.svc.cluster.local:8080,,,,,,,,teastore,,teastore-registry
1614827698.823,response_latency_ms_sum,,,10.1.40.96:4191,linkerd-proxy,teastore,,teastore-registry-c8b58678f-v869d,,50,,,,,teastore-registry,,linkerd,inbound,,c8b58678f,201,true,teastore,default.teastore.serviceaccount.identity.linkerd.cluster.local,teastore-registry.teastore.svc.cluster.local:8080,,,,,,,,teastore,,teastore-registry
1614827708.823,response_latency_ms_sum,,,10.1.40.96:4191,linkerd-proxy,teastore,,teastore-registry-c8b58678f-v869d,,50,,,,,teastore-registry,,linkerd,inbound,,c8b58678f,201,true,teastore,default.teastore.serviceaccount.identity.linkerd.cluster.local,teastore-registry.teastore.svc.cluster.local:8080,,,,,,,,teastore,,teastore-registry
1614827718.823,response_latency_ms_sum,,,10.1.40.96:4191,linkerd-proxy,teastore,,teastore-registry-c8b58678f-v869d,,50,,,,,teastore-registry,,linkerd,inbound,,c8b58678f,201,true,teastore,default.teastore.serviceaccount.identity.linkerd.cluster.local,teastore-registry.teastore.svc.cluster.local:8080,,,,,,,,teastore,,teastore-registry
1614827728.823,response_latency_ms_sum,,,10.1.40.96:4191,linkerd-proxy,teastore,,teastore-registry-c8b58678f-v869d,,50,,,,,teastore-registry,,linkerd,inbound,,c8b58678f,201,true,teastore,default.teastore.serviceaccount.identity.linkerd.cluster.local,teastore-registry.teastore.svc.cluster.local:8080,,,,,,,,teastore,,teastore-registry
1614827738.823,response_latency_ms_sum,,,10.1.40.96:4191,linkerd-proxy,teastore,,teastore-registry-c8b58678f-v869d,,50,,,,,teastore-registry,,linkerd,inbound,,c8b58678f,201,true,teastore,default.teastore.serviceaccount.identity.linkerd.cluster.local,teastore-registry.teastore.svc.cluster.local:8080,,,,,,,,teastore,,teastore-registry
1614827748.823,response_latency_ms_sum,,,10.1.40.96:4191,linkerd-proxy,teastore,,teastore-registry-c8b58678f-v869d,,50,,,,,teastore-registry,,linkerd,inbound,,c8b58678f,201,true,teastore,default.teastore.serviceaccount.identity.linkerd.cluster.local,teastore-registry.teastore.svc.cluster.local:8080,,,,,,,,teastore,,teastore-registry
1614827758.823,response_latency_ms_sum,,,10.1.40.96:4191,linkerd-proxy,teastore,,teastore-registry-c8b58678f-v869d,,50,,,,,teastore-registry,,linkerd,inbound,,c8b58678f,201,true,teastore,default.teastore.serviceaccount.identity.linkerd.cluster.local,teastore-registry.teastore.svc.cluster.local:8080,,,,,,,,teastore,,teastore-registry
1614827768.823,response_latency_ms_sum,,,10.1.40.96:4191,linkerd-proxy,teastore,,teastore-registry-c8b58678f-v869d,,50,,,,,teastore-registry,,linkerd,inbound,,c8b58678f,201,true,teastore,default.teastore.serviceaccount.identity.linkerd.cluster.local,teastore-registry.teastore.svc.cluster.local:8080,,,,,,,,teastore,,teastore-registry
1614827778.823,response_latency_ms_sum,,,10.1.40.96:4191,linkerd-proxy,teastore,,teastore-registry-c8b58678f-v869d,,50,,,,,teastore-registry,,linkerd,inbound,,c8b58678f,201,true,teastore,default.teastore.serviceaccount.identity.linkerd.cluster.local,teastore-registry.teastore.svc.cluster.local:8080,,,,,,,,teastore,,teastore-registry
1614827788.823,response_latency_ms_sum,,,10.1.40.96:4191,linkerd-proxy,teastore,,teastore-registry-c8b58678f-v869d,,50,,,,,teastore-registry,,linkerd,inbound,,c8b58678f,201,true,teastore,default.teastore.serviceaccount.identity.linkerd.cluster.local,teastore-registry.teastore.svc.cluster.local:8080,,,,,,,,teastore,,teastore-registry
1614827798.823,response_latency_ms_sum,,,10.1.40.96:4191,linkerd-proxy,teastore,,teastore-registry-c8b58678f-v869d,,50,,,,,teastore-registry,,linkerd,inbound,,c8b58678f,201,true,teastore,default.teastore.serviceaccount.identity.linkerd.cluster.local,teastore-registry.teastore.svc.cluster.local:8080,,,,,,,,teastore,,teastore-registry
1614827808.823,response_latency_ms_sum,,,10.1.40.96:4191,linkerd-proxy,teastore,,teastore-registry-c8b58678f-v869d,,50,,,,,teastore-registry,,linkerd,inbound,,c8b58678f,201,true,teastore,default.teastore.serviceaccount.identity.linkerd.cluster.local,teastore-registry.teastore.svc.cluster.local:8080,,,,,,,,teastore,,teastore-registry
1614827631.064,response_latency_ms_sum,,,10.1.40.100:4191,linkerd-proxy,teastore,,teastore-recommender-597fccb746-dbm6l,,61054,,,,,teastore-recommender,,linkerd,outbound,,597fccb746,200,true,teastore,,teastore-registry.teastore.svc.cluster.local:8080,linkerd,teastore-registry,teastore,teastore-registry-c8b58678f-v869d,c8b58678f,default,default.teastore.serviceaccount.identity.linkerd.cluster.local,teastore,teastore-registry,teastore-recommender
1614827641.064,response_latency_ms_sum,,,10.1.40.100:4191,linkerd-proxy,teastore,,teastore-recommender-597fccb746-dbm6l,,61087,,,,,teastore-recommender,,linkerd,outbound,,597fccb746,200,true,teastore,,teastore-registry.teastore.svc.cluster.local:8080,linkerd,teastore-registry,teastore,teastore-registry-c8b58678f-v869d,c8b58678f,default,default.teastore.serviceaccount.identity.linkerd.cluster.local,teastore,teastore-registry,teastore-recommender
1614827651.064,response_latency_ms_sum,,,10.1.40.100:4191,linkerd-proxy,teastore,,teastore-recommender-597fccb746-dbm6l,,61099,,,,,teastore-recommender,,linkerd,outbound,,597fccb746,200,true,teastore,,teastore-registry.teastore.svc.cluster.local:8080,linkerd,teastore-registry,teastore,teastore-registry-c8b58678f-v869d,c8b58678f,default,default.teastore.serviceaccount.identity.linkerd.cluster.local,teastore,teastore-registry,teastore-recommender
1614827661.064,response_latency_ms_sum,,,10.1.40.100:4191,linkerd-proxy,teastore,,teastore-recommender-597fccb746-dbm6l,,61127,,,,,teastore-recommender,,linkerd,outbound,,597fccb746,200,true,teastore,,teastore-registry.teastore.svc.cluster.local:8080,linkerd,teastore-registry,teastore,teastore-registry-c8b58678f-v869d,c8b58678f,default,default.teastore.serviceaccount.identity.linkerd.cluster.local,teastore,teastore-registry,teastore-recommender
1614827671.064,response_latency_ms_sum,,,10.1.40.100:4191,linkerd-proxy,teastore,,teastore-recommender-597fccb746-dbm6l,,61148,,,,,teastore-recommender,,linkerd,outbound,,597fccb746,200,true,teastore,,teastore-registry.teastore.svc.cluster.local:8080,linkerd,teastore-registry,teastore,teastore-registry-c8b58678f-v869d,c8b58678f,default,default.teastore.serviceaccount.identity.linkerd.cluster.local,teastore,teastore-registry,teastore-recommender
1614827681.064,response_latency_ms_sum,,,10.1.40.100:4191,linkerd-proxy,teastore,,teastore-recommender-597fccb746-dbm6l,,61183,,,,,teastore-recommender,,linkerd,outbound,,597fccb746,200,true,teastore,,teastore-registry.teastore.svc.cluster.local:8080,linkerd,teastore-registry,teastore,teastore-registry-c8b58678f-v869d,c8b58678f,default,default.teastore.serviceaccount.identity.linkerd.cluster.local,teastore,teastore-registry,teastore-recommender
1614827691.064,response_latency_ms_sum,,,10.1.40.100:4191,linkerd-proxy,teastore,,teastore-recommender-597fccb746-dbm6l,,61202,,,,,teastore-recommender,,linkerd,outbound,,597fccb746,200,true,teastore,,teastore-registry.teastore.svc.cluster.local:8080,linkerd,teastore-registry,teastore,teastore-registry-c8b58678f-v869d,c8b58678f,default,default.teastore.serviceaccount.identity.linkerd.cluster.local,teastore,teastore-registry,teastore-recommender
1614827701.064,response_latency_ms_sum,,,10.1.40.100:4191,linkerd-proxy,teastore,,teastore-recommender-597fccb746-dbm6l,,61246,,,,,teastore-recommender,,linkerd,outbound,,597fccb746,200,true,teastore,,teastore-registry.teastore.svc.cluster.local:8080,linkerd,teastore-registry,teastore,teastore-registry-c8b58678f-v869d,c8b58678f,default,default.teastore.serviceaccount.identity.linkerd.cluster.local,teastore,teastore-registry,teastore-recommender
1614827711.064,response_latency_ms_sum,,,10.1.40.100:4191,linkerd-proxy,teastore,,teastore-recommender-597fccb746-dbm6l,,61279,,,,,teastore-recommender,,linkerd,outbound,,597fccb746,200,true,teastore,,teastore-registry.teastore.svc.cluster.local:8080,linkerd,teastore-registry,teastore,teastore-registry-c8b58678f-v869d,c8b58678f,default,default.teastore.serviceaccount.identity.linkerd.cluster.local,teastore,teastore-registry,teastore-recommender
1614827721.064,response_latency_ms_sum,,,10.1.40.100:4191,linkerd-proxy,teastore,,teastore-recommender-597fccb746-dbm6l,,61307,,,,,teastore-recommender,,linkerd,outbound,,597fccb746,200,true,teastore,,teastore-registry.teastore.svc.cluster.local:8080,linkerd,teastore-registry,teastore,teastore-registry-c8b58678f-v869d,c8b58678f,default,default.teastore.serviceaccount.identity.linkerd.cluster.local,teastore,teastore-registry,teastore-recommender
1614827731.064,response_latency_ms_sum,,,10.1.40.100:4191,linkerd-proxy,teastore,,teastore-recommender-597fccb746-dbm6l,,61353,,,,,teastore-recommender,,linkerd,outbound,,597fccb746,200,true,teastore,,teastore-registry.teastore.svc.cluster.local:8080,linkerd,teastore-registry,teastore,teastore-registry-c8b58678f-v869d,c8b58678f,default,default.teastore.serviceaccount.identity.linkerd.cluster.local,teastore,teastore-registry,teastore-recommender
1614827741.064,response_latency_ms_sum,,,10.1.40.100:4191,linkerd-proxy,teastore,,teastore-recommender-597fccb746-dbm6l,,61379,,,,,teastore-recommender,,linkerd,outbound,,597fccb746,200,true,teastore,,teastore-registry.teastore.svc.cluster.local:8080,linkerd,teastore-registry,teastore,teastore-registry-c8b58678f-v869d,c8b58678f,default,default.teastore.serviceaccount.identity.linkerd.cluster.local,teastore,teastore-registry,teastore-recommender
1614827751.064,response_latency_ms_sum,,,10.1.40.100:4191,linkerd-proxy,teastore,,teastore-recommender-597fccb746-dbm6l,,61412,,,,,teastore-recommender,,linkerd,outbound,,597fccb746,200,true,teastore,,teastore-registry.teastore.svc.cluster.local:8080,linkerd,teastore-registry,teastore,teastore-registry-c8b58678f-v869d,c8b58678f,default,default.teastore.serviceaccount.identity.linkerd.cluster.local,teastore,teastore-registry,teastore-recommender
1614827761.064,response_latency_ms_sum,,,10.1.40.100:4191,linkerd-proxy,teastore,,teastore-recommender-597fccb746-dbm6l,,61435,,,,,teastore-recommender,,linkerd,outbound,,597fccb746,200,true,teastore,,teastore-registry.teastore.svc.cluster.local:8080,linkerd,teastore-registry,teastore,teastore-registry-c8b58678f-v869d,c8b58678f,default,default.teastore.serviceaccount.identity.linkerd.cluster.local,teastore,teastore-registry,teastore-recommender
1614827771.064,response_latency_ms_sum,,,10.1.40.100:4191,linkerd-proxy,teastore,,teastore-recommender-597fccb746-dbm6l,,61456,,,,,teastore-recommender,,linkerd,outbound,,597fccb746,200,true,teastore,,teastore-registry.teastore.svc.cluster.local:8080,linkerd,teastore-registry,teastore,teastore-registry-c8b58678f-v869d,c8b58678f,default,default.teastore.serviceaccount.identity.linkerd.cluster.local,teastore,teastore-registry,teastore-recommender
1614827781.064,response_latency_ms_sum,,,10.1.40.100:4191,linkerd-proxy,teastore,,teastore-recommender-597fccb746-dbm6l,,61520,,,,,teastore-recommender,,linkerd,outbound,,597fccb746,200,true,teastore,,teastore-registry.teastore.svc.cluster.local:8080,linkerd,teastore-registry,teastore,teastore-registry-c8b58678f-v869d,c8b58678f,default,default.teastore.serviceaccount.identity.linkerd.cluster.local,teastore,teastore-registry,teastore-recommender
1614827791.064,response_latency_ms_sum,,,10.1.40.100:4191,linkerd-proxy,teastore,,teastore-recommender-597fccb746-dbm6l,,61551,,,,,teastore-recommender,,linkerd,outbound,,597fccb746,200,true,teastore,,teastore-registry.teastore.svc.cluster.local:8080,linkerd,teastore-registry,teastore,teastore-registry-c8b58678f-v869d,c8b58678f,default,default.teastore.serviceaccount.identity.linkerd.cluster.local,teastore,teastore-registry,teastore-recommender
1614827801.064,response_latency_ms_sum,,,10.1.40.100:4191,linkerd-proxy,teastore,,teastore-recommender-597fccb746-dbm6l,,61586,,,,,teastore-recommender,,linkerd,outbound,,597fccb746,200,true,teastore,,teastore-registry.teastore.svc.cluster.local:8080,linkerd,teastore-registry,teastore,teastore-registry-c8b58678f-v869d,c8b58678f,default,default.teastore.serviceaccount.identity.linkerd.cluster.local,teastore,teastore-registry,teastore-recommender
1614827634.188,response_latency_ms_sum,,,10.1.40.98:4191,linkerd-proxy,teastore,,teastore-auth-5c8f77dbb8-trzs6,,29879,,,,,teastore-auth,,linkerd,outbound,,5c8f77dbb8,200,true,teastore,,teastore-registry.teastore.svc.cluster.local:8080,linkerd,teastore-registry,teastore,teastore-registry-c8b58678f-v869d,c8b58678f,default,default.teastore.serviceaccount.identity.linkerd.cluster.local,teastore,teastore-registry,teastore-auth
1614827644.188,response_latency_ms_sum,,,10.1.40.98:4191,linkerd-proxy,teastore,,teastore-auth-5c8f77dbb8-trzs6,,29887,,,,,teastore-auth,,linkerd,outbound,,5c8f77dbb8,200,true,teastore,,teastore-registry.teastore.svc.cluster.local:8080,linkerd,teastore-registry,teastore,teastore-registry-c8b58678f-v869d,c8b58678f,default,default.teastore.serviceaccount.identity.linkerd.cluster.local,teastore,teastore-registry,teastore-auth
1614827654.188,response_latency_ms_sum,,,10.1.40.98:4191,linkerd-proxy,teastore,,teastore-auth-5c8f77dbb8-trzs6,,29898,,,,,teastore-auth,,linkerd,outbound,,5c8f77dbb8,200,true,teastore,,teastore-registry.teastore.svc.cluster.local:8080,linkerd,teastore-registry,teastore,teastore-registry-c8b58678f-v869d,c8b58678f,default,default.teastore.serviceaccount.identity.linkerd.cluster.local,teastore,teastore-registry,teastore-auth
1614827664.188,response_latency_ms_sum,,,10.1.40.98:4191,linkerd-proxy,teastore,,teastore-auth-5c8f77dbb8-trzs6,,29910,,,,,teastore-auth,,linkerd,outbound,,5c8f77dbb8,200,true,teastore,,teastore-registry.teastore.svc.cluster.local:8080,linkerd,teastore-registry,teastore,teastore-registry-c8b58678f-v869d,c8b58678f,default,default.teastore.serviceaccount.identity.linkerd.cluster.local,teastore,teastore-registry,teastore-auth
1614827674.188,response_latency_ms_sum,,,10.1.40.98:4191,linkerd-proxy,teastore,,teastore-auth-5c8f77dbb8-trzs6,,29918,,,,,teastore-auth,,linkerd,outbound,,5c8f77dbb8,200,true,teastore,,teastore-registry.teastore.svc.cluster.local:8080,linkerd,teastore-registry,teastore,teastore-registry-c8b58678f-v869d,c8b58678f,default,default.teastore.serviceaccount.identity.linkerd.cluster.local,teastore,teastore-registry,teastore-auth
1614827684.188,response_latency_ms_sum,,,10.1.40.98:4191,linkerd-proxy,teastore,,teastore-auth-5c8f77dbb8-trzs6,,29931,,,,,teastore-auth,,linkerd,outbound,,5c8f77dbb8,200,true,teastore,,teastore-registry.teastore.svc.cluster.local:8080,linkerd,teastore-registry,teastore,teastore-registry-c8b58678f-v869d,c8b58678f,default,default.teastore.serviceaccount.identity.linkerd.cluster.local,teastore,teastore-registry,teastore-auth
1614827694.188,response_latency_ms_sum,,,10.1.40.98:4191,linkerd-proxy,teastore,,teastore-auth-5c8f77dbb8-trzs6,,29944,,,,,teastore-auth,,linkerd,outbound,,5c8f77dbb8,200,true,teastore,,teastore-registry.teastore.svc.cluster.local:8080,linkerd,teastore-registry,teastore,teastore-registry-c8b58678f-v869d,c8b58678f,default,default.teastore.serviceaccount.identity.linkerd.cluster.local,teastore,teastore-registry,teastore-auth
1614827704.188,response_latency_ms_sum,,,10.1.40.98:4191,linkerd-proxy,teastore,,teastore-auth-5c8f77dbb8-trzs6,,29966,,,,,teastore-auth,,linkerd,outbound,,5c8f77dbb8,200,true,teastore,,teastore-registry.teastore.svc.cluster.local:8080,linkerd,teastore-registry,teastore,teastore-registry-c8b58678f-v869d,c8b58678f,default,default.teastore.serviceaccount.identity.linkerd.cluster.local,teastore,teastore-registry,teastore-auth
1614827714.188,response_latency_ms_sum,,,10.1.40.98:4191,linkerd-proxy,teastore,,teastore-auth-5c8f77dbb8-trzs6,,29977,,,,,teastore-auth,,linkerd,outbound,,5c8f77dbb8,200,true,teastore,,teastore-registry.teastore.svc.cluster.local:8080,linkerd,teastore-registry,teastore,teastore-registry-c8b58678f-v869d,c8b58678f,default,default.teastore.serviceaccount.identity.linkerd.cluster.local,teastore,teastore-registry,teastore-auth
1614827724.188,response_latency_ms_sum,,,10.1.40.98:4191,linkerd-proxy,teastore,,teastore-auth-5c8f77dbb8-trzs6,,29987,,,,,teastore-auth,,linkerd,outbound,,5c8f77dbb8,200,true,teastore,,teastore-registry.teastore.svc.cluster.local:8080,linkerd,teastore-registry,teastore,teastore-registry-c8b58678f-v869d,c8b58678f,default,default.teastore.serviceaccount.identity.linkerd.cluster.local,teastore,teastore-registry,teastore-auth
1614827734.188,response_latency_ms_sum,,,10.1.40.98:4191,linkerd-proxy,teastore,,teastore-auth-5c8f77dbb8-trzs6,,29996,,,,,teastore-auth,,linkerd,outbound,,5c8f77dbb8,200,true,teastore,,teastore-registry.teastore.svc.cluster.local:8080,linkerd,teastore-registry,teastore,teastore-registry-c8b58678f-v869d,c8b58678f,default,default.teastore.serviceaccount.identity.linkerd.cluster.local,teastore,teastore-registry,teastore-auth
1614827744.188,response_latency_ms_sum,,,10.1.40.98:4191,linkerd-proxy,teastore,,teastore-auth-5c8f77dbb8-trzs6,,30009,,,,,teastore-auth,,linkerd,outbound,,5c8f77dbb8,200,true,teastore,,teastore-registry.teastore.svc.cluster.local:8080,linkerd,teastore-registry,teastore,teastore-registry-c8b58678f-v869d,c8b58678f,default,default.teastore.serviceaccount.identity.linkerd.cluster.local,teastore,teastore-registry,teastore-auth
1614827754.188,response_latency_ms_sum,,,10.1.40.98:4191,linkerd-proxy,teastore,,teastore-auth-5c8f77dbb8-trzs6,,30022,,,,,teastore-auth,,linkerd,outbound,,5c8f77dbb8,200,true,teastore,,teastore-registry.teastore.svc.cluster.local:8080,linkerd,teastore-registry,teastore,teastore-registry-c8b58678f-v869d,c8b58678f,default,default.teastore.serviceaccount.identity.linkerd.cluster.local,teastore,teastore-registry,teastore-auth
1614827764.188,response_latency_ms_sum,,,10.1.40.98:4191,linkerd-proxy,teastore,,teastore-auth-5c8f77dbb8-trzs6,,30032,,,,,teastore-auth,,linkerd,outbound,,5c8f77dbb8,200,true,teastore,,teastore-registry.teastore.svc.cluster.local:8080,linkerd,teastore-registry,teastore,teastore-registry-c8b58678f-v869d,c8b58678f,default,default.teastore.serviceaccount.identity.linkerd.cluster.local,teastore,teastore-registry,teastore-auth
1614827774.188,response_latency_ms_sum,,,10.1.40.98:4191,linkerd-proxy,teastore,,teastore-auth-5c8f77dbb8-trzs6,,30050,,,,,teastore-auth,,linkerd,outbound,,5c8f77dbb8,200,true,teastore,,teastore-registry.teastore.svc.cluster.local:8080,linkerd,teastore-registry,teastore,teastore-registry-c8b58678f-v869d,c8b58678f,default,default.teastore.serviceaccount.identity.linkerd.cluster.local,teastore,teastore-registry,teastore-auth
1614827784.188,response_latency_ms_sum,,,10.1.40.98:4191,linkerd-proxy,teastore,,teastore-auth-5c8f77dbb8-trzs6,,30069,,,,,teastore-auth,,linkerd,outbound,,5c8f77dbb8,200,true,teastore,,teastore-registry.teastore.svc.cluster.local:8080,linkerd,teastore-registry,teastore,teastore-registry-c8b58678f-v869d,c8b58678f,default,default.teastore.serviceaccount.identity.linkerd.cluster.local,teastore,teastore-registry,teastore-auth
1614827794.188,response_latency_ms_sum,,,10.1.40.98:4191,linkerd-proxy,teastore,,teastore-auth-5c8f77dbb8-trzs6,,30080,,,,,teastore-auth,,linkerd,outbound,,5c8f77dbb8,200,true,teastore,,teastore-registry.teastore.svc.cluster.local:8080,linkerd,teastore-registry,teastore,teastore-registry-c8b58678f-v869d,c8b58678f,default,default.teastore.serviceaccount.identity.linkerd.cluster.local,teastore,teastore-registry,teastore-auth
1614827804.188,response_latency_ms_sum,,,10.1.40.98:4191,linkerd-proxy,teastore,,teastore-auth-5c8f77dbb8-trzs6,,30090,,,,,teastore-auth,,linkerd,outbound,,5c8f77dbb8,200,true,teastore,,teastore-registry.teastore.svc.cluster.local:8080,linkerd,teastore-registry,teastore,teastore-registry-c8b58678f-v869d,c8b58678f,default,default.teastore.serviceaccount.identity.linkerd.cluster.local,teastore,teastore-registry,teastore-auth
1614827634.188,response_latency_ms_sum,,,10.1.40.98:4191,linkerd-proxy,teastore,,teastore-auth-5c8f77dbb8-trzs6,,26,,,,,teastore-auth,,linkerd,outbound,,5c8f77dbb8,201,true,teastore,,teastore-registry.teastore.svc.cluster.local:8080,linkerd,teastore-registry,teastore,teastore-registry-c8b58678f-v869d,c8b58678f,default,default.teastore.serviceaccount.identity.linkerd.cluster.local,teastore,teastore-registry,teastore-auth
1614827644.188,response_latency_ms_sum,,,10.1.40.98:4191,linkerd-proxy,teastore,,teastore-auth-5c8f77dbb8-trzs6,,26,,,,,teastore-auth,,linkerd,outbound,,5c8f77dbb8,201,true,teastore,,teastore-registry.teastore.svc.cluster.local:8080,linkerd,teastore-registry,teastore,teastore-registry-c8b58678f-v869d,c8b58678f,default,default.teastore.serviceaccount.identity.linkerd.cluster.local,teastore,teastore-registry,teastore-auth
1614827654.188,response_latency_ms_sum,,,10.1.40.98:4191,linkerd-proxy,teastore,,teastore-auth-5c8f77dbb8-trzs6,,26,,,,,teastore-auth,,linkerd,outbound,,5c8f77dbb8,201,true,teastore,,teastore-registry.teastore.svc.cluster.local:8080,linkerd,teastore-registry,teastore,teastore-registry-c8b58678f-v869d,c8b58678f,default,default.teastore.serviceaccount.identity.linkerd.cluster.local,teastore,teastore-registry,teastore-auth
1614827664.188,response_latency_ms_sum,,,10.1.40.98:4191,linkerd-proxy,teastore,,teastore-auth-5c8f77dbb8-trzs6,,26,,,,,teastore-auth,,linkerd,outbound,,5c8f77dbb8,201,true,teastore,,teastore-registry.teastore.svc.cluster.local:8080,linkerd,teastore-registry,teastore,teastore-registry-c8b58678f-v869d,c8b58678f,default,default.teastore.serviceaccount.identity.linkerd.cluster.local,teastore,teastore-registry,teastore-auth
1614827674.188,response_latency_ms_sum,,,10.1.40.98:4191,linkerd-proxy,teastore,,teastore-auth-5c8f77dbb8-trzs6,,26,,,,,teastore-auth,,linkerd,outbound,,5c8f77dbb8,201,true,teastore,,teastore-registry.teastore.svc.cluster.local:8080,linkerd,teastore-registry,teastore,teastore-registry-c8b58678f-v869d,c8b58678f,default,default.teastore.serviceaccount.identity.linkerd.cluster.local,teastore,teastore-registry,teastore-auth
1614827684.188,response_latency_ms_sum,,,10.1.40.98:4191,linkerd-proxy,teastore,,teastore-auth-5c8f77dbb8-trzs6,,26,,,,,teastore-auth,,linkerd,outbound,,5c8f77dbb8,201,true,teastore,,teastore-registry.teastore.svc.cluster.local:8080,linkerd,teastore-registry,teastore,teastore-registry-c8b58678f-v869d,c8b58678f,default,default.teastore.serviceaccount.identity.linkerd.cluster.local,teastore,teastore-registry,teastore-auth
1614827694.188,response_latency_ms_sum,,,10.1.40.98:4191,linkerd-proxy,teastore,,teastore-auth-5c8f77dbb8-trzs6,,26,,,,,teastore-auth,,linkerd,outbound,,5c8f77dbb8,201,true,teastore,,teastore-registry.teastore.svc.cluster.local:8080,linkerd,teastore-registry,teastore,teastore-registry-c8b58678f-v869d,c8b58678f,default,default.teastore.serviceaccount.identity.linkerd.cluster.local,teastore,teastore-registry,teastore-auth
1614827704.188,response_latency_ms_sum,,,10.1.40.98:4191,linkerd-proxy,teastore,,teastore-auth-5c8f77dbb8-trzs6,,26,,,,,teastore-auth,,linkerd,outbound,,5c8f77dbb8,201,true,teastore,,teastore-registry.teastore.svc.cluster.local:8080,linkerd,teastore-registry,teastore,teastore-registry-c8b58678f-v869d,c8b58678f,default,default.teastore.serviceaccount.identity.linkerd.cluster.local,teastore,teastore-registry,teastore-auth
1614827714.188,response_latency_ms_sum,,,10.1.40.98:4191,linkerd-proxy,teastore,,teastore-auth-5c8f77dbb8-trzs6,,26,,,,,teastore-auth,,linkerd,outbound,,5c8f77dbb8,201,true,teastore,,teastore-registry.teastore.svc.cluster.local:8080,linkerd,teastore-registry,teastore,teastore-registry-c8b58678f-v869d,c8b58678f,default,default.teastore.serviceaccount.identity.linkerd.cluster.local,teastore,teastore-registry,teastore-auth
1614827724.188,response_latency_ms_sum,,,10.1.40.98:4191,linkerd-proxy,teastore,,teastore-auth-5c8f77dbb8-trzs6,,26,,,,,teastore-auth,,linkerd,outbound,,5c8f77dbb8,201,true,teastore,,teastore-registry.teastore.svc.cluster.local:8080,linkerd,teastore-registry,teastore,teastore-registry-c8b58678f-v869d,c8b58678f,default,default.teastore.serviceaccount.identity.linkerd.cluster.local,teastore,teastore-registry,teastore-auth
1614827734.188,response_latency_ms_sum,,,10.1.40.98:4191,linkerd-proxy,teastore,,teastore-auth-5c8f77dbb8-trzs6,,26,,,,,teastore-auth,,linkerd,outbound,,5c8f77dbb8,201,true,teastore,,teastore-registry.teastore.svc.cluster.local:8080,linkerd,teastore-registry,teastore,teastore-registry-c8b58678f-v869d,c8b58678f,default,default.teastore.serviceaccount.identity.linkerd.cluster.local,teastore,teastore-registry,teastore-auth
1614827744.188,response_latency_ms_sum,,,10.1.40.98:4191,linkerd-proxy,teastore,,teastore-auth-5c8f77dbb8-trzs6,,26,,,,,teastore-auth,,linkerd,outbound,,5c8f77dbb8,201,true,teastore,,teastore-registry.teastore.svc.cluster.local:8080,linkerd,teastore-registry,teastore,teastore-registry-c8b58678f-v869d,c8b58678f,default,default.teastore.serviceaccount.identity.linkerd.cluster.local,teastore,teastore-registry,teastore-auth
1614827754.188,response_latency_ms_sum,,,10.1.40.98:4191,linkerd-proxy,teastore,,teastore-auth-5c8f77dbb8-trzs6,,26,,,,,teastore-auth,,linkerd,outbound,,5c8f77dbb8,201,true,teastore,,teastore-registry.teastore.svc.cluster.local:8080,linkerd,teastore-registry,teastore,teastore-registry-c8b58678f-v869d,c8b58678f,default,default.teastore.serviceaccount.identity.linkerd.cluster.local,teastore,teastore-registry,teastore-auth
1614827764.188,response_latency_ms_sum,,,10.1.40.98:4191,linkerd-proxy,teastore,,teastore-auth-5c8f77dbb8-trzs6,,26,,,,,teastore-auth,,linkerd,outbound,,5c8f77dbb8,201,true,teastore,,teastore-registry.teastore.svc.cluster.local:8080,linkerd,teastore-registry,teastore,teastore-registry-c8b58678f-v869d,c8b58678f,default,default.teastore.serviceaccount.identity.linkerd.cluster.local,teastore,teastore-registry,teastore-auth
1614827774.188,response_latency_ms_sum,,,10.1.40.98:4191,linkerd-proxy,teastore,,teastore-auth-5c8f77dbb8-trzs6,,26,,,,,teastore-auth,,linkerd,outbound,,5c8f77dbb8,201,true,teastore,,teastore-registry.teastore.svc.cluster.local:8080,linkerd,teastore-registry,teastore,teastore-registry-c8b58678f-v869d,c8b58678f,default,default.teastore.serviceaccount.identity.linkerd.cluster.local,teastore,teastore-registry,teastore-auth
1614827784.188,response_latency_ms_sum,,,10.1.40.98:4191,linkerd-proxy,teastore,,teastore-auth-5c8f77dbb8-trzs6,,26,,,,,teastore-auth,,linkerd,outbound,,5c8f77dbb8,201,true,teastore,,teastore-registry.teastore.svc.cluster.local:8080,linkerd,teastore-registry,teastore,teastore-registry-c8b58678f-v869d,c8b58678f,default,default.teastore.serviceaccount.identity.linkerd.cluster.local,teastore,teastore-registry,teastore-auth
1614827794.188,response_latency_ms_sum,,,10.1.40.98:4191,linkerd-proxy,teastore,,teastore-auth-5c8f77dbb8-trzs6,,26,,,,,teastore-auth,,linkerd,outbound,,5c8f77dbb8,201,true,teastore,,teastore-registry.teastore.svc.cluster.local:8080,linkerd,teastore-registry,teastore,teastore-registry-c8b58678f-v869d,c8b58678f,default,default.teastore.serviceaccount.identity.linkerd.cluster.local,teastore,teastore-registry,teastore-auth
1614827804.188,response_latency_ms_sum,,,10.1.40.98:4191,linkerd-proxy,teastore,,teastore-auth-5c8f77dbb8-trzs6,,26,,,,,teastore-auth,,linkerd,outbound,,5c8f77dbb8,201,true,teastore,,teastore-registry.teastore.svc.cluster.local:8080,linkerd,teastore-registry,teastore,teastore-registry-c8b58678f-v869d,c8b58678f,default,default.teastore.serviceaccount.identity.linkerd.cluster.local,teastore,teastore-registry,teastore-auth
1614827634.966,response_latency_ms_sum,,,10.1.40.97:4191,linkerd-proxy,teastore,,teastore-persistence-d9666cc75-zcrs7,,3,,,,,teastore-persistence,,linkerd,outbound,,d9666cc75,201,true,teastore,,teastore-registry.teastore.svc.cluster.local:8080,linkerd,teastore-registry,teastore,teastore-registry-c8b58678f-v869d,c8b58678f,default,default.teastore.serviceaccount.identity.linkerd.cluster.local,teastore,teastore-registry,teastore-persistence
1614827644.966,response_latency_ms_sum,,,10.1.40.97:4191,linkerd-proxy,teastore,,teastore-persistence-d9666cc75-zcrs7,,3,,,,,teastore-persistence,,linkerd,outbound,,d9666cc75,201,true,teastore,,teastore-registry.teastore.svc.cluster.local:8080,linkerd,teastore-registry,teastore,teastore-registry-c8b58678f-v869d,c8b58678f,default,default.teastore.serviceaccount.identity.linkerd.cluster.local,teastore,teastore-registry,teastore-persistence
1614827654.966,response_latency_ms_sum,,,10.1.40.97:4191,linkerd-proxy,teastore,,teastore-persistence-d9666cc75-zcrs7,,3,,,,,teastore-persistence,,linkerd,outbound,,d9666cc75,201,true,teastore,,teastore-registry.teastore.svc.cluster.local:8080,linkerd,teastore-registry,teastore,teastore-registry-c8b58678f-v869d,c8b58678f,default,default.teastore.serviceaccount.identity.linkerd.cluster.local,teastore,teastore-registry,teastore-persistence
1614827664.966,response_latency_ms_sum,,,10.1.40.97:4191,linkerd-proxy,teastore,,teastore-persistence-d9666cc75-zcrs7,,3,,,,,teastore-persistence,,linkerd,outbound,,d9666cc75,201,true,teastore,,teastore-registry.teastore.svc.cluster.local:8080,linkerd,teastore-registry,teastore,teastore-registry-c8b58678f-v869d,c8b58678f,default,default.teastore.serviceaccount.identity.linkerd.cluster.local,teastore,teastore-registry,teastore-persistence
1614827674.966,response_latency_ms_sum,,,10.1.40.97:4191,linkerd-proxy,teastore,,teastore-persistence-d9666cc75-zcrs7,,3,,,,,teastore-persistence,,linkerd,outbound,,d9666cc75,201,true,teastore,,teastore-registry.teastore.svc.cluster.local:8080,linkerd,teastore-registry,teastore,teastore-registry-c8b58678f-v869d,c8b58678f,default,default.teastore.serviceaccount.identity.linkerd.cluster.local,teastore,teastore-registry,teastore-persistence
1614827684.966,response_latency_ms_sum,,,10.1.40.97:4191,linkerd-proxy,teastore,,teastore-persistence-d9666cc75-zcrs7,,3,,,,,teastore-persistence,,linkerd,outbound,,d9666cc75,201,true,teastore,,teastore-registry.teastore.svc.cluster.local:8080,linkerd,teastore-registry,teastore,teastore-registry-c8b58678f-v869d,c8b58678f,default,default.teastore.serviceaccount.identity.linkerd.cluster.local,teastore,teastore-registry,teastore-persistence
1614827694.966,response_latency_ms_sum,,,10.1.40.97:4191,linkerd-proxy,teastore,,teastore-persistence-d9666cc75-zcrs7,,3,,,,,teastore-persistence,,linkerd,outbound,,d9666cc75,201,true,teastore,,teastore-registry.teastore.svc.cluster.local:8080,linkerd,teastore-registry,teastore,teastore-registry-c8b58678f-v869d,c8b58678f,default,default.teastore.serviceaccount.identity.linkerd.cluster.local,teastore,teastore-registry,teastore-persistence
1614827704.966,response_latency_ms_sum,,,10.1.40.97:4191,linkerd-proxy,teastore,,teastore-persistence-d9666cc75-zcrs7,,3,,,,,teastore-persistence,,linkerd,outbound,,d9666cc75,201,true,teastore,,teastore-registry.teastore.svc.cluster.local:8080,linkerd,teastore-registry,teastore,teastore-registry-c8b58678f-v869d,c8b58678f,default,default.teastore.serviceaccount.identity.linkerd.cluster.local,teastore,teastore-registry,teastore-persistence
1614827714.966,response_latency_ms_sum,,,10.1.40.97:4191,linkerd-proxy,teastore,,teastore-persistence-d9666cc75-zcrs7,,3,,,,,teastore-persistence,,linkerd,outbound,,d9666cc75,201,true,teastore,,teastore-registry.teastore.svc.cluster.local:8080,linkerd,teastore-registry,teastore,teastore-registry-c8b58678f-v869d,c8b58678f,default,default.teastore.serviceaccount.identity.linkerd.cluster.local,teastore,teastore-registry,teastore-persistence
1614827724.966,response_latency_ms_sum,,,10.1.40.97:4191,linkerd-proxy,teastore,,teastore-persistence-d9666cc75-zcrs7,,3,,,,,teastore-persistence,,linkerd,outbound,,d9666cc75,201,true,teastore,,teastore-registry.teastore.svc.cluster.local:8080,linkerd,teastore-registry,teastore,teastore-registry-c8b58678f-v869d,c8b58678f,default,default.teastore.serviceaccount.identity.linkerd.cluster.local,teastore,teastore-registry,teastore-persistence
1614827734.966,response_latency_ms_sum,,,10.1.40.97:4191,linkerd-proxy,teastore,,teastore-persistence-d9666cc75-zcrs7,,3,,,,,teastore-persistence,,linkerd,outbound,,d9666cc75,201,true,teastore,,teastore-registry.teastore.svc.cluster.local:8080,linkerd,teastore-registry,teastore,teastore-registry-c8b58678f-v869d,c8b58678f,default,default.teastore.serviceaccount.identity.linkerd.cluster.local,teastore,teastore-registry,teastore-persistence
1614827744.966,response_latency_ms_sum,,,10.1.40.97:4191,linkerd-proxy,teastore,,teastore-persistence-d9666cc75-zcrs7,,3,,,,,teastore-persistence,,linkerd,outbound,,d9666cc75,201,true,teastore,,teastore-registry.teastore.svc.cluster.local:8080,linkerd,teastore-registry,teastore,teastore-registry-c8b58678f-v869d,c8b58678f,default,default.teastore.serviceaccount.identity.linkerd.cluster.local,teastore,teastore-registry,teastore-persistence
1614827754.966,response_latency_ms_sum,,,10.1.40.97:4191,linkerd-proxy,teastore,,teastore-persistence-d9666cc75-zcrs7,,3,,,,,teastore-persistence,,linkerd,outbound,,d9666cc75,201,true,teastore,,teastore-registry.teastore.svc.cluster.local:8080,linkerd,teastore-registry,teastore,teastore-registry-c8b58678f-v869d,c8b58678f,default,default.teastore.serviceaccount.identity.linkerd.cluster.local,teastore,teastore-registry,teastore-persistence
1614827764.966,response_latency_ms_sum,,,10.1.40.97:4191,linkerd-proxy,teastore,,teastore-persistence-d9666cc75-zcrs7,,3,,,,,teastore-persistence,,linkerd,outbound,,d9666cc75,201,true,teastore,,teastore-registry.teastore.svc.cluster.local:8080,linkerd,teastore-registry,teastore,teastore-registry-c8b58678f-v869d,c8b58678f,default,default.teastore.serviceaccount.identity.linkerd.cluster.local,teastore,teastore-registry,teastore-persistence
1614827774.966,response_latency_ms_sum,,,10.1.40.97:4191,linkerd-proxy,teastore,,teastore-persistence-d9666cc75-zcrs7,,3,,,,,teastore-persistence,,linkerd,outbound,,d9666cc75,201,true,teastore,,teastore-registry.teastore.svc.cluster.local:8080,linkerd,teastore-registry,teastore,teastore-registry-c8b58678f-v869d,c8b58678f,default,default.teastore.serviceaccount.identity.linkerd.cluster.local,teastore,teastore-registry,teastore-persistence
1614827784.966,response_latency_ms_sum,,,10.1.40.97:4191,linkerd-proxy,teastore,,teastore-persistence-d9666cc75-zcrs7,,3,,,,,teastore-persistence,,linkerd,outbound,,d9666cc75,201,true,teastore,,teastore-registry.teastore.svc.cluster.local:8080,linkerd,teastore-registry,teastore,teastore-registry-c8b58678f-v869d,c8b58678f,default,default.teastore.serviceaccount.identity.linkerd.cluster.local,teastore,teastore-registry,teastore-persistence
1614827794.966,response_latency_ms_sum,,,10.1.40.97:4191,linkerd-proxy,teastore,,teastore-persistence-d9666cc75-zcrs7,,3,,,,,teastore-persistence,,linkerd,outbound,,d9666cc75,201,true,teastore,,teastore-registry.teastore.svc.cluster.local:8080,linkerd,teastore-registry,teastore,teastore-registry-c8b58678f-v869d,c8b58678f,default,default.teastore.serviceaccount.identity.linkerd.cluster.local,teastore,teastore-registry,teastore-persistence
1614827804.966,response_latency_ms_sum,,,10.1.40.97:4191,linkerd-proxy,teastore,,teastore-persistence-d9666cc75-zcrs7,,3,,,,,teastore-persistence,,linkerd,outbound,,d9666cc75,201,true,teastore,,teastore-registry.teastore.svc.cluster.local:8080,linkerd,teastore-registry,teastore,teastore-registry-c8b58678f-v869d,c8b58678f,default,default.teastore.serviceaccount.identity.linkerd.cluster.local,teastore,teastore-registry,teastore-persistence
1614827631.064,response_latency_ms_sum,,,10.1.40.100:4191,linkerd-proxy,teastore,,teastore-recommender-597fccb746-dbm6l,,5,,,,,teastore-recommender,,linkerd,outbound,,597fccb746,201,true,teastore,,teastore-registry.teastore.svc.cluster.local:8080,linkerd,teastore-registry,teastore,teastore-registry-c8b58678f-v869d,c8b58678f,default,default.teastore.serviceaccount.identity.linkerd.cluster.local,teastore,teastore-registry,teastore-recommender
1614827641.064,response_latency_ms_sum,,,10.1.40.100:4191,linkerd-proxy,teastore,,teastore-recommender-597fccb746-dbm6l,,5,,,,,teastore-recommender,,linkerd,outbound,,597fccb746,201,true,teastore,,teastore-registry.teastore.svc.cluster.local:8080,linkerd,teastore-registry,teastore,teastore-registry-c8b58678f-v869d,c8b58678f,default,default.teastore.serviceaccount.identity.linkerd.cluster.local,teastore,teastore-registry,teastore-recommender
1614827651.064,response_latency_ms_sum,,,10.1.40.100:4191,linkerd-proxy,teastore,,teastore-recommender-597fccb746-dbm6l,,5,,,,,teastore-recommender,,linkerd,outbound,,597fccb746,201,true,teastore,,teastore-registry.teastore.svc.cluster.local:8080,linkerd,teastore-registry,teastore,teastore-registry-c8b58678f-v869d,c8b58678f,default,default.teastore.serviceaccount.identity.linkerd.cluster.local,teastore,teastore-registry,teastore-recommender
1614827661.064,response_latency_ms_sum,,,10.1.40.100:4191,linkerd-proxy,teastore,,teastore-recommender-597fccb746-dbm6l,,5,,,,,teastore-recommender,,linkerd,outbound,,597fccb746,201,true,teastore,,teastore-registry.teastore.svc.cluster.local:8080,linkerd,teastore-registry,teastore,teastore-registry-c8b58678f-v869d,c8b58678f,default,default.teastore.serviceaccount.identity.linkerd.cluster.local,teastore,teastore-registry,teastore-recommender
1614827671.064,response_latency_ms_sum,,,10.1.40.100:4191,linkerd-proxy,teastore,,teastore-recommender-597fccb746-dbm6l,,5,,,,,teastore-recommender,,linkerd,outbound,,597fccb746,201,true,teastore,,teastore-registry.teastore.svc.cluster.local:8080,linkerd,teastore-registry,teastore,teastore-registry-c8b58678f-v869d,c8b58678f,default,default.teastore.serviceaccount.identity.linkerd.cluster.local,teastore,teastore-registry,teastore-recommender
1614827681.064,response_latency_ms_sum,,,10.1.40.100:4191,linkerd-proxy,teastore,,teastore-recommender-597fccb746-dbm6l,,5,,,,,teastore-recommender,,linkerd,outbound,,597fccb746,201,true,teastore,,teastore-registry.teastore.svc.cluster.local:8080,linkerd,teastore-registry,teastore,teastore-registry-c8b58678f-v869d,c8b58678f,default,default.teastore.serviceaccount.identity.linkerd.cluster.local,teastore,teastore-registry,teastore-recommender
1614827691.064,response_latency_ms_sum,,,10.1.40.100:4191,linkerd-proxy,teastore,,teastore-recommender-597fccb746-dbm6l,,5,,,,,teastore-recommender,,linkerd,outbound,,597fccb746,201,true,teastore,,teastore-registry.teastore.svc.cluster.local:8080,linkerd,teastore-registry,teastore,teastore-registry-c8b58678f-v869d,c8b58678f,default,default.teastore.serviceaccount.identity.linkerd.cluster.local,teastore,teastore-registry,teastore-recommender
1614827701.064,response_latency_ms_sum,,,10.1.40.100:4191,linkerd-proxy,teastore,,teastore-recommender-597fccb746-dbm6l,,5,,,,,teastore-recommender,,linkerd,outbound,,597fccb746,201,true,teastore,,teastore-registry.teastore.svc.cluster.local:8080,linkerd,teastore-registry,teastore,teastore-registry-c8b58678f-v869d,c8b58678f,default,default.teastore.serviceaccount.identity.linkerd.cluster.local,teastore,teastore-registry,teastore-recommender
1614827711.064,response_latency_ms_sum,,,10.1.40.100:4191,linkerd-proxy,teastore,,teastore-recommender-597fccb746-dbm6l,,5,,,,,teastore-recommender,,linkerd,outbound,,597fccb746,201,true,teastore,,teastore-registry.teastore.svc.cluster.local:8080,linkerd,teastore-registry,teastore,teastore-registry-c8b58678f-v869d,c8b58678f,default,default.teastore.serviceaccount.identity.linkerd.cluster.local,teastore,teastore-registry,teastore-recommender
1614827721.064,response_latency_ms_sum,,,10.1.40.100:4191,linkerd-proxy,teastore,,teastore-recommender-597fccb746-dbm6l,,5,,,,,teastore-recommender,,linkerd,outbound,,597fccb746,201,true,teastore,,teastore-registry.teastore.svc.cluster.local:8080,linkerd,teastore-registry,teastore,teastore-registry-c8b58678f-v869d,c8b58678f,default,default.teastore.serviceaccount.identity.linkerd.cluster.local,teastore,teastore-registry,teastore-recommender
1614827731.064,response_latency_ms_sum,,,10.1.40.100:4191,linkerd-proxy,teastore,,teastore-recommender-597fccb746-dbm6l,,5,,,,,teastore-recommender,,linkerd,outbound,,597fccb746,201,true,teastore,,teastore-registry.teastore.svc.cluster.local:8080,linkerd,teastore-registry,teastore,teastore-registry-c8b58678f-v869d,c8b58678f,default,default.teastore.serviceaccount.identity.linkerd.cluster.local,teastore,teastore-registry,teastore-recommender
1614827741.064,response_latency_ms_sum,,,10.1.40.100:4191,linkerd-proxy,teastore,,teastore-recommender-597fccb746-dbm6l,,5,,,,,teastore-recommender,,linkerd,outbound,,597fccb746,201,true,teastore,,teastore-registry.teastore.svc.cluster.local:8080,linkerd,teastore-registry,teastore,teastore-registry-c8b58678f-v869d,c8b58678f,default,default.teastore.serviceaccount.identity.linkerd.cluster.local,teastore,teastore-registry,teastore-recommender
1614827751.064,response_latency_ms_sum,,,10.1.40.100:4191,linkerd-proxy,teastore,,teastore-recommender-597fccb746-dbm6l,,5,,,,,teastore-recommender,,linkerd,outbound,,597fccb746,201,true,teastore,,teastore-registry.teastore.svc.cluster.local:8080,linkerd,teastore-registry,teastore,teastore-registry-c8b58678f-v869d,c8b58678f,default,default.teastore.serviceaccount.identity.linkerd.cluster.local,teastore,teastore-registry,teastore-recommender
1614827761.064,response_latency_ms_sum,,,10.1.40.100:4191,linkerd-proxy,teastore,,teastore-recommender-597fccb746-dbm6l,,5,,,,,teastore-recommender,,linkerd,outbound,,597fccb746,201,true,teastore,,teastore-registry.teastore.svc.cluster.local:8080,linkerd,teastore-registry,teastore,teastore-registry-c8b58678f-v869d,c8b58678f,default,default.teastore.serviceaccount.identity.linkerd.cluster.local,teastore,teastore-registry,teastore-recommender
1614827771.064,response_latency_ms_sum,,,10.1.40.100:4191,linkerd-proxy,teastore,,teastore-recommender-597fccb746-dbm6l,,5,,,,,teastore-recommender,,linkerd,outbound,,597fccb746,201,true,teastore,,teastore-registry.teastore.svc.cluster.local:8080,linkerd,teastore-registry,teastore,teastore-registry-c8b58678f-v869d,c8b58678f,default,default.teastore.serviceaccount.identity.linkerd.cluster.local,teastore,teastore-registry,teastore-recommender
1614827781.064,response_latency_ms_sum,,,10.1.40.100:4191,linkerd-proxy,teastore,,teastore-recommender-597fccb746-dbm6l,,5,,,,,teastore-recommender,,linkerd,outbound,,597fccb746,201,true,teastore,,teastore-registry.teastore.svc.cluster.local:8080,linkerd,teastore-registry,teastore,teastore-registry-c8b58678f-v869d,c8b58678f,default,default.teastore.serviceaccount.identity.linkerd.cluster.local,teastore,teastore-registry,teastore-recommender
1614827791.064,response_latency_ms_sum,,,10.1.40.100:4191,linkerd-proxy,teastore,,teastore-recommender-597fccb746-dbm6l,,5,,,,,teastore-recommender,,linkerd,outbound,,597fccb746,201,true,teastore,,teastore-registry.teastore.svc.cluster.local:8080,linkerd,teastore-registry,teastore,teastore-registry-c8b58678f-v869d,c8b58678f,default,default.teastore.serviceaccount.identity.linkerd.cluster.local,teastore,teastore-registry,teastore-recommender
1614827801.064,response_latency_ms_sum,,,10.1.40.100:4191,linkerd-proxy,teastore,,teastore-recommender-597fccb746-dbm6l,,5,,,,,teastore-recommender,,linkerd,outbound,,597fccb746,201,true,teastore,,teastore-registry.teastore.svc.cluster.local:8080,linkerd,teastore-registry,teastore,teastore-registry-c8b58678f-v869d,c8b58678f,default,default.teastore.serviceaccount.identity.linkerd.cluster.local,teastore,teastore-registry,teastore-recommender
1614827634.966,response_latency_ms_sum,,,10.1.40.97:4191,linkerd-proxy,teastore,,teastore-persistence-d9666cc75-zcrs7,,22145,,,,,teastore-persistence,,linkerd,outbound,,d9666cc75,200,true,teastore,,teastore-registry.teastore.svc.cluster.local:8080,linkerd,teastore-registry,teastore,teastore-registry-c8b58678f-v869d,c8b58678f,default,default.teastore.serviceaccount.identity.linkerd.cluster.local,teastore,teastore-registry,teastore-persistence
1614827644.966,response_latency_ms_sum,,,10.1.40.97:4191,linkerd-proxy,teastore,,teastore-persistence-d9666cc75-zcrs7,,22149,,,,,teastore-persistence,,linkerd,outbound,,d9666cc75,200,true,teastore,,teastore-registry.teastore.svc.cluster.local:8080,linkerd,teastore-registry,teastore,teastore-registry-c8b58678f-v869d,c8b58678f,default,default.teastore.serviceaccount.identity.linkerd.cluster.local,teastore,teastore-registry,teastore-persistence
1614827654.966,response_latency_ms_sum,,,10.1.40.97:4191,linkerd-proxy,teastore,,teastore-persistence-d9666cc75-zcrs7,,22153,,,,,teastore-persistence,,linkerd,outbound,,d9666cc75,200,true,teastore,,teastore-registry.teastore.svc.cluster.local:8080,linkerd,teastore-registry,teastore,teastore-registry-c8b58678f-v869d,c8b58678f,default,default.teastore.serviceaccount.identity.linkerd.cluster.local,teastore,teastore-registry,teastore-persistence
1614827664.966,response_latency_ms_sum,,,10.1.40.97:4191,linkerd-proxy,teastore,,teastore-persistence-d9666cc75-zcrs7,,22162,,,,,teastore-persistence,,linkerd,outbound,,d9666cc75,200,true,teastore,,teastore-registry.teastore.svc.cluster.local:8080,linkerd,teastore-registry,teastore,teastore-registry-c8b58678f-v869d,c8b58678f,default,default.teastore.serviceaccount.identity.linkerd.cluster.local,teastore,teastore-registry,teastore-persistence
1614827674.966,response_latency_ms_sum,,,10.1.40.97:4191,linkerd-proxy,teastore,,teastore-persistence-d9666cc75-zcrs7,,22167,,,,,teastore-persistence,,linkerd,outbound,,d9666cc75,200,true,teastore,,teastore-registry.teastore.svc.cluster.local:8080,linkerd,teastore-registry,teastore,teastore-registry-c8b58678f-v869d,c8b58678f,default,default.teastore.serviceaccount.identity.linkerd.cluster.local,teastore,teastore-registry,teastore-persistence
1614827684.966,response_latency_ms_sum,,,10.1.40.97:4191,linkerd-proxy,teastore,,teastore-persistence-d9666cc75-zcrs7,,22172,,,,,teastore-persistence,,linkerd,outbound,,d9666cc75,200,true,teastore,,teastore-registry.teastore.svc.cluster.local:8080,linkerd,teastore-registry,teastore,teastore-registry-c8b58678f-v869d,c8b58678f,default,default.teastore.serviceaccount.identity.linkerd.cluster.local,teastore,teastore-registry,teastore-persistence
1614827694.966,response_latency_ms_sum,,,10.1.40.97:4191,linkerd-proxy,teastore,,teastore-persistence-d9666cc75-zcrs7,,22180,,,,,teastore-persistence,,linkerd,outbound,,d9666cc75,200,true,teastore,,teastore-registry.teastore.svc.cluster.local:8080,linkerd,teastore-registry,teastore,teastore-registry-c8b58678f-v869d,c8b58678f,default,default.teastore.serviceaccount.identity.linkerd.cluster.local,teastore,teastore-registry,teastore-persistence
1614827704.966,response_latency_ms_sum,,,10.1.40.97:4191,linkerd-proxy,teastore,,teastore-persistence-d9666cc75-zcrs7,,22186,,,,,teastore-persistence,,linkerd,outbound,,d9666cc75,200,true,teastore,,teastore-registry.teastore.svc.cluster.local:8080,linkerd,teastore-registry,teastore,teastore-registry-c8b58678f-v869d,c8b58678f,default,default.teastore.serviceaccount.identity.linkerd.cluster.local,teastore,teastore-registry,teastore-persistence
1614827714.966,response_latency_ms_sum,,,10.1.40.97:4191,linkerd-proxy,teastore,,teastore-persistence-d9666cc75-zcrs7,,22193,,,,,teastore-persistence,,linkerd,outbound,,d9666cc75,200,true,teastore,,teastore-registry.teastore.svc.cluster.local:8080,linkerd,teastore-registry,teastore,teastore-registry-c8b58678f-v869d,c8b58678f,default,default.teastore.serviceaccount.identity.linkerd.cluster.local,teastore,teastore-registry,teastore-persistence
1614827724.966,response_latency_ms_sum,,,10.1.40.97:4191,linkerd-proxy,teastore,,teastore-persistence-d9666cc75-zcrs7,,22209,,,,,teastore-persistence,,linkerd,outbound,,d9666cc75,200,true,teastore,,teastore-registry.teastore.svc.cluster.local:8080,linkerd,teastore-registry,teastore,teastore-registry-c8b58678f-v869d,c8b58678f,default,default.teastore.serviceaccount.identity.linkerd.cluster.local,teastore,teastore-registry,teastore-persistence
1614827734.966,response_latency_ms_sum,,,10.1.40.97:4191,linkerd-proxy,teastore,,teastore-persistence-d9666cc75-zcrs7,,22215,,,,,teastore-persistence,,linkerd,outbound,,d9666cc75,200,true,teastore,,teastore-registry.teastore.svc.cluster.local:8080,linkerd,teastore-registry,teastore,teastore-registry-c8b58678f-v869d,c8b58678f,default,default.teastore.serviceaccount.identity.linkerd.cluster.local,teastore,teastore-registry,teastore-persistence
1614827744.966,response_latency_ms_sum,,,10.1.40.97:4191,linkerd-proxy,teastore,,teastore-persistence-d9666cc75-zcrs7,,22226,,,,,teastore-persistence,,linkerd,outbound,,d9666cc75,200,true,teastore,,teastore-registry.teastore.svc.cluster.local:8080,linkerd,teastore-registry,teastore,teastore-registry-c8b58678f-v869d,c8b58678f,default,default.teastore.serviceaccount.identity.linkerd.cluster.local,teastore,teastore-registry,teastore-persistence
1614827754.966,response_latency_ms_sum,,,10.1.40.97:4191,linkerd-proxy,teastore,,teastore-persistence-d9666cc75-zcrs7,,22234,,,,,teastore-persistence,,linkerd,outbound,,d9666cc75,200,true,teastore,,teastore-registry.teastore.svc.cluster.local:8080,linkerd,teastore-registry,teastore,teastore-registry-c8b58678f-v869d,c8b58678f,default,default.teastore.serviceaccount.identity.linkerd.cluster.local,teastore,teastore-registry,teastore-persistence
1614827764.966,response_latency_ms_sum,,,10.1.40.97:4191,linkerd-proxy,teastore,,teastore-persistence-d9666cc75-zcrs7,,22242,,,,,teastore-persistence,,linkerd,outbound,,d9666cc75,200,true,teastore,,teastore-registry.teastore.svc.cluster.local:8080,linkerd,teastore-registry,teastore,teastore-registry-c8b58678f-v869d,c8b58678f,default,default.teastore.serviceaccount.identity.linkerd.cluster.local,teastore,teastore-registry,teastore-persistence
1614827774.966,response_latency_ms_sum,,,10.1.40.97:4191,linkerd-proxy,teastore,,teastore-persistence-d9666cc75-zcrs7,,22261,,,,,teastore-persistence,,linkerd,outbound,,d9666cc75,200,true,teastore,,teastore-registry.teastore.svc.cluster.local:8080,linkerd,teastore-registry,teastore,teastore-registry-c8b58678f-v869d,c8b58678f,default,default.teastore.serviceaccount.identity.linkerd.cluster.local,teastore,teastore-registry,teastore-persistence
1614827784.966,response_latency_ms_sum,,,10.1.40.97:4191,linkerd-proxy,teastore,,teastore-persistence-d9666cc75-zcrs7,,22270,,,,,teastore-persistence,,linkerd,outbound,,d9666cc75,200,true,teastore,,teastore-registry.teastore.svc.cluster.local:8080,linkerd,teastore-registry,teastore,teastore-registry-c8b58678f-v869d,c8b58678f,default,default.teastore.serviceaccount.identity.linkerd.cluster.local,teastore,teastore-registry,teastore-persistence
1614827794.966,response_latency_ms_sum,,,10.1.40.97:4191,linkerd-proxy,teastore,,teastore-persistence-d9666cc75-zcrs7,,22275,,,,,teastore-persistence,,linkerd,outbound,,d9666cc75,200,true,teastore,,teastore-registry.teastore.svc.cluster.local:8080,linkerd,teastore-registry,teastore,teastore-registry-c8b58678f-v869d,c8b58678f,default,default.teastore.serviceaccount.identity.linkerd.cluster.local,teastore,teastore-registry,teastore-persistence
1614827804.966,response_latency_ms_sum,,,10.1.40.97:4191,linkerd-proxy,teastore,,teastore-persistence-d9666cc75-zcrs7,,22288,,,,,teastore-persistence,,linkerd,outbound,,d9666cc75,200,true,teastore,,teastore-registry.teastore.svc.cluster.local:8080,linkerd,teastore-registry,teastore,teastore-registry-c8b58678f-v869d,c8b58678f,default,default.teastore.serviceaccount.identity.linkerd.cluster.local,teastore,teastore-registry,teastore-persistence
1614827634.966,response_latency_ms_sum,,,10.1.40.97:4191,linkerd-proxy,teastore,,teastore-persistence-d9666cc75-zcrs7,,30199491,,,,,teastore-persistence,,linkerd,inbound,,d9666cc75,200,true,teastore,default.teastore.serviceaccount.identity.linkerd.cluster.local,teastore-persistence.teastore.svc.cluster.local:8080,,,,,,,,teastore,,teastore-persistence
1614827644.966,response_latency_ms_sum,,,10.1.40.97:4191,linkerd-proxy,teastore,,teastore-persistence-d9666cc75-zcrs7,,30201884,,,,,teastore-persistence,,linkerd,inbound,,d9666cc75,200,true,teastore,default.teastore.serviceaccount.identity.linkerd.cluster.local,teastore-persistence.teastore.svc.cluster.local:8080,,,,,,,,teastore,,teastore-persistence
1614827654.966,response_latency_ms_sum,,,10.1.40.97:4191,linkerd-proxy,teastore,,teastore-persistence-d9666cc75-zcrs7,,30205007,,,,,teastore-persistence,,linkerd,inbound,,d9666cc75,200,true,teastore,default.teastore.serviceaccount.identity.linkerd.cluster.local,teastore-persistence.teastore.svc.cluster.local:8080,,,,,,,,teastore,,teastore-persistence
1614827664.966,response_latency_ms_sum,,,10.1.40.97:4191,linkerd-proxy,teastore,,teastore-persistence-d9666cc75-zcrs7,,30209913,,,,,teastore-persistence,,linkerd,inbound,,d9666cc75,200,true,teastore,default.teastore.serviceaccount.identity.linkerd.cluster.local,teastore-persistence.teastore.svc.cluster.local:8080,,,,,,,,teastore,,teastore-persistence
1614827674.966,response_latency_ms_sum,,,10.1.40.97:4191,linkerd-proxy,teastore,,teastore-persistence-d9666cc75-zcrs7,,30216037,,,,,teastore-persistence,,linkerd,inbound,,d9666cc75,200,true,teastore,default.teastore.serviceaccount.identity.linkerd.cluster.local,teastore-persistence.teastore.svc.cluster.local:8080,,,,,,,,teastore,,teastore-persistence
1614827684.966,response_latency_ms_sum,,,10.1.40.97:4191,linkerd-proxy,teastore,,teastore-persistence-d9666cc75-zcrs7,,30222916,,,,,teastore-persistence,,linkerd,inbound,,d9666cc75,200,true,teastore,default.teastore.serviceaccount.identity.linkerd.cluster.local,teastore-persistence.teastore.svc.cluster.local:8080,,,,,,,,teastore,,teastore-persistence
1614827694.966,response_latency_ms_sum,,,10.1.40.97:4191,linkerd-proxy,teastore,,teastore-persistence-d9666cc75-zcrs7,,30230719,,,,,teastore-persistence,,linkerd,inbound,,d9666cc75,200,true,teastore,default.teastore.serviceaccount.identity.linkerd.cluster.local,teastore-persistence.teastore.svc.cluster.local:8080,,,,,,,,teastore,,teastore-persistence
1614827704.966,response_latency_ms_sum,,,10.1.40.97:4191,linkerd-proxy,teastore,,teastore-persistence-d9666cc75-zcrs7,,30237119,,,,,teastore-persistence,,linkerd,inbound,,d9666cc75,200,true,teastore,default.teastore.serviceaccount.identity.linkerd.cluster.local,teastore-persistence.teastore.svc.cluster.local:8080,,,,,,,,teastore,,teastore-persistence
1614827714.966,response_latency_ms_sum,,,10.1.40.97:4191,linkerd-proxy,teastore,,teastore-persistence-d9666cc75-zcrs7,,30249313,,,,,teastore-persistence,,linkerd,inbound,,d9666cc75,200,true,teastore,default.teastore.serviceaccount.identity.linkerd.cluster.local,teastore-persistence.teastore.svc.cluster.local:8080,,,,,,,,teastore,,teastore-persistence
1614827724.966,response_latency_ms_sum,,,10.1.40.97:4191,linkerd-proxy,teastore,,teastore-persistence-d9666cc75-zcrs7,,30259842,,,,,teastore-persistence,,linkerd,inbound,,d9666cc75,200,true,teastore,default.teastore.serviceaccount.identity.linkerd.cluster.local,teastore-persistence.teastore.svc.cluster.local:8080,,,,,,,,teastore,,teastore-persistence
1614827734.966,response_latency_ms_sum,,,10.1.40.97:4191,linkerd-proxy,teastore,,teastore-persistence-d9666cc75-zcrs7,,30270677,,,,,teastore-persistence,,linkerd,inbound,,d9666cc75,200,true,teastore,default.teastore.serviceaccount.identity.linkerd.cluster.local,teastore-persistence.teastore.svc.cluster.local:8080,,,,,,,,teastore,,teastore-persistence
1614827744.966,response_latency_ms_sum,,,10.1.40.97:4191,linkerd-proxy,teastore,,teastore-persistence-d9666cc75-zcrs7,,30286674,,,,,teastore-persistence,,linkerd,inbound,,d9666cc75,200,true,teastore,default.teastore.serviceaccount.identity.linkerd.cluster.local,teastore-persistence.teastore.svc.cluster.local:8080,,,,,,,,teastore,,teastore-persistence
1614827754.966,response_latency_ms_sum,,,10.1.40.97:4191,linkerd-proxy,teastore,,teastore-persistence-d9666cc75-zcrs7,,30300059,,,,,teastore-persistence,,linkerd,inbound,,d9666cc75,200,true,teastore,default.teastore.serviceaccount.identity.linkerd.cluster.local,teastore-persistence.teastore.svc.cluster.local:8080,,,,,,,,teastore,,teastore-persistence
1614827764.966,response_latency_ms_sum,,,10.1.40.97:4191,linkerd-proxy,teastore,,teastore-persistence-d9666cc75-zcrs7,,30310464,,,,,teastore-persistence,,linkerd,inbound,,d9666cc75,200,true,teastore,default.teastore.serviceaccount.identity.linkerd.cluster.local,teastore-persistence.teastore.svc.cluster.local:8080,,,,,,,,teastore,,teastore-persistence
1614827774.966,response_latency_ms_sum,,,10.1.40.97:4191,linkerd-proxy,teastore,,teastore-persistence-d9666cc75-zcrs7,,30326484,,,,,teastore-persistence,,linkerd,inbound,,d9666cc75,200,true,teastore,default.teastore.serviceaccount.identity.linkerd.cluster.local,teastore-persistence.teastore.svc.cluster.local:8080,,,,,,,,teastore,,teastore-persistence
1614827784.966,response_latency_ms_sum,,,10.1.40.97:4191,linkerd-proxy,teastore,,teastore-persistence-d9666cc75-zcrs7,,30348507,,,,,teastore-persistence,,linkerd,inbound,,d9666cc75,200,true,teastore,default.teastore.serviceaccount.identity.linkerd.cluster.local,teastore-persistence.teastore.svc.cluster.local:8080,,,,,,,,teastore,,teastore-persistence
1614827794.966,response_latency_ms_sum,,,10.1.40.97:4191,linkerd-proxy,teastore,,teastore-persistence-d9666cc75-zcrs7,,30368971,,,,,teastore-persistence,,linkerd,inbound,,d9666cc75,200,true,teastore,default.teastore.serviceaccount.identity.linkerd.cluster.local,teastore-persistence.teastore.svc.cluster.local:8080,,,,,,,,teastore,,teastore-persistence
1614827804.966,response_latency_ms_sum,,,10.1.40.97:4191,linkerd-proxy,teastore,,teastore-persistence-d9666cc75-zcrs7,,30389117,,,,,teastore-persistence,,linkerd,inbound,,d9666cc75,200,true,teastore,default.teastore.serviceaccount.identity.linkerd.cluster.local,teastore-persistence.teastore.svc.cluster.local:8080,,,,,,,,teastore,,teastore-persistence
1614827637.443,response_latency_ms_sum,,,10.1.40.99:4191,linkerd-proxy,teastore,,teastore-image-77b5d74b7d-d27bk,,11,,,,,teastore-image,,linkerd,outbound,,77b5d74b7d,201,true,teastore,,teastore-registry.teastore.svc.cluster.local:8080,linkerd,teastore-registry,teastore,teastore-registry-c8b58678f-v869d,c8b58678f,default,default.teastore.serviceaccount.identity.linkerd.cluster.local,teastore,teastore-registry,teastore-image
1614827647.443,response_latency_ms_sum,,,10.1.40.99:4191,linkerd-proxy,teastore,,teastore-image-77b5d74b7d-d27bk,,11,,,,,teastore-image,,linkerd,outbound,,77b5d74b7d,201,true,teastore,,teastore-registry.teastore.svc.cluster.local:8080,linkerd,teastore-registry,teastore,teastore-registry-c8b58678f-v869d,c8b58678f,default,default.teastore.serviceaccount.identity.linkerd.cluster.local,teastore,teastore-registry,teastore-image
1614827657.443,response_latency_ms_sum,,,10.1.40.99:4191,linkerd-proxy,teastore,,teastore-image-77b5d74b7d-d27bk,,11,,,,,teastore-image,,linkerd,outbound,,77b5d74b7d,201,true,teastore,,teastore-registry.teastore.svc.cluster.local:8080,linkerd,teastore-registry,teastore,teastore-registry-c8b58678f-v869d,c8b58678f,default,default.teastore.serviceaccount.identity.linkerd.cluster.local,teastore,teastore-registry,teastore-image
1614827667.443,response_latency_ms_sum,,,10.1.40.99:4191,linkerd-proxy,teastore,,teastore-image-77b5d74b7d-d27bk,,11,,,,,teastore-image,,linkerd,outbound,,77b5d74b7d,201,true,teastore,,teastore-registry.teastore.svc.cluster.local:8080,linkerd,teastore-registry,teastore,teastore-registry-c8b58678f-v869d,c8b58678f,default,default.teastore.serviceaccount.identity.linkerd.cluster.local,teastore,teastore-registry,teastore-image
1614827677.443,response_latency_ms_sum,,,10.1.40.99:4191,linkerd-proxy,teastore,,teastore-image-77b5d74b7d-d27bk,,11,,,,,teastore-image,,linkerd,outbound,,77b5d74b7d,201,true,teastore,,teastore-registry.teastore.svc.cluster.local:8080,linkerd,teastore-registry,teastore,teastore-registry-c8b58678f-v869d,c8b58678f,default,default.teastore.serviceaccount.identity.linkerd.cluster.local,teastore,teastore-registry,teastore-image
1614827687.443,response_latency_ms_sum,,,10.1.40.99:4191,linkerd-proxy,teastore,,teastore-image-77b5d74b7d-d27bk,,11,,,,,teastore-image,,linkerd,outbound,,77b5d74b7d,201,true,teastore,,teastore-registry.teastore.svc.cluster.local:8080,linkerd,teastore-registry,teastore,teastore-registry-c8b58678f-v869d,c8b58678f,default,default.teastore.serviceaccount.identity.linkerd.cluster.local,teastore,teastore-registry,teastore-image
1614827697.443,response_latency_ms_sum,,,10.1.40.99:4191,linkerd-proxy,teastore,,teastore-image-77b5d74b7d-d27bk,,11,,,,,teastore-image,,linkerd,outbound,,77b5d74b7d,201,true,teastore,,teastore-registry.teastore.svc.cluster.local:8080,linkerd,teastore-registry,teastore,teastore-registry-c8b58678f-v869d,c8b58678f,default,default.teastore.serviceaccount.identity.linkerd.cluster.local,teastore,teastore-registry,teastore-image
1614827707.443,response_latency_ms_sum,,,10.1.40.99:4191,linkerd-proxy,teastore,,teastore-image-77b5d74b7d-d27bk,,11,,,,,teastore-image,,linkerd,outbound,,77b5d74b7d,201,true,teastore,,teastore-registry.teastore.svc.cluster.local:8080,linkerd,teastore-registry,teastore,teastore-registry-c8b58678f-v869d,c8b58678f,default,default.teastore.serviceaccount.identity.linkerd.cluster.local,teastore,teastore-registry,teastore-image
1614827717.443,response_latency_ms_sum,,,10.1.40.99:4191,linkerd-proxy,teastore,,teastore-image-77b5d74b7d-d27bk,,11,,,,,teastore-image,,linkerd,outbound,,77b5d74b7d,201,true,teastore,,teastore-registry.teastore.svc.cluster.local:8080,linkerd,teastore-registry,teastore,teastore-registry-c8b58678f-v869d,c8b58678f,default,default.teastore.serviceaccount.identity.linkerd.cluster.local,teastore,teastore-registry,teastore-image
1614827727.443,response_latency_ms_sum,,,10.1.40.99:4191,linkerd-proxy,teastore,,teastore-image-77b5d74b7d-d27bk,,11,,,,,teastore-image,,linkerd,outbound,,77b5d74b7d,201,true,teastore,,teastore-registry.teastore.svc.cluster.local:8080,linkerd,teastore-registry,teastore,teastore-registry-c8b58678f-v869d,c8b58678f,default,default.teastore.serviceaccount.identity.linkerd.cluster.local,teastore,teastore-registry,teastore-image
1614827737.443,response_latency_ms_sum,,,10.1.40.99:4191,linkerd-proxy,teastore,,teastore-image-77b5d74b7d-d27bk,,11,,,,,teastore-image,,linkerd,outbound,,77b5d74b7d,201,true,teastore,,teastore-registry.teastore.svc.cluster.local:8080,linkerd,teastore-registry,teastore,teastore-registry-c8b58678f-v869d,c8b58678f,default,default.teastore.serviceaccount.identity.linkerd.cluster.local,teastore,teastore-registry,teastore-image
1614827747.443,response_latency_ms_sum,,,10.1.40.99:4191,linkerd-proxy,teastore,,teastore-image-77b5d74b7d-d27bk,,11,,,,,teastore-image,,linkerd,outbound,,77b5d74b7d,201,true,teastore,,teastore-registry.teastore.svc.cluster.local:8080,linkerd,teastore-registry,teastore,teastore-registry-c8b58678f-v869d,c8b58678f,default,default.teastore.serviceaccount.identity.linkerd.cluster.local,teastore,teastore-registry,teastore-image
1614827757.443,response_latency_ms_sum,,,10.1.40.99:4191,linkerd-proxy,teastore,,teastore-image-77b5d74b7d-d27bk,,11,,,,,teastore-image,,linkerd,outbound,,77b5d74b7d,201,true,teastore,,teastore-registry.teastore.svc.cluster.local:8080,linkerd,teastore-registry,teastore,teastore-registry-c8b58678f-v869d,c8b58678f,default,default.teastore.serviceaccount.identity.linkerd.cluster.local,teastore,teastore-registry,teastore-image
1614827767.443,response_latency_ms_sum,,,10.1.40.99:4191,linkerd-proxy,teastore,,teastore-image-77b5d74b7d-d27bk,,11,,,,,teastore-image,,linkerd,outbound,,77b5d74b7d,201,true,teastore,,teastore-registry.teastore.svc.cluster.local:8080,linkerd,teastore-registry,teastore,teastore-registry-c8b58678f-v869d,c8b58678f,default,default.teastore.serviceaccount.identity.linkerd.cluster.local,teastore,teastore-registry,teastore-image
1614827777.443,response_latency_ms_sum,,,10.1.40.99:4191,linkerd-proxy,teastore,,teastore-image-77b5d74b7d-d27bk,,11,,,,,teastore-image,,linkerd,outbound,,77b5d74b7d,201,true,teastore,,teastore-registry.teastore.svc.cluster.local:8080,linkerd,teastore-registry,teastore,teastore-registry-c8b58678f-v869d,c8b58678f,default,default.teastore.serviceaccount.identity.linkerd.cluster.local,teastore,teastore-registry,teastore-image
1614827787.444,response_latency_ms_sum,,,10.1.40.99:4191,linkerd-proxy,teastore,,teastore-image-77b5d74b7d-d27bk,,11,,,,,teastore-image,,linkerd,outbound,,77b5d74b7d,201,true,teastore,,teastore-registry.teastore.svc.cluster.local:8080,linkerd,teastore-registry,teastore,teastore-registry-c8b58678f-v869d,c8b58678f,default,default.teastore.serviceaccount.identity.linkerd.cluster.local,teastore,teastore-registry,teastore-image
1614827797.443,response_latency_ms_sum,,,10.1.40.99:4191,linkerd-proxy,teastore,,teastore-image-77b5d74b7d-d27bk,,11,,,,,teastore-image,,linkerd,outbound,,77b5d74b7d,201,true,teastore,,teastore-registry.teastore.svc.cluster.local:8080,linkerd,teastore-registry,teastore,teastore-registry-c8b58678f-v869d,c8b58678f,default,default.teastore.serviceaccount.identity.linkerd.cluster.local,teastore,teastore-registry,teastore-image
1614827807.445,response_latency_ms_sum,,,10.1.40.99:4191,linkerd-proxy,teastore,,teastore-image-77b5d74b7d-d27bk,,11,,,,,teastore-image,,linkerd,outbound,,77b5d74b7d,201,true,teastore,,teastore-registry.teastore.svc.cluster.local:8080,linkerd,teastore-registry,teastore,teastore-registry-c8b58678f-v869d,c8b58678f,default,default.teastore.serviceaccount.identity.linkerd.cluster.local,teastore,teastore-registry,teastore-image
1614827634.188,response_latency_ms_sum,,,10.1.40.98:4191,linkerd-proxy,teastore,,teastore-auth-5c8f77dbb8-trzs6,,5572065,,,,,teastore-auth,,linkerd,inbound,,5c8f77dbb8,200,true,teastore,default.teastore.serviceaccount.identity.linkerd.cluster.local,teastore-auth.teastore.svc.cluster.local:8080,,,,,,,,teastore,,teastore-auth
1614827644.188,response_latency_ms_sum,,,10.1.40.98:4191,linkerd-proxy,teastore,,teastore-auth-5c8f77dbb8-trzs6,,5572735,,,,,teastore-auth,,linkerd,inbound,,5c8f77dbb8,200,true,teastore,default.teastore.serviceaccount.identity.linkerd.cluster.local,teastore-auth.teastore.svc.cluster.local:8080,,,,,,,,teastore,,teastore-auth
1614827654.188,response_latency_ms_sum,,,10.1.40.98:4191,linkerd-proxy,teastore,,teastore-auth-5c8f77dbb8-trzs6,,5573499,,,,,teastore-auth,,linkerd,inbound,,5c8f77dbb8,200,true,teastore,default.teastore.serviceaccount.identity.linkerd.cluster.local,teastore-auth.teastore.svc.cluster.local:8080,,,,,,,,teastore,,teastore-auth
1614827664.188,response_latency_ms_sum,,,10.1.40.98:4191,linkerd-proxy,teastore,,teastore-auth-5c8f77dbb8-trzs6,,5574637,,,,,teastore-auth,,linkerd,inbound,,5c8f77dbb8,200,true,teastore,default.teastore.serviceaccount.identity.linkerd.cluster.local,teastore-auth.teastore.svc.cluster.local:8080,,,,,,,,teastore,,teastore-auth
1614827674.188,response_latency_ms_sum,,,10.1.40.98:4191,linkerd-proxy,teastore,,teastore-auth-5c8f77dbb8-trzs6,,5576323,,,,,teastore-auth,,linkerd,inbound,,5c8f77dbb8,200,true,teastore,default.teastore.serviceaccount.identity.linkerd.cluster.local,teastore-auth.teastore.svc.cluster.local:8080,,,,,,,,teastore,,teastore-auth
1614827684.188,response_latency_ms_sum,,,10.1.40.98:4191,linkerd-proxy,teastore,,teastore-auth-5c8f77dbb8-trzs6,,5579194,,,,,teastore-auth,,linkerd,inbound,,5c8f77dbb8,200,true,teastore,default.teastore.serviceaccount.identity.linkerd.cluster.local,teastore-auth.teastore.svc.cluster.local:8080,,,,,,,,teastore,,teastore-auth
1614827694.188,response_latency_ms_sum,,,10.1.40.98:4191,linkerd-proxy,teastore,,teastore-auth-5c8f77dbb8-trzs6,,5581548,,,,,teastore-auth,,linkerd,inbound,,5c8f77dbb8,200,true,teastore,default.teastore.serviceaccount.identity.linkerd.cluster.local,teastore-auth.teastore.svc.cluster.local:8080,,,,,,,,teastore,,teastore-auth
1614827704.188,response_latency_ms_sum,,,10.1.40.98:4191,linkerd-proxy,teastore,,teastore-auth-5c8f77dbb8-trzs6,,5583745,,,,,teastore-auth,,linkerd,inbound,,5c8f77dbb8,200,true,teastore,default.teastore.serviceaccount.identity.linkerd.cluster.local,teastore-auth.teastore.svc.cluster.local:8080,,,,,,,,teastore,,teastore-auth
1614827714.188,response_latency_ms_sum,,,10.1.40.98:4191,linkerd-proxy,teastore,,teastore-auth-5c8f77dbb8-trzs6,,5586398,,,,,teastore-auth,,linkerd,inbound,,5c8f77dbb8,200,true,teastore,default.teastore.serviceaccount.identity.linkerd.cluster.local,teastore-auth.teastore.svc.cluster.local:8080,,,,,,,,teastore,,teastore-auth
1614827724.188,response_latency_ms_sum,,,10.1.40.98:4191,linkerd-proxy,teastore,,teastore-auth-5c8f77dbb8-trzs6,,5588728,,,,,teastore-auth,,linkerd,inbound,,5c8f77dbb8,200,true,teastore,default.teastore.serviceaccount.identity.linkerd.cluster.local,teastore-auth.teastore.svc.cluster.local:8080,,,,,,,,teastore,,teastore-auth
1614827734.188,response_latency_ms_sum,,,10.1.40.98:4191,linkerd-proxy,teastore,,teastore-auth-5c8f77dbb8-trzs6,,5592074,,,,,teastore-auth,,linkerd,inbound,,5c8f77dbb8,200,true,teastore,default.teastore.serviceaccount.identity.linkerd.cluster.local,teastore-auth.teastore.svc.cluster.local:8080,,,,,,,,teastore,,teastore-auth
1614827744.188,response_latency_ms_sum,,,10.1.40.98:4191,linkerd-proxy,teastore,,teastore-auth-5c8f77dbb8-trzs6,,5595775,,,,,teastore-auth,,linkerd,inbound,,5c8f77dbb8,200,true,teastore,default.teastore.serviceaccount.identity.linkerd.cluster.local,teastore-auth.teastore.svc.cluster.local:8080,,,,,,,,teastore,,teastore-auth
1614827754.188,response_latency_ms_sum,,,10.1.40.98:4191,linkerd-proxy,teastore,,teastore-auth-5c8f77dbb8-trzs6,,5598784,,,,,teastore-auth,,linkerd,inbound,,5c8f77dbb8,200,true,teastore,default.teastore.serviceaccount.identity.linkerd.cluster.local,teastore-auth.teastore.svc.cluster.local:8080,,,,,,,,teastore,,teastore-auth
1614827764.188,response_latency_ms_sum,,,10.1.40.98:4191,linkerd-proxy,teastore,,teastore-auth-5c8f77dbb8-trzs6,,5601231,,,,,teastore-auth,,linkerd,inbound,,5c8f77dbb8,200,true,teastore,default.teastore.serviceaccount.identity.linkerd.cluster.local,teastore-auth.teastore.svc.cluster.local:8080,,,,,,,,teastore,,teastore-auth
1614827774.188,response_latency_ms_sum,,,10.1.40.98:4191,linkerd-proxy,teastore,,teastore-auth-5c8f77dbb8-trzs6,,5604292,,,,,teastore-auth,,linkerd,inbound,,5c8f77dbb8,200,true,teastore,default.teastore.serviceaccount.identity.linkerd.cluster.local,teastore-auth.teastore.svc.cluster.local:8080,,,,,,,,teastore,,teastore-auth
1614827784.188,response_latency_ms_sum,,,10.1.40.98:4191,linkerd-proxy,teastore,,teastore-auth-5c8f77dbb8-trzs6,,5609274,,,,,teastore-auth,,linkerd,inbound,,5c8f77dbb8,200,true,teastore,default.teastore.serviceaccount.identity.linkerd.cluster.local,teastore-auth.teastore.svc.cluster.local:8080,,,,,,,,teastore,,teastore-auth
1614827794.188,response_latency_ms_sum,,,10.1.40.98:4191,linkerd-proxy,teastore,,teastore-auth-5c8f77dbb8-trzs6,,5612637,,,,,teastore-auth,,linkerd,inbound,,5c8f77dbb8,200,true,teastore,default.teastore.serviceaccount.identity.linkerd.cluster.local,teastore-auth.teastore.svc.cluster.local:8080,,,,,,,,teastore,,teastore-auth
1614827804.188,response_latency_ms_sum,,,10.1.40.98:4191,linkerd-proxy,teastore,,teastore-auth-5c8f77dbb8-trzs6,,5617339,,,,,teastore-auth,,linkerd,inbound,,5c8f77dbb8,200,true,teastore,default.teastore.serviceaccount.identity.linkerd.cluster.local,teastore-auth.teastore.svc.cluster.local:8080,,,,,,,,teastore,,teastore-auth
1614827637.443,response_latency_ms_sum,,,10.1.40.99:4191,linkerd-proxy,teastore,,teastore-image-77b5d74b7d-d27bk,,6112164,,,,,teastore-image,,linkerd,inbound,,77b5d74b7d,200,true,teastore,default.teastore.serviceaccount.identity.linkerd.cluster.local,teastore-image.teastore.svc.cluster.local:8080,,,,,,,,teastore,,teastore-image
1614827647.443,response_latency_ms_sum,,,10.1.40.99:4191,linkerd-proxy,teastore,,teastore-image-77b5d74b7d-d27bk,,6113174,,,,,teastore-image,,linkerd,inbound,,77b5d74b7d,200,true,teastore,default.teastore.serviceaccount.identity.linkerd.cluster.local,teastore-image.teastore.svc.cluster.local:8080,,,,,,,,teastore,,teastore-image
1614827657.443,response_latency_ms_sum,,,10.1.40.99:4191,linkerd-proxy,teastore,,teastore-image-77b5d74b7d-d27bk,,6114388,,,,,teastore-image,,linkerd,inbound,,77b5d74b7d,200,true,teastore,default.teastore.serviceaccount.identity.linkerd.cluster.local,teastore-image.teastore.svc.cluster.local:8080,,,,,,,,teastore,,teastore-image
1614827667.443,response_latency_ms_sum,,,10.1.40.99:4191,linkerd-proxy,teastore,,teastore-image-77b5d74b7d-d27bk,,6116527,,,,,teastore-image,,linkerd,inbound,,77b5d74b7d,200,true,teastore,default.teastore.serviceaccount.identity.linkerd.cluster.local,teastore-image.teastore.svc.cluster.local:8080,,,,,,,,teastore,,teastore-image
1614827677.443,response_latency_ms_sum,,,10.1.40.99:4191,linkerd-proxy,teastore,,teastore-image-77b5d74b7d-d27bk,,6118659,,,,,teastore-image,,linkerd,inbound,,77b5d74b7d,200,true,teastore,default.teastore.serviceaccount.identity.linkerd.cluster.local,teastore-image.teastore.svc.cluster.local:8080,,,,,,,,teastore,,teastore-image
1614827687.443,response_latency_ms_sum,,,10.1.40.99:4191,linkerd-proxy,teastore,,teastore-image-77b5d74b7d-d27bk,,6122151,,,,,teastore-image,,linkerd,inbound,,77b5d74b7d,200,true,teastore,default.teastore.serviceaccount.identity.linkerd.cluster.local,teastore-image.teastore.svc.cluster.local:8080,,,,,,,,teastore,,teastore-image
1614827697.443,response_latency_ms_sum,,,10.1.40.99:4191,linkerd-proxy,teastore,,teastore-image-77b5d74b7d-d27bk,,6124722,,,,,teastore-image,,linkerd,inbound,,77b5d74b7d,200,true,teastore,default.teastore.serviceaccount.identity.linkerd.cluster.local,teastore-image.teastore.svc.cluster.local:8080,,,,,,,,teastore,,teastore-image
1614827707.443,response_latency_ms_sum,,,10.1.40.99:4191,linkerd-proxy,teastore,,teastore-image-77b5d74b7d-d27bk,,6127712,,,,,teastore-image,,linkerd,inbound,,77b5d74b7d,200,true,teastore,default.teastore.serviceaccount.identity.linkerd.cluster.local,teastore-image.teastore.svc.cluster.local:8080,,,,,,,,teastore,,teastore-image
1614827717.443,response_latency_ms_sum,,,10.1.40.99:4191,linkerd-proxy,teastore,,teastore-image-77b5d74b7d-d27bk,,6132120,,,,,teastore-image,,linkerd,inbound,,77b5d74b7d,200,true,teastore,default.teastore.serviceaccount.identity.linkerd.cluster.local,teastore-image.teastore.svc.cluster.local:8080,,,,,,,,teastore,,teastore-image
1614827727.443,response_latency_ms_sum,,,10.1.40.99:4191,linkerd-proxy,teastore,,teastore-image-77b5d74b7d-d27bk,,6135129,,,,,teastore-image,,linkerd,inbound,,77b5d74b7d,200,true,teastore,default.teastore.serviceaccount.identity.linkerd.cluster.local,teastore-image.teastore.svc.cluster.local:8080,,,,,,,,teastore,,teastore-image
1614827737.443,response_latency_ms_sum,,,10.1.40.99:4191,linkerd-proxy,teastore,,teastore-image-77b5d74b7d-d27bk,,6138101,,,,,teastore-image,,linkerd,inbound,,77b5d74b7d,200,true,teastore,default.teastore.serviceaccount.identity.linkerd.cluster.local,teastore-image.teastore.svc.cluster.local:8080,,,,,,,,teastore,,teastore-image
1614827747.443,response_latency_ms_sum,,,10.1.40.99:4191,linkerd-proxy,teastore,,teastore-image-77b5d74b7d-d27bk,,6141456,,,,,teastore-image,,linkerd,inbound,,77b5d74b7d,200,true,teastore,default.teastore.serviceaccount.identity.linkerd.cluster.local,teastore-image.teastore.svc.cluster.local:8080,,,,,,,,teastore,,teastore-image
1614827757.443,response_latency_ms_sum,,,10.1.40.99:4191,linkerd-proxy,teastore,,teastore-image-77b5d74b7d-d27bk,,6144622,,,,,teastore-image,,linkerd,inbound,,77b5d74b7d,200,true,teastore,default.teastore.serviceaccount.identity.linkerd.cluster.local,teastore-image.teastore.svc.cluster.local:8080,,,,,,,,teastore,,teastore-image
1614827767.443,response_latency_ms_sum,,,10.1.40.99:4191,linkerd-proxy,teastore,,teastore-image-77b5d74b7d-d27bk,,6147563,,,,,teastore-image,,linkerd,inbound,,77b5d74b7d,200,true,teastore,default.teastore.serviceaccount.identity.linkerd.cluster.local,teastore-image.teastore.svc.cluster.local:8080,,,,,,,,teastore,,teastore-image
1614827777.443,response_latency_ms_sum,,,10.1.40.99:4191,linkerd-proxy,teastore,,teastore-image-77b5d74b7d-d27bk,,6153176,,,,,teastore-image,,linkerd,inbound,,77b5d74b7d,200,true,teastore,default.teastore.serviceaccount.identity.linkerd.cluster.local,teastore-image.teastore.svc.cluster.local:8080,,,,,,,,teastore,,teastore-image
1614827787.444,response_latency_ms_sum,,,10.1.40.99:4191,linkerd-proxy,teastore,,teastore-image-77b5d74b7d-d27bk,,6158530,,,,,teastore-image,,linkerd,inbound,,77b5d74b7d,200,true,teastore,default.teastore.serviceaccount.identity.linkerd.cluster.local,teastore-image.teastore.svc.cluster.local:8080,,,,,,,,teastore,,teastore-image
1614827797.443,response_latency_ms_sum,,,10.1.40.99:4191,linkerd-proxy,teastore,,teastore-image-77b5d74b7d-d27bk,,6162824,,,,,teastore-image,,linkerd,inbound,,77b5d74b7d,200,true,teastore,default.teastore.serviceaccount.identity.linkerd.cluster.local,teastore-image.teastore.svc.cluster.local:8080,,,,,,,,teastore,,teastore-image
1614827807.445,response_latency_ms_sum,,,10.1.40.99:4191,linkerd-proxy,teastore,,teastore-image-77b5d74b7d-d27bk,,6166628,,,,,teastore-image,,linkerd,inbound,,77b5d74b7d,200,true,teastore,default.teastore.serviceaccount.identity.linkerd.cluster.local,teastore-image.teastore.svc.cluster.local:8080,,,,,,,,teastore,,teastore-image
1614827634.188,response_latency_ms_sum,,,10.1.40.98:4191,linkerd-proxy,teastore,,teastore-auth-5c8f77dbb8-trzs6,,776561,,,,,teastore-auth,,linkerd,outbound,,5c8f77dbb8,404,true,teastore,,teastore-persistence.teastore.svc.cluster.local:8080,linkerd,teastore-persistence,teastore,teastore-persistence-d9666cc75-zcrs7,d9666cc75,default,default.teastore.serviceaccount.identity.linkerd.cluster.local,teastore,teastore-persistence,teastore-auth
1614827644.188,response_latency_ms_sum,,,10.1.40.98:4191,linkerd-proxy,teastore,,teastore-auth-5c8f77dbb8-trzs6,,776609,,,,,teastore-auth,,linkerd,outbound,,5c8f77dbb8,404,true,teastore,,teastore-persistence.teastore.svc.cluster.local:8080,linkerd,teastore-persistence,teastore,teastore-persistence-d9666cc75-zcrs7,d9666cc75,default,default.teastore.serviceaccount.identity.linkerd.cluster.local,teastore,teastore-persistence,teastore-auth
1614827654.188,response_latency_ms_sum,,,10.1.40.98:4191,linkerd-proxy,teastore,,teastore-auth-5c8f77dbb8-trzs6,,776681,,,,,teastore-auth,,linkerd,outbound,,5c8f77dbb8,404,true,teastore,,teastore-persistence.teastore.svc.cluster.local:8080,linkerd,teastore-persistence,teastore,teastore-persistence-d9666cc75-zcrs7,d9666cc75,default,default.teastore.serviceaccount.identity.linkerd.cluster.local,teastore,teastore-persistence,teastore-auth
1614827664.188,response_latency_ms_sum,,,10.1.40.98:4191,linkerd-proxy,teastore,,teastore-auth-5c8f77dbb8-trzs6,,776786,,,,,teastore-auth,,linkerd,outbound,,5c8f77dbb8,404,true,teastore,,teastore-persistence.teastore.svc.cluster.local:8080,linkerd,teastore-persistence,teastore,teastore-persistence-d9666cc75-zcrs7,d9666cc75,default,default.teastore.serviceaccount.identity.linkerd.cluster.local,teastore,teastore-persistence,teastore-auth
1614827674.188,response_latency_ms_sum,,,10.1.40.98:4191,linkerd-proxy,teastore,,teastore-auth-5c8f77dbb8-trzs6,,776926,,,,,teastore-auth,,linkerd,outbound,,5c8f77dbb8,404,true,teastore,,teastore-persistence.teastore.svc.cluster.local:8080,linkerd,teastore-persistence,teastore,teastore-persistence-d9666cc75-zcrs7,d9666cc75,default,default.teastore.serviceaccount.identity.linkerd.cluster.local,teastore,teastore-persistence,teastore-auth
1614827684.188,response_latency_ms_sum,,,10.1.40.98:4191,linkerd-proxy,teastore,,teastore-auth-5c8f77dbb8-trzs6,,777352,,,,,teastore-auth,,linkerd,outbound,,5c8f77dbb8,404,true,teastore,,teastore-persistence.teastore.svc.cluster.local:8080,linkerd,teastore-persistence,teastore,teastore-persistence-d9666cc75-zcrs7,d9666cc75,default,default.teastore.serviceaccount.identity.linkerd.cluster.local,teastore,teastore-persistence,teastore-auth
1614827694.188,response_latency_ms_sum,,,10.1.40.98:4191,linkerd-proxy,teastore,,teastore-auth-5c8f77dbb8-trzs6,,777660,,,,,teastore-auth,,linkerd,outbound,,5c8f77dbb8,404,true,teastore,,teastore-persistence.teastore.svc.cluster.local:8080,linkerd,teastore-persistence,teastore,teastore-persistence-d9666cc75-zcrs7,d9666cc75,default,default.teastore.serviceaccount.identity.linkerd.cluster.local,teastore,teastore-persistence,teastore-auth
1614827704.188,response_latency_ms_sum,,,10.1.40.98:4191,linkerd-proxy,teastore,,teastore-auth-5c8f77dbb8-trzs6,,777896,,,,,teastore-auth,,linkerd,outbound,,5c8f77dbb8,404,true,teastore,,teastore-persistence.teastore.svc.cluster.local:8080,linkerd,teastore-persistence,teastore,teastore-persistence-d9666cc75-zcrs7,d9666cc75,default,default.teastore.serviceaccount.identity.linkerd.cluster.local,teastore,teastore-persistence,teastore-auth
1614827714.188,response_latency_ms_sum,,,10.1.40.98:4191,linkerd-proxy,teastore,,teastore-auth-5c8f77dbb8-trzs6,,778155,,,,,teastore-auth,,linkerd,outbound,,5c8f77dbb8,404,true,teastore,,teastore-persistence.teastore.svc.cluster.local:8080,linkerd,teastore-persistence,teastore,teastore-persistence-d9666cc75-zcrs7,d9666cc75,default,default.teastore.serviceaccount.identity.linkerd.cluster.local,teastore,teastore-persistence,teastore-auth
1614827724.188,response_latency_ms_sum,,,10.1.40.98:4191,linkerd-proxy,teastore,,teastore-auth-5c8f77dbb8-trzs6,,778446,,,,,teastore-auth,,linkerd,outbound,,5c8f77dbb8,404,true,teastore,,teastore-persistence.teastore.svc.cluster.local:8080,linkerd,teastore-persistence,teastore,teastore-persistence-d9666cc75-zcrs7,d9666cc75,default,default.teastore.serviceaccount.identity.linkerd.cluster.local,teastore,teastore-persistence,teastore-auth
1614827734.188,response_latency_ms_sum,,,10.1.40.98:4191,linkerd-proxy,teastore,,teastore-auth-5c8f77dbb8-trzs6,,778892,,,,,teastore-auth,,linkerd,outbound,,5c8f77dbb8,404,true,teastore,,teastore-persistence.teastore.svc.cluster.local:8080,linkerd,teastore-persistence,teastore,teastore-persistence-d9666cc75-zcrs7,d9666cc75,default,default.teastore.serviceaccount.identity.linkerd.cluster.local,teastore,teastore-persistence,teastore-auth
1614827744.188,response_latency_ms_sum,,,10.1.40.98:4191,linkerd-proxy,teastore,,teastore-auth-5c8f77dbb8-trzs6,,779161,,,,,teastore-auth,,linkerd,outbound,,5c8f77dbb8,404,true,teastore,,teastore-persistence.teastore.svc.cluster.local:8080,linkerd,teastore-persistence,teastore,teastore-persistence-d9666cc75-zcrs7,d9666cc75,default,default.teastore.serviceaccount.identity.linkerd.cluster.local,teastore,teastore-persistence,teastore-auth
1614827754.188,response_latency_ms_sum,,,10.1.40.98:4191,linkerd-proxy,teastore,,teastore-auth-5c8f77dbb8-trzs6,,779548,,,,,teastore-auth,,linkerd,outbound,,5c8f77dbb8,404,true,teastore,,teastore-persistence.teastore.svc.cluster.local:8080,linkerd,teastore-persistence,teastore,teastore-persistence-d9666cc75-zcrs7,d9666cc75,default,default.teastore.serviceaccount.identity.linkerd.cluster.local,teastore,teastore-persistence,teastore-auth
1614827764.188,response_latency_ms_sum,,,10.1.40.98:4191,linkerd-proxy,teastore,,teastore-auth-5c8f77dbb8-trzs6,,779865,,,,,teastore-auth,,linkerd,outbound,,5c8f77dbb8,404,true,teastore,,teastore-persistence.teastore.svc.cluster.local:8080,linkerd,teastore-persistence,teastore,teastore-persistence-d9666cc75-zcrs7,d9666cc75,default,default.teastore.serviceaccount.identity.linkerd.cluster.local,teastore,teastore-persistence,teastore-auth
1614827774.188,response_latency_ms_sum,,,10.1.40.98:4191,linkerd-proxy,teastore,,teastore-auth-5c8f77dbb8-trzs6,,780052,,,,,teastore-auth,,linkerd,outbound,,5c8f77dbb8,404,true,teastore,,teastore-persistence.teastore.svc.cluster.local:8080,linkerd,teastore-persistence,teastore,teastore-persistence-d9666cc75-zcrs7,d9666cc75,default,default.teastore.serviceaccount.identity.linkerd.cluster.local,teastore,teastore-persistence,teastore-auth
1614827784.188,response_latency_ms_sum,,,10.1.40.98:4191,linkerd-proxy,teastore,,teastore-auth-5c8f77dbb8-trzs6,,780506,,,,,teastore-auth,,linkerd,outbound,,5c8f77dbb8,404,true,teastore,,teastore-persistence.teastore.svc.cluster.local:8080,linkerd,teastore-persistence,teastore,teastore-persistence-d9666cc75-zcrs7,d9666cc75,default,default.teastore.serviceaccount.identity.linkerd.cluster.local,teastore,teastore-persistence,teastore-auth
1614827794.188,response_latency_ms_sum,,,10.1.40.98:4191,linkerd-proxy,teastore,,teastore-auth-5c8f77dbb8-trzs6,,780756,,,,,teastore-auth,,linkerd,outbound,,5c8f77dbb8,404,true,teastore,,teastore-persistence.teastore.svc.cluster.local:8080,linkerd,teastore-persistence,teastore,teastore-persistence-d9666cc75-zcrs7,d9666cc75,default,default.teastore.serviceaccount.identity.linkerd.cluster.local,teastore,teastore-persistence,teastore-auth
1614827804.188,response_latency_ms_sum,,,10.1.40.98:4191,linkerd-proxy,teastore,,teastore-auth-5c8f77dbb8-trzs6,,780896,,,,,teastore-auth,,linkerd,outbound,,5c8f77dbb8,404,true,teastore,,teastore-persistence.teastore.svc.cluster.local:8080,linkerd,teastore-persistence,teastore,teastore-persistence-d9666cc75-zcrs7,d9666cc75,default,default.teastore.serviceaccount.identity.linkerd.cluster.local,teastore,teastore-persistence,teastore-auth
1614827634.966,response_latency_ms_sum,,,10.1.40.97:4191,linkerd-proxy,teastore,,teastore-persistence-d9666cc75-zcrs7,,492252,,,,,teastore-persistence,,linkerd,inbound,,d9666cc75,404,true,teastore,default.teastore.serviceaccount.identity.linkerd.cluster.local,teastore-persistence.teastore.svc.cluster.local:8080,,,,,,,,teastore,,teastore-persistence
1614827644.966,response_latency_ms_sum,,,10.1.40.97:4191,linkerd-proxy,teastore,,teastore-persistence-d9666cc75-zcrs7,,492278,,,,,teastore-persistence,,linkerd,inbound,,d9666cc75,404,true,teastore,default.teastore.serviceaccount.identity.linkerd.cluster.local,teastore-persistence.teastore.svc.cluster.local:8080,,,,,,,,teastore,,teastore-persistence
1614827654.966,response_latency_ms_sum,,,10.1.40.97:4191,linkerd-proxy,teastore,,teastore-persistence-d9666cc75-zcrs7,,492312,,,,,teastore-persistence,,linkerd,inbound,,d9666cc75,404,true,teastore,default.teastore.serviceaccount.identity.linkerd.cluster.local,teastore-persistence.teastore.svc.cluster.local:8080,,,,,,,,teastore,,teastore-persistence
1614827664.966,response_latency_ms_sum,,,10.1.40.97:4191,linkerd-proxy,teastore,,teastore-persistence-d9666cc75-zcrs7,,492376,,,,,teastore-persistence,,linkerd,inbound,,d9666cc75,404,true,teastore,default.teastore.serviceaccount.identity.linkerd.cluster.local,teastore-persistence.teastore.svc.cluster.local:8080,,,,,,,,teastore,,teastore-persistence
1614827674.966,response_latency_ms_sum,,,10.1.40.97:4191,linkerd-proxy,teastore,,teastore-persistence-d9666cc75-zcrs7,,492456,,,,,teastore-persistence,,linkerd,inbound,,d9666cc75,404,true,teastore,default.teastore.serviceaccount.identity.linkerd.cluster.local,teastore-persistence.teastore.svc.cluster.local:8080,,,,,,,,teastore,,teastore-persistence
1614827684.966,response_latency_ms_sum,,,10.1.40.97:4191,linkerd-proxy,teastore,,teastore-persistence-d9666cc75-zcrs7,,492696,,,,,teastore-persistence,,linkerd,inbound,,d9666cc75,404,true,teastore,default.teastore.serviceaccount.identity.linkerd.cluster.local,teastore-persistence.teastore.svc.cluster.local:8080,,,,,,,,teastore,,teastore-persistence
1614827694.966,response_latency_ms_sum,,,10.1.40.97:4191,linkerd-proxy,teastore,,teastore-persistence-d9666cc75-zcrs7,,492894,,,,,teastore-persistence,,linkerd,inbound,,d9666cc75,404,true,teastore,default.teastore.serviceaccount.identity.linkerd.cluster.local,teastore-persistence.teastore.svc.cluster.local:8080,,,,,,,,teastore,,teastore-persistence
1614827704.966,response_latency_ms_sum,,,10.1.40.97:4191,linkerd-proxy,teastore,,teastore-persistence-d9666cc75-zcrs7,,493053,,,,,teastore-persistence,,linkerd,inbound,,d9666cc75,404,true,teastore,default.teastore.serviceaccount.identity.linkerd.cluster.local,teastore-persistence.teastore.svc.cluster.local:8080,,,,,,,,teastore,,teastore-persistence
1614827714.966,response_latency_ms_sum,,,10.1.40.97:4191,linkerd-proxy,teastore,,teastore-persistence-d9666cc75-zcrs7,,493203,,,,,teastore-persistence,,linkerd,inbound,,d9666cc75,404,true,teastore,default.teastore.serviceaccount.identity.linkerd.cluster.local,teastore-persistence.teastore.svc.cluster.local:8080,,,,,,,,teastore,,teastore-persistence
1614827724.966,response_latency_ms_sum,,,10.1.40.97:4191,linkerd-proxy,teastore,,teastore-persistence-d9666cc75-zcrs7,,493369,,,,,teastore-persistence,,linkerd,inbound,,d9666cc75,404,true,teastore,default.teastore.serviceaccount.identity.linkerd.cluster.local,teastore-persistence.teastore.svc.cluster.local:8080,,,,,,,,teastore,,teastore-persistence
1614827734.966,response_latency_ms_sum,,,10.1.40.97:4191,linkerd-proxy,teastore,,teastore-persistence-d9666cc75-zcrs7,,493666,,,,,teastore-persistence,,linkerd,inbound,,d9666cc75,404,true,teastore,default.teastore.serviceaccount.identity.linkerd.cluster.local,teastore-persistence.teastore.svc.cluster.local:8080,,,,,,,,teastore,,teastore-persistence
1614827744.966,response_latency_ms_sum,,,10.1.40.97:4191,linkerd-proxy,teastore,,teastore-persistence-d9666cc75-zcrs7,,493874,,,,,teastore-persistence,,linkerd,inbound,,d9666cc75,404,true,teastore,default.teastore.serviceaccount.identity.linkerd.cluster.local,teastore-persistence.teastore.svc.cluster.local:8080,,,,,,,,teastore,,teastore-persistence
1614827754.966,response_latency_ms_sum,,,10.1.40.97:4191,linkerd-proxy,teastore,,teastore-persistence-d9666cc75-zcrs7,,494060,,,,,teastore-persistence,,linkerd,inbound,,d9666cc75,404,true,teastore,default.teastore.serviceaccount.identity.linkerd.cluster.local,teastore-persistence.teastore.svc.cluster.local:8080,,,,,,,,teastore,,teastore-persistence
1614827764.966,response_latency_ms_sum,,,10.1.40.97:4191,linkerd-proxy,teastore,,teastore-persistence-d9666cc75-zcrs7,,494238,,,,,teastore-persistence,,linkerd,inbound,,d9666cc75,404,true,teastore,default.teastore.serviceaccount.identity.linkerd.cluster.local,teastore-persistence.teastore.svc.cluster.local:8080,,,,,,,,teastore,,teastore-persistence
1614827774.966,response_latency_ms_sum,,,10.1.40.97:4191,linkerd-proxy,teastore,,teastore-persistence-d9666cc75-zcrs7,,494359,,,,,teastore-persistence,,linkerd,inbound,,d9666cc75,404,true,teastore,default.teastore.serviceaccount.identity.linkerd.cluster.local,teastore-persistence.teastore.svc.cluster.local:8080,,,,,,,,teastore,,teastore-persistence
1614827784.966,response_latency_ms_sum,,,10.1.40.97:4191,linkerd-proxy,teastore,,teastore-persistence-d9666cc75-zcrs7,,494642,,,,,teastore-persistence,,linkerd,inbound,,d9666cc75,404,true,teastore,default.teastore.serviceaccount.identity.linkerd.cluster.local,teastore-persistence.teastore.svc.cluster.local:8080,,,,,,,,teastore,,teastore-persistence
1614827794.966,response_latency_ms_sum,,,10.1.40.97:4191,linkerd-proxy,teastore,,teastore-persistence-d9666cc75-zcrs7,,494810,,,,,teastore-persistence,,linkerd,inbound,,d9666cc75,404,true,teastore,default.teastore.serviceaccount.identity.linkerd.cluster.local,teastore-persistence.teastore.svc.cluster.local:8080,,,,,,,,teastore,,teastore-persistence
1614827804.966,response_latency_ms_sum,,,10.1.40.97:4191,linkerd-proxy,teastore,,teastore-persistence-d9666cc75-zcrs7,,494873,,,,,teastore-persistence,,linkerd,inbound,,d9666cc75,404,true,teastore,default.teastore.serviceaccount.identity.linkerd.cluster.local,teastore-persistence.teastore.svc.cluster.local:8080,,,,,,,,teastore,,teastore-persistence
1614827631.064,response_latency_ms_sum,,,10.1.40.100:4191,linkerd-proxy,teastore,,teastore-recommender-597fccb746-dbm6l,,801774,,,,,teastore-recommender,,linkerd,inbound,,597fccb746,200,true,teastore,default.teastore.serviceaccount.identity.linkerd.cluster.local,teastore-recommender.teastore.svc.cluster.local:8080,,,,,,,,teastore,,teastore-recommender
1614827641.064,response_latency_ms_sum,,,10.1.40.100:4191,linkerd-proxy,teastore,,teastore-recommender-597fccb746-dbm6l,,801961,,,,,teastore-recommender,,linkerd,inbound,,597fccb746,200,true,teastore,default.teastore.serviceaccount.identity.linkerd.cluster.local,teastore-recommender.teastore.svc.cluster.local:8080,,,,,,,,teastore,,teastore-recommender
1614827651.064,response_latency_ms_sum,,,10.1.40.100:4191,linkerd-proxy,teastore,,teastore-recommender-597fccb746-dbm6l,,802089,,,,,teastore-recommender,,linkerd,inbound,,597fccb746,200,true,teastore,default.teastore.serviceaccount.identity.linkerd.cluster.local,teastore-recommender.teastore.svc.cluster.local:8080,,,,,,,,teastore,,teastore-recommender
1614827661.064,response_latency_ms_sum,,,10.1.40.100:4191,linkerd-proxy,teastore,,teastore-recommender-597fccb746-dbm6l,,802276,,,,,teastore-recommender,,linkerd,inbound,,597fccb746,200,true,teastore,default.teastore.serviceaccount.identity.linkerd.cluster.local,teastore-recommender.teastore.svc.cluster.local:8080,,,,,,,,teastore,,teastore-recommender
1614827671.064,response_latency_ms_sum,,,10.1.40.100:4191,linkerd-proxy,teastore,,teastore-recommender-597fccb746-dbm6l,,802504,,,,,teastore-recommender,,linkerd,inbound,,597fccb746,200,true,teastore,default.teastore.serviceaccount.identity.linkerd.cluster.local,teastore-recommender.teastore.svc.cluster.local:8080,,,,,,,,teastore,,teastore-recommender
1614827681.064,response_latency_ms_sum,,,10.1.40.100:4191,linkerd-proxy,teastore,,teastore-recommender-597fccb746-dbm6l,,802777,,,,,teastore-recommender,,linkerd,inbound,,597fccb746,200,true,teastore,default.teastore.serviceaccount.identity.linkerd.cluster.local,teastore-recommender.teastore.svc.cluster.local:8080,,,,,,,,teastore,,teastore-recommender
1614827691.064,response_latency_ms_sum,,,10.1.40.100:4191,linkerd-proxy,teastore,,teastore-recommender-597fccb746-dbm6l,,803040,,,,,teastore-recommender,,linkerd,inbound,,597fccb746,200,true,teastore,default.teastore.serviceaccount.identity.linkerd.cluster.local,teastore-recommender.teastore.svc.cluster.local:8080,,,,,,,,teastore,,teastore-recommender
1614827701.064,response_latency_ms_sum,,,10.1.40.100:4191,linkerd-proxy,teastore,,teastore-recommender-597fccb746-dbm6l,,803378,,,,,teastore-recommender,,linkerd,inbound,,597fccb746,200,true,teastore,default.teastore.serviceaccount.identity.linkerd.cluster.local,teastore-recommender.teastore.svc.cluster.local:8080,,,,,,,,teastore,,teastore-recommender
1614827711.064,response_latency_ms_sum,,,10.1.40.100:4191,linkerd-proxy,teastore,,teastore-recommender-597fccb746-dbm6l,,803950,,,,,teastore-recommender,,linkerd,inbound,,597fccb746,200,true,teastore,default.teastore.serviceaccount.identity.linkerd.cluster.local,teastore-recommender.teastore.svc.cluster.local:8080,,,,,,,,teastore,,teastore-recommender
1614827721.064,response_latency_ms_sum,,,10.1.40.100:4191,linkerd-proxy,teastore,,teastore-recommender-597fccb746-dbm6l,,804272,,,,,teastore-recommender,,linkerd,inbound,,597fccb746,200,true,teastore,default.teastore.serviceaccount.identity.linkerd.cluster.local,teastore-recommender.teastore.svc.cluster.local:8080,,,,,,,,teastore,,teastore-recommender
1614827731.064,response_latency_ms_sum,,,10.1.40.100:4191,linkerd-proxy,teastore,,teastore-recommender-597fccb746-dbm6l,,804625,,,,,teastore-recommender,,linkerd,inbound,,597fccb746,200,true,teastore,default.teastore.serviceaccount.identity.linkerd.cluster.local,teastore-recommender.teastore.svc.cluster.local:8080,,,,,,,,teastore,,teastore-recommender
1614827741.064,response_latency_ms_sum,,,10.1.40.100:4191,linkerd-proxy,teastore,,teastore-recommender-597fccb746-dbm6l,,808110,,,,,teastore-recommender,,linkerd,inbound,,597fccb746,200,true,teastore,default.teastore.serviceaccount.identity.linkerd.cluster.local,teastore-recommender.teastore.svc.cluster.local:8080,,,,,,,,teastore,,teastore-recommender
1614827751.064,response_latency_ms_sum,,,10.1.40.100:4191,linkerd-proxy,teastore,,teastore-recommender-597fccb746-dbm6l,,808479,,,,,teastore-recommender,,linkerd,inbound,,597fccb746,200,true,teastore,default.teastore.serviceaccount.identity.linkerd.cluster.local,teastore-recommender.teastore.svc.cluster.local:8080,,,,,,,,teastore,,teastore-recommender
1614827761.064,response_latency_ms_sum,,,10.1.40.100:4191,linkerd-proxy,teastore,,teastore-recommender-597fccb746-dbm6l,,808814,,,,,teastore-recommender,,linkerd,inbound,,597fccb746,200,true,teastore,default.teastore.serviceaccount.identity.linkerd.cluster.local,teastore-recommender.teastore.svc.cluster.local:8080,,,,,,,,teastore,,teastore-recommender
1614827771.064,response_latency_ms_sum,,,10.1.40.100:4191,linkerd-proxy,teastore,,teastore-recommender-597fccb746-dbm6l,,809242,,,,,teastore-recommender,,linkerd,inbound,,597fccb746,200,true,teastore,default.teastore.serviceaccount.identity.linkerd.cluster.local,teastore-recommender.teastore.svc.cluster.local:8080,,,,,,,,teastore,,teastore-recommender
1614827781.064,response_latency_ms_sum,,,10.1.40.100:4191,linkerd-proxy,teastore,,teastore-recommender-597fccb746-dbm6l,,809902,,,,,teastore-recommender,,linkerd,inbound,,597fccb746,200,true,teastore,default.teastore.serviceaccount.identity.linkerd.cluster.local,teastore-recommender.teastore.svc.cluster.local:8080,,,,,,,,teastore,,teastore-recommender
1614827791.064,response_latency_ms_sum,,,10.1.40.100:4191,linkerd-proxy,teastore,,teastore-recommender-597fccb746-dbm6l,,810505,,,,,teastore-recommender,,linkerd,inbound,,597fccb746,200,true,teastore,default.teastore.serviceaccount.identity.linkerd.cluster.local,teastore-recommender.teastore.svc.cluster.local:8080,,,,,,,,teastore,,teastore-recommender
1614827801.064,response_latency_ms_sum,,,10.1.40.100:4191,linkerd-proxy,teastore,,teastore-recommender-597fccb746-dbm6l,,811104,,,,,teastore-recommender,,linkerd,inbound,,597fccb746,200,true,teastore,default.teastore.serviceaccount.identity.linkerd.cluster.local,teastore-recommender.teastore.svc.cluster.local:8080,,,,,,,,teastore,,teastore-recommender
1614827634.188,response_latency_ms_sum,,,10.1.40.98:4191,linkerd-proxy,teastore,,teastore-auth-5c8f77dbb8-trzs6,,1334724,,,,,teastore-auth,,linkerd,outbound,,5c8f77dbb8,200,true,teastore,,teastore-persistence.teastore.svc.cluster.local:8080,linkerd,teastore-persistence,teastore,teastore-persistence-d9666cc75-zcrs7,d9666cc75,default,default.teastore.serviceaccount.identity.linkerd.cluster.local,teastore,teastore-persistence,teastore-auth
1614827644.188,response_latency_ms_sum,,,10.1.40.98:4191,linkerd-proxy,teastore,,teastore-auth-5c8f77dbb8-trzs6,,1334820,,,,,teastore-auth,,linkerd,outbound,,5c8f77dbb8,200,true,teastore,,teastore-persistence.teastore.svc.cluster.local:8080,linkerd,teastore-persistence,teastore,teastore-persistence-d9666cc75-zcrs7,d9666cc75,default,default.teastore.serviceaccount.identity.linkerd.cluster.local,teastore,teastore-persistence,teastore-auth
1614827654.188,response_latency_ms_sum,,,10.1.40.98:4191,linkerd-proxy,teastore,,teastore-auth-5c8f77dbb8-trzs6,,1334915,,,,,teastore-auth,,linkerd,outbound,,5c8f77dbb8,200,true,teastore,,teastore-persistence.teastore.svc.cluster.local:8080,linkerd,teastore-persistence,teastore,teastore-persistence-d9666cc75-zcrs7,d9666cc75,default,default.teastore.serviceaccount.identity.linkerd.cluster.local,teastore,teastore-persistence,teastore-auth
1614827664.188,response_latency_ms_sum,,,10.1.40.98:4191,linkerd-proxy,teastore,,teastore-auth-5c8f77dbb8-trzs6,,1335068,,,,,teastore-auth,,linkerd,outbound,,5c8f77dbb8,200,true,teastore,,teastore-persistence.teastore.svc.cluster.local:8080,linkerd,teastore-persistence,teastore,teastore-persistence-d9666cc75-zcrs7,d9666cc75,default,default.teastore.serviceaccount.identity.linkerd.cluster.local,teastore,teastore-persistence,teastore-auth
1614827674.188,response_latency_ms_sum,,,10.1.40.98:4191,linkerd-proxy,teastore,,teastore-auth-5c8f77dbb8-trzs6,,1335351,,,,,teastore-auth,,linkerd,outbound,,5c8f77dbb8,200,true,teastore,,teastore-persistence.teastore.svc.cluster.local:8080,linkerd,teastore-persistence,teastore,teastore-persistence-d9666cc75-zcrs7,d9666cc75,default,default.teastore.serviceaccount.identity.linkerd.cluster.local,teastore,teastore-persistence,teastore-auth
1614827684.188,response_latency_ms_sum,,,10.1.40.98:4191,linkerd-proxy,teastore,,teastore-auth-5c8f77dbb8-trzs6,,1335573,,,,,teastore-auth,,linkerd,outbound,,5c8f77dbb8,200,true,teastore,,teastore-persistence.teastore.svc.cluster.local:8080,linkerd,teastore-persistence,teastore,teastore-persistence-d9666cc75-zcrs7,d9666cc75,default,default.teastore.serviceaccount.identity.linkerd.cluster.local,teastore,teastore-persistence,teastore-auth
1614827694.188,response_latency_ms_sum,,,10.1.40.98:4191,linkerd-proxy,teastore,,teastore-auth-5c8f77dbb8-trzs6,,1335995,,,,,teastore-auth,,linkerd,outbound,,5c8f77dbb8,200,true,teastore,,teastore-persistence.teastore.svc.cluster.local:8080,linkerd,teastore-persistence,teastore,teastore-persistence-d9666cc75-zcrs7,d9666cc75,default,default.teastore.serviceaccount.identity.linkerd.cluster.local,teastore,teastore-persistence,teastore-auth
1614827704.188,response_latency_ms_sum,,,10.1.40.98:4191,linkerd-proxy,teastore,,teastore-auth-5c8f77dbb8-trzs6,,1336251,,,,,teastore-auth,,linkerd,outbound,,5c8f77dbb8,200,true,teastore,,teastore-persistence.teastore.svc.cluster.local:8080,linkerd,teastore-persistence,teastore,teastore-persistence-d9666cc75-zcrs7,d9666cc75,default,default.teastore.serviceaccount.identity.linkerd.cluster.local,teastore,teastore-persistence,teastore-auth
1614827714.188,response_latency_ms_sum,,,10.1.40.98:4191,linkerd-proxy,teastore,,teastore-auth-5c8f77dbb8-trzs6,,1336609,,,,,teastore-auth,,linkerd,outbound,,5c8f77dbb8,200,true,teastore,,teastore-persistence.teastore.svc.cluster.local:8080,linkerd,teastore-persistence,teastore,teastore-persistence-d9666cc75-zcrs7,d9666cc75,default,default.teastore.serviceaccount.identity.linkerd.cluster.local,teastore,teastore-persistence,teastore-auth
1614827724.188,response_latency_ms_sum,,,10.1.40.98:4191,linkerd-proxy,teastore,,teastore-auth-5c8f77dbb8-trzs6,,1337071,,,,,teastore-auth,,linkerd,outbound,,5c8f77dbb8,200,true,teastore,,teastore-persistence.teastore.svc.cluster.local:8080,linkerd,teastore-persistence,teastore,teastore-persistence-d9666cc75-zcrs7,d9666cc75,default,default.teastore.serviceaccount.identity.linkerd.cluster.local,teastore,teastore-persistence,teastore-auth
1614827734.188,response_latency_ms_sum,,,10.1.40.98:4191,linkerd-proxy,teastore,,teastore-auth-5c8f77dbb8-trzs6,,1337726,,,,,teastore-auth,,linkerd,outbound,,5c8f77dbb8,200,true,teastore,,teastore-persistence.teastore.svc.cluster.local:8080,linkerd,teastore-persistence,teastore,teastore-persistence-d9666cc75-zcrs7,d9666cc75,default,default.teastore.serviceaccount.identity.linkerd.cluster.local,teastore,teastore-persistence,teastore-auth
1614827744.188,response_latency_ms_sum,,,10.1.40.98:4191,linkerd-proxy,teastore,,teastore-auth-5c8f77dbb8-trzs6,,1338527,,,,,teastore-auth,,linkerd,outbound,,5c8f77dbb8,200,true,teastore,,teastore-persistence.teastore.svc.cluster.local:8080,linkerd,teastore-persistence,teastore,teastore-persistence-d9666cc75-zcrs7,d9666cc75,default,default.teastore.serviceaccount.identity.linkerd.cluster.local,teastore,teastore-persistence,teastore-auth
1614827754.188,response_latency_ms_sum,,,10.1.40.98:4191,linkerd-proxy,teastore,,teastore-auth-5c8f77dbb8-trzs6,,1339138,,,,,teastore-auth,,linkerd,outbound,,5c8f77dbb8,200,true,teastore,,teastore-persistence.teastore.svc.cluster.local:8080,linkerd,teastore-persistence,teastore,teastore-persistence-d9666cc75-zcrs7,d9666cc75,default,default.teastore.serviceaccount.identity.linkerd.cluster.local,teastore,teastore-persistence,teastore-auth
1614827764.188,response_latency_ms_sum,,,10.1.40.98:4191,linkerd-proxy,teastore,,teastore-auth-5c8f77dbb8-trzs6,,1339575,,,,,teastore-auth,,linkerd,outbound,,5c8f77dbb8,200,true,teastore,,teastore-persistence.teastore.svc.cluster.local:8080,linkerd,teastore-persistence,teastore,teastore-persistence-d9666cc75-zcrs7,d9666cc75,default,default.teastore.serviceaccount.identity.linkerd.cluster.local,teastore,teastore-persistence,teastore-auth
1614827774.188,response_latency_ms_sum,,,10.1.40.98:4191,linkerd-proxy,teastore,,teastore-auth-5c8f77dbb8-trzs6,,1339983,,,,,teastore-auth,,linkerd,outbound,,5c8f77dbb8,200,true,teastore,,teastore-persistence.teastore.svc.cluster.local:8080,linkerd,teastore-persistence,teastore,teastore-persistence-d9666cc75-zcrs7,d9666cc75,default,default.teastore.serviceaccount.identity.linkerd.cluster.local,teastore,teastore-persistence,teastore-auth
1614827784.188,response_latency_ms_sum,,,10.1.40.98:4191,linkerd-proxy,teastore,,teastore-auth-5c8f77dbb8-trzs6,,1341187,,,,,teastore-auth,,linkerd,outbound,,5c8f77dbb8,200,true,teastore,,teastore-persistence.teastore.svc.cluster.local:8080,linkerd,teastore-persistence,teastore,teastore-persistence-d9666cc75-zcrs7,d9666cc75,default,default.teastore.serviceaccount.identity.linkerd.cluster.local,teastore,teastore-persistence,teastore-auth
1614827794.188,response_latency_ms_sum,,,10.1.40.98:4191,linkerd-proxy,teastore,,teastore-auth-5c8f77dbb8-trzs6,,1342159,,,,,teastore-auth,,linkerd,outbound,,5c8f77dbb8,200,true,teastore,,teastore-persistence.teastore.svc.cluster.local:8080,linkerd,teastore-persistence,teastore,teastore-persistence-d9666cc75-zcrs7,d9666cc75,default,default.teastore.serviceaccount.identity.linkerd.cluster.local,teastore,teastore-persistence,teastore-auth
1614827804.188,response_latency_ms_sum,,,10.1.40.98:4191,linkerd-proxy,teastore,,teastore-auth-5c8f77dbb8-trzs6,,1343022,,,,,teastore-auth,,linkerd,outbound,,5c8f77dbb8,200,true,teastore,,teastore-persistence.teastore.svc.cluster.local:8080,linkerd,teastore-persistence,teastore,teastore-persistence-d9666cc75-zcrs7,d9666cc75,default,default.teastore.serviceaccount.identity.linkerd.cluster.local,teastore,teastore-persistence,teastore-auth
1614827640.101,response_latency_ms_sum,,,10.1.37.198:4191,linkerd-proxy,linkerd,,linkerd-prometheus-5bccd64d4d-jzwmt,,1918,,,,,linkerd-prometheus,prometheus,linkerd,outbound,,5bccd64d4d,200,true,linkerd,,10.1.40.183:4191,linkerd,teastore-webui,teastore,teastore-webui-c7dd56456-mvfrs,c7dd56456,default,default.teastore.serviceaccount.identity.linkerd.cluster.local,,,
1614827650.102,response_latency_ms_sum,,,10.1.37.198:4191,linkerd-proxy,linkerd,,linkerd-prometheus-5bccd64d4d-jzwmt,,1918,,,,,linkerd-prometheus,prometheus,linkerd,outbound,,5bccd64d4d,200,true,linkerd,,10.1.40.183:4191,linkerd,teastore-webui,teastore,teastore-webui-c7dd56456-mvfrs,c7dd56456,default,default.teastore.serviceaccount.identity.linkerd.cluster.local,,,
1614827660.102,response_latency_ms_sum,,,10.1.37.198:4191,linkerd-proxy,linkerd,,linkerd-prometheus-5bccd64d4d-jzwmt,,1918,,,,,linkerd-prometheus,prometheus,linkerd,outbound,,5bccd64d4d,200,true,linkerd,,10.1.40.183:4191,linkerd,teastore-webui,teastore,teastore-webui-c7dd56456-mvfrs,c7dd56456,default,default.teastore.serviceaccount.identity.linkerd.cluster.local,,,
1614827670.101,response_latency_ms_sum,,,10.1.37.198:4191,linkerd-proxy,linkerd,,linkerd-prometheus-5bccd64d4d-jzwmt,,1918,,,,,linkerd-prometheus,prometheus,linkerd,outbound,,5bccd64d4d,200,true,linkerd,,10.1.40.183:4191,linkerd,teastore-webui,teastore,teastore-webui-c7dd56456-mvfrs,c7dd56456,default,default.teastore.serviceaccount.identity.linkerd.cluster.local,,,
1614827680.101,response_latency_ms_sum,,,10.1.37.198:4191,linkerd-proxy,linkerd,,linkerd-prometheus-5bccd64d4d-jzwmt,,1918,,,,,linkerd-prometheus,prometheus,linkerd,outbound,,5bccd64d4d,200,true,linkerd,,10.1.40.183:4191,linkerd,teastore-webui,teastore,teastore-webui-c7dd56456-mvfrs,c7dd56456,default,default.teastore.serviceaccount.identity.linkerd.cluster.local,,,
1614827690.101,response_latency_ms_sum,,,10.1.37.198:4191,linkerd-proxy,linkerd,,linkerd-prometheus-5bccd64d4d-jzwmt,,1918,,,,,linkerd-prometheus,prometheus,linkerd,outbound,,5bccd64d4d,200,true,linkerd,,10.1.40.183:4191,linkerd,teastore-webui,teastore,teastore-webui-c7dd56456-mvfrs,c7dd56456,default,default.teastore.serviceaccount.identity.linkerd.cluster.local,,,
1614827700.102,response_latency_ms_sum,,,10.1.37.198:4191,linkerd-proxy,linkerd,,linkerd-prometheus-5bccd64d4d-jzwmt,,1918,,,,,linkerd-prometheus,prometheus,linkerd,outbound,,5bccd64d4d,200,true,linkerd,,10.1.40.183:4191,linkerd,teastore-webui,teastore,teastore-webui-c7dd56456-mvfrs,c7dd56456,default,default.teastore.serviceaccount.identity.linkerd.cluster.local,,,
1614827710.101,response_latency_ms_sum,,,10.1.37.198:4191,linkerd-proxy,linkerd,,linkerd-prometheus-5bccd64d4d-jzwmt,,1918,,,,,linkerd-prometheus,prometheus,linkerd,outbound,,5bccd64d4d,200,true,linkerd,,10.1.40.183:4191,linkerd,teastore-webui,teastore,teastore-webui-c7dd56456-mvfrs,c7dd56456,default,default.teastore.serviceaccount.identity.linkerd.cluster.local,,,
1614827720.101,response_latency_ms_sum,,,10.1.37.198:4191,linkerd-proxy,linkerd,,linkerd-prometheus-5bccd64d4d-jzwmt,,1918,,,,,linkerd-prometheus,prometheus,linkerd,outbound,,5bccd64d4d,200,true,linkerd,,10.1.40.183:4191,linkerd,teastore-webui,teastore,teastore-webui-c7dd56456-mvfrs,c7dd56456,default,default.teastore.serviceaccount.identity.linkerd.cluster.local,,,
1614827730.101,response_latency_ms_sum,,,10.1.37.198:4191,linkerd-proxy,linkerd,,linkerd-prometheus-5bccd64d4d-jzwmt,,1918,,,,,linkerd-prometheus,prometheus,linkerd,outbound,,5bccd64d4d,200,true,linkerd,,10.1.40.183:4191,linkerd,teastore-webui,teastore,teastore-webui-c7dd56456-mvfrs,c7dd56456,default,default.teastore.serviceaccount.identity.linkerd.cluster.local,,,
1614827740.101,response_latency_ms_sum,,,10.1.37.198:4191,linkerd-proxy,linkerd,,linkerd-prometheus-5bccd64d4d-jzwmt,,1918,,,,,linkerd-prometheus,prometheus,linkerd,outbound,,5bccd64d4d,200,true,linkerd,,10.1.40.183:4191,linkerd,teastore-webui,teastore,teastore-webui-c7dd56456-mvfrs,c7dd56456,default,default.teastore.serviceaccount.identity.linkerd.cluster.local,,,
1614827750.101,response_latency_ms_sum,,,10.1.37.198:4191,linkerd-proxy,linkerd,,linkerd-prometheus-5bccd64d4d-jzwmt,,1918,,,,,linkerd-prometheus,prometheus,linkerd,outbound,,5bccd64d4d,200,true,linkerd,,10.1.40.183:4191,linkerd,teastore-webui,teastore,teastore-webui-c7dd56456-mvfrs,c7dd56456,default,default.teastore.serviceaccount.identity.linkerd.cluster.local,,,
1614827760.101,response_latency_ms_sum,,,10.1.37.198:4191,linkerd-proxy,linkerd,,linkerd-prometheus-5bccd64d4d-jzwmt,,1918,,,,,linkerd-prometheus,prometheus,linkerd,outbound,,5bccd64d4d,200,true,linkerd,,10.1.40.183:4191,linkerd,teastore-webui,teastore,teastore-webui-c7dd56456-mvfrs,c7dd56456,default,default.teastore.serviceaccount.identity.linkerd.cluster.local,,,
1614827770.101,response_latency_ms_sum,,,10.1.37.198:4191,linkerd-proxy,linkerd,,linkerd-prometheus-5bccd64d4d-jzwmt,,1918,,,,,linkerd-prometheus,prometheus,linkerd,outbound,,5bccd64d4d,200,true,linkerd,,10.1.40.183:4191,linkerd,teastore-webui,teastore,teastore-webui-c7dd56456-mvfrs,c7dd56456,default,default.teastore.serviceaccount.identity.linkerd.cluster.local,,,
1614827780.101,response_latency_ms_sum,,,10.1.37.198:4191,linkerd-proxy,linkerd,,linkerd-prometheus-5bccd64d4d-jzwmt,,1918,,,,,linkerd-prometheus,prometheus,linkerd,outbound,,5bccd64d4d,200,true,linkerd,,10.1.40.183:4191,linkerd,teastore-webui,teastore,teastore-webui-c7dd56456-mvfrs,c7dd56456,default,default.teastore.serviceaccount.identity.linkerd.cluster.local,,,
1614827790.101,response_latency_ms_sum,,,10.1.37.198:4191,linkerd-proxy,linkerd,,linkerd-prometheus-5bccd64d4d-jzwmt,,1918,,,,,linkerd-prometheus,prometheus,linkerd,outbound,,5bccd64d4d,200,true,linkerd,,10.1.40.183:4191,linkerd,teastore-webui,teastore,teastore-webui-c7dd56456-mvfrs,c7dd56456,default,default.teastore.serviceaccount.identity.linkerd.cluster.local,,,
1614827800.101,response_latency_ms_sum,,,10.1.37.198:4191,linkerd-proxy,linkerd,,linkerd-prometheus-5bccd64d4d-jzwmt,,1918,,,,,linkerd-prometheus,prometheus,linkerd,outbound,,5bccd64d4d,200,true,linkerd,,10.1.40.183:4191,linkerd,teastore-webui,teastore,teastore-webui-c7dd56456-mvfrs,c7dd56456,default,default.teastore.serviceaccount.identity.linkerd.cluster.local,,,
1614827640.101,response_latency_ms_sum,,,10.1.37.198:4191,linkerd-proxy,linkerd,,linkerd-prometheus-5bccd64d4d-jzwmt,,999,,,,,linkerd-prometheus,prometheus,linkerd,outbound,,5bccd64d4d,200,true,linkerd,,10.1.40.184:4191,linkerd,teastore-webui,teastore,teastore-webui-c7dd56456-xzw72,c7dd56456,default,default.teastore.serviceaccount.identity.linkerd.cluster.local,,,
1614827650.102,response_latency_ms_sum,,,10.1.37.198:4191,linkerd-proxy,linkerd,,linkerd-prometheus-5bccd64d4d-jzwmt,,999,,,,,linkerd-prometheus,prometheus,linkerd,outbound,,5bccd64d4d,200,true,linkerd,,10.1.40.184:4191,linkerd,teastore-webui,teastore,teastore-webui-c7dd56456-xzw72,c7dd56456,default,default.teastore.serviceaccount.identity.linkerd.cluster.local,,,
1614827660.102,response_latency_ms_sum,,,10.1.37.198:4191,linkerd-proxy,linkerd,,linkerd-prometheus-5bccd64d4d-jzwmt,,999,,,,,linkerd-prometheus,prometheus,linkerd,outbound,,5bccd64d4d,200,true,linkerd,,10.1.40.184:4191,linkerd,teastore-webui,teastore,teastore-webui-c7dd56456-xzw72,c7dd56456,default,default.teastore.serviceaccount.identity.linkerd.cluster.local,,,
1614827670.101,response_latency_ms_sum,,,10.1.37.198:4191,linkerd-proxy,linkerd,,linkerd-prometheus-5bccd64d4d-jzwmt,,999,,,,,linkerd-prometheus,prometheus,linkerd,outbound,,5bccd64d4d,200,true,linkerd,,10.1.40.184:4191,linkerd,teastore-webui,teastore,teastore-webui-c7dd56456-xzw72,c7dd56456,default,default.teastore.serviceaccount.identity.linkerd.cluster.local,,,
1614827680.101,response_latency_ms_sum,,,10.1.37.198:4191,linkerd-proxy,linkerd,,linkerd-prometheus-5bccd64d4d-jzwmt,,999,,,,,linkerd-prometheus,prometheus,linkerd,outbound,,5bccd64d4d,200,true,linkerd,,10.1.40.184:4191,linkerd,teastore-webui,teastore,teastore-webui-c7dd56456-xzw72,c7dd56456,default,default.teastore.serviceaccount.identity.linkerd.cluster.local,,,
1614827690.101,response_latency_ms_sum,,,10.1.37.198:4191,linkerd-proxy,linkerd,,linkerd-prometheus-5bccd64d4d-jzwmt,,999,,,,,linkerd-prometheus,prometheus,linkerd,outbound,,5bccd64d4d,200,true,linkerd,,10.1.40.184:4191,linkerd,teastore-webui,teastore,teastore-webui-c7dd56456-xzw72,c7dd56456,default,default.teastore.serviceaccount.identity.linkerd.cluster.local,,,
1614827700.102,response_latency_ms_sum,,,10.1.37.198:4191,linkerd-proxy,linkerd,,linkerd-prometheus-5bccd64d4d-jzwmt,,999,,,,,linkerd-prometheus,prometheus,linkerd,outbound,,5bccd64d4d,200,true,linkerd,,10.1.40.184:4191,linkerd,teastore-webui,teastore,teastore-webui-c7dd56456-xzw72,c7dd56456,default,default.teastore.serviceaccount.identity.linkerd.cluster.local,,,
1614827710.101,response_latency_ms_sum,,,10.1.37.198:4191,linkerd-proxy,linkerd,,linkerd-prometheus-5bccd64d4d-jzwmt,,999,,,,,linkerd-prometheus,prometheus,linkerd,outbound,,5bccd64d4d,200,true,linkerd,,10.1.40.184:4191,linkerd,teastore-webui,teastore,teastore-webui-c7dd56456-xzw72,c7dd56456,default,default.teastore.serviceaccount.identity.linkerd.cluster.local,,,
1614827720.101,response_latency_ms_sum,,,10.1.37.198:4191,linkerd-proxy,linkerd,,linkerd-prometheus-5bccd64d4d-jzwmt,,999,,,,,linkerd-prometheus,prometheus,linkerd,outbound,,5bccd64d4d,200,true,linkerd,,10.1.40.184:4191,linkerd,teastore-webui,teastore,teastore-webui-c7dd56456-xzw72,c7dd56456,default,default.teastore.serviceaccount.identity.linkerd.cluster.local,,,
1614827730.101,response_latency_ms_sum,,,10.1.37.198:4191,linkerd-proxy,linkerd,,linkerd-prometheus-5bccd64d4d-jzwmt,,999,,,,,linkerd-prometheus,prometheus,linkerd,outbound,,5bccd64d4d,200,true,linkerd,,10.1.40.184:4191,linkerd,teastore-webui,teastore,teastore-webui-c7dd56456-xzw72,c7dd56456,default,default.teastore.serviceaccount.identity.linkerd.cluster.local,,,
1614827740.101,response_latency_ms_sum,,,10.1.37.198:4191,linkerd-proxy,linkerd,,linkerd-prometheus-5bccd64d4d-jzwmt,,999,,,,,linkerd-prometheus,prometheus,linkerd,outbound,,5bccd64d4d,200,true,linkerd,,10.1.40.184:4191,linkerd,teastore-webui,teastore,teastore-webui-c7dd56456-xzw72,c7dd56456,default,default.teastore.serviceaccount.identity.linkerd.cluster.local,,,
1614827750.101,response_latency_ms_sum,,,10.1.37.198:4191,linkerd-proxy,linkerd,,linkerd-prometheus-5bccd64d4d-jzwmt,,999,,,,,linkerd-prometheus,prometheus,linkerd,outbound,,5bccd64d4d,200,true,linkerd,,10.1.40.184:4191,linkerd,teastore-webui,teastore,teastore-webui-c7dd56456-xzw72,c7dd56456,default,default.teastore.serviceaccount.identity.linkerd.cluster.local,,,
1614827760.101,response_latency_ms_sum,,,10.1.37.198:4191,linkerd-proxy,linkerd,,linkerd-prometheus-5bccd64d4d-jzwmt,,999,,,,,linkerd-prometheus,prometheus,linkerd,outbound,,5bccd64d4d,200,true,linkerd,,10.1.40.184:4191,linkerd,teastore-webui,teastore,teastore-webui-c7dd56456-xzw72,c7dd56456,default,default.teastore.serviceaccount.identity.linkerd.cluster.local,,,
1614827770.101,response_latency_ms_sum,,,10.1.37.198:4191,linkerd-proxy,linkerd,,linkerd-prometheus-5bccd64d4d-jzwmt,,999,,,,,linkerd-prometheus,prometheus,linkerd,outbound,,5bccd64d4d,200,true,linkerd,,10.1.40.184:4191,linkerd,teastore-webui,teastore,teastore-webui-c7dd56456-xzw72,c7dd56456,default,default.teastore.serviceaccount.identity.linkerd.cluster.local,,,
1614827780.101,response_latency_ms_sum,,,10.1.37.198:4191,linkerd-proxy,linkerd,,linkerd-prometheus-5bccd64d4d-jzwmt,,999,,,,,linkerd-prometheus,prometheus,linkerd,outbound,,5bccd64d4d,200,true,linkerd,,10.1.40.184:4191,linkerd,teastore-webui,teastore,teastore-webui-c7dd56456-xzw72,c7dd56456,default,default.teastore.serviceaccount.identity.linkerd.cluster.local,,,
1614827790.101,response_latency_ms_sum,,,10.1.37.198:4191,linkerd-proxy,linkerd,,linkerd-prometheus-5bccd64d4d-jzwmt,,999,,,,,linkerd-prometheus,prometheus,linkerd,outbound,,5bccd64d4d,200,true,linkerd,,10.1.40.184:4191,linkerd,teastore-webui,teastore,teastore-webui-c7dd56456-xzw72,c7dd56456,default,default.teastore.serviceaccount.identity.linkerd.cluster.local,,,
1614827800.101,response_latency_ms_sum,,,10.1.37.198:4191,linkerd-proxy,linkerd,,linkerd-prometheus-5bccd64d4d-jzwmt,,999,,,,,linkerd-prometheus,prometheus,linkerd,outbound,,5bccd64d4d,200,true,linkerd,,10.1.40.184:4191,linkerd,teastore-webui,teastore,teastore-webui-c7dd56456-xzw72,c7dd56456,default,default.teastore.serviceaccount.identity.linkerd.cluster.local,,,
1614827640.101,response_latency_ms_sum,,,10.1.37.198:4191,linkerd-proxy,linkerd,,linkerd-prometheus-5bccd64d4d-jzwmt,,1298,,,,,linkerd-prometheus,prometheus,linkerd,outbound,,5bccd64d4d,200,true,linkerd,,10.1.40.185:4191,linkerd,teastore-webui,teastore,teastore-webui-c7dd56456-r2x59,c7dd56456,default,default.teastore.serviceaccount.identity.linkerd.cluster.local,,,
1614827650.102,response_latency_ms_sum,,,10.1.37.198:4191,linkerd-proxy,linkerd,,linkerd-prometheus-5bccd64d4d-jzwmt,,1298,,,,,linkerd-prometheus,prometheus,linkerd,outbound,,5bccd64d4d,200,true,linkerd,,10.1.40.185:4191,linkerd,teastore-webui,teastore,teastore-webui-c7dd56456-r2x59,c7dd56456,default,default.teastore.serviceaccount.identity.linkerd.cluster.local,,,
1614827660.102,response_latency_ms_sum,,,10.1.37.198:4191,linkerd-proxy,linkerd,,linkerd-prometheus-5bccd64d4d-jzwmt,,1298,,,,,linkerd-prometheus,prometheus,linkerd,outbound,,5bccd64d4d,200,true,linkerd,,10.1.40.185:4191,linkerd,teastore-webui,teastore,teastore-webui-c7dd56456-r2x59,c7dd56456,default,default.teastore.serviceaccount.identity.linkerd.cluster.local,,,
1614827670.101,response_latency_ms_sum,,,10.1.37.198:4191,linkerd-proxy,linkerd,,linkerd-prometheus-5bccd64d4d-jzwmt,,1298,,,,,linkerd-prometheus,prometheus,linkerd,outbound,,5bccd64d4d,200,true,linkerd,,10.1.40.185:4191,linkerd,teastore-webui,teastore,teastore-webui-c7dd56456-r2x59,c7dd56456,default,default.teastore.serviceaccount.identity.linkerd.cluster.local,,,
1614827680.101,response_latency_ms_sum,,,10.1.37.198:4191,linkerd-proxy,linkerd,,linkerd-prometheus-5bccd64d4d-jzwmt,,1298,,,,,linkerd-prometheus,prometheus,linkerd,outbound,,5bccd64d4d,200,true,linkerd,,10.1.40.185:4191,linkerd,teastore-webui,teastore,teastore-webui-c7dd56456-r2x59,c7dd56456,default,default.teastore.serviceaccount.identity.linkerd.cluster.local,,,
1614827690.101,response_latency_ms_sum,,,10.1.37.198:4191,linkerd-proxy,linkerd,,linkerd-prometheus-5bccd64d4d-jzwmt,,1298,,,,,linkerd-prometheus,prometheus,linkerd,outbound,,5bccd64d4d,200,true,linkerd,,10.1.40.185:4191,linkerd,teastore-webui,teastore,teastore-webui-c7dd56456-r2x59,c7dd56456,default,default.teastore.serviceaccount.identity.linkerd.cluster.local,,,
1614827700.102,response_latency_ms_sum,,,10.1.37.198:4191,linkerd-proxy,linkerd,,linkerd-prometheus-5bccd64d4d-jzwmt,,1298,,,,,linkerd-prometheus,prometheus,linkerd,outbound,,5bccd64d4d,200,true,linkerd,,10.1.40.185:4191,linkerd,teastore-webui,teastore,teastore-webui-c7dd56456-r2x59,c7dd56456,default,default.teastore.serviceaccount.identity.linkerd.cluster.local,,,
1614827710.101,response_latency_ms_sum,,,10.1.37.198:4191,linkerd-proxy,linkerd,,linkerd-prometheus-5bccd64d4d-jzwmt,,1298,,,,,linkerd-prometheus,prometheus,linkerd,outbound,,5bccd64d4d,200,true,linkerd,,10.1.40.185:4191,linkerd,teastore-webui,teastore,teastore-webui-c7dd56456-r2x59,c7dd56456,default,default.teastore.serviceaccount.identity.linkerd.cluster.local,,,
1614827720.101,response_latency_ms_sum,,,10.1.37.198:4191,linkerd-proxy,linkerd,,linkerd-prometheus-5bccd64d4d-jzwmt,,1298,,,,,linkerd-prometheus,prometheus,linkerd,outbound,,5bccd64d4d,200,true,linkerd,,10.1.40.185:4191,linkerd,teastore-webui,teastore,teastore-webui-c7dd56456-r2x59,c7dd56456,default,default.teastore.serviceaccount.identity.linkerd.cluster.local,,,
1614827730.101,response_latency_ms_sum,,,10.1.37.198:4191,linkerd-proxy,linkerd,,linkerd-prometheus-5bccd64d4d-jzwmt,,1298,,,,,linkerd-prometheus,prometheus,linkerd,outbound,,5bccd64d4d,200,true,linkerd,,10.1.40.185:4191,linkerd,teastore-webui,teastore,teastore-webui-c7dd56456-r2x59,c7dd56456,default,default.teastore.serviceaccount.identity.linkerd.cluster.local,,,
1614827740.101,response_latency_ms_sum,,,10.1.37.198:4191,linkerd-proxy,linkerd,,linkerd-prometheus-5bccd64d4d-jzwmt,,1298,,,,,linkerd-prometheus,prometheus,linkerd,outbound,,5bccd64d4d,200,true,linkerd,,10.1.40.185:4191,linkerd,teastore-webui,teastore,teastore-webui-c7dd56456-r2x59,c7dd56456,default,default.teastore.serviceaccount.identity.linkerd.cluster.local,,,
1614827750.101,response_latency_ms_sum,,,10.1.37.198:4191,linkerd-proxy,linkerd,,linkerd-prometheus-5bccd64d4d-jzwmt,,1298,,,,,linkerd-prometheus,prometheus,linkerd,outbound,,5bccd64d4d,200,true,linkerd,,10.1.40.185:4191,linkerd,teastore-webui,teastore,teastore-webui-c7dd56456-r2x59,c7dd56456,default,default.teastore.serviceaccount.identity.linkerd.cluster.local,,,
1614827760.101,response_latency_ms_sum,,,10.1.37.198:4191,linkerd-proxy,linkerd,,linkerd-prometheus-5bccd64d4d-jzwmt,,1298,,,,,linkerd-prometheus,prometheus,linkerd,outbound,,5bccd64d4d,200,true,linkerd,,10.1.40.185:4191,linkerd,teastore-webui,teastore,teastore-webui-c7dd56456-r2x59,c7dd56456,default,default.teastore.serviceaccount.identity.linkerd.cluster.local,,,
1614827770.101,response_latency_ms_sum,,,10.1.37.198:4191,linkerd-proxy,linkerd,,linkerd-prometheus-5bccd64d4d-jzwmt,,1298,,,,,linkerd-prometheus,prometheus,linkerd,outbound,,5bccd64d4d,200,true,linkerd,,10.1.40.185:4191,linkerd,teastore-webui,teastore,teastore-webui-c7dd56456-r2x59,c7dd56456,default,default.teastore.serviceaccount.identity.linkerd.cluster.local,,,
1614827780.101,response_latency_ms_sum,,,10.1.37.198:4191,linkerd-proxy,linkerd,,linkerd-prometheus-5bccd64d4d-jzwmt,,1298,,,,,linkerd-prometheus,prometheus,linkerd,outbound,,5bccd64d4d,200,true,linkerd,,10.1.40.185:4191,linkerd,teastore-webui,teastore,teastore-webui-c7dd56456-r2x59,c7dd56456,default,default.teastore.serviceaccount.identity.linkerd.cluster.local,,,
1614827790.101,response_latency_ms_sum,,,10.1.37.198:4191,linkerd-proxy,linkerd,,linkerd-prometheus-5bccd64d4d-jzwmt,,1298,,,,,linkerd-prometheus,prometheus,linkerd,outbound,,5bccd64d4d,200,true,linkerd,,10.1.40.185:4191,linkerd,teastore-webui,teastore,teastore-webui-c7dd56456-r2x59,c7dd56456,default,default.teastore.serviceaccount.identity.linkerd.cluster.local,,,
1614827800.101,response_latency_ms_sum,,,10.1.37.198:4191,linkerd-proxy,linkerd,,linkerd-prometheus-5bccd64d4d-jzwmt,,1298,,,,,linkerd-prometheus,prometheus,linkerd,outbound,,5bccd64d4d,200,true,linkerd,,10.1.40.185:4191,linkerd,teastore-webui,teastore,teastore-webui-c7dd56456-r2x59,c7dd56456,default,default.teastore.serviceaccount.identity.linkerd.cluster.local,,,
1614827640.101,response_latency_ms_sum,,,10.1.37.198:4191,linkerd-proxy,linkerd,,linkerd-prometheus-5bccd64d4d-jzwmt,,689,,,,,linkerd-prometheus,prometheus,linkerd,outbound,,5bccd64d4d,200,true,linkerd,,10.1.40.186:4191,linkerd,teastore-webui,teastore,teastore-webui-c7dd56456-2lnlx,c7dd56456,default,default.teastore.serviceaccount.identity.linkerd.cluster.local,,,
1614827650.102,response_latency_ms_sum,,,10.1.37.198:4191,linkerd-proxy,linkerd,,linkerd-prometheus-5bccd64d4d-jzwmt,,689,,,,,linkerd-prometheus,prometheus,linkerd,outbound,,5bccd64d4d,200,true,linkerd,,10.1.40.186:4191,linkerd,teastore-webui,teastore,teastore-webui-c7dd56456-2lnlx,c7dd56456,default,default.teastore.serviceaccount.identity.linkerd.cluster.local,,,
1614827660.102,response_latency_ms_sum,,,10.1.37.198:4191,linkerd-proxy,linkerd,,linkerd-prometheus-5bccd64d4d-jzwmt,,689,,,,,linkerd-prometheus,prometheus,linkerd,outbound,,5bccd64d4d,200,true,linkerd,,10.1.40.186:4191,linkerd,teastore-webui,teastore,teastore-webui-c7dd56456-2lnlx,c7dd56456,default,default.teastore.serviceaccount.identity.linkerd.cluster.local,,,
1614827670.101,response_latency_ms_sum,,,10.1.37.198:4191,linkerd-proxy,linkerd,,linkerd-prometheus-5bccd64d4d-jzwmt,,689,,,,,linkerd-prometheus,prometheus,linkerd,outbound,,5bccd64d4d,200,true,linkerd,,10.1.40.186:4191,linkerd,teastore-webui,teastore,teastore-webui-c7dd56456-2lnlx,c7dd56456,default,default.teastore.serviceaccount.identity.linkerd.cluster.local,,,
1614827680.101,response_latency_ms_sum,,,10.1.37.198:4191,linkerd-proxy,linkerd,,linkerd-prometheus-5bccd64d4d-jzwmt,,689,,,,,linkerd-prometheus,prometheus,linkerd,outbound,,5bccd64d4d,200,true,linkerd,,10.1.40.186:4191,linkerd,teastore-webui,teastore,teastore-webui-c7dd56456-2lnlx,c7dd56456,default,default.teastore.serviceaccount.identity.linkerd.cluster.local,,,
1614827690.101,response_latency_ms_sum,,,10.1.37.198:4191,linkerd-proxy,linkerd,,linkerd-prometheus-5bccd64d4d-jzwmt,,689,,,,,linkerd-prometheus,prometheus,linkerd,outbound,,5bccd64d4d,200,true,linkerd,,10.1.40.186:4191,linkerd,teastore-webui,teastore,teastore-webui-c7dd56456-2lnlx,c7dd56456,default,default.teastore.serviceaccount.identity.linkerd.cluster.local,,,
1614827700.102,response_latency_ms_sum,,,10.1.37.198:4191,linkerd-proxy,linkerd,,linkerd-prometheus-5bccd64d4d-jzwmt,,689,,,,,linkerd-prometheus,prometheus,linkerd,outbound,,5bccd64d4d,200,true,linkerd,,10.1.40.186:4191,linkerd,teastore-webui,teastore,teastore-webui-c7dd56456-2lnlx,c7dd56456,default,default.teastore.serviceaccount.identity.linkerd.cluster.local,,,
1614827710.101,response_latency_ms_sum,,,10.1.37.198:4191,linkerd-proxy,linkerd,,linkerd-prometheus-5bccd64d4d-jzwmt,,689,,,,,linkerd-prometheus,prometheus,linkerd,outbound,,5bccd64d4d,200,true,linkerd,,10.1.40.186:4191,linkerd,teastore-webui,teastore,teastore-webui-c7dd56456-2lnlx,c7dd56456,default,default.teastore.serviceaccount.identity.linkerd.cluster.local,,,
1614827720.101,response_latency_ms_sum,,,10.1.37.198:4191,linkerd-proxy,linkerd,,linkerd-prometheus-5bccd64d4d-jzwmt,,689,,,,,linkerd-prometheus,prometheus,linkerd,outbound,,5bccd64d4d,200,true,linkerd,,10.1.40.186:4191,linkerd,teastore-webui,teastore,teastore-webui-c7dd56456-2lnlx,c7dd56456,default,default.teastore.serviceaccount.identity.linkerd.cluster.local,,,
1614827730.101,response_latency_ms_sum,,,10.1.37.198:4191,linkerd-proxy,linkerd,,linkerd-prometheus-5bccd64d4d-jzwmt,,689,,,,,linkerd-prometheus,prometheus,linkerd,outbound,,5bccd64d4d,200,true,linkerd,,10.1.40.186:4191,linkerd,teastore-webui,teastore,teastore-webui-c7dd56456-2lnlx,c7dd56456,default,default.teastore.serviceaccount.identity.linkerd.cluster.local,,,
1614827740.101,response_latency_ms_sum,,,10.1.37.198:4191,linkerd-proxy,linkerd,,linkerd-prometheus-5bccd64d4d-jzwmt,,689,,,,,linkerd-prometheus,prometheus,linkerd,outbound,,5bccd64d4d,200,true,linkerd,,10.1.40.186:4191,linkerd,teastore-webui,teastore,teastore-webui-c7dd56456-2lnlx,c7dd56456,default,default.teastore.serviceaccount.identity.linkerd.cluster.local,,,
1614827750.101,response_latency_ms_sum,,,10.1.37.198:4191,linkerd-proxy,linkerd,,linkerd-prometheus-5bccd64d4d-jzwmt,,689,,,,,linkerd-prometheus,prometheus,linkerd,outbound,,5bccd64d4d,200,true,linkerd,,10.1.40.186:4191,linkerd,teastore-webui,teastore,teastore-webui-c7dd56456-2lnlx,c7dd56456,default,default.teastore.serviceaccount.identity.linkerd.cluster.local,,,
1614827760.101,response_latency_ms_sum,,,10.1.37.198:4191,linkerd-proxy,linkerd,,linkerd-prometheus-5bccd64d4d-jzwmt,,689,,,,,linkerd-prometheus,prometheus,linkerd,outbound,,5bccd64d4d,200,true,linkerd,,10.1.40.186:4191,linkerd,teastore-webui,teastore,teastore-webui-c7dd56456-2lnlx,c7dd56456,default,default.teastore.serviceaccount.identity.linkerd.cluster.local,,,
1614827770.101,response_latency_ms_sum,,,10.1.37.198:4191,linkerd-proxy,linkerd,,linkerd-prometheus-5bccd64d4d-jzwmt,,689,,,,,linkerd-prometheus,prometheus,linkerd,outbound,,5bccd64d4d,200,true,linkerd,,10.1.40.186:4191,linkerd,teastore-webui,teastore,teastore-webui-c7dd56456-2lnlx,c7dd56456,default,default.teastore.serviceaccount.identity.linkerd.cluster.local,,,
1614827780.101,response_latency_ms_sum,,,10.1.37.198:4191,linkerd-proxy,linkerd,,linkerd-prometheus-5bccd64d4d-jzwmt,,689,,,,,linkerd-prometheus,prometheus,linkerd,outbound,,5bccd64d4d,200,true,linkerd,,10.1.40.186:4191,linkerd,teastore-webui,teastore,teastore-webui-c7dd56456-2lnlx,c7dd56456,default,default.teastore.serviceaccount.identity.linkerd.cluster.local,,,
1614827790.101,response_latency_ms_sum,,,10.1.37.198:4191,linkerd-proxy,linkerd,,linkerd-prometheus-5bccd64d4d-jzwmt,,689,,,,,linkerd-prometheus,prometheus,linkerd,outbound,,5bccd64d4d,200,true,linkerd,,10.1.40.186:4191,linkerd,teastore-webui,teastore,teastore-webui-c7dd56456-2lnlx,c7dd56456,default,default.teastore.serviceaccount.identity.linkerd.cluster.local,,,
1614827800.101,response_latency_ms_sum,,,10.1.37.198:4191,linkerd-proxy,linkerd,,linkerd-prometheus-5bccd64d4d-jzwmt,,689,,,,,linkerd-prometheus,prometheus,linkerd,outbound,,5bccd64d4d,200,true,linkerd,,10.1.40.186:4191,linkerd,teastore-webui,teastore,teastore-webui-c7dd56456-2lnlx,c7dd56456,default,default.teastore.serviceaccount.identity.linkerd.cluster.local,,,
1614827640.101,response_latency_ms_sum,,,10.1.37.198:4191,linkerd-proxy,linkerd,,linkerd-prometheus-5bccd64d4d-jzwmt,,187,,,,,linkerd-prometheus,prometheus,linkerd,outbound,,5bccd64d4d,200,true,linkerd,,10.1.40.187:4191,linkerd,teastore-webui,teastore,teastore-webui-c7dd56456-4lvsk,c7dd56456,default,default.teastore.serviceaccount.identity.linkerd.cluster.local,,,
1614827650.102,response_latency_ms_sum,,,10.1.37.198:4191,linkerd-proxy,linkerd,,linkerd-prometheus-5bccd64d4d-jzwmt,,187,,,,,linkerd-prometheus,prometheus,linkerd,outbound,,5bccd64d4d,200,true,linkerd,,10.1.40.187:4191,linkerd,teastore-webui,teastore,teastore-webui-c7dd56456-4lvsk,c7dd56456,default,default.teastore.serviceaccount.identity.linkerd.cluster.local,,,
1614827660.102,response_latency_ms_sum,,,10.1.37.198:4191,linkerd-proxy,linkerd,,linkerd-prometheus-5bccd64d4d-jzwmt,,187,,,,,linkerd-prometheus,prometheus,linkerd,outbound,,5bccd64d4d,200,true,linkerd,,10.1.40.187:4191,linkerd,teastore-webui,teastore,teastore-webui-c7dd56456-4lvsk,c7dd56456,default,default.teastore.serviceaccount.identity.linkerd.cluster.local,,,
1614827670.101,response_latency_ms_sum,,,10.1.37.198:4191,linkerd-proxy,linkerd,,linkerd-prometheus-5bccd64d4d-jzwmt,,187,,,,,linkerd-prometheus,prometheus,linkerd,outbound,,5bccd64d4d,200,true,linkerd,,10.1.40.187:4191,linkerd,teastore-webui,teastore,teastore-webui-c7dd56456-4lvsk,c7dd56456,default,default.teastore.serviceaccount.identity.linkerd.cluster.local,,,
1614827680.101,response_latency_ms_sum,,,10.1.37.198:4191,linkerd-proxy,linkerd,,linkerd-prometheus-5bccd64d4d-jzwmt,,187,,,,,linkerd-prometheus,prometheus,linkerd,outbound,,5bccd64d4d,200,true,linkerd,,10.1.40.187:4191,linkerd,teastore-webui,teastore,teastore-webui-c7dd56456-4lvsk,c7dd56456,default,default.teastore.serviceaccount.identity.linkerd.cluster.local,,,
1614827690.101,response_latency_ms_sum,,,10.1.37.198:4191,linkerd-proxy,linkerd,,linkerd-prometheus-5bccd64d4d-jzwmt,,187,,,,,linkerd-prometheus,prometheus,linkerd,outbound,,5bccd64d4d,200,true,linkerd,,10.1.40.187:4191,linkerd,teastore-webui,teastore,teastore-webui-c7dd56456-4lvsk,c7dd56456,default,default.teastore.serviceaccount.identity.linkerd.cluster.local,,,
1614827700.102,response_latency_ms_sum,,,10.1.37.198:4191,linkerd-proxy,linkerd,,linkerd-prometheus-5bccd64d4d-jzwmt,,187,,,,,linkerd-prometheus,prometheus,linkerd,outbound,,5bccd64d4d,200,true,linkerd,,10.1.40.187:4191,linkerd,teastore-webui,teastore,teastore-webui-c7dd56456-4lvsk,c7dd56456,default,default.teastore.serviceaccount.identity.linkerd.cluster.local,,,
1614827710.101,response_latency_ms_sum,,,10.1.37.198:4191,linkerd-proxy,linkerd,,linkerd-prometheus-5bccd64d4d-jzwmt,,187,,,,,linkerd-prometheus,prometheus,linkerd,outbound,,5bccd64d4d,200,true,linkerd,,10.1.40.187:4191,linkerd,teastore-webui,teastore,teastore-webui-c7dd56456-4lvsk,c7dd56456,default,default.teastore.serviceaccount.identity.linkerd.cluster.local,,,
1614827720.101,response_latency_ms_sum,,,10.1.37.198:4191,linkerd-proxy,linkerd,,linkerd-prometheus-5bccd64d4d-jzwmt,,187,,,,,linkerd-prometheus,prometheus,linkerd,outbound,,5bccd64d4d,200,true,linkerd,,10.1.40.187:4191,linkerd,teastore-webui,teastore,teastore-webui-c7dd56456-4lvsk,c7dd56456,default,default.teastore.serviceaccount.identity.linkerd.cluster.local,,,
1614827730.101,response_latency_ms_sum,,,10.1.37.198:4191,linkerd-proxy,linkerd,,linkerd-prometheus-5bccd64d4d-jzwmt,,187,,,,,linkerd-prometheus,prometheus,linkerd,outbound,,5bccd64d4d,200,true,linkerd,,10.1.40.187:4191,linkerd,teastore-webui,teastore,teastore-webui-c7dd56456-4lvsk,c7dd56456,default,default.teastore.serviceaccount.identity.linkerd.cluster.local,,,
1614827740.101,response_latency_ms_sum,,,10.1.37.198:4191,linkerd-proxy,linkerd,,linkerd-prometheus-5bccd64d4d-jzwmt,,187,,,,,linkerd-prometheus,prometheus,linkerd,outbound,,5bccd64d4d,200,true,linkerd,,10.1.40.187:4191,linkerd,teastore-webui,teastore,teastore-webui-c7dd56456-4lvsk,c7dd56456,default,default.teastore.serviceaccount.identity.linkerd.cluster.local,,,
1614827750.101,response_latency_ms_sum,,,10.1.37.198:4191,linkerd-proxy,linkerd,,linkerd-prometheus-5bccd64d4d-jzwmt,,187,,,,,linkerd-prometheus,prometheus,linkerd,outbound,,5bccd64d4d,200,true,linkerd,,10.1.40.187:4191,linkerd,teastore-webui,teastore,teastore-webui-c7dd56456-4lvsk,c7dd56456,default,default.teastore.serviceaccount.identity.linkerd.cluster.local,,,
1614827760.101,response_latency_ms_sum,,,10.1.37.198:4191,linkerd-proxy,linkerd,,linkerd-prometheus-5bccd64d4d-jzwmt,,187,,,,,linkerd-prometheus,prometheus,linkerd,outbound,,5bccd64d4d,200,true,linkerd,,10.1.40.187:4191,linkerd,teastore-webui,teastore,teastore-webui-c7dd56456-4lvsk,c7dd56456,default,default.teastore.serviceaccount.identity.linkerd.cluster.local,,,
1614827770.101,response_latency_ms_sum,,,10.1.37.198:4191,linkerd-proxy,linkerd,,linkerd-prometheus-5bccd64d4d-jzwmt,,187,,,,,linkerd-prometheus,prometheus,linkerd,outbound,,5bccd64d4d,200,true,linkerd,,10.1.40.187:4191,linkerd,teastore-webui,teastore,teastore-webui-c7dd56456-4lvsk,c7dd56456,default,default.teastore.serviceaccount.identity.linkerd.cluster.local,,,
1614827780.101,response_latency_ms_sum,,,10.1.37.198:4191,linkerd-proxy,linkerd,,linkerd-prometheus-5bccd64d4d-jzwmt,,187,,,,,linkerd-prometheus,prometheus,linkerd,outbound,,5bccd64d4d,200,true,linkerd,,10.1.40.187:4191,linkerd,teastore-webui,teastore,teastore-webui-c7dd56456-4lvsk,c7dd56456,default,default.teastore.serviceaccount.identity.linkerd.cluster.local,,,
1614827790.101,response_latency_ms_sum,,,10.1.37.198:4191,linkerd-proxy,linkerd,,linkerd-prometheus-5bccd64d4d-jzwmt,,187,,,,,linkerd-prometheus,prometheus,linkerd,outbound,,5bccd64d4d,200,true,linkerd,,10.1.40.187:4191,linkerd,teastore-webui,teastore,teastore-webui-c7dd56456-4lvsk,c7dd56456,default,default.teastore.serviceaccount.identity.linkerd.cluster.local,,,
1614827800.101,response_latency_ms_sum,,,10.1.37.198:4191,linkerd-proxy,linkerd,,linkerd-prometheus-5bccd64d4d-jzwmt,,187,,,,,linkerd-prometheus,prometheus,linkerd,outbound,,5bccd64d4d,200,true,linkerd,,10.1.40.187:4191,linkerd,teastore-webui,teastore,teastore-webui-c7dd56456-4lvsk,c7dd56456,default,default.teastore.serviceaccount.identity.linkerd.cluster.local,,,
1614827640.101,response_latency_ms_sum,,,10.1.37.198:4191,linkerd-proxy,linkerd,,linkerd-prometheus-5bccd64d4d-jzwmt,,91,,,,,linkerd-prometheus,prometheus,linkerd,outbound,,5bccd64d4d,200,true,linkerd,,10.1.40.188:4191,linkerd,teastore-webui,teastore,teastore-webui-55ff7b4665-lg2qq,55ff7b4665,default,default.teastore.serviceaccount.identity.linkerd.cluster.local,,,
1614827650.102,response_latency_ms_sum,,,10.1.37.198:4191,linkerd-proxy,linkerd,,linkerd-prometheus-5bccd64d4d-jzwmt,,94,,,,,linkerd-prometheus,prometheus,linkerd,outbound,,5bccd64d4d,200,true,linkerd,,10.1.40.188:4191,linkerd,teastore-webui,teastore,teastore-webui-55ff7b4665-lg2qq,55ff7b4665,default,default.teastore.serviceaccount.identity.linkerd.cluster.local,,,
1614827660.102,response_latency_ms_sum,,,10.1.37.198:4191,linkerd-proxy,linkerd,,linkerd-prometheus-5bccd64d4d-jzwmt,,97,,,,,linkerd-prometheus,prometheus,linkerd,outbound,,5bccd64d4d,200,true,linkerd,,10.1.40.188:4191,linkerd,teastore-webui,teastore,teastore-webui-55ff7b4665-lg2qq,55ff7b4665,default,default.teastore.serviceaccount.identity.linkerd.cluster.local,,,
1614827670.101,response_latency_ms_sum,,,10.1.37.198:4191,linkerd-proxy,linkerd,,linkerd-prometheus-5bccd64d4d-jzwmt,,102,,,,,linkerd-prometheus,prometheus,linkerd,outbound,,5bccd64d4d,200,true,linkerd,,10.1.40.188:4191,linkerd,teastore-webui,teastore,teastore-webui-55ff7b4665-lg2qq,55ff7b4665,default,default.teastore.serviceaccount.identity.linkerd.cluster.local,,,
1614827680.101,response_latency_ms_sum,,,10.1.37.198:4191,linkerd-proxy,linkerd,,linkerd-prometheus-5bccd64d4d-jzwmt,,106,,,,,linkerd-prometheus,prometheus,linkerd,outbound,,5bccd64d4d,200,true,linkerd,,10.1.40.188:4191,linkerd,teastore-webui,teastore,teastore-webui-55ff7b4665-lg2qq,55ff7b4665,default,default.teastore.serviceaccount.identity.linkerd.cluster.local,,,
1614827690.101,response_latency_ms_sum,,,10.1.37.198:4191,linkerd-proxy,linkerd,,linkerd-prometheus-5bccd64d4d-jzwmt,,110,,,,,linkerd-prometheus,prometheus,linkerd,outbound,,5bccd64d4d,200,true,linkerd,,10.1.40.188:4191,linkerd,teastore-webui,teastore,teastore-webui-55ff7b4665-lg2qq,55ff7b4665,default,default.teastore.serviceaccount.identity.linkerd.cluster.local,,,
1614827700.102,response_latency_ms_sum,,,10.1.37.198:4191,linkerd-proxy,linkerd,,linkerd-prometheus-5bccd64d4d-jzwmt,,114,,,,,linkerd-prometheus,prometheus,linkerd,outbound,,5bccd64d4d,200,true,linkerd,,10.1.40.188:4191,linkerd,teastore-webui,teastore,teastore-webui-55ff7b4665-lg2qq,55ff7b4665,default,default.teastore.serviceaccount.identity.linkerd.cluster.local,,,
1614827710.101,response_latency_ms_sum,,,10.1.37.198:4191,linkerd-proxy,linkerd,,linkerd-prometheus-5bccd64d4d-jzwmt,,118,,,,,linkerd-prometheus,prometheus,linkerd,outbound,,5bccd64d4d,200,true,linkerd,,10.1.40.188:4191,linkerd,teastore-webui,teastore,teastore-webui-55ff7b4665-lg2qq,55ff7b4665,default,default.teastore.serviceaccount.identity.linkerd.cluster.local,,,
1614827720.101,response_latency_ms_sum,,,10.1.37.198:4191,linkerd-proxy,linkerd,,linkerd-prometheus-5bccd64d4d-jzwmt,,125,,,,,linkerd-prometheus,prometheus,linkerd,outbound,,5bccd64d4d,200,true,linkerd,,10.1.40.188:4191,linkerd,teastore-webui,teastore,teastore-webui-55ff7b4665-lg2qq,55ff7b4665,default,default.teastore.serviceaccount.identity.linkerd.cluster.local,,,
1614827730.101,response_latency_ms_sum,,,10.1.37.198:4191,linkerd-proxy,linkerd,,linkerd-prometheus-5bccd64d4d-jzwmt,,134,,,,,linkerd-prometheus,prometheus,linkerd,outbound,,5bccd64d4d,200,true,linkerd,,10.1.40.188:4191,linkerd,teastore-webui,teastore,teastore-webui-55ff7b4665-lg2qq,55ff7b4665,default,default.teastore.serviceaccount.identity.linkerd.cluster.local,,,
1614827740.101,response_latency_ms_sum,,,10.1.37.198:4191,linkerd-proxy,linkerd,,linkerd-prometheus-5bccd64d4d-jzwmt,,205,,,,,linkerd-prometheus,prometheus,linkerd,outbound,,5bccd64d4d,200,true,linkerd,,10.1.40.188:4191,linkerd,teastore-webui,teastore,teastore-webui-55ff7b4665-lg2qq,55ff7b4665,default,default.teastore.serviceaccount.identity.linkerd.cluster.local,,,
1614827750.101,response_latency_ms_sum,,,10.1.37.198:4191,linkerd-proxy,linkerd,,linkerd-prometheus-5bccd64d4d-jzwmt,,213,,,,,linkerd-prometheus,prometheus,linkerd,outbound,,5bccd64d4d,200,true,linkerd,,10.1.40.188:4191,linkerd,teastore-webui,teastore,teastore-webui-55ff7b4665-lg2qq,55ff7b4665,default,default.teastore.serviceaccount.identity.linkerd.cluster.local,,,
1614827760.101,response_latency_ms_sum,,,10.1.37.198:4191,linkerd-proxy,linkerd,,linkerd-prometheus-5bccd64d4d-jzwmt,,217,,,,,linkerd-prometheus,prometheus,linkerd,outbound,,5bccd64d4d,200,true,linkerd,,10.1.40.188:4191,linkerd,teastore-webui,teastore,teastore-webui-55ff7b4665-lg2qq,55ff7b4665,default,default.teastore.serviceaccount.identity.linkerd.cluster.local,,,
1614827770.101,response_latency_ms_sum,,,10.1.37.198:4191,linkerd-proxy,linkerd,,linkerd-prometheus-5bccd64d4d-jzwmt,,221,,,,,linkerd-prometheus,prometheus,linkerd,outbound,,5bccd64d4d,200,true,linkerd,,10.1.40.188:4191,linkerd,teastore-webui,teastore,teastore-webui-55ff7b4665-lg2qq,55ff7b4665,default,default.teastore.serviceaccount.identity.linkerd.cluster.local,,,
1614827780.101,response_latency_ms_sum,,,10.1.37.198:4191,linkerd-proxy,linkerd,,linkerd-prometheus-5bccd64d4d-jzwmt,,230,,,,,linkerd-prometheus,prometheus,linkerd,outbound,,5bccd64d4d,200,true,linkerd,,10.1.40.188:4191,linkerd,teastore-webui,teastore,teastore-webui-55ff7b4665-lg2qq,55ff7b4665,default,default.teastore.serviceaccount.identity.linkerd.cluster.local,,,
1614827790.101,response_latency_ms_sum,,,10.1.37.198:4191,linkerd-proxy,linkerd,,linkerd-prometheus-5bccd64d4d-jzwmt,,236,,,,,linkerd-prometheus,prometheus,linkerd,outbound,,5bccd64d4d,200,true,linkerd,,10.1.40.188:4191,linkerd,teastore-webui,teastore,teastore-webui-55ff7b4665-lg2qq,55ff7b4665,default,default.teastore.serviceaccount.identity.linkerd.cluster.local,,,
1614827800.101,response_latency_ms_sum,,,10.1.37.198:4191,linkerd-proxy,linkerd,,linkerd-prometheus-5bccd64d4d-jzwmt,,240,,,,,linkerd-prometheus,prometheus,linkerd,outbound,,5bccd64d4d,200,true,linkerd,,10.1.40.188:4191,linkerd,teastore-webui,teastore,teastore-webui-55ff7b4665-lg2qq,55ff7b4665,default,default.teastore.serviceaccount.identity.linkerd.cluster.local,,,
1614827631.23,response_latency_ms_sum,,,10.1.40.188:4191,linkerd-proxy,teastore,,teastore-webui-55ff7b4665-lg2qq,,1326,,,,,teastore-webui,,linkerd,outbound,,55ff7b4665,200,true,teastore,,teastore-registry.teastore.svc.cluster.local:8080,linkerd,teastore-registry,teastore,teastore-registry-c8b58678f-v869d,c8b58678f,default,default.teastore.serviceaccount.identity.linkerd.cluster.local,teastore,teastore-registry,teastore-webui
1614827641.23,response_latency_ms_sum,,,10.1.40.188:4191,linkerd-proxy,teastore,,teastore-webui-55ff7b4665-lg2qq,,1395,,,,,teastore-webui,,linkerd,outbound,,55ff7b4665,200,true,teastore,,teastore-registry.teastore.svc.cluster.local:8080,linkerd,teastore-registry,teastore,teastore-registry-c8b58678f-v869d,c8b58678f,default,default.teastore.serviceaccount.identity.linkerd.cluster.local,teastore,teastore-registry,teastore-webui
1614827651.23,response_latency_ms_sum,,,10.1.40.188:4191,linkerd-proxy,teastore,,teastore-webui-55ff7b4665-lg2qq,,1498,,,,,teastore-webui,,linkerd,outbound,,55ff7b4665,200,true,teastore,,teastore-registry.teastore.svc.cluster.local:8080,linkerd,teastore-registry,teastore,teastore-registry-c8b58678f-v869d,c8b58678f,default,default.teastore.serviceaccount.identity.linkerd.cluster.local,teastore,teastore-registry,teastore-webui
1614827661.23,response_latency_ms_sum,,,10.1.40.188:4191,linkerd-proxy,teastore,,teastore-webui-55ff7b4665-lg2qq,,1650,,,,,teastore-webui,,linkerd,outbound,,55ff7b4665,200,true,teastore,,teastore-registry.teastore.svc.cluster.local:8080,linkerd,teastore-registry,teastore,teastore-registry-c8b58678f-v869d,c8b58678f,default,default.teastore.serviceaccount.identity.linkerd.cluster.local,teastore,teastore-registry,teastore-webui
1614827671.23,response_latency_ms_sum,,,10.1.40.188:4191,linkerd-proxy,teastore,,teastore-webui-55ff7b4665-lg2qq,,1791,,,,,teastore-webui,,linkerd,outbound,,55ff7b4665,200,true,teastore,,teastore-registry.teastore.svc.cluster.local:8080,linkerd,teastore-registry,teastore,teastore-registry-c8b58678f-v869d,c8b58678f,default,default.teastore.serviceaccount.identity.linkerd.cluster.local,teastore,teastore-registry,teastore-webui
1614827681.23,response_latency_ms_sum,,,10.1.40.188:4191,linkerd-proxy,teastore,,teastore-webui-55ff7b4665-lg2qq,,1973,,,,,teastore-webui,,linkerd,outbound,,55ff7b4665,200,true,teastore,,teastore-registry.teastore.svc.cluster.local:8080,linkerd,teastore-registry,teastore,teastore-registry-c8b58678f-v869d,c8b58678f,default,default.teastore.serviceaccount.identity.linkerd.cluster.local,teastore,teastore-registry,teastore-webui
1614827691.23,response_latency_ms_sum,,,10.1.40.188:4191,linkerd-proxy,teastore,,teastore-webui-55ff7b4665-lg2qq,,2110,,,,,teastore-webui,,linkerd,outbound,,55ff7b4665,200,true,teastore,,teastore-registry.teastore.svc.cluster.local:8080,linkerd,teastore-registry,teastore,teastore-registry-c8b58678f-v869d,c8b58678f,default,default.teastore.serviceaccount.identity.linkerd.cluster.local,teastore,teastore-registry,teastore-webui
1614827701.23,response_latency_ms_sum,,,10.1.40.188:4191,linkerd-proxy,teastore,,teastore-webui-55ff7b4665-lg2qq,,2261,,,,,teastore-webui,,linkerd,outbound,,55ff7b4665,200,true,teastore,,teastore-registry.teastore.svc.cluster.local:8080,linkerd,teastore-registry,teastore,teastore-registry-c8b58678f-v869d,c8b58678f,default,default.teastore.serviceaccount.identity.linkerd.cluster.local,teastore,teastore-registry,teastore-webui
1614827711.23,response_latency_ms_sum,,,10.1.40.188:4191,linkerd-proxy,teastore,,teastore-webui-55ff7b4665-lg2qq,,2427,,,,,teastore-webui,,linkerd,outbound,,55ff7b4665,200,true,teastore,,teastore-registry.teastore.svc.cluster.local:8080,linkerd,teastore-registry,teastore,teastore-registry-c8b58678f-v869d,c8b58678f,default,default.teastore.serviceaccount.identity.linkerd.cluster.local,teastore,teastore-registry,teastore-webui
1614827721.231,response_latency_ms_sum,,,10.1.40.188:4191,linkerd-proxy,teastore,,teastore-webui-55ff7b4665-lg2qq,,2581,,,,,teastore-webui,,linkerd,outbound,,55ff7b4665,200,true,teastore,,teastore-registry.teastore.svc.cluster.local:8080,linkerd,teastore-registry,teastore,teastore-registry-c8b58678f-v869d,c8b58678f,default,default.teastore.serviceaccount.identity.linkerd.cluster.local,teastore,teastore-registry,teastore-webui
1614827731.23,response_latency_ms_sum,,,10.1.40.188:4191,linkerd-proxy,teastore,,teastore-webui-55ff7b4665-lg2qq,,2759,,,,,teastore-webui,,linkerd,outbound,,55ff7b4665,200,true,teastore,,teastore-registry.teastore.svc.cluster.local:8080,linkerd,teastore-registry,teastore,teastore-registry-c8b58678f-v869d,c8b58678f,default,default.teastore.serviceaccount.identity.linkerd.cluster.local,teastore,teastore-registry,teastore-webui
1614827741.23,response_latency_ms_sum,,,10.1.40.188:4191,linkerd-proxy,teastore,,teastore-webui-55ff7b4665-lg2qq,,2956,,,,,teastore-webui,,linkerd,outbound,,55ff7b4665,200,true,teastore,,teastore-registry.teastore.svc.cluster.local:8080,linkerd,teastore-registry,teastore,teastore-registry-c8b58678f-v869d,c8b58678f,default,default.teastore.serviceaccount.identity.linkerd.cluster.local,teastore,teastore-registry,teastore-webui
1614827751.23,response_latency_ms_sum,,,10.1.40.188:4191,linkerd-proxy,teastore,,teastore-webui-55ff7b4665-lg2qq,,3135,,,,,teastore-webui,,linkerd,outbound,,55ff7b4665,200,true,teastore,,teastore-registry.teastore.svc.cluster.local:8080,linkerd,teastore-registry,teastore,teastore-registry-c8b58678f-v869d,c8b58678f,default,default.teastore.serviceaccount.identity.linkerd.cluster.local,teastore,teastore-registry,teastore-webui
1614827761.23,response_latency_ms_sum,,,10.1.40.188:4191,linkerd-proxy,teastore,,teastore-webui-55ff7b4665-lg2qq,,3244,,,,,teastore-webui,,linkerd,outbound,,55ff7b4665,200,true,teastore,,teastore-registry.teastore.svc.cluster.local:8080,linkerd,teastore-registry,teastore,teastore-registry-c8b58678f-v869d,c8b58678f,default,default.teastore.serviceaccount.identity.linkerd.cluster.local,teastore,teastore-registry,teastore-webui
1614827771.23,response_latency_ms_sum,,,10.1.40.188:4191,linkerd-proxy,teastore,,teastore-webui-55ff7b4665-lg2qq,,3466,,,,,teastore-webui,,linkerd,outbound,,55ff7b4665,200,true,teastore,,teastore-registry.teastore.svc.cluster.local:8080,linkerd,teastore-registry,teastore,teastore-registry-c8b58678f-v869d,c8b58678f,default,default.teastore.serviceaccount.identity.linkerd.cluster.local,teastore,teastore-registry,teastore-webui
1614827781.23,response_latency_ms_sum,,,10.1.40.188:4191,linkerd-proxy,teastore,,teastore-webui-55ff7b4665-lg2qq,,3577,,,,,teastore-webui,,linkerd,outbound,,55ff7b4665,200,true,teastore,,teastore-registry.teastore.svc.cluster.local:8080,linkerd,teastore-registry,teastore,teastore-registry-c8b58678f-v869d,c8b58678f,default,default.teastore.serviceaccount.identity.linkerd.cluster.local,teastore,teastore-registry,teastore-webui
1614827791.23,response_latency_ms_sum,,,10.1.40.188:4191,linkerd-proxy,teastore,,teastore-webui-55ff7b4665-lg2qq,,3699,,,,,teastore-webui,,linkerd,outbound,,55ff7b4665,200,true,teastore,,teastore-registry.teastore.svc.cluster.local:8080,linkerd,teastore-registry,teastore,teastore-registry-c8b58678f-v869d,c8b58678f,default,default.teastore.serviceaccount.identity.linkerd.cluster.local,teastore,teastore-registry,teastore-webui
1614827801.23,response_latency_ms_sum,,,10.1.40.188:4191,linkerd-proxy,teastore,,teastore-webui-55ff7b4665-lg2qq,,3784,,,,,teastore-webui,,linkerd,outbound,,55ff7b4665,200,true,teastore,,teastore-registry.teastore.svc.cluster.local:8080,linkerd,teastore-registry,teastore,teastore-registry-c8b58678f-v869d,c8b58678f,default,default.teastore.serviceaccount.identity.linkerd.cluster.local,teastore,teastore-registry,teastore-webui
1614827631.23,response_latency_ms_sum,,,10.1.40.188:4191,linkerd-proxy,teastore,,teastore-webui-55ff7b4665-lg2qq,,1,,,,,teastore-webui,,linkerd,outbound,,55ff7b4665,201,true,teastore,,teastore-registry.teastore.svc.cluster.local:8080,linkerd,teastore-registry,teastore,teastore-registry-c8b58678f-v869d,c8b58678f,default,default.teastore.serviceaccount.identity.linkerd.cluster.local,teastore,teastore-registry,teastore-webui
1614827641.23,response_latency_ms_sum,,,10.1.40.188:4191,linkerd-proxy,teastore,,teastore-webui-55ff7b4665-lg2qq,,1,,,,,teastore-webui,,linkerd,outbound,,55ff7b4665,201,true,teastore,,teastore-registry.teastore.svc.cluster.local:8080,linkerd,teastore-registry,teastore,teastore-registry-c8b58678f-v869d,c8b58678f,default,default.teastore.serviceaccount.identity.linkerd.cluster.local,teastore,teastore-registry,teastore-webui
1614827651.23,response_latency_ms_sum,,,10.1.40.188:4191,linkerd-proxy,teastore,,teastore-webui-55ff7b4665-lg2qq,,1,,,,,teastore-webui,,linkerd,outbound,,55ff7b4665,201,true,teastore,,teastore-registry.teastore.svc.cluster.local:8080,linkerd,teastore-registry,teastore,teastore-registry-c8b58678f-v869d,c8b58678f,default,default.teastore.serviceaccount.identity.linkerd.cluster.local,teastore,teastore-registry,teastore-webui
1614827661.23,response_latency_ms_sum,,,10.1.40.188:4191,linkerd-proxy,teastore,,teastore-webui-55ff7b4665-lg2qq,,1,,,,,teastore-webui,,linkerd,outbound,,55ff7b4665,201,true,teastore,,teastore-registry.teastore.svc.cluster.local:8080,linkerd,teastore-registry,teastore,teastore-registry-c8b58678f-v869d,c8b58678f,default,default.teastore.serviceaccount.identity.linkerd.cluster.local,teastore,teastore-registry,teastore-webui
1614827671.23,response_latency_ms_sum,,,10.1.40.188:4191,linkerd-proxy,teastore,,teastore-webui-55ff7b4665-lg2qq,,1,,,,,teastore-webui,,linkerd,outbound,,55ff7b4665,201,true,teastore,,teastore-registry.teastore.svc.cluster.local:8080,linkerd,teastore-registry,teastore,teastore-registry-c8b58678f-v869d,c8b58678f,default,default.teastore.serviceaccount.identity.linkerd.cluster.local,teastore,teastore-registry,teastore-webui
1614827681.23,response_latency_ms_sum,,,10.1.40.188:4191,linkerd-proxy,teastore,,teastore-webui-55ff7b4665-lg2qq,,1,,,,,teastore-webui,,linkerd,outbound,,55ff7b4665,201,true,teastore,,teastore-registry.teastore.svc.cluster.local:8080,linkerd,teastore-registry,teastore,teastore-registry-c8b58678f-v869d,c8b58678f,default,default.teastore.serviceaccount.identity.linkerd.cluster.local,teastore,teastore-registry,teastore-webui
1614827691.23,response_latency_ms_sum,,,10.1.40.188:4191,linkerd-proxy,teastore,,teastore-webui-55ff7b4665-lg2qq,,1,,,,,teastore-webui,,linkerd,outbound,,55ff7b4665,201,true,teastore,,teastore-registry.teastore.svc.cluster.local:8080,linkerd,teastore-registry,teastore,teastore-registry-c8b58678f-v869d,c8b58678f,default,default.teastore.serviceaccount.identity.linkerd.cluster.local,teastore,teastore-registry,teastore-webui
1614827701.23,response_latency_ms_sum,,,10.1.40.188:4191,linkerd-proxy,teastore,,teastore-webui-55ff7b4665-lg2qq,,1,,,,,teastore-webui,,linkerd,outbound,,55ff7b4665,201,true,teastore,,teastore-registry.teastore.svc.cluster.local:8080,linkerd,teastore-registry,teastore,teastore-registry-c8b58678f-v869d,c8b58678f,default,default.teastore.serviceaccount.identity.linkerd.cluster.local,teastore,teastore-registry,teastore-webui
1614827711.23,response_latency_ms_sum,,,10.1.40.188:4191,linkerd-proxy,teastore,,teastore-webui-55ff7b4665-lg2qq,,1,,,,,teastore-webui,,linkerd,outbound,,55ff7b4665,201,true,teastore,,teastore-registry.teastore.svc.cluster.local:8080,linkerd,teastore-registry,teastore,teastore-registry-c8b58678f-v869d,c8b58678f,default,default.teastore.serviceaccount.identity.linkerd.cluster.local,teastore,teastore-registry,teastore-webui
1614827721.231,response_latency_ms_sum,,,10.1.40.188:4191,linkerd-proxy,teastore,,teastore-webui-55ff7b4665-lg2qq,,1,,,,,teastore-webui,,linkerd,outbound,,55ff7b4665,201,true,teastore,,teastore-registry.teastore.svc.cluster.local:8080,linkerd,teastore-registry,teastore,teastore-registry-c8b58678f-v869d,c8b58678f,default,default.teastore.serviceaccount.identity.linkerd.cluster.local,teastore,teastore-registry,teastore-webui
1614827731.23,response_latency_ms_sum,,,10.1.40.188:4191,linkerd-proxy,teastore,,teastore-webui-55ff7b4665-lg2qq,,1,,,,,teastore-webui,,linkerd,outbound,,55ff7b4665,201,true,teastore,,teastore-registry.teastore.svc.cluster.local:8080,linkerd,teastore-registry,teastore,teastore-registry-c8b58678f-v869d,c8b58678f,default,default.teastore.serviceaccount.identity.linkerd.cluster.local,teastore,teastore-registry,teastore-webui
1614827741.23,response_latency_ms_sum,,,10.1.40.188:4191,linkerd-proxy,teastore,,teastore-webui-55ff7b4665-lg2qq,,1,,,,,teastore-webui,,linkerd,outbound,,55ff7b4665,201,true,teastore,,teastore-registry.teastore.svc.cluster.local:8080,linkerd,teastore-registry,teastore,teastore-registry-c8b58678f-v869d,c8b58678f,default,default.teastore.serviceaccount.identity.linkerd.cluster.local,teastore,teastore-registry,teastore-webui
1614827751.23,response_latency_ms_sum,,,10.1.40.188:4191,linkerd-proxy,teastore,,teastore-webui-55ff7b4665-lg2qq,,1,,,,,teastore-webui,,linkerd,outbound,,55ff7b4665,201,true,teastore,,teastore-registry.teastore.svc.cluster.local:8080,linkerd,teastore-registry,teastore,teastore-registry-c8b58678f-v869d,c8b58678f,default,default.teastore.serviceaccount.identity.linkerd.cluster.local,teastore,teastore-registry,teastore-webui
1614827761.23,response_latency_ms_sum,,,10.1.40.188:4191,linkerd-proxy,teastore,,teastore-webui-55ff7b4665-lg2qq,,1,,,,,teastore-webui,,linkerd,outbound,,55ff7b4665,201,true,teastore,,teastore-registry.teastore.svc.cluster.local:8080,linkerd,teastore-registry,teastore,teastore-registry-c8b58678f-v869d,c8b58678f,default,default.teastore.serviceaccount.identity.linkerd.cluster.local,teastore,teastore-registry,teastore-webui
1614827771.23,response_latency_ms_sum,,,10.1.40.188:4191,linkerd-proxy,teastore,,teastore-webui-55ff7b4665-lg2qq,,1,,,,,teastore-webui,,linkerd,outbound,,55ff7b4665,201,true,teastore,,teastore-registry.teastore.svc.cluster.local:8080,linkerd,teastore-registry,teastore,teastore-registry-c8b58678f-v869d,c8b58678f,default,default.teastore.serviceaccount.identity.linkerd.cluster.local,teastore,teastore-registry,teastore-webui
1614827781.23,response_latency_ms_sum,,,10.1.40.188:4191,linkerd-proxy,teastore,,teastore-webui-55ff7b4665-lg2qq,,1,,,,,teastore-webui,,linkerd,outbound,,55ff7b4665,201,true,teastore,,teastore-registry.teastore.svc.cluster.local:8080,linkerd,teastore-registry,teastore,teastore-registry-c8b58678f-v869d,c8b58678f,default,default.teastore.serviceaccount.identity.linkerd.cluster.local,teastore,teastore-registry,teastore-webui
1614827791.23,response_latency_ms_sum,,,10.1.40.188:4191,linkerd-proxy,teastore,,teastore-webui-55ff7b4665-lg2qq,,1,,,,,teastore-webui,,linkerd,outbound,,55ff7b4665,201,true,teastore,,teastore-registry.teastore.svc.cluster.local:8080,linkerd,teastore-registry,teastore,teastore-registry-c8b58678f-v869d,c8b58678f,default,default.teastore.serviceaccount.identity.linkerd.cluster.local,teastore,teastore-registry,teastore-webui
1614827801.23,response_latency_ms_sum,,,10.1.40.188:4191,linkerd-proxy,teastore,,teastore-webui-55ff7b4665-lg2qq,,1,,,,,teastore-webui,,linkerd,outbound,,55ff7b4665,201,true,teastore,,teastore-registry.teastore.svc.cluster.local:8080,linkerd,teastore-registry,teastore,teastore-registry-c8b58678f-v869d,c8b58678f,default,default.teastore.serviceaccount.identity.linkerd.cluster.local,teastore,teastore-registry,teastore-webui
1614827631.23,response_latency_ms_sum,,,10.1.40.188:4191,linkerd-proxy,teastore,,teastore-webui-55ff7b4665-lg2qq,,23967839,,,,,teastore-webui,,linkerd,inbound,no_tls_from_remote,55ff7b4665,200,no_identity,teastore,,localhost:30080,,,,,,,,teastore,,teastore-webui
1614827641.23,response_latency_ms_sum,,,10.1.40.188:4191,linkerd-proxy,teastore,,teastore-webui-55ff7b4665-lg2qq,,24038580,,,,,teastore-webui,,linkerd,inbound,no_tls_from_remote,55ff7b4665,200,no_identity,teastore,,localhost:30080,,,,,,,,teastore,,teastore-webui
1614827651.23,response_latency_ms_sum,,,10.1.40.188:4191,linkerd-proxy,teastore,,teastore-webui-55ff7b4665-lg2qq,,24195136,,,,,teastore-webui,,linkerd,inbound,no_tls_from_remote,55ff7b4665,200,no_identity,teastore,,localhost:30080,,,,,,,,teastore,,teastore-webui
1614827661.23,response_latency_ms_sum,,,10.1.40.188:4191,linkerd-proxy,teastore,,teastore-webui-55ff7b4665-lg2qq,,24448701,,,,,teastore-webui,,linkerd,inbound,no_tls_from_remote,55ff7b4665,200,no_identity,teastore,,localhost:30080,,,,,,,,teastore,,teastore-webui
1614827671.23,response_latency_ms_sum,,,10.1.40.188:4191,linkerd-proxy,teastore,,teastore-webui-55ff7b4665-lg2qq,,24789054,,,,,teastore-webui,,linkerd,inbound,no_tls_from_remote,55ff7b4665,200,no_identity,teastore,,localhost:30080,,,,,,,,teastore,,teastore-webui
1614827681.23,response_latency_ms_sum,,,10.1.40.188:4191,linkerd-proxy,teastore,,teastore-webui-55ff7b4665-lg2qq,,25217243,,,,,teastore-webui,,linkerd,inbound,no_tls_from_remote,55ff7b4665,200,no_identity,teastore,,localhost:30080,,,,,,,,teastore,,teastore-webui
1614827691.23,response_latency_ms_sum,,,10.1.40.188:4191,linkerd-proxy,teastore,,teastore-webui-55ff7b4665-lg2qq,,25764923,,,,,teastore-webui,,linkerd,inbound,no_tls_from_remote,55ff7b4665,200,no_identity,teastore,,localhost:30080,,,,,,,,teastore,,teastore-webui
1614827701.23,response_latency_ms_sum,,,10.1.40.188:4191,linkerd-proxy,teastore,,teastore-webui-55ff7b4665-lg2qq,,26417890,,,,,teastore-webui,,linkerd,inbound,no_tls_from_remote,55ff7b4665,200,no_identity,teastore,,localhost:30080,,,,,,,,teastore,,teastore-webui
1614827711.23,response_latency_ms_sum,,,10.1.40.188:4191,linkerd-proxy,teastore,,teastore-webui-55ff7b4665-lg2qq,,27133330,,,,,teastore-webui,,linkerd,inbound,no_tls_from_remote,55ff7b4665,200,no_identity,teastore,,localhost:30080,,,,,,,,teastore,,teastore-webui
1614827721.231,response_latency_ms_sum,,,10.1.40.188:4191,linkerd-proxy,teastore,,teastore-webui-55ff7b4665-lg2qq,,27930109,,,,,teastore-webui,,linkerd,inbound,no_tls_from_remote,55ff7b4665,200,no_identity,teastore,,localhost:30080,,,,,,,,teastore,,teastore-webui
1614827731.23,response_latency_ms_sum,,,10.1.40.188:4191,linkerd-proxy,teastore,,teastore-webui-55ff7b4665-lg2qq,,28785148,,,,,teastore-webui,,linkerd,inbound,no_tls_from_remote,55ff7b4665,200,no_identity,teastore,,localhost:30080,,,,,,,,teastore,,teastore-webui
1614827741.23,response_latency_ms_sum,,,10.1.40.188:4191,linkerd-proxy,teastore,,teastore-webui-55ff7b4665-lg2qq,,29786951,,,,,teastore-webui,,linkerd,inbound,no_tls_from_remote,55ff7b4665,200,no_identity,teastore,,localhost:30080,,,,,,,,teastore,,teastore-webui
1614827751.23,response_latency_ms_sum,,,10.1.40.188:4191,linkerd-proxy,teastore,,teastore-webui-55ff7b4665-lg2qq,,30840706,,,,,teastore-webui,,linkerd,inbound,no_tls_from_remote,55ff7b4665,200,no_identity,teastore,,localhost:30080,,,,,,,,teastore,,teastore-webui
1614827761.23,response_latency_ms_sum,,,10.1.40.188:4191,linkerd-proxy,teastore,,teastore-webui-55ff7b4665-lg2qq,,31881473,,,,,teastore-webui,,linkerd,inbound,no_tls_from_remote,55ff7b4665,200,no_identity,teastore,,localhost:30080,,,,,,,,teastore,,teastore-webui
1614827771.23,response_latency_ms_sum,,,10.1.40.188:4191,linkerd-proxy,teastore,,teastore-webui-55ff7b4665-lg2qq,,33251130,,,,,teastore-webui,,linkerd,inbound,no_tls_from_remote,55ff7b4665,200,no_identity,teastore,,localhost:30080,,,,,,,,teastore,,teastore-webui
1614827781.23,response_latency_ms_sum,,,10.1.40.188:4191,linkerd-proxy,teastore,,teastore-webui-55ff7b4665-lg2qq,,34490309,,,,,teastore-webui,,linkerd,inbound,no_tls_from_remote,55ff7b4665,200,no_identity,teastore,,localhost:30080,,,,,,,,teastore,,teastore-webui
1614827791.23,response_latency_ms_sum,,,10.1.40.188:4191,linkerd-proxy,teastore,,teastore-webui-55ff7b4665-lg2qq,,35943070,,,,,teastore-webui,,linkerd,inbound,no_tls_from_remote,55ff7b4665,200,no_identity,teastore,,localhost:30080,,,,,,,,teastore,,teastore-webui
1614827801.23,response_latency_ms_sum,,,10.1.40.188:4191,linkerd-proxy,teastore,,teastore-webui-55ff7b4665-lg2qq,,37422684,,,,,teastore-webui,,linkerd,inbound,no_tls_from_remote,55ff7b4665,200,no_identity,teastore,,localhost:30080,,,,,,,,teastore,,teastore-webui
1614827631.23,response_latency_ms_sum,,,10.1.40.188:4191,linkerd-proxy,teastore,,teastore-webui-55ff7b4665-lg2qq,,93374,,,,,teastore-webui,,linkerd,outbound,,55ff7b4665,200,true,teastore,,teastore-persistence.teastore.svc.cluster.local:8080,linkerd,teastore-persistence,teastore,teastore-persistence-d9666cc75-zcrs7,d9666cc75,default,default.teastore.serviceaccount.identity.linkerd.cluster.local,teastore,teastore-persistence,teastore-webui
1614827641.23,response_latency_ms_sum,,,10.1.40.188:4191,linkerd-proxy,teastore,,teastore-webui-55ff7b4665-lg2qq,,96560,,,,,teastore-webui,,linkerd,outbound,,55ff7b4665,200,true,teastore,,teastore-persistence.teastore.svc.cluster.local:8080,linkerd,teastore-persistence,teastore,teastore-persistence-d9666cc75-zcrs7,d9666cc75,default,default.teastore.serviceaccount.identity.linkerd.cluster.local,teastore,teastore-persistence,teastore-webui
1614827651.23,response_latency_ms_sum,,,10.1.40.188:4191,linkerd-proxy,teastore,,teastore-webui-55ff7b4665-lg2qq,,103679,,,,,teastore-webui,,linkerd,outbound,,55ff7b4665,200,true,teastore,,teastore-persistence.teastore.svc.cluster.local:8080,linkerd,teastore-persistence,teastore,teastore-persistence-d9666cc75-zcrs7,d9666cc75,default,default.teastore.serviceaccount.identity.linkerd.cluster.local,teastore,teastore-persistence,teastore-webui
1614827661.23,response_latency_ms_sum,,,10.1.40.188:4191,linkerd-proxy,teastore,,teastore-webui-55ff7b4665-lg2qq,,114161,,,,,teastore-webui,,linkerd,outbound,,55ff7b4665,200,true,teastore,,teastore-persistence.teastore.svc.cluster.local:8080,linkerd,teastore-persistence,teastore,teastore-persistence-d9666cc75-zcrs7,d9666cc75,default,default.teastore.serviceaccount.identity.linkerd.cluster.local,teastore,teastore-persistence,teastore-webui
1614827671.23,response_latency_ms_sum,,,10.1.40.188:4191,linkerd-proxy,teastore,,teastore-webui-55ff7b4665-lg2qq,,127174,,,,,teastore-webui,,linkerd,outbound,,55ff7b4665,200,true,teastore,,teastore-persistence.teastore.svc.cluster.local:8080,linkerd,teastore-persistence,teastore,teastore-persistence-d9666cc75-zcrs7,d9666cc75,default,default.teastore.serviceaccount.identity.linkerd.cluster.local,teastore,teastore-persistence,teastore-webui
1614827681.23,response_latency_ms_sum,,,10.1.40.188:4191,linkerd-proxy,teastore,,teastore-webui-55ff7b4665-lg2qq,,142780,,,,,teastore-webui,,linkerd,outbound,,55ff7b4665,200,true,teastore,,teastore-persistence.teastore.svc.cluster.local:8080,linkerd,teastore-persistence,teastore,teastore-persistence-d9666cc75-zcrs7,d9666cc75,default,default.teastore.serviceaccount.identity.linkerd.cluster.local,teastore,teastore-persistence,teastore-webui
1614827691.23,response_latency_ms_sum,,,10.1.40.188:4191,linkerd-proxy,teastore,,teastore-webui-55ff7b4665-lg2qq,,160803,,,,,teastore-webui,,linkerd,outbound,,55ff7b4665,200,true,teastore,,teastore-persistence.teastore.svc.cluster.local:8080,linkerd,teastore-persistence,teastore,teastore-persistence-d9666cc75-zcrs7,d9666cc75,default,default.teastore.serviceaccount.identity.linkerd.cluster.local,teastore,teastore-persistence,teastore-webui
1614827701.23,response_latency_ms_sum,,,10.1.40.188:4191,linkerd-proxy,teastore,,teastore-webui-55ff7b4665-lg2qq,,176857,,,,,teastore-webui,,linkerd,outbound,,55ff7b4665,200,true,teastore,,teastore-persistence.teastore.svc.cluster.local:8080,linkerd,teastore-persistence,teastore,teastore-persistence-d9666cc75-zcrs7,d9666cc75,default,default.teastore.serviceaccount.identity.linkerd.cluster.local,teastore,teastore-persistence,teastore-webui
1614827711.23,response_latency_ms_sum,,,10.1.40.188:4191,linkerd-proxy,teastore,,teastore-webui-55ff7b4665-lg2qq,,193792,,,,,teastore-webui,,linkerd,outbound,,55ff7b4665,200,true,teastore,,teastore-persistence.teastore.svc.cluster.local:8080,linkerd,teastore-persistence,teastore,teastore-persistence-d9666cc75-zcrs7,d9666cc75,default,default.teastore.serviceaccount.identity.linkerd.cluster.local,teastore,teastore-persistence,teastore-webui
1614827721.231,response_latency_ms_sum,,,10.1.40.188:4191,linkerd-proxy,teastore,,teastore-webui-55ff7b4665-lg2qq,,214456,,,,,teastore-webui,,linkerd,outbound,,55ff7b4665,200,true,teastore,,teastore-persistence.teastore.svc.cluster.local:8080,linkerd,teastore-persistence,teastore,teastore-persistence-d9666cc75-zcrs7,d9666cc75,default,default.teastore.serviceaccount.identity.linkerd.cluster.local,teastore,teastore-persistence,teastore-webui
1614827731.23,response_latency_ms_sum,,,10.1.40.188:4191,linkerd-proxy,teastore,,teastore-webui-55ff7b4665-lg2qq,,235298,,,,,teastore-webui,,linkerd,outbound,,55ff7b4665,200,true,teastore,,teastore-persistence.teastore.svc.cluster.local:8080,linkerd,teastore-persistence,teastore,teastore-persistence-d9666cc75-zcrs7,d9666cc75,default,default.teastore.serviceaccount.identity.linkerd.cluster.local,teastore,teastore-persistence,teastore-webui
1614827741.23,response_latency_ms_sum,,,10.1.40.188:4191,linkerd-proxy,teastore,,teastore-webui-55ff7b4665-lg2qq,,258621,,,,,teastore-webui,,linkerd,outbound,,55ff7b4665,200,true,teastore,,teastore-persistence.teastore.svc.cluster.local:8080,linkerd,teastore-persistence,teastore,teastore-persistence-d9666cc75-zcrs7,d9666cc75,default,default.teastore.serviceaccount.identity.linkerd.cluster.local,teastore,teastore-persistence,teastore-webui
1614827751.23,response_latency_ms_sum,,,10.1.40.188:4191,linkerd-proxy,teastore,,teastore-webui-55ff7b4665-lg2qq,,282103,,,,,teastore-webui,,linkerd,outbound,,55ff7b4665,200,true,teastore,,teastore-persistence.teastore.svc.cluster.local:8080,linkerd,teastore-persistence,teastore,teastore-persistence-d9666cc75-zcrs7,d9666cc75,default,default.teastore.serviceaccount.identity.linkerd.cluster.local,teastore,teastore-persistence,teastore-webui
1614827761.23,response_latency_ms_sum,,,10.1.40.188:4191,linkerd-proxy,teastore,,teastore-webui-55ff7b4665-lg2qq,,303842,,,,,teastore-webui,,linkerd,outbound,,55ff7b4665,200,true,teastore,,teastore-persistence.teastore.svc.cluster.local:8080,linkerd,teastore-persistence,teastore,teastore-persistence-d9666cc75-zcrs7,d9666cc75,default,default.teastore.serviceaccount.identity.linkerd.cluster.local,teastore,teastore-persistence,teastore-webui
1614827771.23,response_latency_ms_sum,,,10.1.40.188:4191,linkerd-proxy,teastore,,teastore-webui-55ff7b4665-lg2qq,,327292,,,,,teastore-webui,,linkerd,outbound,,55ff7b4665,200,true,teastore,,teastore-persistence.teastore.svc.cluster.local:8080,linkerd,teastore-persistence,teastore,teastore-persistence-d9666cc75-zcrs7,d9666cc75,default,default.teastore.serviceaccount.identity.linkerd.cluster.local,teastore,teastore-persistence,teastore-webui
1614827781.23,response_latency_ms_sum,,,10.1.40.188:4191,linkerd-proxy,teastore,,teastore-webui-55ff7b4665-lg2qq,,356516,,,,,teastore-webui,,linkerd,outbound,,55ff7b4665,200,true,teastore,,teastore-persistence.teastore.svc.cluster.local:8080,linkerd,teastore-persistence,teastore,teastore-persistence-d9666cc75-zcrs7,d9666cc75,default,default.teastore.serviceaccount.identity.linkerd.cluster.local,teastore,teastore-persistence,teastore-webui
1614827791.23,response_latency_ms_sum,,,10.1.40.188:4191,linkerd-proxy,teastore,,teastore-webui-55ff7b4665-lg2qq,,385432,,,,,teastore-webui,,linkerd,outbound,,55ff7b4665,200,true,teastore,,teastore-persistence.teastore.svc.cluster.local:8080,linkerd,teastore-persistence,teastore,teastore-persistence-d9666cc75-zcrs7,d9666cc75,default,default.teastore.serviceaccount.identity.linkerd.cluster.local,teastore,teastore-persistence,teastore-webui
1614827801.23,response_latency_ms_sum,,,10.1.40.188:4191,linkerd-proxy,teastore,,teastore-webui-55ff7b4665-lg2qq,,416914,,,,,teastore-webui,,linkerd,outbound,,55ff7b4665,200,true,teastore,,teastore-persistence.teastore.svc.cluster.local:8080,linkerd,teastore-persistence,teastore,teastore-persistence-d9666cc75-zcrs7,d9666cc75,default,default.teastore.serviceaccount.identity.linkerd.cluster.local,teastore,teastore-persistence,teastore-webui
1614827631.23,response_latency_ms_sum,,,10.1.40.188:4191,linkerd-proxy,teastore,,teastore-webui-55ff7b4665-lg2qq,,22696,,,,,teastore-webui,,linkerd,outbound,,55ff7b4665,200,true,teastore,,teastore-auth.teastore.svc.cluster.local:8080,linkerd,teastore-auth,teastore,teastore-auth-5c8f77dbb8-trzs6,5c8f77dbb8,default,default.teastore.serviceaccount.identity.linkerd.cluster.local,teastore,teastore-auth,teastore-webui
1614827641.23,response_latency_ms_sum,,,10.1.40.188:4191,linkerd-proxy,teastore,,teastore-webui-55ff7b4665-lg2qq,,23695,,,,,teastore-webui,,linkerd,outbound,,55ff7b4665,200,true,teastore,,teastore-auth.teastore.svc.cluster.local:8080,linkerd,teastore-auth,teastore,teastore-auth-5c8f77dbb8-trzs6,5c8f77dbb8,default,default.teastore.serviceaccount.identity.linkerd.cluster.local,teastore,teastore-auth,teastore-webui
1614827651.23,response_latency_ms_sum,,,10.1.40.188:4191,linkerd-proxy,teastore,,teastore-webui-55ff7b4665-lg2qq,,25510,,,,,teastore-webui,,linkerd,outbound,,55ff7b4665,200,true,teastore,,teastore-auth.teastore.svc.cluster.local:8080,linkerd,teastore-auth,teastore,teastore-auth-5c8f77dbb8-trzs6,5c8f77dbb8,default,default.teastore.serviceaccount.identity.linkerd.cluster.local,teastore,teastore-auth,teastore-webui
1614827661.23,response_latency_ms_sum,,,10.1.40.188:4191,linkerd-proxy,teastore,,teastore-webui-55ff7b4665-lg2qq,,28091,,,,,teastore-webui,,linkerd,outbound,,55ff7b4665,200,true,teastore,,teastore-auth.teastore.svc.cluster.local:8080,linkerd,teastore-auth,teastore,teastore-auth-5c8f77dbb8-trzs6,5c8f77dbb8,default,default.teastore.serviceaccount.identity.linkerd.cluster.local,teastore,teastore-auth,teastore-webui
1614827671.23,response_latency_ms_sum,,,10.1.40.188:4191,linkerd-proxy,teastore,,teastore-webui-55ff7b4665-lg2qq,,31903,,,,,teastore-webui,,linkerd,outbound,,55ff7b4665,200,true,teastore,,teastore-auth.teastore.svc.cluster.local:8080,linkerd,teastore-auth,teastore,teastore-auth-5c8f77dbb8-trzs6,5c8f77dbb8,default,default.teastore.serviceaccount.identity.linkerd.cluster.local,teastore,teastore-auth,teastore-webui
1614827681.23,response_latency_ms_sum,,,10.1.40.188:4191,linkerd-proxy,teastore,,teastore-webui-55ff7b4665-lg2qq,,36437,,,,,teastore-webui,,linkerd,outbound,,55ff7b4665,200,true,teastore,,teastore-auth.teastore.svc.cluster.local:8080,linkerd,teastore-auth,teastore,teastore-auth-5c8f77dbb8-trzs6,5c8f77dbb8,default,default.teastore.serviceaccount.identity.linkerd.cluster.local,teastore,teastore-auth,teastore-webui
1614827691.23,response_latency_ms_sum,,,10.1.40.188:4191,linkerd-proxy,teastore,,teastore-webui-55ff7b4665-lg2qq,,42165,,,,,teastore-webui,,linkerd,outbound,,55ff7b4665,200,true,teastore,,teastore-auth.teastore.svc.cluster.local:8080,linkerd,teastore-auth,teastore,teastore-auth-5c8f77dbb8-trzs6,5c8f77dbb8,default,default.teastore.serviceaccount.identity.linkerd.cluster.local,teastore,teastore-auth,teastore-webui
1614827701.23,response_latency_ms_sum,,,10.1.40.188:4191,linkerd-proxy,teastore,,teastore-webui-55ff7b4665-lg2qq,,47469,,,,,teastore-webui,,linkerd,outbound,,55ff7b4665,200,true,teastore,,teastore-auth.teastore.svc.cluster.local:8080,linkerd,teastore-auth,teastore,teastore-auth-5c8f77dbb8-trzs6,5c8f77dbb8,default,default.teastore.serviceaccount.identity.linkerd.cluster.local,teastore,teastore-auth,teastore-webui
1614827711.23,response_latency_ms_sum,,,10.1.40.188:4191,linkerd-proxy,teastore,,teastore-webui-55ff7b4665-lg2qq,,53042,,,,,teastore-webui,,linkerd,outbound,,55ff7b4665,200,true,teastore,,teastore-auth.teastore.svc.cluster.local:8080,linkerd,teastore-auth,teastore,teastore-auth-5c8f77dbb8-trzs6,5c8f77dbb8,default,default.teastore.serviceaccount.identity.linkerd.cluster.local,teastore,teastore-auth,teastore-webui
1614827721.231,response_latency_ms_sum,,,10.1.40.188:4191,linkerd-proxy,teastore,,teastore-webui-55ff7b4665-lg2qq,,58584,,,,,teastore-webui,,linkerd,outbound,,55ff7b4665,200,true,teastore,,teastore-auth.teastore.svc.cluster.local:8080,linkerd,teastore-auth,teastore,teastore-auth-5c8f77dbb8-trzs6,5c8f77dbb8,default,default.teastore.serviceaccount.identity.linkerd.cluster.local,teastore,teastore-auth,teastore-webui
1614827731.23,response_latency_ms_sum,,,10.1.40.188:4191,linkerd-proxy,teastore,,teastore-webui-55ff7b4665-lg2qq,,64413,,,,,teastore-webui,,linkerd,outbound,,55ff7b4665,200,true,teastore,,teastore-auth.teastore.svc.cluster.local:8080,linkerd,teastore-auth,teastore,teastore-auth-5c8f77dbb8-trzs6,5c8f77dbb8,default,default.teastore.serviceaccount.identity.linkerd.cluster.local,teastore,teastore-auth,teastore-webui
1614827741.23,response_latency_ms_sum,,,10.1.40.188:4191,linkerd-proxy,teastore,,teastore-webui-55ff7b4665-lg2qq,,70862,,,,,teastore-webui,,linkerd,outbound,,55ff7b4665,200,true,teastore,,teastore-auth.teastore.svc.cluster.local:8080,linkerd,teastore-auth,teastore,teastore-auth-5c8f77dbb8-trzs6,5c8f77dbb8,default,default.teastore.serviceaccount.identity.linkerd.cluster.local,teastore,teastore-auth,teastore-webui
1614827751.23,response_latency_ms_sum,,,10.1.40.188:4191,linkerd-proxy,teastore,,teastore-webui-55ff7b4665-lg2qq,,76426,,,,,teastore-webui,,linkerd,outbound,,55ff7b4665,200,true,teastore,,teastore-auth.teastore.svc.cluster.local:8080,linkerd,teastore-auth,teastore,teastore-auth-5c8f77dbb8-trzs6,5c8f77dbb8,default,default.teastore.serviceaccount.identity.linkerd.cluster.local,teastore,teastore-auth,teastore-webui
1614827761.23,response_latency_ms_sum,,,10.1.40.188:4191,linkerd-proxy,teastore,,teastore-webui-55ff7b4665-lg2qq,,82402,,,,,teastore-webui,,linkerd,outbound,,55ff7b4665,200,true,teastore,,teastore-auth.teastore.svc.cluster.local:8080,linkerd,teastore-auth,teastore,teastore-auth-5c8f77dbb8-trzs6,5c8f77dbb8,default,default.teastore.serviceaccount.identity.linkerd.cluster.local,teastore,teastore-auth,teastore-webui
1614827771.23,response_latency_ms_sum,,,10.1.40.188:4191,linkerd-proxy,teastore,,teastore-webui-55ff7b4665-lg2qq,,88261,,,,,teastore-webui,,linkerd,outbound,,55ff7b4665,200,true,teastore,,teastore-auth.teastore.svc.cluster.local:8080,linkerd,teastore-auth,teastore,teastore-auth-5c8f77dbb8-trzs6,5c8f77dbb8,default,default.teastore.serviceaccount.identity.linkerd.cluster.local,teastore,teastore-auth,teastore-webui
1614827781.23,response_latency_ms_sum,,,10.1.40.188:4191,linkerd-proxy,teastore,,teastore-webui-55ff7b4665-lg2qq,,95200,,,,,teastore-webui,,linkerd,outbound,,55ff7b4665,200,true,teastore,,teastore-auth.teastore.svc.cluster.local:8080,linkerd,teastore-auth,teastore,teastore-auth-5c8f77dbb8-trzs6,5c8f77dbb8,default,default.teastore.serviceaccount.identity.linkerd.cluster.local,teastore,teastore-auth,teastore-webui
1614827791.23,response_latency_ms_sum,,,10.1.40.188:4191,linkerd-proxy,teastore,,teastore-webui-55ff7b4665-lg2qq,,102236,,,,,teastore-webui,,linkerd,outbound,,55ff7b4665,200,true,teastore,,teastore-auth.teastore.svc.cluster.local:8080,linkerd,teastore-auth,teastore,teastore-auth-5c8f77dbb8-trzs6,5c8f77dbb8,default,default.teastore.serviceaccount.identity.linkerd.cluster.local,teastore,teastore-auth,teastore-webui
1614827801.23,response_latency_ms_sum,,,10.1.40.188:4191,linkerd-proxy,teastore,,teastore-webui-55ff7b4665-lg2qq,,109636,,,,,teastore-webui,,linkerd,outbound,,55ff7b4665,200,true,teastore,,teastore-auth.teastore.svc.cluster.local:8080,linkerd,teastore-auth,teastore,teastore-auth-5c8f77dbb8-trzs6,5c8f77dbb8,default,default.teastore.serviceaccount.identity.linkerd.cluster.local,teastore,teastore-auth,teastore-webui
1614827631.23,response_latency_ms_sum,,,10.1.40.188:4191,linkerd-proxy,teastore,,teastore-webui-55ff7b4665-lg2qq,,34722,,,,,teastore-webui,,linkerd,outbound,,55ff7b4665,200,true,teastore,,teastore-image.teastore.svc.cluster.local:8080,linkerd,teastore-image,teastore,teastore-image-77b5d74b7d-d27bk,77b5d74b7d,default,default.teastore.serviceaccount.identity.linkerd.cluster.local,teastore,teastore-image,teastore-webui
1614827641.23,response_latency_ms_sum,,,10.1.40.188:4191,linkerd-proxy,teastore,,teastore-webui-55ff7b4665-lg2qq,,35878,,,,,teastore-webui,,linkerd,outbound,,55ff7b4665,200,true,teastore,,teastore-image.teastore.svc.cluster.local:8080,linkerd,teastore-image,teastore,teastore-image-77b5d74b7d-d27bk,77b5d74b7d,default,default.teastore.serviceaccount.identity.linkerd.cluster.local,teastore,teastore-image,teastore-webui
1614827651.23,response_latency_ms_sum,,,10.1.40.188:4191,linkerd-proxy,teastore,,teastore-webui-55ff7b4665-lg2qq,,38715,,,,,teastore-webui,,linkerd,outbound,,55ff7b4665,200,true,teastore,,teastore-image.teastore.svc.cluster.local:8080,linkerd,teastore-image,teastore,teastore-image-77b5d74b7d-d27bk,77b5d74b7d,default,default.teastore.serviceaccount.identity.linkerd.cluster.local,teastore,teastore-image,teastore-webui
1614827661.23,response_latency_ms_sum,,,10.1.40.188:4191,linkerd-proxy,teastore,,teastore-webui-55ff7b4665-lg2qq,,42562,,,,,teastore-webui,,linkerd,outbound,,55ff7b4665,200,true,teastore,,teastore-image.teastore.svc.cluster.local:8080,linkerd,teastore-image,teastore,teastore-image-77b5d74b7d-d27bk,77b5d74b7d,default,default.teastore.serviceaccount.identity.linkerd.cluster.local,teastore,teastore-image,teastore-webui
1614827671.23,response_latency_ms_sum,,,10.1.40.188:4191,linkerd-proxy,teastore,,teastore-webui-55ff7b4665-lg2qq,,47457,,,,,teastore-webui,,linkerd,outbound,,55ff7b4665,200,true,teastore,,teastore-image.teastore.svc.cluster.local:8080,linkerd,teastore-image,teastore,teastore-image-77b5d74b7d-d27bk,77b5d74b7d,default,default.teastore.serviceaccount.identity.linkerd.cluster.local,teastore,teastore-image,teastore-webui
1614827681.23,response_latency_ms_sum,,,10.1.40.188:4191,linkerd-proxy,teastore,,teastore-webui-55ff7b4665-lg2qq,,53638,,,,,teastore-webui,,linkerd,outbound,,55ff7b4665,200,true,teastore,,teastore-image.teastore.svc.cluster.local:8080,linkerd,teastore-image,teastore,teastore-image-77b5d74b7d-d27bk,77b5d74b7d,default,default.teastore.serviceaccount.identity.linkerd.cluster.local,teastore,teastore-image,teastore-webui
1614827691.23,response_latency_ms_sum,,,10.1.40.188:4191,linkerd-proxy,teastore,,teastore-webui-55ff7b4665-lg2qq,,61325,,,,,teastore-webui,,linkerd,outbound,,55ff7b4665,200,true,teastore,,teastore-image.teastore.svc.cluster.local:8080,linkerd,teastore-image,teastore,teastore-image-77b5d74b7d-d27bk,77b5d74b7d,default,default.teastore.serviceaccount.identity.linkerd.cluster.local,teastore,teastore-image,teastore-webui
1614827701.23,response_latency_ms_sum,,,10.1.40.188:4191,linkerd-proxy,teastore,,teastore-webui-55ff7b4665-lg2qq,,67835,,,,,teastore-webui,,linkerd,outbound,,55ff7b4665,200,true,teastore,,teastore-image.teastore.svc.cluster.local:8080,linkerd,teastore-image,teastore,teastore-image-77b5d74b7d-d27bk,77b5d74b7d,default,default.teastore.serviceaccount.identity.linkerd.cluster.local,teastore,teastore-image,teastore-webui
1614827711.23,response_latency_ms_sum,,,10.1.40.188:4191,linkerd-proxy,teastore,,teastore-webui-55ff7b4665-lg2qq,,75452,,,,,teastore-webui,,linkerd,outbound,,55ff7b4665,200,true,teastore,,teastore-image.teastore.svc.cluster.local:8080,linkerd,teastore-image,teastore,teastore-image-77b5d74b7d-d27bk,77b5d74b7d,default,default.teastore.serviceaccount.identity.linkerd.cluster.local,teastore,teastore-image,teastore-webui
1614827721.231,response_latency_ms_sum,,,10.1.40.188:4191,linkerd-proxy,teastore,,teastore-webui-55ff7b4665-lg2qq,,83341,,,,,teastore-webui,,linkerd,outbound,,55ff7b4665,200,true,teastore,,teastore-image.teastore.svc.cluster.local:8080,linkerd,teastore-image,teastore,teastore-image-77b5d74b7d-d27bk,77b5d74b7d,default,default.teastore.serviceaccount.identity.linkerd.cluster.local,teastore,teastore-image,teastore-webui
1614827731.23,response_latency_ms_sum,,,10.1.40.188:4191,linkerd-proxy,teastore,,teastore-webui-55ff7b4665-lg2qq,,90937,,,,,teastore-webui,,linkerd,outbound,,55ff7b4665,200,true,teastore,,teastore-image.teastore.svc.cluster.local:8080,linkerd,teastore-image,teastore,teastore-image-77b5d74b7d-d27bk,77b5d74b7d,default,default.teastore.serviceaccount.identity.linkerd.cluster.local,teastore,teastore-image,teastore-webui
1614827741.23,response_latency_ms_sum,,,10.1.40.188:4191,linkerd-proxy,teastore,,teastore-webui-55ff7b4665-lg2qq,,98604,,,,,teastore-webui,,linkerd,outbound,,55ff7b4665,200,true,teastore,,teastore-image.teastore.svc.cluster.local:8080,linkerd,teastore-image,teastore,teastore-image-77b5d74b7d-d27bk,77b5d74b7d,default,default.teastore.serviceaccount.identity.linkerd.cluster.local,teastore,teastore-image,teastore-webui
1614827751.23,response_latency_ms_sum,,,10.1.40.188:4191,linkerd-proxy,teastore,,teastore-webui-55ff7b4665-lg2qq,,105723,,,,,teastore-webui,,linkerd,outbound,,55ff7b4665,200,true,teastore,,teastore-image.teastore.svc.cluster.local:8080,linkerd,teastore-image,teastore,teastore-image-77b5d74b7d-d27bk,77b5d74b7d,default,default.teastore.serviceaccount.identity.linkerd.cluster.local,teastore,teastore-image,teastore-webui
1614827761.23,response_latency_ms_sum,,,10.1.40.188:4191,linkerd-proxy,teastore,,teastore-webui-55ff7b4665-lg2qq,,112343,,,,,teastore-webui,,linkerd,outbound,,55ff7b4665,200,true,teastore,,teastore-image.teastore.svc.cluster.local:8080,linkerd,teastore-image,teastore,teastore-image-77b5d74b7d-d27bk,77b5d74b7d,default,default.teastore.serviceaccount.identity.linkerd.cluster.local,teastore,teastore-image,teastore-webui
1614827771.23,response_latency_ms_sum,,,10.1.40.188:4191,linkerd-proxy,teastore,,teastore-webui-55ff7b4665-lg2qq,,120615,,,,,teastore-webui,,linkerd,outbound,,55ff7b4665,200,true,teastore,,teastore-image.teastore.svc.cluster.local:8080,linkerd,teastore-image,teastore,teastore-image-77b5d74b7d-d27bk,77b5d74b7d,default,default.teastore.serviceaccount.identity.linkerd.cluster.local,teastore,teastore-image,teastore-webui
1614827781.23,response_latency_ms_sum,,,10.1.40.188:4191,linkerd-proxy,teastore,,teastore-webui-55ff7b4665-lg2qq,,129565,,,,,teastore-webui,,linkerd,outbound,,55ff7b4665,200,true,teastore,,teastore-image.teastore.svc.cluster.local:8080,linkerd,teastore-image,teastore,teastore-image-77b5d74b7d-d27bk,77b5d74b7d,default,default.teastore.serviceaccount.identity.linkerd.cluster.local,teastore,teastore-image,teastore-webui
1614827791.23,response_latency_ms_sum,,,10.1.40.188:4191,linkerd-proxy,teastore,,teastore-webui-55ff7b4665-lg2qq,,138091,,,,,teastore-webui,,linkerd,outbound,,55ff7b4665,200,true,teastore,,teastore-image.teastore.svc.cluster.local:8080,linkerd,teastore-image,teastore,teastore-image-77b5d74b7d-d27bk,77b5d74b7d,default,default.teastore.serviceaccount.identity.linkerd.cluster.local,teastore,teastore-image,teastore-webui
1614827801.23,response_latency_ms_sum,,,10.1.40.188:4191,linkerd-proxy,teastore,,teastore-webui-55ff7b4665-lg2qq,,146719,,,,,teastore-webui,,linkerd,outbound,,55ff7b4665,200,true,teastore,,teastore-image.teastore.svc.cluster.local:8080,linkerd,teastore-image,teastore,teastore-image-77b5d74b7d-d27bk,77b5d74b7d,default,default.teastore.serviceaccount.identity.linkerd.cluster.local,teastore,teastore-image,teastore-webui
1614827631.23,response_latency_ms_sum,,,10.1.40.188:4191,linkerd-proxy,teastore,,teastore-webui-55ff7b4665-lg2qq,,64930,,,,,teastore-webui,,linkerd,inbound,no_tls_from_remote,55ff7b4665,500,no_identity,teastore,,localhost:30080,,,,,,,,teastore,,teastore-webui
1614827641.23,response_latency_ms_sum,,,10.1.40.188:4191,linkerd-proxy,teastore,,teastore-webui-55ff7b4665-lg2qq,,64930,,,,,teastore-webui,,linkerd,inbound,no_tls_from_remote,55ff7b4665,500,no_identity,teastore,,localhost:30080,,,,,,,,teastore,,teastore-webui
1614827651.23,response_latency_ms_sum,,,10.1.40.188:4191,linkerd-proxy,teastore,,teastore-webui-55ff7b4665-lg2qq,,64930,,,,,teastore-webui,,linkerd,inbound,no_tls_from_remote,55ff7b4665,500,no_identity,teastore,,localhost:30080,,,,,,,,teastore,,teastore-webui
1614827661.23,response_latency_ms_sum,,,10.1.40.188:4191,linkerd-proxy,teastore,,teastore-webui-55ff7b4665-lg2qq,,64930,,,,,teastore-webui,,linkerd,inbound,no_tls_from_remote,55ff7b4665,500,no_identity,teastore,,localhost:30080,,,,,,,,teastore,,teastore-webui
1614827671.23,response_latency_ms_sum,,,10.1.40.188:4191,linkerd-proxy,teastore,,teastore-webui-55ff7b4665-lg2qq,,64930,,,,,teastore-webui,,linkerd,inbound,no_tls_from_remote,55ff7b4665,500,no_identity,teastore,,localhost:30080,,,,,,,,teastore,,teastore-webui
1614827681.23,response_latency_ms_sum,,,10.1.40.188:4191,linkerd-proxy,teastore,,teastore-webui-55ff7b4665-lg2qq,,64930,,,,,teastore-webui,,linkerd,inbound,no_tls_from_remote,55ff7b4665,500,no_identity,teastore,,localhost:30080,,,,,,,,teastore,,teastore-webui
1614827691.23,response_latency_ms_sum,,,10.1.40.188:4191,linkerd-proxy,teastore,,teastore-webui-55ff7b4665-lg2qq,,64930,,,,,teastore-webui,,linkerd,inbound,no_tls_from_remote,55ff7b4665,500,no_identity,teastore,,localhost:30080,,,,,,,,teastore,,teastore-webui
1614827701.23,response_latency_ms_sum,,,10.1.40.188:4191,linkerd-proxy,teastore,,teastore-webui-55ff7b4665-lg2qq,,64930,,,,,teastore-webui,,linkerd,inbound,no_tls_from_remote,55ff7b4665,500,no_identity,teastore,,localhost:30080,,,,,,,,teastore,,teastore-webui
1614827711.23,response_latency_ms_sum,,,10.1.40.188:4191,linkerd-proxy,teastore,,teastore-webui-55ff7b4665-lg2qq,,64930,,,,,teastore-webui,,linkerd,inbound,no_tls_from_remote,55ff7b4665,500,no_identity,teastore,,localhost:30080,,,,,,,,teastore,,teastore-webui
1614827721.231,response_latency_ms_sum,,,10.1.40.188:4191,linkerd-proxy,teastore,,teastore-webui-55ff7b4665-lg2qq,,64930,,,,,teastore-webui,,linkerd,inbound,no_tls_from_remote,55ff7b4665,500,no_identity,teastore,,localhost:30080,,,,,,,,teastore,,teastore-webui
1614827731.23,response_latency_ms_sum,,,10.1.40.188:4191,linkerd-proxy,teastore,,teastore-webui-55ff7b4665-lg2qq,,64930,,,,,teastore-webui,,linkerd,inbound,no_tls_from_remote,55ff7b4665,500,no_identity,teastore,,localhost:30080,,,,,,,,teastore,,teastore-webui
1614827741.23,response_latency_ms_sum,,,10.1.40.188:4191,linkerd-proxy,teastore,,teastore-webui-55ff7b4665-lg2qq,,64930,,,,,teastore-webui,,linkerd,inbound,no_tls_from_remote,55ff7b4665,500,no_identity,teastore,,localhost:30080,,,,,,,,teastore,,teastore-webui
1614827751.23,response_latency_ms_sum,,,10.1.40.188:4191,linkerd-proxy,teastore,,teastore-webui-55ff7b4665-lg2qq,,64930,,,,,teastore-webui,,linkerd,inbound,no_tls_from_remote,55ff7b4665,500,no_identity,teastore,,localhost:30080,,,,,,,,teastore,,teastore-webui
1614827761.23,response_latency_ms_sum,,,10.1.40.188:4191,linkerd-proxy,teastore,,teastore-webui-55ff7b4665-lg2qq,,64930,,,,,teastore-webui,,linkerd,inbound,no_tls_from_remote,55ff7b4665,500,no_identity,teastore,,localhost:30080,,,,,,,,teastore,,teastore-webui
1614827771.23,response_latency_ms_sum,,,10.1.40.188:4191,linkerd-proxy,teastore,,teastore-webui-55ff7b4665-lg2qq,,64930,,,,,teastore-webui,,linkerd,inbound,no_tls_from_remote,55ff7b4665,500,no_identity,teastore,,localhost:30080,,,,,,,,teastore,,teastore-webui
1614827781.23,response_latency_ms_sum,,,10.1.40.188:4191,linkerd-proxy,teastore,,teastore-webui-55ff7b4665-lg2qq,,64930,,,,,teastore-webui,,linkerd,inbound,no_tls_from_remote,55ff7b4665,500,no_identity,teastore,,localhost:30080,,,,,,,,teastore,,teastore-webui
1614827791.23,response_latency_ms_sum,,,10.1.40.188:4191,linkerd-proxy,teastore,,teastore-webui-55ff7b4665-lg2qq,,64930,,,,,teastore-webui,,linkerd,inbound,no_tls_from_remote,55ff7b4665,500,no_identity,teastore,,localhost:30080,,,,,,,,teastore,,teastore-webui
1614827801.23,response_latency_ms_sum,,,10.1.40.188:4191,linkerd-proxy,teastore,,teastore-webui-55ff7b4665-lg2qq,,64930,,,,,teastore-webui,,linkerd,inbound,no_tls_from_remote,55ff7b4665,500,no_identity,teastore,,localhost:30080,,,,,,,,teastore,,teastore-webui
1614827631.23,response_latency_ms_sum,,,10.1.40.188:4191,linkerd-proxy,teastore,,teastore-webui-55ff7b4665-lg2qq,,2886417,,,,,teastore-webui,,linkerd,inbound,no_tls_from_remote,55ff7b4665,302,no_identity,teastore,,localhost:30080,,,,,,,,teastore,,teastore-webui
1614827641.23,response_latency_ms_sum,,,10.1.40.188:4191,linkerd-proxy,teastore,,teastore-webui-55ff7b4665-lg2qq,,2892233,,,,,teastore-webui,,linkerd,inbound,no_tls_from_remote,55ff7b4665,302,no_identity,teastore,,localhost:30080,,,,,,,,teastore,,teastore-webui
1614827651.23,response_latency_ms_sum,,,10.1.40.188:4191,linkerd-proxy,teastore,,teastore-webui-55ff7b4665-lg2qq,,2905882,,,,,teastore-webui,,linkerd,inbound,no_tls_from_remote,55ff7b4665,302,no_identity,teastore,,localhost:30080,,,,,,,,teastore,,teastore-webui
1614827661.23,response_latency_ms_sum,,,10.1.40.188:4191,linkerd-proxy,teastore,,teastore-webui-55ff7b4665-lg2qq,,2928204,,,,,teastore-webui,,linkerd,inbound,no_tls_from_remote,55ff7b4665,302,no_identity,teastore,,localhost:30080,,,,,,,,teastore,,teastore-webui
1614827671.23,response_latency_ms_sum,,,10.1.40.188:4191,linkerd-proxy,teastore,,teastore-webui-55ff7b4665-lg2qq,,2957236,,,,,teastore-webui,,linkerd,inbound,no_tls_from_remote,55ff7b4665,302,no_identity,teastore,,localhost:30080,,,,,,,,teastore,,teastore-webui
1614827681.23,response_latency_ms_sum,,,10.1.40.188:4191,linkerd-proxy,teastore,,teastore-webui-55ff7b4665-lg2qq,,2996293,,,,,teastore-webui,,linkerd,inbound,no_tls_from_remote,55ff7b4665,302,no_identity,teastore,,localhost:30080,,,,,,,,teastore,,teastore-webui
1614827691.23,response_latency_ms_sum,,,10.1.40.188:4191,linkerd-proxy,teastore,,teastore-webui-55ff7b4665-lg2qq,,3048160,,,,,teastore-webui,,linkerd,inbound,no_tls_from_remote,55ff7b4665,302,no_identity,teastore,,localhost:30080,,,,,,,,teastore,,teastore-webui
1614827701.23,response_latency_ms_sum,,,10.1.40.188:4191,linkerd-proxy,teastore,,teastore-webui-55ff7b4665-lg2qq,,3116787,,,,,teastore-webui,,linkerd,inbound,no_tls_from_remote,55ff7b4665,302,no_identity,teastore,,localhost:30080,,,,,,,,teastore,,teastore-webui
1614827711.23,response_latency_ms_sum,,,10.1.40.188:4191,linkerd-proxy,teastore,,teastore-webui-55ff7b4665-lg2qq,,3185385,,,,,teastore-webui,,linkerd,inbound,no_tls_from_remote,55ff7b4665,302,no_identity,teastore,,localhost:30080,,,,,,,,teastore,,teastore-webui
1614827721.231,response_latency_ms_sum,,,10.1.40.188:4191,linkerd-proxy,teastore,,teastore-webui-55ff7b4665-lg2qq,,3278542,,,,,teastore-webui,,linkerd,inbound,no_tls_from_remote,55ff7b4665,302,no_identity,teastore,,localhost:30080,,,,,,,,teastore,,teastore-webui
1614827731.23,response_latency_ms_sum,,,10.1.40.188:4191,linkerd-proxy,teastore,,teastore-webui-55ff7b4665-lg2qq,,3385951,,,,,teastore-webui,,linkerd,inbound,no_tls_from_remote,55ff7b4665,302,no_identity,teastore,,localhost:30080,,,,,,,,teastore,,teastore-webui
1614827741.23,response_latency_ms_sum,,,10.1.40.188:4191,linkerd-proxy,teastore,,teastore-webui-55ff7b4665-lg2qq,,3498377,,,,,teastore-webui,,linkerd,inbound,no_tls_from_remote,55ff7b4665,302,no_identity,teastore,,localhost:30080,,,,,,,,teastore,,teastore-webui
1614827751.23,response_latency_ms_sum,,,10.1.40.188:4191,linkerd-proxy,teastore,,teastore-webui-55ff7b4665-lg2qq,,3609174,,,,,teastore-webui,,linkerd,inbound,no_tls_from_remote,55ff7b4665,302,no_identity,teastore,,localhost:30080,,,,,,,,teastore,,teastore-webui
1614827761.23,response_latency_ms_sum,,,10.1.40.188:4191,linkerd-proxy,teastore,,teastore-webui-55ff7b4665-lg2qq,,3719532,,,,,teastore-webui,,linkerd,inbound,no_tls_from_remote,55ff7b4665,302,no_identity,teastore,,localhost:30080,,,,,,,,teastore,,teastore-webui
1614827771.23,response_latency_ms_sum,,,10.1.40.188:4191,linkerd-proxy,teastore,,teastore-webui-55ff7b4665-lg2qq,,3828916,,,,,teastore-webui,,linkerd,inbound,no_tls_from_remote,55ff7b4665,302,no_identity,teastore,,localhost:30080,,,,,,,,teastore,,teastore-webui
1614827781.23,response_latency_ms_sum,,,10.1.40.188:4191,linkerd-proxy,teastore,,teastore-webui-55ff7b4665-lg2qq,,3952847,,,,,teastore-webui,,linkerd,inbound,no_tls_from_remote,55ff7b4665,302,no_identity,teastore,,localhost:30080,,,,,,,,teastore,,teastore-webui
1614827791.23,response_latency_ms_sum,,,10.1.40.188:4191,linkerd-proxy,teastore,,teastore-webui-55ff7b4665-lg2qq,,4051065,,,,,teastore-webui,,linkerd,inbound,no_tls_from_remote,55ff7b4665,302,no_identity,teastore,,localhost:30080,,,,,,,,teastore,,teastore-webui
1614827801.23,response_latency_ms_sum,,,10.1.40.188:4191,linkerd-proxy,teastore,,teastore-webui-55ff7b4665-lg2qq,,4202987,,,,,teastore-webui,,linkerd,inbound,no_tls_from_remote,55ff7b4665,302,no_identity,teastore,,localhost:30080,,,,,,,,teastore,,teastore-webui
1614827631.23,response_latency_ms_sum,,,10.1.40.188:4191,linkerd-proxy,teastore,,teastore-webui-55ff7b4665-lg2qq,,20709,,,,,teastore-webui,,linkerd,outbound,,55ff7b4665,200,true,teastore,,teastore-recommender.teastore.svc.cluster.local:8080,linkerd,teastore-recommender,teastore,teastore-recommender-597fccb746-dbm6l,597fccb746,default,default.teastore.serviceaccount.identity.linkerd.cluster.local,teastore,teastore-recommender,teastore-webui
1614827641.23,response_latency_ms_sum,,,10.1.40.188:4191,linkerd-proxy,teastore,,teastore-webui-55ff7b4665-lg2qq,,21025,,,,,teastore-webui,,linkerd,outbound,,55ff7b4665,200,true,teastore,,teastore-recommender.teastore.svc.cluster.local:8080,linkerd,teastore-recommender,teastore,teastore-recommender-597fccb746-dbm6l,597fccb746,default,default.teastore.serviceaccount.identity.linkerd.cluster.local,teastore,teastore-recommender,teastore-webui
1614827651.23,response_latency_ms_sum,,,10.1.40.188:4191,linkerd-proxy,teastore,,teastore-webui-55ff7b4665-lg2qq,,21567,,,,,teastore-webui,,linkerd,outbound,,55ff7b4665,200,true,teastore,,teastore-recommender.teastore.svc.cluster.local:8080,linkerd,teastore-recommender,teastore,teastore-recommender-597fccb746-dbm6l,597fccb746,default,default.teastore.serviceaccount.identity.linkerd.cluster.local,teastore,teastore-recommender,teastore-webui
1614827661.23,response_latency_ms_sum,,,10.1.40.188:4191,linkerd-proxy,teastore,,teastore-webui-55ff7b4665-lg2qq,,22235,,,,,teastore-webui,,linkerd,outbound,,55ff7b4665,200,true,teastore,,teastore-recommender.teastore.svc.cluster.local:8080,linkerd,teastore-recommender,teastore,teastore-recommender-597fccb746-dbm6l,597fccb746,default,default.teastore.serviceaccount.identity.linkerd.cluster.local,teastore,teastore-recommender,teastore-webui
1614827671.23,response_latency_ms_sum,,,10.1.40.188:4191,linkerd-proxy,teastore,,teastore-webui-55ff7b4665-lg2qq,,23191,,,,,teastore-webui,,linkerd,outbound,,55ff7b4665,200,true,teastore,,teastore-recommender.teastore.svc.cluster.local:8080,linkerd,teastore-recommender,teastore,teastore-recommender-597fccb746-dbm6l,597fccb746,default,default.teastore.serviceaccount.identity.linkerd.cluster.local,teastore,teastore-recommender,teastore-webui
1614827681.23,response_latency_ms_sum,,,10.1.40.188:4191,linkerd-proxy,teastore,,teastore-webui-55ff7b4665-lg2qq,,24470,,,,,teastore-webui,,linkerd,outbound,,55ff7b4665,200,true,teastore,,teastore-recommender.teastore.svc.cluster.local:8080,linkerd,teastore-recommender,teastore,teastore-recommender-597fccb746-dbm6l,597fccb746,default,default.teastore.serviceaccount.identity.linkerd.cluster.local,teastore,teastore-recommender,teastore-webui
1614827691.23,response_latency_ms_sum,,,10.1.40.188:4191,linkerd-proxy,teastore,,teastore-webui-55ff7b4665-lg2qq,,25689,,,,,teastore-webui,,linkerd,outbound,,55ff7b4665,200,true,teastore,,teastore-recommender.teastore.svc.cluster.local:8080,linkerd,teastore-recommender,teastore,teastore-recommender-597fccb746-dbm6l,597fccb746,default,default.teastore.serviceaccount.identity.linkerd.cluster.local,teastore,teastore-recommender,teastore-webui
1614827701.23,response_latency_ms_sum,,,10.1.40.188:4191,linkerd-proxy,teastore,,teastore-webui-55ff7b4665-lg2qq,,26927,,,,,teastore-webui,,linkerd,outbound,,55ff7b4665,200,true,teastore,,teastore-recommender.teastore.svc.cluster.local:8080,linkerd,teastore-recommender,teastore,teastore-recommender-597fccb746-dbm6l,597fccb746,default,default.teastore.serviceaccount.identity.linkerd.cluster.local,teastore,teastore-recommender,teastore-webui
1614827711.23,response_latency_ms_sum,,,10.1.40.188:4191,linkerd-proxy,teastore,,teastore-webui-55ff7b4665-lg2qq,,28006,,,,,teastore-webui,,linkerd,outbound,,55ff7b4665,200,true,teastore,,teastore-recommender.teastore.svc.cluster.local:8080,linkerd,teastore-recommender,teastore,teastore-recommender-597fccb746-dbm6l,597fccb746,default,default.teastore.serviceaccount.identity.linkerd.cluster.local,teastore,teastore-recommender,teastore-webui
1614827721.231,response_latency_ms_sum,,,10.1.40.188:4191,linkerd-proxy,teastore,,teastore-webui-55ff7b4665-lg2qq,,29394,,,,,teastore-webui,,linkerd,outbound,,55ff7b4665,200,true,teastore,,teastore-recommender.teastore.svc.cluster.local:8080,linkerd,teastore-recommender,teastore,teastore-recommender-597fccb746-dbm6l,597fccb746,default,default.teastore.serviceaccount.identity.linkerd.cluster.local,teastore,teastore-recommender,teastore-webui
1614827731.23,response_latency_ms_sum,,,10.1.40.188:4191,linkerd-proxy,teastore,,teastore-webui-55ff7b4665-lg2qq,,30729,,,,,teastore-webui,,linkerd,outbound,,55ff7b4665,200,true,teastore,,teastore-recommender.teastore.svc.cluster.local:8080,linkerd,teastore-recommender,teastore,teastore-recommender-597fccb746-dbm6l,597fccb746,default,default.teastore.serviceaccount.identity.linkerd.cluster.local,teastore,teastore-recommender,teastore-webui
1614827741.23,response_latency_ms_sum,,,10.1.40.188:4191,linkerd-proxy,teastore,,teastore-webui-55ff7b4665-lg2qq,,35091,,,,,teastore-webui,,linkerd,outbound,,55ff7b4665,200,true,teastore,,teastore-recommender.teastore.svc.cluster.local:8080,linkerd,teastore-recommender,teastore,teastore-recommender-597fccb746-dbm6l,597fccb746,default,default.teastore.serviceaccount.identity.linkerd.cluster.local,teastore,teastore-recommender,teastore-webui
1614827751.23,response_latency_ms_sum,,,10.1.40.188:4191,linkerd-proxy,teastore,,teastore-webui-55ff7b4665-lg2qq,,36496,,,,,teastore-webui,,linkerd,outbound,,55ff7b4665,200,true,teastore,,teastore-recommender.teastore.svc.cluster.local:8080,linkerd,teastore-recommender,teastore,teastore-recommender-597fccb746-dbm6l,597fccb746,default,default.teastore.serviceaccount.identity.linkerd.cluster.local,teastore,teastore-recommender,teastore-webui
1614827761.23,response_latency_ms_sum,,,10.1.40.188:4191,linkerd-proxy,teastore,,teastore-webui-55ff7b4665-lg2qq,,37947,,,,,teastore-webui,,linkerd,outbound,,55ff7b4665,200,true,teastore,,teastore-recommender.teastore.svc.cluster.local:8080,linkerd,teastore-recommender,teastore,teastore-recommender-597fccb746-dbm6l,597fccb746,default,default.teastore.serviceaccount.identity.linkerd.cluster.local,teastore,teastore-recommender,teastore-webui
1614827771.23,response_latency_ms_sum,,,10.1.40.188:4191,linkerd-proxy,teastore,,teastore-webui-55ff7b4665-lg2qq,,39444,,,,,teastore-webui,,linkerd,outbound,,55ff7b4665,200,true,teastore,,teastore-recommender.teastore.svc.cluster.local:8080,linkerd,teastore-recommender,teastore,teastore-recommender-597fccb746-dbm6l,597fccb746,default,default.teastore.serviceaccount.identity.linkerd.cluster.local,teastore,teastore-recommender,teastore-webui
1614827781.23,response_latency_ms_sum,,,10.1.40.188:4191,linkerd-proxy,teastore,,teastore-webui-55ff7b4665-lg2qq,,41143,,,,,teastore-webui,,linkerd,outbound,,55ff7b4665,200,true,teastore,,teastore-recommender.teastore.svc.cluster.local:8080,linkerd,teastore-recommender,teastore,teastore-recommender-597fccb746-dbm6l,597fccb746,default,default.teastore.serviceaccount.identity.linkerd.cluster.local,teastore,teastore-recommender,teastore-webui
1614827791.23,response_latency_ms_sum,,,10.1.40.188:4191,linkerd-proxy,teastore,,teastore-webui-55ff7b4665-lg2qq,,42713,,,,,teastore-webui,,linkerd,outbound,,55ff7b4665,200,true,teastore,,teastore-recommender.teastore.svc.cluster.local:8080,linkerd,teastore-recommender,teastore,teastore-recommender-597fccb746-dbm6l,597fccb746,default,default.teastore.serviceaccount.identity.linkerd.cluster.local,teastore,teastore-recommender,teastore-webui
1614827801.23,response_latency_ms_sum,,,10.1.40.188:4191,linkerd-proxy,teastore,,teastore-webui-55ff7b4665-lg2qq,,44600,,,,,teastore-webui,,linkerd,outbound,,55ff7b4665,200,true,teastore,,teastore-recommender.teastore.svc.cluster.local:8080,linkerd,teastore-recommender,teastore,teastore-recommender-597fccb746-dbm6l,597fccb746,default,default.teastore.serviceaccount.identity.linkerd.cluster.local,teastore,teastore-recommender,teastore-webui
1614827640.101,response_latency_ms_sum,,,10.1.37.198:4191,linkerd-proxy,linkerd,,linkerd-prometheus-5bccd64d4d-jzwmt,,4,,,,,linkerd-prometheus,prometheus,linkerd,outbound,,5bccd64d4d,200,true,linkerd,,10.1.40.189:4191,linkerd,teastore-webui,teastore,teastore-webui-55ff7b4665-zpx46,55ff7b4665,default,default.teastore.serviceaccount.identity.linkerd.cluster.local,,,
1614827650.102,response_latency_ms_sum,,,10.1.37.198:4191,linkerd-proxy,linkerd,,linkerd-prometheus-5bccd64d4d-jzwmt,,6,,,,,linkerd-prometheus,prometheus,linkerd,outbound,,5bccd64d4d,200,true,linkerd,,10.1.40.189:4191,linkerd,teastore-webui,teastore,teastore-webui-55ff7b4665-zpx46,55ff7b4665,default,default.teastore.serviceaccount.identity.linkerd.cluster.local,,,
1614827660.102,response_latency_ms_sum,,,10.1.37.198:4191,linkerd-proxy,linkerd,,linkerd-prometheus-5bccd64d4d-jzwmt,,16,,,,,linkerd-prometheus,prometheus,linkerd,outbound,,5bccd64d4d,200,true,linkerd,,10.1.40.189:4191,linkerd,teastore-webui,teastore,teastore-webui-55ff7b4665-zpx46,55ff7b4665,default,default.teastore.serviceaccount.identity.linkerd.cluster.local,,,
1614827670.101,response_latency_ms_sum,,,10.1.37.198:4191,linkerd-proxy,linkerd,,linkerd-prometheus-5bccd64d4d-jzwmt,,21,,,,,linkerd-prometheus,prometheus,linkerd,outbound,,5bccd64d4d,200,true,linkerd,,10.1.40.189:4191,linkerd,teastore-webui,teastore,teastore-webui-55ff7b4665-zpx46,55ff7b4665,default,default.teastore.serviceaccount.identity.linkerd.cluster.local,,,
1614827680.101,response_latency_ms_sum,,,10.1.37.198:4191,linkerd-proxy,linkerd,,linkerd-prometheus-5bccd64d4d-jzwmt,,26,,,,,linkerd-prometheus,prometheus,linkerd,outbound,,5bccd64d4d,200,true,linkerd,,10.1.40.189:4191,linkerd,teastore-webui,teastore,teastore-webui-55ff7b4665-zpx46,55ff7b4665,default,default.teastore.serviceaccount.identity.linkerd.cluster.local,,,
1614827690.101,response_latency_ms_sum,,,10.1.37.198:4191,linkerd-proxy,linkerd,,linkerd-prometheus-5bccd64d4d-jzwmt,,34,,,,,linkerd-prometheus,prometheus,linkerd,outbound,,5bccd64d4d,200,true,linkerd,,10.1.40.189:4191,linkerd,teastore-webui,teastore,teastore-webui-55ff7b4665-zpx46,55ff7b4665,default,default.teastore.serviceaccount.identity.linkerd.cluster.local,,,
1614827700.102,response_latency_ms_sum,,,10.1.37.198:4191,linkerd-proxy,linkerd,,linkerd-prometheus-5bccd64d4d-jzwmt,,42,,,,,linkerd-prometheus,prometheus,linkerd,outbound,,5bccd64d4d,200,true,linkerd,,10.1.40.189:4191,linkerd,teastore-webui,teastore,teastore-webui-55ff7b4665-zpx46,55ff7b4665,default,default.teastore.serviceaccount.identity.linkerd.cluster.local,,,
1614827710.101,response_latency_ms_sum,,,10.1.37.198:4191,linkerd-proxy,linkerd,,linkerd-prometheus-5bccd64d4d-jzwmt,,52,,,,,linkerd-prometheus,prometheus,linkerd,outbound,,5bccd64d4d,200,true,linkerd,,10.1.40.189:4191,linkerd,teastore-webui,teastore,teastore-webui-55ff7b4665-zpx46,55ff7b4665,default,default.teastore.serviceaccount.identity.linkerd.cluster.local,,,
1614827720.101,response_latency_ms_sum,,,10.1.37.198:4191,linkerd-proxy,linkerd,,linkerd-prometheus-5bccd64d4d-jzwmt,,58,,,,,linkerd-prometheus,prometheus,linkerd,outbound,,5bccd64d4d,200,true,linkerd,,10.1.40.189:4191,linkerd,teastore-webui,teastore,teastore-webui-55ff7b4665-zpx46,55ff7b4665,default,default.teastore.serviceaccount.identity.linkerd.cluster.local,,,
1614827730.101,response_latency_ms_sum,,,10.1.37.198:4191,linkerd-proxy,linkerd,,linkerd-prometheus-5bccd64d4d-jzwmt,,73,,,,,linkerd-prometheus,prometheus,linkerd,outbound,,5bccd64d4d,200,true,linkerd,,10.1.40.189:4191,linkerd,teastore-webui,teastore,teastore-webui-55ff7b4665-zpx46,55ff7b4665,default,default.teastore.serviceaccount.identity.linkerd.cluster.local,,,
1614827740.101,response_latency_ms_sum,,,10.1.37.198:4191,linkerd-proxy,linkerd,,linkerd-prometheus-5bccd64d4d-jzwmt,,79,,,,,linkerd-prometheus,prometheus,linkerd,outbound,,5bccd64d4d,200,true,linkerd,,10.1.40.189:4191,linkerd,teastore-webui,teastore,teastore-webui-55ff7b4665-zpx46,55ff7b4665,default,default.teastore.serviceaccount.identity.linkerd.cluster.local,,,
1614827750.101,response_latency_ms_sum,,,10.1.37.198:4191,linkerd-proxy,linkerd,,linkerd-prometheus-5bccd64d4d-jzwmt,,82,,,,,linkerd-prometheus,prometheus,linkerd,outbound,,5bccd64d4d,200,true,linkerd,,10.1.40.189:4191,linkerd,teastore-webui,teastore,teastore-webui-55ff7b4665-zpx46,55ff7b4665,default,default.teastore.serviceaccount.identity.linkerd.cluster.local,,,
1614827760.101,response_latency_ms_sum,,,10.1.37.198:4191,linkerd-proxy,linkerd,,linkerd-prometheus-5bccd64d4d-jzwmt,,86,,,,,linkerd-prometheus,prometheus,linkerd,outbound,,5bccd64d4d,200,true,linkerd,,10.1.40.189:4191,linkerd,teastore-webui,teastore,teastore-webui-55ff7b4665-zpx46,55ff7b4665,default,default.teastore.serviceaccount.identity.linkerd.cluster.local,,,
1614827770.101,response_latency_ms_sum,,,10.1.37.198:4191,linkerd-proxy,linkerd,,linkerd-prometheus-5bccd64d4d-jzwmt,,92,,,,,linkerd-prometheus,prometheus,linkerd,outbound,,5bccd64d4d,200,true,linkerd,,10.1.40.189:4191,linkerd,teastore-webui,teastore,teastore-webui-55ff7b4665-zpx46,55ff7b4665,default,default.teastore.serviceaccount.identity.linkerd.cluster.local,,,
1614827780.101,response_latency_ms_sum,,,10.1.37.198:4191,linkerd-proxy,linkerd,,linkerd-prometheus-5bccd64d4d-jzwmt,,98,,,,,linkerd-prometheus,prometheus,linkerd,outbound,,5bccd64d4d,200,true,linkerd,,10.1.40.189:4191,linkerd,teastore-webui,teastore,teastore-webui-55ff7b4665-zpx46,55ff7b4665,default,default.teastore.serviceaccount.identity.linkerd.cluster.local,,,
1614827790.101,response_latency_ms_sum,,,10.1.37.198:4191,linkerd-proxy,linkerd,,linkerd-prometheus-5bccd64d4d-jzwmt,,106,,,,,linkerd-prometheus,prometheus,linkerd,outbound,,5bccd64d4d,200,true,linkerd,,10.1.40.189:4191,linkerd,teastore-webui,teastore,teastore-webui-55ff7b4665-zpx46,55ff7b4665,default,default.teastore.serviceaccount.identity.linkerd.cluster.local,,,
1614827800.101,response_latency_ms_sum,,,10.1.37.198:4191,linkerd-proxy,linkerd,,linkerd-prometheus-5bccd64d4d-jzwmt,,109,,,,,linkerd-prometheus,prometheus,linkerd,outbound,,5bccd64d4d,200,true,linkerd,,10.1.40.189:4191,linkerd,teastore-webui,teastore,teastore-webui-55ff7b4665-zpx46,55ff7b4665,default,default.teastore.serviceaccount.identity.linkerd.cluster.local,,,
1614827631.718,response_latency_ms_sum,,,10.1.40.189:4191,linkerd-proxy,teastore,,teastore-webui-55ff7b4665-zpx46,,78,,,,,teastore-webui,,linkerd,outbound,,55ff7b4665,200,true,teastore,,teastore-registry.teastore.svc.cluster.local:8080,linkerd,teastore-registry,teastore,teastore-registry-c8b58678f-v869d,c8b58678f,default,default.teastore.serviceaccount.identity.linkerd.cluster.local,teastore,teastore-registry,teastore-webui
1614827641.718,response_latency_ms_sum,,,10.1.40.189:4191,linkerd-proxy,teastore,,teastore-webui-55ff7b4665-zpx46,,124,,,,,teastore-webui,,linkerd,outbound,,55ff7b4665,200,true,teastore,,teastore-registry.teastore.svc.cluster.local:8080,linkerd,teastore-registry,teastore,teastore-registry-c8b58678f-v869d,c8b58678f,default,default.teastore.serviceaccount.identity.linkerd.cluster.local,teastore,teastore-registry,teastore-webui
1614827651.718,response_latency_ms_sum,,,10.1.40.189:4191,linkerd-proxy,teastore,,teastore-webui-55ff7b4665-zpx46,,185,,,,,teastore-webui,,linkerd,outbound,,55ff7b4665,200,true,teastore,,teastore-registry.teastore.svc.cluster.local:8080,linkerd,teastore-registry,teastore,teastore-registry-c8b58678f-v869d,c8b58678f,default,default.teastore.serviceaccount.identity.linkerd.cluster.local,teastore,teastore-registry,teastore-webui
1614827661.717,response_latency_ms_sum,,,10.1.40.189:4191,linkerd-proxy,teastore,,teastore-webui-55ff7b4665-zpx46,,280,,,,,teastore-webui,,linkerd,outbound,,55ff7b4665,200,true,teastore,,teastore-registry.teastore.svc.cluster.local:8080,linkerd,teastore-registry,teastore,teastore-registry-c8b58678f-v869d,c8b58678f,default,default.teastore.serviceaccount.identity.linkerd.cluster.local,teastore,teastore-registry,teastore-webui
1614827671.718,response_latency_ms_sum,,,10.1.40.189:4191,linkerd-proxy,teastore,,teastore-webui-55ff7b4665-zpx46,,335,,,,,teastore-webui,,linkerd,outbound,,55ff7b4665,200,true,teastore,,teastore-registry.teastore.svc.cluster.local:8080,linkerd,teastore-registry,teastore,teastore-registry-c8b58678f-v869d,c8b58678f,default,default.teastore.serviceaccount.identity.linkerd.cluster.local,teastore,teastore-registry,teastore-webui
1614827681.717,response_latency_ms_sum,,,10.1.40.189:4191,linkerd-proxy,teastore,,teastore-webui-55ff7b4665-zpx46,,393,,,,,teastore-webui,,linkerd,outbound,,55ff7b4665,200,true,teastore,,teastore-registry.teastore.svc.cluster.local:8080,linkerd,teastore-registry,teastore,teastore-registry-c8b58678f-v869d,c8b58678f,default,default.teastore.serviceaccount.identity.linkerd.cluster.local,teastore,teastore-registry,teastore-webui
1614827691.718,response_latency_ms_sum,,,10.1.40.189:4191,linkerd-proxy,teastore,,teastore-webui-55ff7b4665-zpx46,,499,,,,,teastore-webui,,linkerd,outbound,,55ff7b4665,200,true,teastore,,teastore-registry.teastore.svc.cluster.local:8080,linkerd,teastore-registry,teastore,teastore-registry-c8b58678f-v869d,c8b58678f,default,default.teastore.serviceaccount.identity.linkerd.cluster.local,teastore,teastore-registry,teastore-webui
1614827701.718,response_latency_ms_sum,,,10.1.40.189:4191,linkerd-proxy,teastore,,teastore-webui-55ff7b4665-zpx46,,583,,,,,teastore-webui,,linkerd,outbound,,55ff7b4665,200,true,teastore,,teastore-registry.teastore.svc.cluster.local:8080,linkerd,teastore-registry,teastore,teastore-registry-c8b58678f-v869d,c8b58678f,default,default.teastore.serviceaccount.identity.linkerd.cluster.local,teastore,teastore-registry,teastore-webui
1614827711.717,response_latency_ms_sum,,,10.1.40.189:4191,linkerd-proxy,teastore,,teastore-webui-55ff7b4665-zpx46,,641,,,,,teastore-webui,,linkerd,outbound,,55ff7b4665,200,true,teastore,,teastore-registry.teastore.svc.cluster.local:8080,linkerd,teastore-registry,teastore,teastore-registry-c8b58678f-v869d,c8b58678f,default,default.teastore.serviceaccount.identity.linkerd.cluster.local,teastore,teastore-registry,teastore-webui
1614827721.718,response_latency_ms_sum,,,10.1.40.189:4191,linkerd-proxy,teastore,,teastore-webui-55ff7b4665-zpx46,,736,,,,,teastore-webui,,linkerd,outbound,,55ff7b4665,200,true,teastore,,teastore-registry.teastore.svc.cluster.local:8080,linkerd,teastore-registry,teastore,teastore-registry-c8b58678f-v869d,c8b58678f,default,default.teastore.serviceaccount.identity.linkerd.cluster.local,teastore,teastore-registry,teastore-webui
1614827731.718,response_latency_ms_sum,,,10.1.40.189:4191,linkerd-proxy,teastore,,teastore-webui-55ff7b4665-zpx46,,854,,,,,teastore-webui,,linkerd,outbound,,55ff7b4665,200,true,teastore,,teastore-registry.teastore.svc.cluster.local:8080,linkerd,teastore-registry,teastore,teastore-registry-c8b58678f-v869d,c8b58678f,default,default.teastore.serviceaccount.identity.linkerd.cluster.local,teastore,teastore-registry,teastore-webui
1614827741.718,response_latency_ms_sum,,,10.1.40.189:4191,linkerd-proxy,teastore,,teastore-webui-55ff7b4665-zpx46,,919,,,,,teastore-webui,,linkerd,outbound,,55ff7b4665,200,true,teastore,,teastore-registry.teastore.svc.cluster.local:8080,linkerd,teastore-registry,teastore,teastore-registry-c8b58678f-v869d,c8b58678f,default,default.teastore.serviceaccount.identity.linkerd.cluster.local,teastore,teastore-registry,teastore-webui
1614827751.718,response_latency_ms_sum,,,10.1.40.189:4191,linkerd-proxy,teastore,,teastore-webui-55ff7b4665-zpx46,,1020,,,,,teastore-webui,,linkerd,outbound,,55ff7b4665,200,true,teastore,,teastore-registry.teastore.svc.cluster.local:8080,linkerd,teastore-registry,teastore,teastore-registry-c8b58678f-v869d,c8b58678f,default,default.teastore.serviceaccount.identity.linkerd.cluster.local,teastore,teastore-registry,teastore-webui
1614827761.718,response_latency_ms_sum,,,10.1.40.189:4191,linkerd-proxy,teastore,,teastore-webui-55ff7b4665-zpx46,,1211,,,,,teastore-webui,,linkerd,outbound,,55ff7b4665,200,true,teastore,,teastore-registry.teastore.svc.cluster.local:8080,linkerd,teastore-registry,teastore,teastore-registry-c8b58678f-v869d,c8b58678f,default,default.teastore.serviceaccount.identity.linkerd.cluster.local,teastore,teastore-registry,teastore-webui
1614827771.718,response_latency_ms_sum,,,10.1.40.189:4191,linkerd-proxy,teastore,,teastore-webui-55ff7b4665-zpx46,,1331,,,,,teastore-webui,,linkerd,outbound,,55ff7b4665,200,true,teastore,,teastore-registry.teastore.svc.cluster.local:8080,linkerd,teastore-registry,teastore,teastore-registry-c8b58678f-v869d,c8b58678f,default,default.teastore.serviceaccount.identity.linkerd.cluster.local,teastore,teastore-registry,teastore-webui
1614827781.718,response_latency_ms_sum,,,10.1.40.189:4191,linkerd-proxy,teastore,,teastore-webui-55ff7b4665-zpx46,,1399,,,,,teastore-webui,,linkerd,outbound,,55ff7b4665,200,true,teastore,,teastore-registry.teastore.svc.cluster.local:8080,linkerd,teastore-registry,teastore,teastore-registry-c8b58678f-v869d,c8b58678f,default,default.teastore.serviceaccount.identity.linkerd.cluster.local,teastore,teastore-registry,teastore-webui
1614827791.718,response_latency_ms_sum,,,10.1.40.189:4191,linkerd-proxy,teastore,,teastore-webui-55ff7b4665-zpx46,,1472,,,,,teastore-webui,,linkerd,outbound,,55ff7b4665,200,true,teastore,,teastore-registry.teastore.svc.cluster.local:8080,linkerd,teastore-registry,teastore,teastore-registry-c8b58678f-v869d,c8b58678f,default,default.teastore.serviceaccount.identity.linkerd.cluster.local,teastore,teastore-registry,teastore-webui
1614827801.717,response_latency_ms_sum,,,10.1.40.189:4191,linkerd-proxy,teastore,,teastore-webui-55ff7b4665-zpx46,,1572,,,,,teastore-webui,,linkerd,outbound,,55ff7b4665,200,true,teastore,,teastore-registry.teastore.svc.cluster.local:8080,linkerd,teastore-registry,teastore,teastore-registry-c8b58678f-v869d,c8b58678f,default,default.teastore.serviceaccount.identity.linkerd.cluster.local,teastore,teastore-registry,teastore-webui
1614827631.718,response_latency_ms_sum,,,10.1.40.189:4191,linkerd-proxy,teastore,,teastore-webui-55ff7b4665-zpx46,,956,,,,,teastore-webui,,linkerd,inbound,no_tls_from_remote,55ff7b4665,200,no_identity,teastore,,localhost:30080,,,,,,,,teastore,,teastore-webui
1614827641.718,response_latency_ms_sum,,,10.1.40.189:4191,linkerd-proxy,teastore,,teastore-webui-55ff7b4665-zpx46,,956,,,,,teastore-webui,,linkerd,inbound,no_tls_from_remote,55ff7b4665,200,no_identity,teastore,,localhost:30080,,,,,,,,teastore,,teastore-webui
1614827651.718,response_latency_ms_sum,,,10.1.40.189:4191,linkerd-proxy,teastore,,teastore-webui-55ff7b4665-zpx46,,956,,,,,teastore-webui,,linkerd,inbound,no_tls_from_remote,55ff7b4665,200,no_identity,teastore,,localhost:30080,,,,,,,,teastore,,teastore-webui
1614827661.717,response_latency_ms_sum,,,10.1.40.189:4191,linkerd-proxy,teastore,,teastore-webui-55ff7b4665-zpx46,,956,,,,,teastore-webui,,linkerd,inbound,no_tls_from_remote,55ff7b4665,200,no_identity,teastore,,localhost:30080,,,,,,,,teastore,,teastore-webui
1614827671.718,response_latency_ms_sum,,,10.1.40.189:4191,linkerd-proxy,teastore,,teastore-webui-55ff7b4665-zpx46,,546727,,,,,teastore-webui,,linkerd,inbound,no_tls_from_remote,55ff7b4665,200,no_identity,teastore,,localhost:30080,,,,,,,,teastore,,teastore-webui
1614827681.717,response_latency_ms_sum,,,10.1.40.189:4191,linkerd-proxy,teastore,,teastore-webui-55ff7b4665-zpx46,,1109116,,,,,teastore-webui,,linkerd,inbound,no_tls_from_remote,55ff7b4665,200,no_identity,teastore,,localhost:30080,,,,,,,,teastore,,teastore-webui
1614827691.718,response_latency_ms_sum,,,10.1.40.189:4191,linkerd-proxy,teastore,,teastore-webui-55ff7b4665-zpx46,,1224136,,,,,teastore-webui,,linkerd,inbound,no_tls_from_remote,55ff7b4665,200,no_identity,teastore,,localhost:30080,,,,,,,,teastore,,teastore-webui
1614827701.718,response_latency_ms_sum,,,10.1.40.189:4191,linkerd-proxy,teastore,,teastore-webui-55ff7b4665-zpx46,,1234762,,,,,teastore-webui,,linkerd,inbound,no_tls_from_remote,55ff7b4665,200,no_identity,teastore,,localhost:30080,,,,,,,,teastore,,teastore-webui
1614827711.717,response_latency_ms_sum,,,10.1.40.189:4191,linkerd-proxy,teastore,,teastore-webui-55ff7b4665-zpx46,,2590058,,,,,teastore-webui,,linkerd,inbound,no_tls_from_remote,55ff7b4665,200,no_identity,teastore,,localhost:30080,,,,,,,,teastore,,teastore-webui
1614827721.718,response_latency_ms_sum,,,10.1.40.189:4191,linkerd-proxy,teastore,,teastore-webui-55ff7b4665-zpx46,,2613419,,,,,teastore-webui,,linkerd,inbound,no_tls_from_remote,55ff7b4665,200,no_identity,teastore,,localhost:30080,,,,,,,,teastore,,teastore-webui
1614827731.718,response_latency_ms_sum,,,10.1.40.189:4191,linkerd-proxy,teastore,,teastore-webui-55ff7b4665-zpx46,,4365464,,,,,teastore-webui,,linkerd,inbound,no_tls_from_remote,55ff7b4665,200,no_identity,teastore,,localhost:30080,,,,,,,,teastore,,teastore-webui
1614827741.718,response_latency_ms_sum,,,10.1.40.189:4191,linkerd-proxy,teastore,,teastore-webui-55ff7b4665-zpx46,,4510976,,,,,teastore-webui,,linkerd,inbound,no_tls_from_remote,55ff7b4665,200,no_identity,teastore,,localhost:30080,,,,,,,,teastore,,teastore-webui
1614827751.718,response_latency_ms_sum,,,10.1.40.189:4191,linkerd-proxy,teastore,,teastore-webui-55ff7b4665-zpx46,,4657613,,,,,teastore-webui,,linkerd,inbound,no_tls_from_remote,55ff7b4665,200,no_identity,teastore,,localhost:30080,,,,,,,,teastore,,teastore-webui
1614827761.718,response_latency_ms_sum,,,10.1.40.189:4191,linkerd-proxy,teastore,,teastore-webui-55ff7b4665-zpx46,,4717324,,,,,teastore-webui,,linkerd,inbound,no_tls_from_remote,55ff7b4665,200,no_identity,teastore,,localhost:30080,,,,,,,,teastore,,teastore-webui
1614827771.718,response_latency_ms_sum,,,10.1.40.189:4191,linkerd-proxy,teastore,,teastore-webui-55ff7b4665-zpx46,,8194077,,,,,teastore-webui,,linkerd,inbound,no_tls_from_remote,55ff7b4665,200,no_identity,teastore,,localhost:30080,,,,,,,,teastore,,teastore-webui
1614827781.718,response_latency_ms_sum,,,10.1.40.189:4191,linkerd-proxy,teastore,,teastore-webui-55ff7b4665-zpx46,,8960046,,,,,teastore-webui,,linkerd,inbound,no_tls_from_remote,55ff7b4665,200,no_identity,teastore,,localhost:30080,,,,,,,,teastore,,teastore-webui
1614827791.718,response_latency_ms_sum,,,10.1.40.189:4191,linkerd-proxy,teastore,,teastore-webui-55ff7b4665-zpx46,,9902929,,,,,teastore-webui,,linkerd,inbound,no_tls_from_remote,55ff7b4665,200,no_identity,teastore,,localhost:30080,,,,,,,,teastore,,teastore-webui
1614827801.717,response_latency_ms_sum,,,10.1.40.189:4191,linkerd-proxy,teastore,,teastore-webui-55ff7b4665-zpx46,,10826721,,,,,teastore-webui,,linkerd,inbound,no_tls_from_remote,55ff7b4665,200,no_identity,teastore,,localhost:30080,,,,,,,,teastore,,teastore-webui
1614827641.718,response_latency_ms_sum,,,10.1.40.189:4191,linkerd-proxy,teastore,,teastore-webui-55ff7b4665-zpx46,,67,,,,,teastore-webui,,linkerd,outbound,,55ff7b4665,200,true,teastore,,teastore-persistence.teastore.svc.cluster.local:8080,linkerd,teastore-persistence,teastore,teastore-persistence-d9666cc75-zcrs7,d9666cc75,default,default.teastore.serviceaccount.identity.linkerd.cluster.local,teastore,teastore-persistence,teastore-webui
1614827651.718,response_latency_ms_sum,,,10.1.40.189:4191,linkerd-proxy,teastore,,teastore-webui-55ff7b4665-zpx46,,98,,,,,teastore-webui,,linkerd,outbound,,55ff7b4665,200,true,teastore,,teastore-persistence.teastore.svc.cluster.local:8080,linkerd,teastore-persistence,teastore,teastore-persistence-d9666cc75-zcrs7,d9666cc75,default,default.teastore.serviceaccount.identity.linkerd.cluster.local,teastore,teastore-persistence,teastore-webui
1614827661.717,response_latency_ms_sum,,,10.1.40.189:4191,linkerd-proxy,teastore,,teastore-webui-55ff7b4665-zpx46,,153,,,,,teastore-webui,,linkerd,outbound,,55ff7b4665,200,true,teastore,,teastore-persistence.teastore.svc.cluster.local:8080,linkerd,teastore-persistence,teastore,teastore-persistence-d9666cc75-zcrs7,d9666cc75,default,default.teastore.serviceaccount.identity.linkerd.cluster.local,teastore,teastore-persistence,teastore-webui
1614827671.718,response_latency_ms_sum,,,10.1.40.189:4191,linkerd-proxy,teastore,,teastore-webui-55ff7b4665-zpx46,,543,,,,,teastore-webui,,linkerd,outbound,,55ff7b4665,200,true,teastore,,teastore-persistence.teastore.svc.cluster.local:8080,linkerd,teastore-persistence,teastore,teastore-persistence-d9666cc75-zcrs7,d9666cc75,default,default.teastore.serviceaccount.identity.linkerd.cluster.local,teastore,teastore-persistence,teastore-webui
1614827681.717,response_latency_ms_sum,,,10.1.40.189:4191,linkerd-proxy,teastore,,teastore-webui-55ff7b4665-zpx46,,761,,,,,teastore-webui,,linkerd,outbound,,55ff7b4665,200,true,teastore,,teastore-persistence.teastore.svc.cluster.local:8080,linkerd,teastore-persistence,teastore,teastore-persistence-d9666cc75-zcrs7,d9666cc75,default,default.teastore.serviceaccount.identity.linkerd.cluster.local,teastore,teastore-persistence,teastore-webui
1614827691.718,response_latency_ms_sum,,,10.1.40.189:4191,linkerd-proxy,teastore,,teastore-webui-55ff7b4665-zpx46,,2925,,,,,teastore-webui,,linkerd,outbound,,55ff7b4665,200,true,teastore,,teastore-persistence.teastore.svc.cluster.local:8080,linkerd,teastore-persistence,teastore,teastore-persistence-d9666cc75-zcrs7,d9666cc75,default,default.teastore.serviceaccount.identity.linkerd.cluster.local,teastore,teastore-persistence,teastore-webui
1614827701.718,response_latency_ms_sum,,,10.1.40.189:4191,linkerd-proxy,teastore,,teastore-webui-55ff7b4665-zpx46,,3335,,,,,teastore-webui,,linkerd,outbound,,55ff7b4665,200,true,teastore,,teastore-persistence.teastore.svc.cluster.local:8080,linkerd,teastore-persistence,teastore,teastore-persistence-d9666cc75-zcrs7,d9666cc75,default,default.teastore.serviceaccount.identity.linkerd.cluster.local,teastore,teastore-persistence,teastore-webui
1614827711.717,response_latency_ms_sum,,,10.1.40.189:4191,linkerd-proxy,teastore,,teastore-webui-55ff7b4665-zpx46,,7481,,,,,teastore-webui,,linkerd,outbound,,55ff7b4665,200,true,teastore,,teastore-persistence.teastore.svc.cluster.local:8080,linkerd,teastore-persistence,teastore,teastore-persistence-d9666cc75-zcrs7,d9666cc75,default,default.teastore.serviceaccount.identity.linkerd.cluster.local,teastore,teastore-persistence,teastore-webui
1614827721.718,response_latency_ms_sum,,,10.1.40.189:4191,linkerd-proxy,teastore,,teastore-webui-55ff7b4665-zpx46,,13361,,,,,teastore-webui,,linkerd,outbound,,55ff7b4665,200,true,teastore,,teastore-persistence.teastore.svc.cluster.local:8080,linkerd,teastore-persistence,teastore,teastore-persistence-d9666cc75-zcrs7,d9666cc75,default,default.teastore.serviceaccount.identity.linkerd.cluster.local,teastore,teastore-persistence,teastore-webui
1614827731.718,response_latency_ms_sum,,,10.1.40.189:4191,linkerd-proxy,teastore,,teastore-webui-55ff7b4665-zpx46,,15242,,,,,teastore-webui,,linkerd,outbound,,55ff7b4665,200,true,teastore,,teastore-persistence.teastore.svc.cluster.local:8080,linkerd,teastore-persistence,teastore,teastore-persistence-d9666cc75-zcrs7,d9666cc75,default,default.teastore.serviceaccount.identity.linkerd.cluster.local,teastore,teastore-persistence,teastore-webui
1614827741.718,response_latency_ms_sum,,,10.1.40.189:4191,linkerd-proxy,teastore,,teastore-webui-55ff7b4665-zpx46,,24293,,,,,teastore-webui,,linkerd,outbound,,55ff7b4665,200,true,teastore,,teastore-persistence.teastore.svc.cluster.local:8080,linkerd,teastore-persistence,teastore,teastore-persistence-d9666cc75-zcrs7,d9666cc75,default,default.teastore.serviceaccount.identity.linkerd.cluster.local,teastore,teastore-persistence,teastore-webui
1614827751.718,response_latency_ms_sum,,,10.1.40.189:4191,linkerd-proxy,teastore,,teastore-webui-55ff7b4665-zpx46,,34700,,,,,teastore-webui,,linkerd,outbound,,55ff7b4665,200,true,teastore,,teastore-persistence.teastore.svc.cluster.local:8080,linkerd,teastore-persistence,teastore,teastore-persistence-d9666cc75-zcrs7,d9666cc75,default,default.teastore.serviceaccount.identity.linkerd.cluster.local,teastore,teastore-persistence,teastore-webui
1614827761.718,response_latency_ms_sum,,,10.1.40.189:4191,linkerd-proxy,teastore,,teastore-webui-55ff7b4665-zpx46,,38977,,,,,teastore-webui,,linkerd,outbound,,55ff7b4665,200,true,teastore,,teastore-persistence.teastore.svc.cluster.local:8080,linkerd,teastore-persistence,teastore,teastore-persistence-d9666cc75-zcrs7,d9666cc75,default,default.teastore.serviceaccount.identity.linkerd.cluster.local,teastore,teastore-persistence,teastore-webui
1614827771.718,response_latency_ms_sum,,,10.1.40.189:4191,linkerd-proxy,teastore,,teastore-webui-55ff7b4665-zpx46,,46330,,,,,teastore-webui,,linkerd,outbound,,55ff7b4665,200,true,teastore,,teastore-persistence.teastore.svc.cluster.local:8080,linkerd,teastore-persistence,teastore,teastore-persistence-d9666cc75-zcrs7,d9666cc75,default,default.teastore.serviceaccount.identity.linkerd.cluster.local,teastore,teastore-persistence,teastore-webui
1614827781.718,response_latency_ms_sum,,,10.1.40.189:4191,linkerd-proxy,teastore,,teastore-webui-55ff7b4665-zpx46,,60398,,,,,teastore-webui,,linkerd,outbound,,55ff7b4665,200,true,teastore,,teastore-persistence.teastore.svc.cluster.local:8080,linkerd,teastore-persistence,teastore,teastore-persistence-d9666cc75-zcrs7,d9666cc75,default,default.teastore.serviceaccount.identity.linkerd.cluster.local,teastore,teastore-persistence,teastore-webui
1614827791.718,response_latency_ms_sum,,,10.1.40.189:4191,linkerd-proxy,teastore,,teastore-webui-55ff7b4665-zpx46,,80490,,,,,teastore-webui,,linkerd,outbound,,55ff7b4665,200,true,teastore,,teastore-persistence.teastore.svc.cluster.local:8080,linkerd,teastore-persistence,teastore,teastore-persistence-d9666cc75-zcrs7,d9666cc75,default,default.teastore.serviceaccount.identity.linkerd.cluster.local,teastore,teastore-persistence,teastore-webui
1614827801.717,response_latency_ms_sum,,,10.1.40.189:4191,linkerd-proxy,teastore,,teastore-webui-55ff7b4665-zpx46,,96715,,,,,teastore-webui,,linkerd,outbound,,55ff7b4665,200,true,teastore,,teastore-persistence.teastore.svc.cluster.local:8080,linkerd,teastore-persistence,teastore,teastore-persistence-d9666cc75-zcrs7,d9666cc75,default,default.teastore.serviceaccount.identity.linkerd.cluster.local,teastore,teastore-persistence,teastore-webui
1614827641.718,response_latency_ms_sum,,,10.1.40.189:4191,linkerd-proxy,teastore,,teastore-webui-55ff7b4665-zpx46,,44,,,,,teastore-webui,,linkerd,outbound,,55ff7b4665,200,true,teastore,,teastore-auth.teastore.svc.cluster.local:8080,linkerd,teastore-auth,teastore,teastore-auth-5c8f77dbb8-trzs6,5c8f77dbb8,default,default.teastore.serviceaccount.identity.linkerd.cluster.local,teastore,teastore-auth,teastore-webui
1614827651.718,response_latency_ms_sum,,,10.1.40.189:4191,linkerd-proxy,teastore,,teastore-webui-55ff7b4665-zpx46,,96,,,,,teastore-webui,,linkerd,outbound,,55ff7b4665,200,true,teastore,,teastore-auth.teastore.svc.cluster.local:8080,linkerd,teastore-auth,teastore,teastore-auth-5c8f77dbb8-trzs6,5c8f77dbb8,default,default.teastore.serviceaccount.identity.linkerd.cluster.local,teastore,teastore-auth,teastore-webui
1614827661.717,response_latency_ms_sum,,,10.1.40.189:4191,linkerd-proxy,teastore,,teastore-webui-55ff7b4665-zpx46,,148,,,,,teastore-webui,,linkerd,outbound,,55ff7b4665,200,true,teastore,,teastore-auth.teastore.svc.cluster.local:8080,linkerd,teastore-auth,teastore,teastore-auth-5c8f77dbb8-trzs6,5c8f77dbb8,default,default.teastore.serviceaccount.identity.linkerd.cluster.local,teastore,teastore-auth,teastore-webui
1614827671.718,response_latency_ms_sum,,,10.1.40.189:4191,linkerd-proxy,teastore,,teastore-webui-55ff7b4665-zpx46,,444,,,,,teastore-webui,,linkerd,outbound,,55ff7b4665,200,true,teastore,,teastore-auth.teastore.svc.cluster.local:8080,linkerd,teastore-auth,teastore,teastore-auth-5c8f77dbb8-trzs6,5c8f77dbb8,default,default.teastore.serviceaccount.identity.linkerd.cluster.local,teastore,teastore-auth,teastore-webui
1614827681.717,response_latency_ms_sum,,,10.1.40.189:4191,linkerd-proxy,teastore,,teastore-webui-55ff7b4665-zpx46,,1090,,,,,teastore-webui,,linkerd,outbound,,55ff7b4665,200,true,teastore,,teastore-auth.teastore.svc.cluster.local:8080,linkerd,teastore-auth,teastore,teastore-auth-5c8f77dbb8-trzs6,5c8f77dbb8,default,default.teastore.serviceaccount.identity.linkerd.cluster.local,teastore,teastore-auth,teastore-webui
1614827691.718,response_latency_ms_sum,,,10.1.40.189:4191,linkerd-proxy,teastore,,teastore-webui-55ff7b4665-zpx46,,2285,,,,,teastore-webui,,linkerd,outbound,,55ff7b4665,200,true,teastore,,teastore-auth.teastore.svc.cluster.local:8080,linkerd,teastore-auth,teastore,teastore-auth-5c8f77dbb8-trzs6,5c8f77dbb8,default,default.teastore.serviceaccount.identity.linkerd.cluster.local,teastore,teastore-auth,teastore-webui
1614827701.718,response_latency_ms_sum,,,10.1.40.189:4191,linkerd-proxy,teastore,,teastore-webui-55ff7b4665-zpx46,,2588,,,,,teastore-webui,,linkerd,outbound,,55ff7b4665,200,true,teastore,,teastore-auth.teastore.svc.cluster.local:8080,linkerd,teastore-auth,teastore,teastore-auth-5c8f77dbb8-trzs6,5c8f77dbb8,default,default.teastore.serviceaccount.identity.linkerd.cluster.local,teastore,teastore-auth,teastore-webui
1614827711.717,response_latency_ms_sum,,,10.1.40.189:4191,linkerd-proxy,teastore,,teastore-webui-55ff7b4665-zpx46,,3591,,,,,teastore-webui,,linkerd,outbound,,55ff7b4665,200,true,teastore,,teastore-auth.teastore.svc.cluster.local:8080,linkerd,teastore-auth,teastore,teastore-auth-5c8f77dbb8-trzs6,5c8f77dbb8,default,default.teastore.serviceaccount.identity.linkerd.cluster.local,teastore,teastore-auth,teastore-webui
1614827721.718,response_latency_ms_sum,,,10.1.40.189:4191,linkerd-proxy,teastore,,teastore-webui-55ff7b4665-zpx46,,4012,,,,,teastore-webui,,linkerd,outbound,,55ff7b4665,200,true,teastore,,teastore-auth.teastore.svc.cluster.local:8080,linkerd,teastore-auth,teastore,teastore-auth-5c8f77dbb8-trzs6,5c8f77dbb8,default,default.teastore.serviceaccount.identity.linkerd.cluster.local,teastore,teastore-auth,teastore-webui
1614827731.718,response_latency_ms_sum,,,10.1.40.189:4191,linkerd-proxy,teastore,,teastore-webui-55ff7b4665-zpx46,,4437,,,,,teastore-webui,,linkerd,outbound,,55ff7b4665,200,true,teastore,,teastore-auth.teastore.svc.cluster.local:8080,linkerd,teastore-auth,teastore,teastore-auth-5c8f77dbb8-trzs6,5c8f77dbb8,default,default.teastore.serviceaccount.identity.linkerd.cluster.local,teastore,teastore-auth,teastore-webui
1614827741.718,response_latency_ms_sum,,,10.1.40.189:4191,linkerd-proxy,teastore,,teastore-webui-55ff7b4665-zpx46,,7398,,,,,teastore-webui,,linkerd,outbound,,55ff7b4665,200,true,teastore,,teastore-auth.teastore.svc.cluster.local:8080,linkerd,teastore-auth,teastore,teastore-auth-5c8f77dbb8-trzs6,5c8f77dbb8,default,default.teastore.serviceaccount.identity.linkerd.cluster.local,teastore,teastore-auth,teastore-webui
1614827751.718,response_latency_ms_sum,,,10.1.40.189:4191,linkerd-proxy,teastore,,teastore-webui-55ff7b4665-zpx46,,8716,,,,,teastore-webui,,linkerd,outbound,,55ff7b4665,200,true,teastore,,teastore-auth.teastore.svc.cluster.local:8080,linkerd,teastore-auth,teastore,teastore-auth-5c8f77dbb8-trzs6,5c8f77dbb8,default,default.teastore.serviceaccount.identity.linkerd.cluster.local,teastore,teastore-auth,teastore-webui
1614827761.718,response_latency_ms_sum,,,10.1.40.189:4191,linkerd-proxy,teastore,,teastore-webui-55ff7b4665-zpx46,,9678,,,,,teastore-webui,,linkerd,outbound,,55ff7b4665,200,true,teastore,,teastore-auth.teastore.svc.cluster.local:8080,linkerd,teastore-auth,teastore,teastore-auth-5c8f77dbb8-trzs6,5c8f77dbb8,default,default.teastore.serviceaccount.identity.linkerd.cluster.local,teastore,teastore-auth,teastore-webui
1614827771.718,response_latency_ms_sum,,,10.1.40.189:4191,linkerd-proxy,teastore,,teastore-webui-55ff7b4665-zpx46,,10733,,,,,teastore-webui,,linkerd,outbound,,55ff7b4665,200,true,teastore,,teastore-auth.teastore.svc.cluster.local:8080,linkerd,teastore-auth,teastore,teastore-auth-5c8f77dbb8-trzs6,5c8f77dbb8,default,default.teastore.serviceaccount.identity.linkerd.cluster.local,teastore,teastore-auth,teastore-webui
1614827781.718,response_latency_ms_sum,,,10.1.40.189:4191,linkerd-proxy,teastore,,teastore-webui-55ff7b4665-zpx46,,13894,,,,,teastore-webui,,linkerd,outbound,,55ff7b4665,200,true,teastore,,teastore-auth.teastore.svc.cluster.local:8080,linkerd,teastore-auth,teastore,teastore-auth-5c8f77dbb8-trzs6,5c8f77dbb8,default,default.teastore.serviceaccount.identity.linkerd.cluster.local,teastore,teastore-auth,teastore-webui
1614827791.718,response_latency_ms_sum,,,10.1.40.189:4191,linkerd-proxy,teastore,,teastore-webui-55ff7b4665-zpx46,,16601,,,,,teastore-webui,,linkerd,outbound,,55ff7b4665,200,true,teastore,,teastore-auth.teastore.svc.cluster.local:8080,linkerd,teastore-auth,teastore,teastore-auth-5c8f77dbb8-trzs6,5c8f77dbb8,default,default.teastore.serviceaccount.identity.linkerd.cluster.local,teastore,teastore-auth,teastore-webui
1614827801.717,response_latency_ms_sum,,,10.1.40.189:4191,linkerd-proxy,teastore,,teastore-webui-55ff7b4665-zpx46,,19061,,,,,teastore-webui,,linkerd,outbound,,55ff7b4665,200,true,teastore,,teastore-auth.teastore.svc.cluster.local:8080,linkerd,teastore-auth,teastore,teastore-auth-5c8f77dbb8-trzs6,5c8f77dbb8,default,default.teastore.serviceaccount.identity.linkerd.cluster.local,teastore,teastore-auth,teastore-webui
1614827641.718,response_latency_ms_sum,,,10.1.40.189:4191,linkerd-proxy,teastore,,teastore-webui-55ff7b4665-zpx46,,29,,,,,teastore-webui,,linkerd,outbound,,55ff7b4665,200,true,teastore,,teastore-image.teastore.svc.cluster.local:8080,linkerd,teastore-image,teastore,teastore-image-77b5d74b7d-d27bk,77b5d74b7d,default,default.teastore.serviceaccount.identity.linkerd.cluster.local,teastore,teastore-image,teastore-webui
1614827651.718,response_latency_ms_sum,,,10.1.40.189:4191,linkerd-proxy,teastore,,teastore-webui-55ff7b4665-zpx46,,76,,,,,teastore-webui,,linkerd,outbound,,55ff7b4665,200,true,teastore,,teastore-image.teastore.svc.cluster.local:8080,linkerd,teastore-image,teastore,teastore-image-77b5d74b7d-d27bk,77b5d74b7d,default,default.teastore.serviceaccount.identity.linkerd.cluster.local,teastore,teastore-image,teastore-webui
1614827661.717,response_latency_ms_sum,,,10.1.40.189:4191,linkerd-proxy,teastore,,teastore-webui-55ff7b4665-zpx46,,143,,,,,teastore-webui,,linkerd,outbound,,55ff7b4665,200,true,teastore,,teastore-image.teastore.svc.cluster.local:8080,linkerd,teastore-image,teastore,teastore-image-77b5d74b7d-d27bk,77b5d74b7d,default,default.teastore.serviceaccount.identity.linkerd.cluster.local,teastore,teastore-image,teastore-webui
1614827671.718,response_latency_ms_sum,,,10.1.40.189:4191,linkerd-proxy,teastore,,teastore-webui-55ff7b4665-zpx46,,430,,,,,teastore-webui,,linkerd,outbound,,55ff7b4665,200,true,teastore,,teastore-image.teastore.svc.cluster.local:8080,linkerd,teastore-image,teastore,teastore-image-77b5d74b7d-d27bk,77b5d74b7d,default,default.teastore.serviceaccount.identity.linkerd.cluster.local,teastore,teastore-image,teastore-webui
1614827681.717,response_latency_ms_sum,,,10.1.40.189:4191,linkerd-proxy,teastore,,teastore-webui-55ff7b4665-zpx46,,590,,,,,teastore-webui,,linkerd,outbound,,55ff7b4665,200,true,teastore,,teastore-image.teastore.svc.cluster.local:8080,linkerd,teastore-image,teastore,teastore-image-77b5d74b7d-d27bk,77b5d74b7d,default,default.teastore.serviceaccount.identity.linkerd.cluster.local,teastore,teastore-image,teastore-webui
1614827691.718,response_latency_ms_sum,,,10.1.40.189:4191,linkerd-proxy,teastore,,teastore-webui-55ff7b4665-zpx46,,2306,,,,,teastore-webui,,linkerd,outbound,,55ff7b4665,200,true,teastore,,teastore-image.teastore.svc.cluster.local:8080,linkerd,teastore-image,teastore,teastore-image-77b5d74b7d-d27bk,77b5d74b7d,default,default.teastore.serviceaccount.identity.linkerd.cluster.local,teastore,teastore-image,teastore-webui
1614827701.718,response_latency_ms_sum,,,10.1.40.189:4191,linkerd-proxy,teastore,,teastore-webui-55ff7b4665-zpx46,,2583,,,,,teastore-webui,,linkerd,outbound,,55ff7b4665,200,true,teastore,,teastore-image.teastore.svc.cluster.local:8080,linkerd,teastore-image,teastore,teastore-image-77b5d74b7d-d27bk,77b5d74b7d,default,default.teastore.serviceaccount.identity.linkerd.cluster.local,teastore,teastore-image,teastore-webui
1614827711.717,response_latency_ms_sum,,,10.1.40.189:4191,linkerd-proxy,teastore,,teastore-webui-55ff7b4665-zpx46,,2890,,,,,teastore-webui,,linkerd,outbound,,55ff7b4665,200,true,teastore,,teastore-image.teastore.svc.cluster.local:8080,linkerd,teastore-image,teastore,teastore-image-77b5d74b7d-d27bk,77b5d74b7d,default,default.teastore.serviceaccount.identity.linkerd.cluster.local,teastore,teastore-image,teastore-webui
1614827721.718,response_latency_ms_sum,,,10.1.40.189:4191,linkerd-proxy,teastore,,teastore-webui-55ff7b4665-zpx46,,5572,,,,,teastore-webui,,linkerd,outbound,,55ff7b4665,200,true,teastore,,teastore-image.teastore.svc.cluster.local:8080,linkerd,teastore-image,teastore,teastore-image-77b5d74b7d-d27bk,77b5d74b7d,default,default.teastore.serviceaccount.identity.linkerd.cluster.local,teastore,teastore-image,teastore-webui
1614827731.718,response_latency_ms_sum,,,10.1.40.189:4191,linkerd-proxy,teastore,,teastore-webui-55ff7b4665-zpx46,,6051,,,,,teastore-webui,,linkerd,outbound,,55ff7b4665,200,true,teastore,,teastore-image.teastore.svc.cluster.local:8080,linkerd,teastore-image,teastore,teastore-image-77b5d74b7d-d27bk,77b5d74b7d,default,default.teastore.serviceaccount.identity.linkerd.cluster.local,teastore,teastore-image,teastore-webui
1614827741.718,response_latency_ms_sum,,,10.1.40.189:4191,linkerd-proxy,teastore,,teastore-webui-55ff7b4665-zpx46,,7500,,,,,teastore-webui,,linkerd,outbound,,55ff7b4665,200,true,teastore,,teastore-image.teastore.svc.cluster.local:8080,linkerd,teastore-image,teastore,teastore-image-77b5d74b7d-d27bk,77b5d74b7d,default,default.teastore.serviceaccount.identity.linkerd.cluster.local,teastore,teastore-image,teastore-webui
1614827751.718,response_latency_ms_sum,,,10.1.40.189:4191,linkerd-proxy,teastore,,teastore-webui-55ff7b4665-zpx46,,9911,,,,,teastore-webui,,linkerd,outbound,,55ff7b4665,200,true,teastore,,teastore-image.teastore.svc.cluster.local:8080,linkerd,teastore-image,teastore,teastore-image-77b5d74b7d-d27bk,77b5d74b7d,default,default.teastore.serviceaccount.identity.linkerd.cluster.local,teastore,teastore-image,teastore-webui
1614827761.718,response_latency_ms_sum,,,10.1.40.189:4191,linkerd-proxy,teastore,,teastore-webui-55ff7b4665-zpx46,,11017,,,,,teastore-webui,,linkerd,outbound,,55ff7b4665,200,true,teastore,,teastore-image.teastore.svc.cluster.local:8080,linkerd,teastore-image,teastore,teastore-image-77b5d74b7d-d27bk,77b5d74b7d,default,default.teastore.serviceaccount.identity.linkerd.cluster.local,teastore,teastore-image,teastore-webui
1614827771.718,response_latency_ms_sum,,,10.1.40.189:4191,linkerd-proxy,teastore,,teastore-webui-55ff7b4665-zpx46,,14238,,,,,teastore-webui,,linkerd,outbound,,55ff7b4665,200,true,teastore,,teastore-image.teastore.svc.cluster.local:8080,linkerd,teastore-image,teastore,teastore-image-77b5d74b7d-d27bk,77b5d74b7d,default,default.teastore.serviceaccount.identity.linkerd.cluster.local,teastore,teastore-image,teastore-webui
1614827781.718,response_latency_ms_sum,,,10.1.40.189:4191,linkerd-proxy,teastore,,teastore-webui-55ff7b4665-zpx46,,17568,,,,,teastore-webui,,linkerd,outbound,,55ff7b4665,200,true,teastore,,teastore-image.teastore.svc.cluster.local:8080,linkerd,teastore-image,teastore,teastore-image-77b5d74b7d-d27bk,77b5d74b7d,default,default.teastore.serviceaccount.identity.linkerd.cluster.local,teastore,teastore-image,teastore-webui
1614827791.718,response_latency_ms_sum,,,10.1.40.189:4191,linkerd-proxy,teastore,,teastore-webui-55ff7b4665-zpx46,,22057,,,,,teastore-webui,,linkerd,outbound,,55ff7b4665,200,true,teastore,,teastore-image.teastore.svc.cluster.local:8080,linkerd,teastore-image,teastore,teastore-image-77b5d74b7d-d27bk,77b5d74b7d,default,default.teastore.serviceaccount.identity.linkerd.cluster.local,teastore,teastore-image,teastore-webui
1614827801.717,response_latency_ms_sum,,,10.1.40.189:4191,linkerd-proxy,teastore,,teastore-webui-55ff7b4665-zpx46,,26265,,,,,teastore-webui,,linkerd,outbound,,55ff7b4665,200,true,teastore,,teastore-image.teastore.svc.cluster.local:8080,linkerd,teastore-image,teastore,teastore-image-77b5d74b7d-d27bk,77b5d74b7d,default,default.teastore.serviceaccount.identity.linkerd.cluster.local,teastore,teastore-image,teastore-webui
1614827671.718,response_latency_ms_sum,,,10.1.40.189:4191,linkerd-proxy,teastore,,teastore-webui-55ff7b4665-zpx46,,30974,,,,,teastore-webui,,linkerd,inbound,no_tls_from_remote,55ff7b4665,500,no_identity,teastore,,localhost:30080,,,,,,,,teastore,,teastore-webui
1614827681.717,response_latency_ms_sum,,,10.1.40.189:4191,linkerd-proxy,teastore,,teastore-webui-55ff7b4665-zpx46,,30974,,,,,teastore-webui,,linkerd,inbound,no_tls_from_remote,55ff7b4665,500,no_identity,teastore,,localhost:30080,,,,,,,,teastore,,teastore-webui
1614827691.718,response_latency_ms_sum,,,10.1.40.189:4191,linkerd-proxy,teastore,,teastore-webui-55ff7b4665-zpx46,,30974,,,,,teastore-webui,,linkerd,inbound,no_tls_from_remote,55ff7b4665,500,no_identity,teastore,,localhost:30080,,,,,,,,teastore,,teastore-webui
1614827701.718,response_latency_ms_sum,,,10.1.40.189:4191,linkerd-proxy,teastore,,teastore-webui-55ff7b4665-zpx46,,30974,,,,,teastore-webui,,linkerd,inbound,no_tls_from_remote,55ff7b4665,500,no_identity,teastore,,localhost:30080,,,,,,,,teastore,,teastore-webui
1614827711.717,response_latency_ms_sum,,,10.1.40.189:4191,linkerd-proxy,teastore,,teastore-webui-55ff7b4665-zpx46,,30974,,,,,teastore-webui,,linkerd,inbound,no_tls_from_remote,55ff7b4665,500,no_identity,teastore,,localhost:30080,,,,,,,,teastore,,teastore-webui
1614827721.718,response_latency_ms_sum,,,10.1.40.189:4191,linkerd-proxy,teastore,,teastore-webui-55ff7b4665-zpx46,,30974,,,,,teastore-webui,,linkerd,inbound,no_tls_from_remote,55ff7b4665,500,no_identity,teastore,,localhost:30080,,,,,,,,teastore,,teastore-webui
1614827731.718,response_latency_ms_sum,,,10.1.40.189:4191,linkerd-proxy,teastore,,teastore-webui-55ff7b4665-zpx46,,30974,,,,,teastore-webui,,linkerd,inbound,no_tls_from_remote,55ff7b4665,500,no_identity,teastore,,localhost:30080,,,,,,,,teastore,,teastore-webui
1614827741.718,response_latency_ms_sum,,,10.1.40.189:4191,linkerd-proxy,teastore,,teastore-webui-55ff7b4665-zpx46,,33302,,,,,teastore-webui,,linkerd,inbound,no_tls_from_remote,55ff7b4665,500,no_identity,teastore,,localhost:30080,,,,,,,,teastore,,teastore-webui
1614827751.718,response_latency_ms_sum,,,10.1.40.189:4191,linkerd-proxy,teastore,,teastore-webui-55ff7b4665-zpx46,,33302,,,,,teastore-webui,,linkerd,inbound,no_tls_from_remote,55ff7b4665,500,no_identity,teastore,,localhost:30080,,,,,,,,teastore,,teastore-webui
1614827761.718,response_latency_ms_sum,,,10.1.40.189:4191,linkerd-proxy,teastore,,teastore-webui-55ff7b4665-zpx46,,33302,,,,,teastore-webui,,linkerd,inbound,no_tls_from_remote,55ff7b4665,500,no_identity,teastore,,localhost:30080,,,,,,,,teastore,,teastore-webui
1614827771.718,response_latency_ms_sum,,,10.1.40.189:4191,linkerd-proxy,teastore,,teastore-webui-55ff7b4665-zpx46,,33302,,,,,teastore-webui,,linkerd,inbound,no_tls_from_remote,55ff7b4665,500,no_identity,teastore,,localhost:30080,,,,,,,,teastore,,teastore-webui
1614827781.718,response_latency_ms_sum,,,10.1.40.189:4191,linkerd-proxy,teastore,,teastore-webui-55ff7b4665-zpx46,,33302,,,,,teastore-webui,,linkerd,inbound,no_tls_from_remote,55ff7b4665,500,no_identity,teastore,,localhost:30080,,,,,,,,teastore,,teastore-webui
1614827791.718,response_latency_ms_sum,,,10.1.40.189:4191,linkerd-proxy,teastore,,teastore-webui-55ff7b4665-zpx46,,33302,,,,,teastore-webui,,linkerd,inbound,no_tls_from_remote,55ff7b4665,500,no_identity,teastore,,localhost:30080,,,,,,,,teastore,,teastore-webui
1614827801.717,response_latency_ms_sum,,,10.1.40.189:4191,linkerd-proxy,teastore,,teastore-webui-55ff7b4665-zpx46,,33302,,,,,teastore-webui,,linkerd,inbound,no_tls_from_remote,55ff7b4665,500,no_identity,teastore,,localhost:30080,,,,,,,,teastore,,teastore-webui
1614827681.717,response_latency_ms_sum,,,10.1.40.189:4191,linkerd-proxy,teastore,,teastore-webui-55ff7b4665-zpx46,,60388,,,,,teastore-webui,,linkerd,inbound,no_tls_from_remote,55ff7b4665,302,no_identity,teastore,,localhost:30080,,,,,,,,teastore,,teastore-webui
1614827691.718,response_latency_ms_sum,,,10.1.40.189:4191,linkerd-proxy,teastore,,teastore-webui-55ff7b4665-zpx46,,117154,,,,,teastore-webui,,linkerd,inbound,no_tls_from_remote,55ff7b4665,302,no_identity,teastore,,localhost:30080,,,,,,,,teastore,,teastore-webui
1614827701.718,response_latency_ms_sum,,,10.1.40.189:4191,linkerd-proxy,teastore,,teastore-webui-55ff7b4665-zpx46,,119080,,,,,teastore-webui,,linkerd,inbound,no_tls_from_remote,55ff7b4665,302,no_identity,teastore,,localhost:30080,,,,,,,,teastore,,teastore-webui
1614827711.717,response_latency_ms_sum,,,10.1.40.189:4191,linkerd-proxy,teastore,,teastore-webui-55ff7b4665-zpx46,,120966,,,,,teastore-webui,,linkerd,inbound,no_tls_from_remote,55ff7b4665,302,no_identity,teastore,,localhost:30080,,,,,,,,teastore,,teastore-webui
1614827721.718,response_latency_ms_sum,,,10.1.40.189:4191,linkerd-proxy,teastore,,teastore-webui-55ff7b4665-zpx46,,124808,,,,,teastore-webui,,linkerd,inbound,no_tls_from_remote,55ff7b4665,302,no_identity,teastore,,localhost:30080,,,,,,,,teastore,,teastore-webui
1614827731.718,response_latency_ms_sum,,,10.1.40.189:4191,linkerd-proxy,teastore,,teastore-webui-55ff7b4665-zpx46,,126124,,,,,teastore-webui,,linkerd,inbound,no_tls_from_remote,55ff7b4665,302,no_identity,teastore,,localhost:30080,,,,,,,,teastore,,teastore-webui
1614827741.718,response_latency_ms_sum,,,10.1.40.189:4191,linkerd-proxy,teastore,,teastore-webui-55ff7b4665-zpx46,,475531,,,,,teastore-webui,,linkerd,inbound,no_tls_from_remote,55ff7b4665,302,no_identity,teastore,,localhost:30080,,,,,,,,teastore,,teastore-webui
1614827751.718,response_latency_ms_sum,,,10.1.40.189:4191,linkerd-proxy,teastore,,teastore-webui-55ff7b4665-zpx46,,498367,,,,,teastore-webui,,linkerd,inbound,no_tls_from_remote,55ff7b4665,302,no_identity,teastore,,localhost:30080,,,,,,,,teastore,,teastore-webui
1614827761.718,response_latency_ms_sum,,,10.1.40.189:4191,linkerd-proxy,teastore,,teastore-webui-55ff7b4665-zpx46,,505304,,,,,teastore-webui,,linkerd,inbound,no_tls_from_remote,55ff7b4665,302,no_identity,teastore,,localhost:30080,,,,,,,,teastore,,teastore-webui
1614827771.718,response_latency_ms_sum,,,10.1.40.189:4191,linkerd-proxy,teastore,,teastore-webui-55ff7b4665-zpx46,,541890,,,,,teastore-webui,,linkerd,inbound,no_tls_from_remote,55ff7b4665,302,no_identity,teastore,,localhost:30080,,,,,,,,teastore,,teastore-webui
1614827781.718,response_latency_ms_sum,,,10.1.40.189:4191,linkerd-proxy,teastore,,teastore-webui-55ff7b4665-zpx46,,618275,,,,,teastore-webui,,linkerd,inbound,no_tls_from_remote,55ff7b4665,302,no_identity,teastore,,localhost:30080,,,,,,,,teastore,,teastore-webui
1614827791.718,response_latency_ms_sum,,,10.1.40.189:4191,linkerd-proxy,teastore,,teastore-webui-55ff7b4665-zpx46,,727112,,,,,teastore-webui,,linkerd,inbound,no_tls_from_remote,55ff7b4665,302,no_identity,teastore,,localhost:30080,,,,,,,,teastore,,teastore-webui
1614827801.717,response_latency_ms_sum,,,10.1.40.189:4191,linkerd-proxy,teastore,,teastore-webui-55ff7b4665-zpx46,,758966,,,,,teastore-webui,,linkerd,inbound,no_tls_from_remote,55ff7b4665,302,no_identity,teastore,,localhost:30080,,,,,,,,teastore,,teastore-webui
1614827711.717,response_latency_ms_sum,,,10.1.40.189:4191,linkerd-proxy,teastore,,teastore-webui-55ff7b4665-zpx46,,483,,,,,teastore-webui,,linkerd,outbound,,55ff7b4665,200,true,teastore,,teastore-recommender.teastore.svc.cluster.local:8080,linkerd,teastore-recommender,teastore,teastore-recommender-597fccb746-dbm6l,597fccb746,default,default.teastore.serviceaccount.identity.linkerd.cluster.local,teastore,teastore-recommender,teastore-webui
1614827721.718,response_latency_ms_sum,,,10.1.40.189:4191,linkerd-proxy,teastore,,teastore-webui-55ff7b4665-zpx46,,546,,,,,teastore-webui,,linkerd,outbound,,55ff7b4665,200,true,teastore,,teastore-recommender.teastore.svc.cluster.local:8080,linkerd,teastore-recommender,teastore,teastore-recommender-597fccb746-dbm6l,597fccb746,default,default.teastore.serviceaccount.identity.linkerd.cluster.local,teastore,teastore-recommender,teastore-webui
1614827731.718,response_latency_ms_sum,,,10.1.40.189:4191,linkerd-proxy,teastore,,teastore-webui-55ff7b4665-zpx46,,609,,,,,teastore-webui,,linkerd,outbound,,55ff7b4665,200,true,teastore,,teastore-recommender.teastore.svc.cluster.local:8080,linkerd,teastore-recommender,teastore,teastore-recommender-597fccb746-dbm6l,597fccb746,default,default.teastore.serviceaccount.identity.linkerd.cluster.local,teastore,teastore-recommender,teastore-webui
1614827741.718,response_latency_ms_sum,,,10.1.40.189:4191,linkerd-proxy,teastore,,teastore-webui-55ff7b4665-zpx46,,1378,,,,,teastore-webui,,linkerd,outbound,,55ff7b4665,200,true,teastore,,teastore-recommender.teastore.svc.cluster.local:8080,linkerd,teastore-recommender,teastore,teastore-recommender-597fccb746-dbm6l,597fccb746,default,default.teastore.serviceaccount.identity.linkerd.cluster.local,teastore,teastore-recommender,teastore-webui
1614827751.718,response_latency_ms_sum,,,10.1.40.189:4191,linkerd-proxy,teastore,,teastore-webui-55ff7b4665-zpx46,,1699,,,,,teastore-webui,,linkerd,outbound,,55ff7b4665,200,true,teastore,,teastore-recommender.teastore.svc.cluster.local:8080,linkerd,teastore-recommender,teastore,teastore-recommender-597fccb746-dbm6l,597fccb746,default,default.teastore.serviceaccount.identity.linkerd.cluster.local,teastore,teastore-recommender,teastore-webui
1614827761.718,response_latency_ms_sum,,,10.1.40.189:4191,linkerd-proxy,teastore,,teastore-webui-55ff7b4665-zpx46,,1889,,,,,teastore-webui,,linkerd,outbound,,55ff7b4665,200,true,teastore,,teastore-recommender.teastore.svc.cluster.local:8080,linkerd,teastore-recommender,teastore,teastore-recommender-597fccb746-dbm6l,597fccb746,default,default.teastore.serviceaccount.identity.linkerd.cluster.local,teastore,teastore-recommender,teastore-webui
1614827771.718,response_latency_ms_sum,,,10.1.40.189:4191,linkerd-proxy,teastore,,teastore-webui-55ff7b4665-zpx46,,2028,,,,,teastore-webui,,linkerd,outbound,,55ff7b4665,200,true,teastore,,teastore-recommender.teastore.svc.cluster.local:8080,linkerd,teastore-recommender,teastore,teastore-recommender-597fccb746-dbm6l,597fccb746,default,default.teastore.serviceaccount.identity.linkerd.cluster.local,teastore,teastore-recommender,teastore-webui
1614827781.718,response_latency_ms_sum,,,10.1.40.189:4191,linkerd-proxy,teastore,,teastore-webui-55ff7b4665-zpx46,,2850,,,,,teastore-webui,,linkerd,outbound,,55ff7b4665,200,true,teastore,,teastore-recommender.teastore.svc.cluster.local:8080,linkerd,teastore-recommender,teastore,teastore-recommender-597fccb746-dbm6l,597fccb746,default,default.teastore.serviceaccount.identity.linkerd.cluster.local,teastore,teastore-recommender,teastore-webui
1614827791.718,response_latency_ms_sum,,,10.1.40.189:4191,linkerd-proxy,teastore,,teastore-webui-55ff7b4665-zpx46,,3763,,,,,teastore-webui,,linkerd,outbound,,55ff7b4665,200,true,teastore,,teastore-recommender.teastore.svc.cluster.local:8080,linkerd,teastore-recommender,teastore,teastore-recommender-597fccb746-dbm6l,597fccb746,default,default.teastore.serviceaccount.identity.linkerd.cluster.local,teastore,teastore-recommender,teastore-webui
1614827801.717,response_latency_ms_sum,,,10.1.40.189:4191,linkerd-proxy,teastore,,teastore-webui-55ff7b4665-zpx46,,4414,,,,,teastore-webui,,linkerd,outbound,,55ff7b4665,200,true,teastore,,teastore-recommender.teastore.svc.cluster.local:8080,linkerd,teastore-recommender,teastore,teastore-recommender-597fccb746-dbm6l,597fccb746,default,default.teastore.serviceaccount.identity.linkerd.cluster.local,teastore,teastore-recommender,teastore-webui
1614827640.101,response_latency_ms_count,,,10.1.37.198:4191,linkerd-proxy,linkerd,,linkerd-prometheus-5bccd64d4d-jzwmt,,70858,,,,,linkerd-prometheus,prometheus,linkerd,inbound,no_tls_from_remote,5bccd64d4d,200,no_identity,linkerd,,,,,,,,,,,,
1614827650.102,response_latency_ms_count,,,10.1.37.198:4191,linkerd-proxy,linkerd,,linkerd-prometheus-5bccd64d4d-jzwmt,,70861,,,,,linkerd-prometheus,prometheus,linkerd,inbound,no_tls_from_remote,5bccd64d4d,200,no_identity,linkerd,,,,,,,,,,,,
1614827660.102,response_latency_ms_count,,,10.1.37.198:4191,linkerd-proxy,linkerd,,linkerd-prometheus-5bccd64d4d-jzwmt,,70863,,,,,linkerd-prometheus,prometheus,linkerd,inbound,no_tls_from_remote,5bccd64d4d,200,no_identity,linkerd,,,,,,,,,,,,
1614827670.101,response_latency_ms_count,,,10.1.37.198:4191,linkerd-proxy,linkerd,,linkerd-prometheus-5bccd64d4d-jzwmt,,70865,,,,,linkerd-prometheus,prometheus,linkerd,inbound,no_tls_from_remote,5bccd64d4d,200,no_identity,linkerd,,,,,,,,,,,,
1614827680.101,response_latency_ms_count,,,10.1.37.198:4191,linkerd-proxy,linkerd,,linkerd-prometheus-5bccd64d4d-jzwmt,,70868,,,,,linkerd-prometheus,prometheus,linkerd,inbound,no_tls_from_remote,5bccd64d4d,200,no_identity,linkerd,,,,,,,,,,,,
1614827690.101,response_latency_ms_count,,,10.1.37.198:4191,linkerd-proxy,linkerd,,linkerd-prometheus-5bccd64d4d-jzwmt,,70870,,,,,linkerd-prometheus,prometheus,linkerd,inbound,no_tls_from_remote,5bccd64d4d,200,no_identity,linkerd,,,,,,,,,,,,
1614827700.102,response_latency_ms_count,,,10.1.37.198:4191,linkerd-proxy,linkerd,,linkerd-prometheus-5bccd64d4d-jzwmt,,70872,,,,,linkerd-prometheus,prometheus,linkerd,inbound,no_tls_from_remote,5bccd64d4d,200,no_identity,linkerd,,,,,,,,,,,,
1614827710.101,response_latency_ms_count,,,10.1.37.198:4191,linkerd-proxy,linkerd,,linkerd-prometheus-5bccd64d4d-jzwmt,,70875,,,,,linkerd-prometheus,prometheus,linkerd,inbound,no_tls_from_remote,5bccd64d4d,200,no_identity,linkerd,,,,,,,,,,,,
1614827720.101,response_latency_ms_count,,,10.1.37.198:4191,linkerd-proxy,linkerd,,linkerd-prometheus-5bccd64d4d-jzwmt,,70877,,,,,linkerd-prometheus,prometheus,linkerd,inbound,no_tls_from_remote,5bccd64d4d,200,no_identity,linkerd,,,,,,,,,,,,
1614827730.101,response_latency_ms_count,,,10.1.37.198:4191,linkerd-proxy,linkerd,,linkerd-prometheus-5bccd64d4d-jzwmt,,70879,,,,,linkerd-prometheus,prometheus,linkerd,inbound,no_tls_from_remote,5bccd64d4d,200,no_identity,linkerd,,,,,,,,,,,,
1614827740.101,response_latency_ms_count,,,10.1.37.198:4191,linkerd-proxy,linkerd,,linkerd-prometheus-5bccd64d4d-jzwmt,,70882,,,,,linkerd-prometheus,prometheus,linkerd,inbound,no_tls_from_remote,5bccd64d4d,200,no_identity,linkerd,,,,,,,,,,,,
1614827750.101,response_latency_ms_count,,,10.1.37.198:4191,linkerd-proxy,linkerd,,linkerd-prometheus-5bccd64d4d-jzwmt,,70884,,,,,linkerd-prometheus,prometheus,linkerd,inbound,no_tls_from_remote,5bccd64d4d,200,no_identity,linkerd,,,,,,,,,,,,
1614827760.101,response_latency_ms_count,,,10.1.37.198:4191,linkerd-proxy,linkerd,,linkerd-prometheus-5bccd64d4d-jzwmt,,70886,,,,,linkerd-prometheus,prometheus,linkerd,inbound,no_tls_from_remote,5bccd64d4d,200,no_identity,linkerd,,,,,,,,,,,,
1614827770.101,response_latency_ms_count,,,10.1.37.198:4191,linkerd-proxy,linkerd,,linkerd-prometheus-5bccd64d4d-jzwmt,,70889,,,,,linkerd-prometheus,prometheus,linkerd,inbound,no_tls_from_remote,5bccd64d4d,200,no_identity,linkerd,,,,,,,,,,,,
1614827780.101,response_latency_ms_count,,,10.1.37.198:4191,linkerd-proxy,linkerd,,linkerd-prometheus-5bccd64d4d-jzwmt,,70891,,,,,linkerd-prometheus,prometheus,linkerd,inbound,no_tls_from_remote,5bccd64d4d,200,no_identity,linkerd,,,,,,,,,,,,
1614827790.101,response_latency_ms_count,,,10.1.37.198:4191,linkerd-proxy,linkerd,,linkerd-prometheus-5bccd64d4d-jzwmt,,70893,,,,,linkerd-prometheus,prometheus,linkerd,inbound,no_tls_from_remote,5bccd64d4d,200,no_identity,linkerd,,,,,,,,,,,,
1614827800.101,response_latency_ms_count,,,10.1.37.198:4191,linkerd-proxy,linkerd,,linkerd-prometheus-5bccd64d4d-jzwmt,,70896,,,,,linkerd-prometheus,prometheus,linkerd,inbound,no_tls_from_remote,5bccd64d4d,200,no_identity,linkerd,,,,,,,,,,,,
1614827633.702,response_latency_ms_count,,,10.1.37.192:4191,linkerd-proxy,linkerd,,linkerd-web-b48d9c89b-49fzh,,0,,,,,linkerd-web,web,linkerd,inbound,no_tls_from_remote,b48d9c89b,,no_identity,linkerd,,,,,,,,,,,,
1614827643.702,response_latency_ms_count,,,10.1.37.192:4191,linkerd-proxy,linkerd,,linkerd-web-b48d9c89b-49fzh,,0,,,,,linkerd-web,web,linkerd,inbound,no_tls_from_remote,b48d9c89b,,no_identity,linkerd,,,,,,,,,,,,
1614827653.702,response_latency_ms_count,,,10.1.37.192:4191,linkerd-proxy,linkerd,,linkerd-web-b48d9c89b-49fzh,,0,,,,,linkerd-web,web,linkerd,inbound,no_tls_from_remote,b48d9c89b,,no_identity,linkerd,,,,,,,,,,,,
1614827663.705,response_latency_ms_count,,,10.1.37.192:4191,linkerd-proxy,linkerd,,linkerd-web-b48d9c89b-49fzh,,0,,,,,linkerd-web,web,linkerd,inbound,no_tls_from_remote,b48d9c89b,,no_identity,linkerd,,,,,,,,,,,,
1614827673.707,response_latency_ms_count,,,10.1.37.192:4191,linkerd-proxy,linkerd,,linkerd-web-b48d9c89b-49fzh,,0,,,,,linkerd-web,web,linkerd,inbound,no_tls_from_remote,b48d9c89b,,no_identity,linkerd,,,,,,,,,,,,
1614827683.702,response_latency_ms_count,,,10.1.37.192:4191,linkerd-proxy,linkerd,,linkerd-web-b48d9c89b-49fzh,,0,,,,,linkerd-web,web,linkerd,inbound,no_tls_from_remote,b48d9c89b,,no_identity,linkerd,,,,,,,,,,,,
1614827693.705,response_latency_ms_count,,,10.1.37.192:4191,linkerd-proxy,linkerd,,linkerd-web-b48d9c89b-49fzh,,0,,,,,linkerd-web,web,linkerd,inbound,no_tls_from_remote,b48d9c89b,,no_identity,linkerd,,,,,,,,,,,,
1614827703.71,response_latency_ms_count,,,10.1.37.192:4191,linkerd-proxy,linkerd,,linkerd-web-b48d9c89b-49fzh,,0,,,,,linkerd-web,web,linkerd,inbound,no_tls_from_remote,b48d9c89b,,no_identity,linkerd,,,,,,,,,,,,
1614827713.702,response_latency_ms_count,,,10.1.37.192:4191,linkerd-proxy,linkerd,,linkerd-web-b48d9c89b-49fzh,,0,,,,,linkerd-web,web,linkerd,inbound,no_tls_from_remote,b48d9c89b,,no_identity,linkerd,,,,,,,,,,,,
1614827723.707,response_latency_ms_count,,,10.1.37.192:4191,linkerd-proxy,linkerd,,linkerd-web-b48d9c89b-49fzh,,0,,,,,linkerd-web,web,linkerd,inbound,no_tls_from_remote,b48d9c89b,,no_identity,linkerd,,,,,,,,,,,,
1614827733.704,response_latency_ms_count,,,10.1.37.192:4191,linkerd-proxy,linkerd,,linkerd-web-b48d9c89b-49fzh,,0,,,,,linkerd-web,web,linkerd,inbound,no_tls_from_remote,b48d9c89b,,no_identity,linkerd,,,,,,,,,,,,
1614827743.702,response_latency_ms_count,,,10.1.37.192:4191,linkerd-proxy,linkerd,,linkerd-web-b48d9c89b-49fzh,,0,,,,,linkerd-web,web,linkerd,inbound,no_tls_from_remote,b48d9c89b,,no_identity,linkerd,,,,,,,,,,,,
1614827753.702,response_latency_ms_count,,,10.1.37.192:4191,linkerd-proxy,linkerd,,linkerd-web-b48d9c89b-49fzh,,0,,,,,linkerd-web,web,linkerd,inbound,no_tls_from_remote,b48d9c89b,,no_identity,linkerd,,,,,,,,,,,,
1614827763.702,response_latency_ms_count,,,10.1.37.192:4191,linkerd-proxy,linkerd,,linkerd-web-b48d9c89b-49fzh,,0,,,,,linkerd-web,web,linkerd,inbound,no_tls_from_remote,b48d9c89b,,no_identity,linkerd,,,,,,,,,,,,
1614827773.702,response_latency_ms_count,,,10.1.37.192:4191,linkerd-proxy,linkerd,,linkerd-web-b48d9c89b-49fzh,,0,,,,,linkerd-web,web,linkerd,inbound,no_tls_from_remote,b48d9c89b,,no_identity,linkerd,,,,,,,,,,,,
1614827783.702,response_latency_ms_count,,,10.1.37.192:4191,linkerd-proxy,linkerd,,linkerd-web-b48d9c89b-49fzh,,0,,,,,linkerd-web,web,linkerd,inbound,no_tls_from_remote,b48d9c89b,,no_identity,linkerd,,,,,,,,,,,,
1614827793.702,response_latency_ms_count,,,10.1.37.192:4191,linkerd-proxy,linkerd,,linkerd-web-b48d9c89b-49fzh,,0,,,,,linkerd-web,web,linkerd,inbound,no_tls_from_remote,b48d9c89b,,no_identity,linkerd,,,,,,,,,,,,
1614827803.702,response_latency_ms_count,,,10.1.37.192:4191,linkerd-proxy,linkerd,,linkerd-web-b48d9c89b-49fzh,,0,,,,,linkerd-web,web,linkerd,inbound,no_tls_from_remote,b48d9c89b,,no_identity,linkerd,,,,,,,,,,,,
1614827633.702,response_latency_ms_count,,,10.1.37.192:4191,linkerd-proxy,linkerd,,linkerd-web-b48d9c89b-49fzh,,60733,,,,,linkerd-web,web,linkerd,inbound,no_tls_from_remote,b48d9c89b,200,no_identity,linkerd,,,,,,,,,,,,
1614827643.702,response_latency_ms_count,,,10.1.37.192:4191,linkerd-proxy,linkerd,,linkerd-web-b48d9c89b-49fzh,,60735,,,,,linkerd-web,web,linkerd,inbound,no_tls_from_remote,b48d9c89b,200,no_identity,linkerd,,,,,,,,,,,,
1614827653.702,response_latency_ms_count,,,10.1.37.192:4191,linkerd-proxy,linkerd,,linkerd-web-b48d9c89b-49fzh,,60737,,,,,linkerd-web,web,linkerd,inbound,no_tls_from_remote,b48d9c89b,200,no_identity,linkerd,,,,,,,,,,,,
1614827663.705,response_latency_ms_count,,,10.1.37.192:4191,linkerd-proxy,linkerd,,linkerd-web-b48d9c89b-49fzh,,60739,,,,,linkerd-web,web,linkerd,inbound,no_tls_from_remote,b48d9c89b,200,no_identity,linkerd,,,,,,,,,,,,
1614827673.707,response_latency_ms_count,,,10.1.37.192:4191,linkerd-proxy,linkerd,,linkerd-web-b48d9c89b-49fzh,,60741,,,,,linkerd-web,web,linkerd,inbound,no_tls_from_remote,b48d9c89b,200,no_identity,linkerd,,,,,,,,,,,,
1614827683.702,response_latency_ms_count,,,10.1.37.192:4191,linkerd-proxy,linkerd,,linkerd-web-b48d9c89b-49fzh,,60743,,,,,linkerd-web,web,linkerd,inbound,no_tls_from_remote,b48d9c89b,200,no_identity,linkerd,,,,,,,,,,,,
1614827693.705,response_latency_ms_count,,,10.1.37.192:4191,linkerd-proxy,linkerd,,linkerd-web-b48d9c89b-49fzh,,60745,,,,,linkerd-web,web,linkerd,inbound,no_tls_from_remote,b48d9c89b,200,no_identity,linkerd,,,,,,,,,,,,
1614827703.71,response_latency_ms_count,,,10.1.37.192:4191,linkerd-proxy,linkerd,,linkerd-web-b48d9c89b-49fzh,,60747,,,,,linkerd-web,web,linkerd,inbound,no_tls_from_remote,b48d9c89b,200,no_identity,linkerd,,,,,,,,,,,,
1614827713.702,response_latency_ms_count,,,10.1.37.192:4191,linkerd-proxy,linkerd,,linkerd-web-b48d9c89b-49fzh,,60749,,,,,linkerd-web,web,linkerd,inbound,no_tls_from_remote,b48d9c89b,200,no_identity,linkerd,,,,,,,,,,,,
1614827723.707,response_latency_ms_count,,,10.1.37.192:4191,linkerd-proxy,linkerd,,linkerd-web-b48d9c89b-49fzh,,60751,,,,,linkerd-web,web,linkerd,inbound,no_tls_from_remote,b48d9c89b,200,no_identity,linkerd,,,,,,,,,,,,
1614827733.704,response_latency_ms_count,,,10.1.37.192:4191,linkerd-proxy,linkerd,,linkerd-web-b48d9c89b-49fzh,,60753,,,,,linkerd-web,web,linkerd,inbound,no_tls_from_remote,b48d9c89b,200,no_identity,linkerd,,,,,,,,,,,,
1614827743.702,response_latency_ms_count,,,10.1.37.192:4191,linkerd-proxy,linkerd,,linkerd-web-b48d9c89b-49fzh,,60755,,,,,linkerd-web,web,linkerd,inbound,no_tls_from_remote,b48d9c89b,200,no_identity,linkerd,,,,,,,,,,,,
1614827753.702,response_latency_ms_count,,,10.1.37.192:4191,linkerd-proxy,linkerd,,linkerd-web-b48d9c89b-49fzh,,60757,,,,,linkerd-web,web,linkerd,inbound,no_tls_from_remote,b48d9c89b,200,no_identity,linkerd,,,,,,,,,,,,
1614827763.702,response_latency_ms_count,,,10.1.37.192:4191,linkerd-proxy,linkerd,,linkerd-web-b48d9c89b-49fzh,,60759,,,,,linkerd-web,web,linkerd,inbound,no_tls_from_remote,b48d9c89b,200,no_identity,linkerd,,,,,,,,,,,,
1614827773.702,response_latency_ms_count,,,10.1.37.192:4191,linkerd-proxy,linkerd,,linkerd-web-b48d9c89b-49fzh,,60761,,,,,linkerd-web,web,linkerd,inbound,no_tls_from_remote,b48d9c89b,200,no_identity,linkerd,,,,,,,,,,,,
1614827783.702,response_latency_ms_count,,,10.1.37.192:4191,linkerd-proxy,linkerd,,linkerd-web-b48d9c89b-49fzh,,60763,,,,,linkerd-web,web,linkerd,inbound,no_tls_from_remote,b48d9c89b,200,no_identity,linkerd,,,,,,,,,,,,
1614827793.702,response_latency_ms_count,,,10.1.37.192:4191,linkerd-proxy,linkerd,,linkerd-web-b48d9c89b-49fzh,,60765,,,,,linkerd-web,web,linkerd,inbound,no_tls_from_remote,b48d9c89b,200,no_identity,linkerd,,,,,,,,,,,,
1614827803.702,response_latency_ms_count,,,10.1.37.192:4191,linkerd-proxy,linkerd,,linkerd-web-b48d9c89b-49fzh,,60767,,,,,linkerd-web,web,linkerd,inbound,no_tls_from_remote,b48d9c89b,200,no_identity,linkerd,,,,,,,,,,,,
1614827633.727,response_latency_ms_count,,,10.1.37.190:4191,linkerd-proxy,linkerd,,linkerd-proxy-injector-666c478cbb-z7nnc,,0,,,,,linkerd-proxy-injector,proxy-injector,linkerd,inbound,no_tls_from_remote,666c478cbb,,no_identity,linkerd,,,,,,,,,,,,
1614827643.727,response_latency_ms_count,,,10.1.37.190:4191,linkerd-proxy,linkerd,,linkerd-proxy-injector-666c478cbb-z7nnc,,0,,,,,linkerd-proxy-injector,proxy-injector,linkerd,inbound,no_tls_from_remote,666c478cbb,,no_identity,linkerd,,,,,,,,,,,,
1614827653.727,response_latency_ms_count,,,10.1.37.190:4191,linkerd-proxy,linkerd,,linkerd-proxy-injector-666c478cbb-z7nnc,,0,,,,,linkerd-proxy-injector,proxy-injector,linkerd,inbound,no_tls_from_remote,666c478cbb,,no_identity,linkerd,,,,,,,,,,,,
1614827663.727,response_latency_ms_count,,,10.1.37.190:4191,linkerd-proxy,linkerd,,linkerd-proxy-injector-666c478cbb-z7nnc,,0,,,,,linkerd-proxy-injector,proxy-injector,linkerd,inbound,no_tls_from_remote,666c478cbb,,no_identity,linkerd,,,,,,,,,,,,
1614827673.727,response_latency_ms_count,,,10.1.37.190:4191,linkerd-proxy,linkerd,,linkerd-proxy-injector-666c478cbb-z7nnc,,0,,,,,linkerd-proxy-injector,proxy-injector,linkerd,inbound,no_tls_from_remote,666c478cbb,,no_identity,linkerd,,,,,,,,,,,,
1614827683.728,response_latency_ms_count,,,10.1.37.190:4191,linkerd-proxy,linkerd,,linkerd-proxy-injector-666c478cbb-z7nnc,,0,,,,,linkerd-proxy-injector,proxy-injector,linkerd,inbound,no_tls_from_remote,666c478cbb,,no_identity,linkerd,,,,,,,,,,,,
1614827693.727,response_latency_ms_count,,,10.1.37.190:4191,linkerd-proxy,linkerd,,linkerd-proxy-injector-666c478cbb-z7nnc,,0,,,,,linkerd-proxy-injector,proxy-injector,linkerd,inbound,no_tls_from_remote,666c478cbb,,no_identity,linkerd,,,,,,,,,,,,
1614827703.727,response_latency_ms_count,,,10.1.37.190:4191,linkerd-proxy,linkerd,,linkerd-proxy-injector-666c478cbb-z7nnc,,0,,,,,linkerd-proxy-injector,proxy-injector,linkerd,inbound,no_tls_from_remote,666c478cbb,,no_identity,linkerd,,,,,,,,,,,,
1614827713.727,response_latency_ms_count,,,10.1.37.190:4191,linkerd-proxy,linkerd,,linkerd-proxy-injector-666c478cbb-z7nnc,,0,,,,,linkerd-proxy-injector,proxy-injector,linkerd,inbound,no_tls_from_remote,666c478cbb,,no_identity,linkerd,,,,,,,,,,,,
1614827723.727,response_latency_ms_count,,,10.1.37.190:4191,linkerd-proxy,linkerd,,linkerd-proxy-injector-666c478cbb-z7nnc,,0,,,,,linkerd-proxy-injector,proxy-injector,linkerd,inbound,no_tls_from_remote,666c478cbb,,no_identity,linkerd,,,,,,,,,,,,
1614827733.727,response_latency_ms_count,,,10.1.37.190:4191,linkerd-proxy,linkerd,,linkerd-proxy-injector-666c478cbb-z7nnc,,0,,,,,linkerd-proxy-injector,proxy-injector,linkerd,inbound,no_tls_from_remote,666c478cbb,,no_identity,linkerd,,,,,,,,,,,,
1614827743.727,response_latency_ms_count,,,10.1.37.190:4191,linkerd-proxy,linkerd,,linkerd-proxy-injector-666c478cbb-z7nnc,,0,,,,,linkerd-proxy-injector,proxy-injector,linkerd,inbound,no_tls_from_remote,666c478cbb,,no_identity,linkerd,,,,,,,,,,,,
1614827753.727,response_latency_ms_count,,,10.1.37.190:4191,linkerd-proxy,linkerd,,linkerd-proxy-injector-666c478cbb-z7nnc,,0,,,,,linkerd-proxy-injector,proxy-injector,linkerd,inbound,no_tls_from_remote,666c478cbb,,no_identity,linkerd,,,,,,,,,,,,
1614827763.727,response_latency_ms_count,,,10.1.37.190:4191,linkerd-proxy,linkerd,,linkerd-proxy-injector-666c478cbb-z7nnc,,0,,,,,linkerd-proxy-injector,proxy-injector,linkerd,inbound,no_tls_from_remote,666c478cbb,,no_identity,linkerd,,,,,,,,,,,,
1614827773.727,response_latency_ms_count,,,10.1.37.190:4191,linkerd-proxy,linkerd,,linkerd-proxy-injector-666c478cbb-z7nnc,,0,,,,,linkerd-proxy-injector,proxy-injector,linkerd,inbound,no_tls_from_remote,666c478cbb,,no_identity,linkerd,,,,,,,,,,,,
1614827783.729,response_latency_ms_count,,,10.1.37.190:4191,linkerd-proxy,linkerd,,linkerd-proxy-injector-666c478cbb-z7nnc,,0,,,,,linkerd-proxy-injector,proxy-injector,linkerd,inbound,no_tls_from_remote,666c478cbb,,no_identity,linkerd,,,,,,,,,,,,
1614827793.727,response_latency_ms_count,,,10.1.37.190:4191,linkerd-proxy,linkerd,,linkerd-proxy-injector-666c478cbb-z7nnc,,0,,,,,linkerd-proxy-injector,proxy-injector,linkerd,inbound,no_tls_from_remote,666c478cbb,,no_identity,linkerd,,,,,,,,,,,,
1614827803.727,response_latency_ms_count,,,10.1.37.190:4191,linkerd-proxy,linkerd,,linkerd-proxy-injector-666c478cbb-z7nnc,,0,,,,,linkerd-proxy-injector,proxy-injector,linkerd,inbound,no_tls_from_remote,666c478cbb,,no_identity,linkerd,,,,,,,,,,,,
1614827633.727,response_latency_ms_count,,,10.1.37.190:4191,linkerd-proxy,linkerd,,linkerd-proxy-injector-666c478cbb-z7nnc,,60733,,,,,linkerd-proxy-injector,proxy-injector,linkerd,inbound,no_tls_from_remote,666c478cbb,200,no_identity,linkerd,,,,,,,,,,,,
1614827643.727,response_latency_ms_count,,,10.1.37.190:4191,linkerd-proxy,linkerd,,linkerd-proxy-injector-666c478cbb-z7nnc,,60735,,,,,linkerd-proxy-injector,proxy-injector,linkerd,inbound,no_tls_from_remote,666c478cbb,200,no_identity,linkerd,,,,,,,,,,,,
1614827653.727,response_latency_ms_count,,,10.1.37.190:4191,linkerd-proxy,linkerd,,linkerd-proxy-injector-666c478cbb-z7nnc,,60737,,,,,linkerd-proxy-injector,proxy-injector,linkerd,inbound,no_tls_from_remote,666c478cbb,200,no_identity,linkerd,,,,,,,,,,,,
1614827663.727,response_latency_ms_count,,,10.1.37.190:4191,linkerd-proxy,linkerd,,linkerd-proxy-injector-666c478cbb-z7nnc,,60739,,,,,linkerd-proxy-injector,proxy-injector,linkerd,inbound,no_tls_from_remote,666c478cbb,200,no_identity,linkerd,,,,,,,,,,,,
1614827673.727,response_latency_ms_count,,,10.1.37.190:4191,linkerd-proxy,linkerd,,linkerd-proxy-injector-666c478cbb-z7nnc,,60741,,,,,linkerd-proxy-injector,proxy-injector,linkerd,inbound,no_tls_from_remote,666c478cbb,200,no_identity,linkerd,,,,,,,,,,,,
1614827683.728,response_latency_ms_count,,,10.1.37.190:4191,linkerd-proxy,linkerd,,linkerd-proxy-injector-666c478cbb-z7nnc,,60743,,,,,linkerd-proxy-injector,proxy-injector,linkerd,inbound,no_tls_from_remote,666c478cbb,200,no_identity,linkerd,,,,,,,,,,,,
1614827693.727,response_latency_ms_count,,,10.1.37.190:4191,linkerd-proxy,linkerd,,linkerd-proxy-injector-666c478cbb-z7nnc,,60745,,,,,linkerd-proxy-injector,proxy-injector,linkerd,inbound,no_tls_from_remote,666c478cbb,200,no_identity,linkerd,,,,,,,,,,,,
1614827703.727,response_latency_ms_count,,,10.1.37.190:4191,linkerd-proxy,linkerd,,linkerd-proxy-injector-666c478cbb-z7nnc,,60747,,,,,linkerd-proxy-injector,proxy-injector,linkerd,inbound,no_tls_from_remote,666c478cbb,200,no_identity,linkerd,,,,,,,,,,,,
1614827713.727,response_latency_ms_count,,,10.1.37.190:4191,linkerd-proxy,linkerd,,linkerd-proxy-injector-666c478cbb-z7nnc,,60749,,,,,linkerd-proxy-injector,proxy-injector,linkerd,inbound,no_tls_from_remote,666c478cbb,200,no_identity,linkerd,,,,,,,,,,,,
1614827723.727,response_latency_ms_count,,,10.1.37.190:4191,linkerd-proxy,linkerd,,linkerd-proxy-injector-666c478cbb-z7nnc,,60751,,,,,linkerd-proxy-injector,proxy-injector,linkerd,inbound,no_tls_from_remote,666c478cbb,200,no_identity,linkerd,,,,,,,,,,,,
1614827733.727,response_latency_ms_count,,,10.1.37.190:4191,linkerd-proxy,linkerd,,linkerd-proxy-injector-666c478cbb-z7nnc,,60753,,,,,linkerd-proxy-injector,proxy-injector,linkerd,inbound,no_tls_from_remote,666c478cbb,200,no_identity,linkerd,,,,,,,,,,,,
1614827743.727,response_latency_ms_count,,,10.1.37.190:4191,linkerd-proxy,linkerd,,linkerd-proxy-injector-666c478cbb-z7nnc,,60755,,,,,linkerd-proxy-injector,proxy-injector,linkerd,inbound,no_tls_from_remote,666c478cbb,200,no_identity,linkerd,,,,,,,,,,,,
1614827753.727,response_latency_ms_count,,,10.1.37.190:4191,linkerd-proxy,linkerd,,linkerd-proxy-injector-666c478cbb-z7nnc,,60757,,,,,linkerd-proxy-injector,proxy-injector,linkerd,inbound,no_tls_from_remote,666c478cbb,200,no_identity,linkerd,,,,,,,,,,,,
1614827763.727,response_latency_ms_count,,,10.1.37.190:4191,linkerd-proxy,linkerd,,linkerd-proxy-injector-666c478cbb-z7nnc,,60759,,,,,linkerd-proxy-injector,proxy-injector,linkerd,inbound,no_tls_from_remote,666c478cbb,200,no_identity,linkerd,,,,,,,,,,,,
1614827773.727,response_latency_ms_count,,,10.1.37.190:4191,linkerd-proxy,linkerd,,linkerd-proxy-injector-666c478cbb-z7nnc,,60761,,,,,linkerd-proxy-injector,proxy-injector,linkerd,inbound,no_tls_from_remote,666c478cbb,200,no_identity,linkerd,,,,,,,,,,,,
1614827783.729,response_latency_ms_count,,,10.1.37.190:4191,linkerd-proxy,linkerd,,linkerd-proxy-injector-666c478cbb-z7nnc,,60763,,,,,linkerd-proxy-injector,proxy-injector,linkerd,inbound,no_tls_from_remote,666c478cbb,200,no_identity,linkerd,,,,,,,,,,,,
1614827793.727,response_latency_ms_count,,,10.1.37.190:4191,linkerd-proxy,linkerd,,linkerd-proxy-injector-666c478cbb-z7nnc,,60765,,,,,linkerd-proxy-injector,proxy-injector,linkerd,inbound,no_tls_from_remote,666c478cbb,200,no_identity,linkerd,,,,,,,,,,,,
1614827803.727,response_latency_ms_count,,,10.1.37.190:4191,linkerd-proxy,linkerd,,linkerd-proxy-injector-666c478cbb-z7nnc,,60767,,,,,linkerd-proxy-injector,proxy-injector,linkerd,inbound,no_tls_from_remote,666c478cbb,200,no_identity,linkerd,,,,,,,,,,,,
1614827636.762,response_latency_ms_count,,,10.1.37.195:4191,linkerd-proxy,linkerd,,linkerd-tap-75785bb98d-dvlv2,,60740,,,,,linkerd-tap,tap,linkerd,inbound,no_tls_from_remote,75785bb98d,200,no_identity,linkerd,,,,,,,,,,,,
1614827646.762,response_latency_ms_count,,,10.1.37.195:4191,linkerd-proxy,linkerd,,linkerd-tap-75785bb98d-dvlv2,,60742,,,,,linkerd-tap,tap,linkerd,inbound,no_tls_from_remote,75785bb98d,200,no_identity,linkerd,,,,,,,,,,,,
1614827656.762,response_latency_ms_count,,,10.1.37.195:4191,linkerd-proxy,linkerd,,linkerd-tap-75785bb98d-dvlv2,,60744,,,,,linkerd-tap,tap,linkerd,inbound,no_tls_from_remote,75785bb98d,200,no_identity,linkerd,,,,,,,,,,,,
1614827666.762,response_latency_ms_count,,,10.1.37.195:4191,linkerd-proxy,linkerd,,linkerd-tap-75785bb98d-dvlv2,,60746,,,,,linkerd-tap,tap,linkerd,inbound,no_tls_from_remote,75785bb98d,200,no_identity,linkerd,,,,,,,,,,,,
1614827676.762,response_latency_ms_count,,,10.1.37.195:4191,linkerd-proxy,linkerd,,linkerd-tap-75785bb98d-dvlv2,,60748,,,,,linkerd-tap,tap,linkerd,inbound,no_tls_from_remote,75785bb98d,200,no_identity,linkerd,,,,,,,,,,,,
1614827686.762,response_latency_ms_count,,,10.1.37.195:4191,linkerd-proxy,linkerd,,linkerd-tap-75785bb98d-dvlv2,,60750,,,,,linkerd-tap,tap,linkerd,inbound,no_tls_from_remote,75785bb98d,200,no_identity,linkerd,,,,,,,,,,,,
1614827696.762,response_latency_ms_count,,,10.1.37.195:4191,linkerd-proxy,linkerd,,linkerd-tap-75785bb98d-dvlv2,,60752,,,,,linkerd-tap,tap,linkerd,inbound,no_tls_from_remote,75785bb98d,200,no_identity,linkerd,,,,,,,,,,,,
1614827706.762,response_latency_ms_count,,,10.1.37.195:4191,linkerd-proxy,linkerd,,linkerd-tap-75785bb98d-dvlv2,,60754,,,,,linkerd-tap,tap,linkerd,inbound,no_tls_from_remote,75785bb98d,200,no_identity,linkerd,,,,,,,,,,,,
1614827716.762,response_latency_ms_count,,,10.1.37.195:4191,linkerd-proxy,linkerd,,linkerd-tap-75785bb98d-dvlv2,,60756,,,,,linkerd-tap,tap,linkerd,inbound,no_tls_from_remote,75785bb98d,200,no_identity,linkerd,,,,,,,,,,,,
1614827726.762,response_latency_ms_count,,,10.1.37.195:4191,linkerd-proxy,linkerd,,linkerd-tap-75785bb98d-dvlv2,,60758,,,,,linkerd-tap,tap,linkerd,inbound,no_tls_from_remote,75785bb98d,200,no_identity,linkerd,,,,,,,,,,,,
1614827736.762,response_latency_ms_count,,,10.1.37.195:4191,linkerd-proxy,linkerd,,linkerd-tap-75785bb98d-dvlv2,,60760,,,,,linkerd-tap,tap,linkerd,inbound,no_tls_from_remote,75785bb98d,200,no_identity,linkerd,,,,,,,,,,,,
1614827746.762,response_latency_ms_count,,,10.1.37.195:4191,linkerd-proxy,linkerd,,linkerd-tap-75785bb98d-dvlv2,,60762,,,,,linkerd-tap,tap,linkerd,inbound,no_tls_from_remote,75785bb98d,200,no_identity,linkerd,,,,,,,,,,,,
1614827756.762,response_latency_ms_count,,,10.1.37.195:4191,linkerd-proxy,linkerd,,linkerd-tap-75785bb98d-dvlv2,,60764,,,,,linkerd-tap,tap,linkerd,inbound,no_tls_from_remote,75785bb98d,200,no_identity,linkerd,,,,,,,,,,,,
1614827766.762,response_latency_ms_count,,,10.1.37.195:4191,linkerd-proxy,linkerd,,linkerd-tap-75785bb98d-dvlv2,,60766,,,,,linkerd-tap,tap,linkerd,inbound,no_tls_from_remote,75785bb98d,200,no_identity,linkerd,,,,,,,,,,,,
1614827776.762,response_latency_ms_count,,,10.1.37.195:4191,linkerd-proxy,linkerd,,linkerd-tap-75785bb98d-dvlv2,,60768,,,,,linkerd-tap,tap,linkerd,inbound,no_tls_from_remote,75785bb98d,200,no_identity,linkerd,,,,,,,,,,,,
1614827786.762,response_latency_ms_count,,,10.1.37.195:4191,linkerd-proxy,linkerd,,linkerd-tap-75785bb98d-dvlv2,,60770,,,,,linkerd-tap,tap,linkerd,inbound,no_tls_from_remote,75785bb98d,200,no_identity,linkerd,,,,,,,,,,,,
1614827796.762,response_latency_ms_count,,,10.1.37.195:4191,linkerd-proxy,linkerd,,linkerd-tap-75785bb98d-dvlv2,,60772,,,,,linkerd-tap,tap,linkerd,inbound,no_tls_from_remote,75785bb98d,200,no_identity,linkerd,,,,,,,,,,,,
1614827806.762,response_latency_ms_count,,,10.1.37.195:4191,linkerd-proxy,linkerd,,linkerd-tap-75785bb98d-dvlv2,,60774,,,,,linkerd-tap,tap,linkerd,inbound,no_tls_from_remote,75785bb98d,200,no_identity,linkerd,,,,,,,,,,,,
1614827637.327,response_latency_ms_count,,,10.1.37.202:4191,linkerd-proxy,linkerd,,linkerd-identity-57f4bc9db9-gb7rk,,60739,,,,,linkerd-identity,identity,linkerd,inbound,no_tls_from_remote,57f4bc9db9,200,no_identity,linkerd,,,,,,,,,,,,
1614827647.327,response_latency_ms_count,,,10.1.37.202:4191,linkerd-proxy,linkerd,,linkerd-identity-57f4bc9db9-gb7rk,,60741,,,,,linkerd-identity,identity,linkerd,inbound,no_tls_from_remote,57f4bc9db9,200,no_identity,linkerd,,,,,,,,,,,,
1614827657.328,response_latency_ms_count,,,10.1.37.202:4191,linkerd-proxy,linkerd,,linkerd-identity-57f4bc9db9-gb7rk,,60743,,,,,linkerd-identity,identity,linkerd,inbound,no_tls_from_remote,57f4bc9db9,200,no_identity,linkerd,,,,,,,,,,,,
1614827667.327,response_latency_ms_count,,,10.1.37.202:4191,linkerd-proxy,linkerd,,linkerd-identity-57f4bc9db9-gb7rk,,60745,,,,,linkerd-identity,identity,linkerd,inbound,no_tls_from_remote,57f4bc9db9,200,no_identity,linkerd,,,,,,,,,,,,
1614827677.328,response_latency_ms_count,,,10.1.37.202:4191,linkerd-proxy,linkerd,,linkerd-identity-57f4bc9db9-gb7rk,,60747,,,,,linkerd-identity,identity,linkerd,inbound,no_tls_from_remote,57f4bc9db9,200,no_identity,linkerd,,,,,,,,,,,,
1614827687.327,response_latency_ms_count,,,10.1.37.202:4191,linkerd-proxy,linkerd,,linkerd-identity-57f4bc9db9-gb7rk,,60749,,,,,linkerd-identity,identity,linkerd,inbound,no_tls_from_remote,57f4bc9db9,200,no_identity,linkerd,,,,,,,,,,,,
1614827697.327,response_latency_ms_count,,,10.1.37.202:4191,linkerd-proxy,linkerd,,linkerd-identity-57f4bc9db9-gb7rk,,60751,,,,,linkerd-identity,identity,linkerd,inbound,no_tls_from_remote,57f4bc9db9,200,no_identity,linkerd,,,,,,,,,,,,
1614827707.327,response_latency_ms_count,,,10.1.37.202:4191,linkerd-proxy,linkerd,,linkerd-identity-57f4bc9db9-gb7rk,,60753,,,,,linkerd-identity,identity,linkerd,inbound,no_tls_from_remote,57f4bc9db9,200,no_identity,linkerd,,,,,,,,,,,,
1614827717.327,response_latency_ms_count,,,10.1.37.202:4191,linkerd-proxy,linkerd,,linkerd-identity-57f4bc9db9-gb7rk,,60755,,,,,linkerd-identity,identity,linkerd,inbound,no_tls_from_remote,57f4bc9db9,200,no_identity,linkerd,,,,,,,,,,,,
1614827727.327,response_latency_ms_count,,,10.1.37.202:4191,linkerd-proxy,linkerd,,linkerd-identity-57f4bc9db9-gb7rk,,60757,,,,,linkerd-identity,identity,linkerd,inbound,no_tls_from_remote,57f4bc9db9,200,no_identity,linkerd,,,,,,,,,,,,
1614827737.327,response_latency_ms_count,,,10.1.37.202:4191,linkerd-proxy,linkerd,,linkerd-identity-57f4bc9db9-gb7rk,,60759,,,,,linkerd-identity,identity,linkerd,inbound,no_tls_from_remote,57f4bc9db9,200,no_identity,linkerd,,,,,,,,,,,,
1614827747.327,response_latency_ms_count,,,10.1.37.202:4191,linkerd-proxy,linkerd,,linkerd-identity-57f4bc9db9-gb7rk,,60761,,,,,linkerd-identity,identity,linkerd,inbound,no_tls_from_remote,57f4bc9db9,200,no_identity,linkerd,,,,,,,,,,,,
1614827757.327,response_latency_ms_count,,,10.1.37.202:4191,linkerd-proxy,linkerd,,linkerd-identity-57f4bc9db9-gb7rk,,60763,,,,,linkerd-identity,identity,linkerd,inbound,no_tls_from_remote,57f4bc9db9,200,no_identity,linkerd,,,,,,,,,,,,
1614827767.327,response_latency_ms_count,,,10.1.37.202:4191,linkerd-proxy,linkerd,,linkerd-identity-57f4bc9db9-gb7rk,,60765,,,,,linkerd-identity,identity,linkerd,inbound,no_tls_from_remote,57f4bc9db9,200,no_identity,linkerd,,,,,,,,,,,,
1614827777.328,response_latency_ms_count,,,10.1.37.202:4191,linkerd-proxy,linkerd,,linkerd-identity-57f4bc9db9-gb7rk,,60767,,,,,linkerd-identity,identity,linkerd,inbound,no_tls_from_remote,57f4bc9db9,200,no_identity,linkerd,,,,,,,,,,,,
1614827787.327,response_latency_ms_count,,,10.1.37.202:4191,linkerd-proxy,linkerd,,linkerd-identity-57f4bc9db9-gb7rk,,60769,,,,,linkerd-identity,identity,linkerd,inbound,no_tls_from_remote,57f4bc9db9,200,no_identity,linkerd,,,,,,,,,,,,
1614827797.328,response_latency_ms_count,,,10.1.37.202:4191,linkerd-proxy,linkerd,,linkerd-identity-57f4bc9db9-gb7rk,,60771,,,,,linkerd-identity,identity,linkerd,inbound,no_tls_from_remote,57f4bc9db9,200,no_identity,linkerd,,,,,,,,,,,,
1614827807.329,response_latency_ms_count,,,10.1.37.202:4191,linkerd-proxy,linkerd,,linkerd-identity-57f4bc9db9-gb7rk,,60773,,,,,linkerd-identity,identity,linkerd,inbound,no_tls_from_remote,57f4bc9db9,200,no_identity,linkerd,,,,,,,,,,,,
1614827639.08,response_latency_ms_count,,,10.1.37.196:4191,linkerd-proxy,linkerd,,linkerd-controller-798d449c77-qk6j4,,60742,,,,,linkerd-controller,controller,linkerd,inbound,no_tls_from_remote,798d449c77,200,no_identity,linkerd,,,,,,,,,,,,
1614827649.08,response_latency_ms_count,,,10.1.37.196:4191,linkerd-proxy,linkerd,,linkerd-controller-798d449c77-qk6j4,,60744,,,,,linkerd-controller,controller,linkerd,inbound,no_tls_from_remote,798d449c77,200,no_identity,linkerd,,,,,,,,,,,,
1614827659.08,response_latency_ms_count,,,10.1.37.196:4191,linkerd-proxy,linkerd,,linkerd-controller-798d449c77-qk6j4,,60746,,,,,linkerd-controller,controller,linkerd,inbound,no_tls_from_remote,798d449c77,200,no_identity,linkerd,,,,,,,,,,,,
1614827669.08,response_latency_ms_count,,,10.1.37.196:4191,linkerd-proxy,linkerd,,linkerd-controller-798d449c77-qk6j4,,60748,,,,,linkerd-controller,controller,linkerd,inbound,no_tls_from_remote,798d449c77,200,no_identity,linkerd,,,,,,,,,,,,
1614827679.08,response_latency_ms_count,,,10.1.37.196:4191,linkerd-proxy,linkerd,,linkerd-controller-798d449c77-qk6j4,,60750,,,,,linkerd-controller,controller,linkerd,inbound,no_tls_from_remote,798d449c77,200,no_identity,linkerd,,,,,,,,,,,,
1614827689.08,response_latency_ms_count,,,10.1.37.196:4191,linkerd-proxy,linkerd,,linkerd-controller-798d449c77-qk6j4,,60752,,,,,linkerd-controller,controller,linkerd,inbound,no_tls_from_remote,798d449c77,200,no_identity,linkerd,,,,,,,,,,,,
1614827699.08,response_latency_ms_count,,,10.1.37.196:4191,linkerd-proxy,linkerd,,linkerd-controller-798d449c77-qk6j4,,60754,,,,,linkerd-controller,controller,linkerd,inbound,no_tls_from_remote,798d449c77,200,no_identity,linkerd,,,,,,,,,,,,
1614827709.08,response_latency_ms_count,,,10.1.37.196:4191,linkerd-proxy,linkerd,,linkerd-controller-798d449c77-qk6j4,,60756,,,,,linkerd-controller,controller,linkerd,inbound,no_tls_from_remote,798d449c77,200,no_identity,linkerd,,,,,,,,,,,,
1614827719.08,response_latency_ms_count,,,10.1.37.196:4191,linkerd-proxy,linkerd,,linkerd-controller-798d449c77-qk6j4,,60758,,,,,linkerd-controller,controller,linkerd,inbound,no_tls_from_remote,798d449c77,200,no_identity,linkerd,,,,,,,,,,,,
1614827729.08,response_latency_ms_count,,,10.1.37.196:4191,linkerd-proxy,linkerd,,linkerd-controller-798d449c77-qk6j4,,60760,,,,,linkerd-controller,controller,linkerd,inbound,no_tls_from_remote,798d449c77,200,no_identity,linkerd,,,,,,,,,,,,
1614827739.08,response_latency_ms_count,,,10.1.37.196:4191,linkerd-proxy,linkerd,,linkerd-controller-798d449c77-qk6j4,,60762,,,,,linkerd-controller,controller,linkerd,inbound,no_tls_from_remote,798d449c77,200,no_identity,linkerd,,,,,,,,,,,,
1614827749.08,response_latency_ms_count,,,10.1.37.196:4191,linkerd-proxy,linkerd,,linkerd-controller-798d449c77-qk6j4,,60764,,,,,linkerd-controller,controller,linkerd,inbound,no_tls_from_remote,798d449c77,200,no_identity,linkerd,,,,,,,,,,,,
1614827759.08,response_latency_ms_count,,,10.1.37.196:4191,linkerd-proxy,linkerd,,linkerd-controller-798d449c77-qk6j4,,60766,,,,,linkerd-controller,controller,linkerd,inbound,no_tls_from_remote,798d449c77,200,no_identity,linkerd,,,,,,,,,,,,
1614827769.08,response_latency_ms_count,,,10.1.37.196:4191,linkerd-proxy,linkerd,,linkerd-controller-798d449c77-qk6j4,,60768,,,,,linkerd-controller,controller,linkerd,inbound,no_tls_from_remote,798d449c77,200,no_identity,linkerd,,,,,,,,,,,,
1614827779.08,response_latency_ms_count,,,10.1.37.196:4191,linkerd-proxy,linkerd,,linkerd-controller-798d449c77-qk6j4,,60770,,,,,linkerd-controller,controller,linkerd,inbound,no_tls_from_remote,798d449c77,200,no_identity,linkerd,,,,,,,,,,,,
1614827789.08,response_latency_ms_count,,,10.1.37.196:4191,linkerd-proxy,linkerd,,linkerd-controller-798d449c77-qk6j4,,60772,,,,,linkerd-controller,controller,linkerd,inbound,no_tls_from_remote,798d449c77,200,no_identity,linkerd,,,,,,,,,,,,
1614827799.08,response_latency_ms_count,,,10.1.37.196:4191,linkerd-proxy,linkerd,,linkerd-controller-798d449c77-qk6j4,,60774,,,,,linkerd-controller,controller,linkerd,inbound,no_tls_from_remote,798d449c77,200,no_identity,linkerd,,,,,,,,,,,,
1614827809.08,response_latency_ms_count,,,10.1.37.196:4191,linkerd-proxy,linkerd,,linkerd-controller-798d449c77-qk6j4,,60776,,,,,linkerd-controller,controller,linkerd,inbound,no_tls_from_remote,798d449c77,200,no_identity,linkerd,,,,,,,,,,,,
1614827640.038,response_latency_ms_count,,,10.1.37.191:4191,linkerd-proxy,linkerd,,linkerd-sp-validator-77d978fbd9-zk8mm,,0,,,,,linkerd-sp-validator,sp-validator,linkerd,inbound,no_tls_from_remote,77d978fbd9,,no_identity,linkerd,,,,,,,,,,,,
1614827650.037,response_latency_ms_count,,,10.1.37.191:4191,linkerd-proxy,linkerd,,linkerd-sp-validator-77d978fbd9-zk8mm,,0,,,,,linkerd-sp-validator,sp-validator,linkerd,inbound,no_tls_from_remote,77d978fbd9,,no_identity,linkerd,,,,,,,,,,,,
1614827660.038,response_latency_ms_count,,,10.1.37.191:4191,linkerd-proxy,linkerd,,linkerd-sp-validator-77d978fbd9-zk8mm,,0,,,,,linkerd-sp-validator,sp-validator,linkerd,inbound,no_tls_from_remote,77d978fbd9,,no_identity,linkerd,,,,,,,,,,,,
1614827670.037,response_latency_ms_count,,,10.1.37.191:4191,linkerd-proxy,linkerd,,linkerd-sp-validator-77d978fbd9-zk8mm,,0,,,,,linkerd-sp-validator,sp-validator,linkerd,inbound,no_tls_from_remote,77d978fbd9,,no_identity,linkerd,,,,,,,,,,,,
1614827680.037,response_latency_ms_count,,,10.1.37.191:4191,linkerd-proxy,linkerd,,linkerd-sp-validator-77d978fbd9-zk8mm,,0,,,,,linkerd-sp-validator,sp-validator,linkerd,inbound,no_tls_from_remote,77d978fbd9,,no_identity,linkerd,,,,,,,,,,,,
1614827690.038,response_latency_ms_count,,,10.1.37.191:4191,linkerd-proxy,linkerd,,linkerd-sp-validator-77d978fbd9-zk8mm,,0,,,,,linkerd-sp-validator,sp-validator,linkerd,inbound,no_tls_from_remote,77d978fbd9,,no_identity,linkerd,,,,,,,,,,,,
1614827700.038,response_latency_ms_count,,,10.1.37.191:4191,linkerd-proxy,linkerd,,linkerd-sp-validator-77d978fbd9-zk8mm,,0,,,,,linkerd-sp-validator,sp-validator,linkerd,inbound,no_tls_from_remote,77d978fbd9,,no_identity,linkerd,,,,,,,,,,,,
1614827710.037,response_latency_ms_count,,,10.1.37.191:4191,linkerd-proxy,linkerd,,linkerd-sp-validator-77d978fbd9-zk8mm,,0,,,,,linkerd-sp-validator,sp-validator,linkerd,inbound,no_tls_from_remote,77d978fbd9,,no_identity,linkerd,,,,,,,,,,,,
1614827720.038,response_latency_ms_count,,,10.1.37.191:4191,linkerd-proxy,linkerd,,linkerd-sp-validator-77d978fbd9-zk8mm,,0,,,,,linkerd-sp-validator,sp-validator,linkerd,inbound,no_tls_from_remote,77d978fbd9,,no_identity,linkerd,,,,,,,,,,,,
1614827730.037,response_latency_ms_count,,,10.1.37.191:4191,linkerd-proxy,linkerd,,linkerd-sp-validator-77d978fbd9-zk8mm,,0,,,,,linkerd-sp-validator,sp-validator,linkerd,inbound,no_tls_from_remote,77d978fbd9,,no_identity,linkerd,,,,,,,,,,,,
1614827740.038,response_latency_ms_count,,,10.1.37.191:4191,linkerd-proxy,linkerd,,linkerd-sp-validator-77d978fbd9-zk8mm,,0,,,,,linkerd-sp-validator,sp-validator,linkerd,inbound,no_tls_from_remote,77d978fbd9,,no_identity,linkerd,,,,,,,,,,,,
1614827750.04,response_latency_ms_count,,,10.1.37.191:4191,linkerd-proxy,linkerd,,linkerd-sp-validator-77d978fbd9-zk8mm,,0,,,,,linkerd-sp-validator,sp-validator,linkerd,inbound,no_tls_from_remote,77d978fbd9,,no_identity,linkerd,,,,,,,,,,,,
1614827760.038,response_latency_ms_count,,,10.1.37.191:4191,linkerd-proxy,linkerd,,linkerd-sp-validator-77d978fbd9-zk8mm,,0,,,,,linkerd-sp-validator,sp-validator,linkerd,inbound,no_tls_from_remote,77d978fbd9,,no_identity,linkerd,,,,,,,,,,,,
1614827770.038,response_latency_ms_count,,,10.1.37.191:4191,linkerd-proxy,linkerd,,linkerd-sp-validator-77d978fbd9-zk8mm,,0,,,,,linkerd-sp-validator,sp-validator,linkerd,inbound,no_tls_from_remote,77d978fbd9,,no_identity,linkerd,,,,,,,,,,,,
1614827780.037,response_latency_ms_count,,,10.1.37.191:4191,linkerd-proxy,linkerd,,linkerd-sp-validator-77d978fbd9-zk8mm,,0,,,,,linkerd-sp-validator,sp-validator,linkerd,inbound,no_tls_from_remote,77d978fbd9,,no_identity,linkerd,,,,,,,,,,,,
1614827790.038,response_latency_ms_count,,,10.1.37.191:4191,linkerd-proxy,linkerd,,linkerd-sp-validator-77d978fbd9-zk8mm,,0,,,,,linkerd-sp-validator,sp-validator,linkerd,inbound,no_tls_from_remote,77d978fbd9,,no_identity,linkerd,,,,,,,,,,,,
1614827800.037,response_latency_ms_count,,,10.1.37.191:4191,linkerd-proxy,linkerd,,linkerd-sp-validator-77d978fbd9-zk8mm,,0,,,,,linkerd-sp-validator,sp-validator,linkerd,inbound,no_tls_from_remote,77d978fbd9,,no_identity,linkerd,,,,,,,,,,,,
1614827640.038,response_latency_ms_count,,,10.1.37.191:4191,linkerd-proxy,linkerd,,linkerd-sp-validator-77d978fbd9-zk8mm,,60735,,,,,linkerd-sp-validator,sp-validator,linkerd,inbound,no_tls_from_remote,77d978fbd9,200,no_identity,linkerd,,,,,,,,,,,,
1614827650.037,response_latency_ms_count,,,10.1.37.191:4191,linkerd-proxy,linkerd,,linkerd-sp-validator-77d978fbd9-zk8mm,,60737,,,,,linkerd-sp-validator,sp-validator,linkerd,inbound,no_tls_from_remote,77d978fbd9,200,no_identity,linkerd,,,,,,,,,,,,
1614827660.038,response_latency_ms_count,,,10.1.37.191:4191,linkerd-proxy,linkerd,,linkerd-sp-validator-77d978fbd9-zk8mm,,60739,,,,,linkerd-sp-validator,sp-validator,linkerd,inbound,no_tls_from_remote,77d978fbd9,200,no_identity,linkerd,,,,,,,,,,,,
1614827670.037,response_latency_ms_count,,,10.1.37.191:4191,linkerd-proxy,linkerd,,linkerd-sp-validator-77d978fbd9-zk8mm,,60741,,,,,linkerd-sp-validator,sp-validator,linkerd,inbound,no_tls_from_remote,77d978fbd9,200,no_identity,linkerd,,,,,,,,,,,,
1614827680.037,response_latency_ms_count,,,10.1.37.191:4191,linkerd-proxy,linkerd,,linkerd-sp-validator-77d978fbd9-zk8mm,,60743,,,,,linkerd-sp-validator,sp-validator,linkerd,inbound,no_tls_from_remote,77d978fbd9,200,no_identity,linkerd,,,,,,,,,,,,
1614827690.038,response_latency_ms_count,,,10.1.37.191:4191,linkerd-proxy,linkerd,,linkerd-sp-validator-77d978fbd9-zk8mm,,60745,,,,,linkerd-sp-validator,sp-validator,linkerd,inbound,no_tls_from_remote,77d978fbd9,200,no_identity,linkerd,,,,,,,,,,,,
1614827700.038,response_latency_ms_count,,,10.1.37.191:4191,linkerd-proxy,linkerd,,linkerd-sp-validator-77d978fbd9-zk8mm,,60747,,,,,linkerd-sp-validator,sp-validator,linkerd,inbound,no_tls_from_remote,77d978fbd9,200,no_identity,linkerd,,,,,,,,,,,,
1614827710.037,response_latency_ms_count,,,10.1.37.191:4191,linkerd-proxy,linkerd,,linkerd-sp-validator-77d978fbd9-zk8mm,,60749,,,,,linkerd-sp-validator,sp-validator,linkerd,inbound,no_tls_from_remote,77d978fbd9,200,no_identity,linkerd,,,,,,,,,,,,
1614827720.038,response_latency_ms_count,,,10.1.37.191:4191,linkerd-proxy,linkerd,,linkerd-sp-validator-77d978fbd9-zk8mm,,60751,,,,,linkerd-sp-validator,sp-validator,linkerd,inbound,no_tls_from_remote,77d978fbd9,200,no_identity,linkerd,,,,,,,,,,,,
1614827730.037,response_latency_ms_count,,,10.1.37.191:4191,linkerd-proxy,linkerd,,linkerd-sp-validator-77d978fbd9-zk8mm,,60753,,,,,linkerd-sp-validator,sp-validator,linkerd,inbound,no_tls_from_remote,77d978fbd9,200,no_identity,linkerd,,,,,,,,,,,,
1614827740.038,response_latency_ms_count,,,10.1.37.191:4191,linkerd-proxy,linkerd,,linkerd-sp-validator-77d978fbd9-zk8mm,,60755,,,,,linkerd-sp-validator,sp-validator,linkerd,inbound,no_tls_from_remote,77d978fbd9,200,no_identity,linkerd,,,,,,,,,,,,
1614827750.04,response_latency_ms_count,,,10.1.37.191:4191,linkerd-proxy,linkerd,,linkerd-sp-validator-77d978fbd9-zk8mm,,60757,,,,,linkerd-sp-validator,sp-validator,linkerd,inbound,no_tls_from_remote,77d978fbd9,200,no_identity,linkerd,,,,,,,,,,,,
1614827760.038,response_latency_ms_count,,,10.1.37.191:4191,linkerd-proxy,linkerd,,linkerd-sp-validator-77d978fbd9-zk8mm,,60759,,,,,linkerd-sp-validator,sp-validator,linkerd,inbound,no_tls_from_remote,77d978fbd9,200,no_identity,linkerd,,,,,,,,,,,,
1614827770.038,response_latency_ms_count,,,10.1.37.191:4191,linkerd-proxy,linkerd,,linkerd-sp-validator-77d978fbd9-zk8mm,,60761,,,,,linkerd-sp-validator,sp-validator,linkerd,inbound,no_tls_from_remote,77d978fbd9,200,no_identity,linkerd,,,,,,,,,,,,
1614827780.037,response_latency_ms_count,,,10.1.37.191:4191,linkerd-proxy,linkerd,,linkerd-sp-validator-77d978fbd9-zk8mm,,60763,,,,,linkerd-sp-validator,sp-validator,linkerd,inbound,no_tls_from_remote,77d978fbd9,200,no_identity,linkerd,,,,,,,,,,,,
1614827790.038,response_latency_ms_count,,,10.1.37.191:4191,linkerd-proxy,linkerd,,linkerd-sp-validator-77d978fbd9-zk8mm,,60765,,,,,linkerd-sp-validator,sp-validator,linkerd,inbound,no_tls_from_remote,77d978fbd9,200,no_identity,linkerd,,,,,,,,,,,,
1614827800.037,response_latency_ms_count,,,10.1.37.191:4191,linkerd-proxy,linkerd,,linkerd-sp-validator-77d978fbd9-zk8mm,,60767,,,,,linkerd-sp-validator,sp-validator,linkerd,inbound,no_tls_from_remote,77d978fbd9,200,no_identity,linkerd,,,,,,,,,,,,
1614827640.038,response_latency_ms_count,,,10.1.37.191:4191,linkerd-proxy,linkerd,,linkerd-sp-validator-77d978fbd9-zk8mm,,30363,,,,,linkerd-sp-validator,sp-validator,linkerd,inbound,,77d978fbd9,200,true,linkerd,linkerd-prometheus.linkerd.serviceaccount.identity.linkerd.cluster.local,,,,,,,,,,,
1614827650.037,response_latency_ms_count,,,10.1.37.191:4191,linkerd-proxy,linkerd,,linkerd-sp-validator-77d978fbd9-zk8mm,,30364,,,,,linkerd-sp-validator,sp-validator,linkerd,inbound,,77d978fbd9,200,true,linkerd,linkerd-prometheus.linkerd.serviceaccount.identity.linkerd.cluster.local,,,,,,,,,,,
1614827660.038,response_latency_ms_count,,,10.1.37.191:4191,linkerd-proxy,linkerd,,linkerd-sp-validator-77d978fbd9-zk8mm,,30365,,,,,linkerd-sp-validator,sp-validator,linkerd,inbound,,77d978fbd9,200,true,linkerd,linkerd-prometheus.linkerd.serviceaccount.identity.linkerd.cluster.local,,,,,,,,,,,
1614827670.037,response_latency_ms_count,,,10.1.37.191:4191,linkerd-proxy,linkerd,,linkerd-sp-validator-77d978fbd9-zk8mm,,30366,,,,,linkerd-sp-validator,sp-validator,linkerd,inbound,,77d978fbd9,200,true,linkerd,linkerd-prometheus.linkerd.serviceaccount.identity.linkerd.cluster.local,,,,,,,,,,,
1614827680.037,response_latency_ms_count,,,10.1.37.191:4191,linkerd-proxy,linkerd,,linkerd-sp-validator-77d978fbd9-zk8mm,,30367,,,,,linkerd-sp-validator,sp-validator,linkerd,inbound,,77d978fbd9,200,true,linkerd,linkerd-prometheus.linkerd.serviceaccount.identity.linkerd.cluster.local,,,,,,,,,,,
1614827690.038,response_latency_ms_count,,,10.1.37.191:4191,linkerd-proxy,linkerd,,linkerd-sp-validator-77d978fbd9-zk8mm,,30368,,,,,linkerd-sp-validator,sp-validator,linkerd,inbound,,77d978fbd9,200,true,linkerd,linkerd-prometheus.linkerd.serviceaccount.identity.linkerd.cluster.local,,,,,,,,,,,
1614827700.038,response_latency_ms_count,,,10.1.37.191:4191,linkerd-proxy,linkerd,,linkerd-sp-validator-77d978fbd9-zk8mm,,30369,,,,,linkerd-sp-validator,sp-validator,linkerd,inbound,,77d978fbd9,200,true,linkerd,linkerd-prometheus.linkerd.serviceaccount.identity.linkerd.cluster.local,,,,,,,,,,,
1614827710.037,response_latency_ms_count,,,10.1.37.191:4191,linkerd-proxy,linkerd,,linkerd-sp-validator-77d978fbd9-zk8mm,,30370,,,,,linkerd-sp-validator,sp-validator,linkerd,inbound,,77d978fbd9,200,true,linkerd,linkerd-prometheus.linkerd.serviceaccount.identity.linkerd.cluster.local,,,,,,,,,,,
1614827720.038,response_latency_ms_count,,,10.1.37.191:4191,linkerd-proxy,linkerd,,linkerd-sp-validator-77d978fbd9-zk8mm,,30371,,,,,linkerd-sp-validator,sp-validator,linkerd,inbound,,77d978fbd9,200,true,linkerd,linkerd-prometheus.linkerd.serviceaccount.identity.linkerd.cluster.local,,,,,,,,,,,
1614827730.037,response_latency_ms_count,,,10.1.37.191:4191,linkerd-proxy,linkerd,,linkerd-sp-validator-77d978fbd9-zk8mm,,30372,,,,,linkerd-sp-validator,sp-validator,linkerd,inbound,,77d978fbd9,200,true,linkerd,linkerd-prometheus.linkerd.serviceaccount.identity.linkerd.cluster.local,,,,,,,,,,,
1614827740.038,response_latency_ms_count,,,10.1.37.191:4191,linkerd-proxy,linkerd,,linkerd-sp-validator-77d978fbd9-zk8mm,,30373,,,,,linkerd-sp-validator,sp-validator,linkerd,inbound,,77d978fbd9,200,true,linkerd,linkerd-prometheus.linkerd.serviceaccount.identity.linkerd.cluster.local,,,,,,,,,,,
1614827750.04,response_latency_ms_count,,,10.1.37.191:4191,linkerd-proxy,linkerd,,linkerd-sp-validator-77d978fbd9-zk8mm,,30374,,,,,linkerd-sp-validator,sp-validator,linkerd,inbound,,77d978fbd9,200,true,linkerd,linkerd-prometheus.linkerd.serviceaccount.identity.linkerd.cluster.local,,,,,,,,,,,
1614827760.038,response_latency_ms_count,,,10.1.37.191:4191,linkerd-proxy,linkerd,,linkerd-sp-validator-77d978fbd9-zk8mm,,30375,,,,,linkerd-sp-validator,sp-validator,linkerd,inbound,,77d978fbd9,200,true,linkerd,linkerd-prometheus.linkerd.serviceaccount.identity.linkerd.cluster.local,,,,,,,,,,,
1614827770.038,response_latency_ms_count,,,10.1.37.191:4191,linkerd-proxy,linkerd,,linkerd-sp-validator-77d978fbd9-zk8mm,,30376,,,,,linkerd-sp-validator,sp-validator,linkerd,inbound,,77d978fbd9,200,true,linkerd,linkerd-prometheus.linkerd.serviceaccount.identity.linkerd.cluster.local,,,,,,,,,,,
1614827780.037,response_latency_ms_count,,,10.1.37.191:4191,linkerd-proxy,linkerd,,linkerd-sp-validator-77d978fbd9-zk8mm,,30377,,,,,linkerd-sp-validator,sp-validator,linkerd,inbound,,77d978fbd9,200,true,linkerd,linkerd-prometheus.linkerd.serviceaccount.identity.linkerd.cluster.local,,,,,,,,,,,
1614827790.038,response_latency_ms_count,,,10.1.37.191:4191,linkerd-proxy,linkerd,,linkerd-sp-validator-77d978fbd9-zk8mm,,30378,,,,,linkerd-sp-validator,sp-validator,linkerd,inbound,,77d978fbd9,200,true,linkerd,linkerd-prometheus.linkerd.serviceaccount.identity.linkerd.cluster.local,,,,,,,,,,,
1614827800.037,response_latency_ms_count,,,10.1.37.191:4191,linkerd-proxy,linkerd,,linkerd-sp-validator-77d978fbd9-zk8mm,,30379,,,,,linkerd-sp-validator,sp-validator,linkerd,inbound,,77d978fbd9,200,true,linkerd,linkerd-prometheus.linkerd.serviceaccount.identity.linkerd.cluster.local,,,,,,,,,,,
1614827640.101,response_latency_ms_count,,,10.1.37.198:4191,linkerd-proxy,linkerd,,linkerd-prometheus-5bccd64d4d-jzwmt,,30363,,,,,linkerd-prometheus,prometheus,linkerd,outbound,,5bccd64d4d,200,true,linkerd,,10.1.37.192:4191,linkerd,linkerd-web,linkerd,linkerd-web-b48d9c89b-49fzh,b48d9c89b,linkerd-web,linkerd-web.linkerd.serviceaccount.identity.linkerd.cluster.local,,,
1614827650.102,response_latency_ms_count,,,10.1.37.198:4191,linkerd-proxy,linkerd,,linkerd-prometheus-5bccd64d4d-jzwmt,,30364,,,,,linkerd-prometheus,prometheus,linkerd,outbound,,5bccd64d4d,200,true,linkerd,,10.1.37.192:4191,linkerd,linkerd-web,linkerd,linkerd-web-b48d9c89b-49fzh,b48d9c89b,linkerd-web,linkerd-web.linkerd.serviceaccount.identity.linkerd.cluster.local,,,
1614827660.102,response_latency_ms_count,,,10.1.37.198:4191,linkerd-proxy,linkerd,,linkerd-prometheus-5bccd64d4d-jzwmt,,30365,,,,,linkerd-prometheus,prometheus,linkerd,outbound,,5bccd64d4d,200,true,linkerd,,10.1.37.192:4191,linkerd,linkerd-web,linkerd,linkerd-web-b48d9c89b-49fzh,b48d9c89b,linkerd-web,linkerd-web.linkerd.serviceaccount.identity.linkerd.cluster.local,,,
1614827670.101,response_latency_ms_count,,,10.1.37.198:4191,linkerd-proxy,linkerd,,linkerd-prometheus-5bccd64d4d-jzwmt,,30366,,,,,linkerd-prometheus,prometheus,linkerd,outbound,,5bccd64d4d,200,true,linkerd,,10.1.37.192:4191,linkerd,linkerd-web,linkerd,linkerd-web-b48d9c89b-49fzh,b48d9c89b,linkerd-web,linkerd-web.linkerd.serviceaccount.identity.linkerd.cluster.local,,,
1614827680.101,response_latency_ms_count,,,10.1.37.198:4191,linkerd-proxy,linkerd,,linkerd-prometheus-5bccd64d4d-jzwmt,,30367,,,,,linkerd-prometheus,prometheus,linkerd,outbound,,5bccd64d4d,200,true,linkerd,,10.1.37.192:4191,linkerd,linkerd-web,linkerd,linkerd-web-b48d9c89b-49fzh,b48d9c89b,linkerd-web,linkerd-web.linkerd.serviceaccount.identity.linkerd.cluster.local,,,
1614827690.101,response_latency_ms_count,,,10.1.37.198:4191,linkerd-proxy,linkerd,,linkerd-prometheus-5bccd64d4d-jzwmt,,30368,,,,,linkerd-prometheus,prometheus,linkerd,outbound,,5bccd64d4d,200,true,linkerd,,10.1.37.192:4191,linkerd,linkerd-web,linkerd,linkerd-web-b48d9c89b-49fzh,b48d9c89b,linkerd-web,linkerd-web.linkerd.serviceaccount.identity.linkerd.cluster.local,,,
1614827700.102,response_latency_ms_count,,,10.1.37.198:4191,linkerd-proxy,linkerd,,linkerd-prometheus-5bccd64d4d-jzwmt,,30369,,,,,linkerd-prometheus,prometheus,linkerd,outbound,,5bccd64d4d,200,true,linkerd,,10.1.37.192:4191,linkerd,linkerd-web,linkerd,linkerd-web-b48d9c89b-49fzh,b48d9c89b,linkerd-web,linkerd-web.linkerd.serviceaccount.identity.linkerd.cluster.local,,,
1614827710.101,response_latency_ms_count,,,10.1.37.198:4191,linkerd-proxy,linkerd,,linkerd-prometheus-5bccd64d4d-jzwmt,,30370,,,,,linkerd-prometheus,prometheus,linkerd,outbound,,5bccd64d4d,200,true,linkerd,,10.1.37.192:4191,linkerd,linkerd-web,linkerd,linkerd-web-b48d9c89b-49fzh,b48d9c89b,linkerd-web,linkerd-web.linkerd.serviceaccount.identity.linkerd.cluster.local,,,
1614827720.101,response_latency_ms_count,,,10.1.37.198:4191,linkerd-proxy,linkerd,,linkerd-prometheus-5bccd64d4d-jzwmt,,30371,,,,,linkerd-prometheus,prometheus,linkerd,outbound,,5bccd64d4d,200,true,linkerd,,10.1.37.192:4191,linkerd,linkerd-web,linkerd,linkerd-web-b48d9c89b-49fzh,b48d9c89b,linkerd-web,linkerd-web.linkerd.serviceaccount.identity.linkerd.cluster.local,,,
1614827730.101,response_latency_ms_count,,,10.1.37.198:4191,linkerd-proxy,linkerd,,linkerd-prometheus-5bccd64d4d-jzwmt,,30372,,,,,linkerd-prometheus,prometheus,linkerd,outbound,,5bccd64d4d,200,true,linkerd,,10.1.37.192:4191,linkerd,linkerd-web,linkerd,linkerd-web-b48d9c89b-49fzh,b48d9c89b,linkerd-web,linkerd-web.linkerd.serviceaccount.identity.linkerd.cluster.local,,,
1614827740.101,response_latency_ms_count,,,10.1.37.198:4191,linkerd-proxy,linkerd,,linkerd-prometheus-5bccd64d4d-jzwmt,,30373,,,,,linkerd-prometheus,prometheus,linkerd,outbound,,5bccd64d4d,200,true,linkerd,,10.1.37.192:4191,linkerd,linkerd-web,linkerd,linkerd-web-b48d9c89b-49fzh,b48d9c89b,linkerd-web,linkerd-web.linkerd.serviceaccount.identity.linkerd.cluster.local,,,
1614827750.101,response_latency_ms_count,,,10.1.37.198:4191,linkerd-proxy,linkerd,,linkerd-prometheus-5bccd64d4d-jzwmt,,30374,,,,,linkerd-prometheus,prometheus,linkerd,outbound,,5bccd64d4d,200,true,linkerd,,10.1.37.192:4191,linkerd,linkerd-web,linkerd,linkerd-web-b48d9c89b-49fzh,b48d9c89b,linkerd-web,linkerd-web.linkerd.serviceaccount.identity.linkerd.cluster.local,,,
1614827760.101,response_latency_ms_count,,,10.1.37.198:4191,linkerd-proxy,linkerd,,linkerd-prometheus-5bccd64d4d-jzwmt,,30375,,,,,linkerd-prometheus,prometheus,linkerd,outbound,,5bccd64d4d,200,true,linkerd,,10.1.37.192:4191,linkerd,linkerd-web,linkerd,linkerd-web-b48d9c89b-49fzh,b48d9c89b,linkerd-web,linkerd-web.linkerd.serviceaccount.identity.linkerd.cluster.local,,,
1614827770.101,response_latency_ms_count,,,10.1.37.198:4191,linkerd-proxy,linkerd,,linkerd-prometheus-5bccd64d4d-jzwmt,,30376,,,,,linkerd-prometheus,prometheus,linkerd,outbound,,5bccd64d4d,200,true,linkerd,,10.1.37.192:4191,linkerd,linkerd-web,linkerd,linkerd-web-b48d9c89b-49fzh,b48d9c89b,linkerd-web,linkerd-web.linkerd.serviceaccount.identity.linkerd.cluster.local,,,
1614827780.101,response_latency_ms_count,,,10.1.37.198:4191,linkerd-proxy,linkerd,,linkerd-prometheus-5bccd64d4d-jzwmt,,30377,,,,,linkerd-prometheus,prometheus,linkerd,outbound,,5bccd64d4d,200,true,linkerd,,10.1.37.192:4191,linkerd,linkerd-web,linkerd,linkerd-web-b48d9c89b-49fzh,b48d9c89b,linkerd-web,linkerd-web.linkerd.serviceaccount.identity.linkerd.cluster.local,,,
1614827790.101,response_latency_ms_count,,,10.1.37.198:4191,linkerd-proxy,linkerd,,linkerd-prometheus-5bccd64d4d-jzwmt,,30378,,,,,linkerd-prometheus,prometheus,linkerd,outbound,,5bccd64d4d,200,true,linkerd,,10.1.37.192:4191,linkerd,linkerd-web,linkerd,linkerd-web-b48d9c89b-49fzh,b48d9c89b,linkerd-web,linkerd-web.linkerd.serviceaccount.identity.linkerd.cluster.local,,,
1614827800.101,response_latency_ms_count,,,10.1.37.198:4191,linkerd-proxy,linkerd,,linkerd-prometheus-5bccd64d4d-jzwmt,,30379,,,,,linkerd-prometheus,prometheus,linkerd,outbound,,5bccd64d4d,200,true,linkerd,,10.1.37.192:4191,linkerd,linkerd-web,linkerd,linkerd-web-b48d9c89b-49fzh,b48d9c89b,linkerd-web,linkerd-web.linkerd.serviceaccount.identity.linkerd.cluster.local,,,
1614827640.101,response_latency_ms_count,,,10.1.37.198:4191,linkerd-proxy,linkerd,,linkerd-prometheus-5bccd64d4d-jzwmt,,30363,,,,,linkerd-prometheus,prometheus,linkerd,outbound,,5bccd64d4d,200,true,linkerd,,10.1.37.190:4191,linkerd,linkerd-proxy-injector,linkerd,linkerd-proxy-injector-666c478cbb-z7nnc,666c478cbb,linkerd-proxy-injector,linkerd-proxy-injector.linkerd.serviceaccount.identity.linkerd.cluster.local,,,
1614827650.102,response_latency_ms_count,,,10.1.37.198:4191,linkerd-proxy,linkerd,,linkerd-prometheus-5bccd64d4d-jzwmt,,30364,,,,,linkerd-prometheus,prometheus,linkerd,outbound,,5bccd64d4d,200,true,linkerd,,10.1.37.190:4191,linkerd,linkerd-proxy-injector,linkerd,linkerd-proxy-injector-666c478cbb-z7nnc,666c478cbb,linkerd-proxy-injector,linkerd-proxy-injector.linkerd.serviceaccount.identity.linkerd.cluster.local,,,
1614827660.102,response_latency_ms_count,,,10.1.37.198:4191,linkerd-proxy,linkerd,,linkerd-prometheus-5bccd64d4d-jzwmt,,30365,,,,,linkerd-prometheus,prometheus,linkerd,outbound,,5bccd64d4d,200,true,linkerd,,10.1.37.190:4191,linkerd,linkerd-proxy-injector,linkerd,linkerd-proxy-injector-666c478cbb-z7nnc,666c478cbb,linkerd-proxy-injector,linkerd-proxy-injector.linkerd.serviceaccount.identity.linkerd.cluster.local,,,
1614827670.101,response_latency_ms_count,,,10.1.37.198:4191,linkerd-proxy,linkerd,,linkerd-prometheus-5bccd64d4d-jzwmt,,30366,,,,,linkerd-prometheus,prometheus,linkerd,outbound,,5bccd64d4d,200,true,linkerd,,10.1.37.190:4191,linkerd,linkerd-proxy-injector,linkerd,linkerd-proxy-injector-666c478cbb-z7nnc,666c478cbb,linkerd-proxy-injector,linkerd-proxy-injector.linkerd.serviceaccount.identity.linkerd.cluster.local,,,
1614827680.101,response_latency_ms_count,,,10.1.37.198:4191,linkerd-proxy,linkerd,,linkerd-prometheus-5bccd64d4d-jzwmt,,30367,,,,,linkerd-prometheus,prometheus,linkerd,outbound,,5bccd64d4d,200,true,linkerd,,10.1.37.190:4191,linkerd,linkerd-proxy-injector,linkerd,linkerd-proxy-injector-666c478cbb-z7nnc,666c478cbb,linkerd-proxy-injector,linkerd-proxy-injector.linkerd.serviceaccount.identity.linkerd.cluster.local,,,
1614827690.101,response_latency_ms_count,,,10.1.37.198:4191,linkerd-proxy,linkerd,,linkerd-prometheus-5bccd64d4d-jzwmt,,30368,,,,,linkerd-prometheus,prometheus,linkerd,outbound,,5bccd64d4d,200,true,linkerd,,10.1.37.190:4191,linkerd,linkerd-proxy-injector,linkerd,linkerd-proxy-injector-666c478cbb-z7nnc,666c478cbb,linkerd-proxy-injector,linkerd-proxy-injector.linkerd.serviceaccount.identity.linkerd.cluster.local,,,
1614827700.102,response_latency_ms_count,,,10.1.37.198:4191,linkerd-proxy,linkerd,,linkerd-prometheus-5bccd64d4d-jzwmt,,30369,,,,,linkerd-prometheus,prometheus,linkerd,outbound,,5bccd64d4d,200,true,linkerd,,10.1.37.190:4191,linkerd,linkerd-proxy-injector,linkerd,linkerd-proxy-injector-666c478cbb-z7nnc,666c478cbb,linkerd-proxy-injector,linkerd-proxy-injector.linkerd.serviceaccount.identity.linkerd.cluster.local,,,
1614827710.101,response_latency_ms_count,,,10.1.37.198:4191,linkerd-proxy,linkerd,,linkerd-prometheus-5bccd64d4d-jzwmt,,30370,,,,,linkerd-prometheus,prometheus,linkerd,outbound,,5bccd64d4d,200,true,linkerd,,10.1.37.190:4191,linkerd,linkerd-proxy-injector,linkerd,linkerd-proxy-injector-666c478cbb-z7nnc,666c478cbb,linkerd-proxy-injector,linkerd-proxy-injector.linkerd.serviceaccount.identity.linkerd.cluster.local,,,
1614827720.101,response_latency_ms_count,,,10.1.37.198:4191,linkerd-proxy,linkerd,,linkerd-prometheus-5bccd64d4d-jzwmt,,30371,,,,,linkerd-prometheus,prometheus,linkerd,outbound,,5bccd64d4d,200,true,linkerd,,10.1.37.190:4191,linkerd,linkerd-proxy-injector,linkerd,linkerd-proxy-injector-666c478cbb-z7nnc,666c478cbb,linkerd-proxy-injector,linkerd-proxy-injector.linkerd.serviceaccount.identity.linkerd.cluster.local,,,
1614827730.101,response_latency_ms_count,,,10.1.37.198:4191,linkerd-proxy,linkerd,,linkerd-prometheus-5bccd64d4d-jzwmt,,30372,,,,,linkerd-prometheus,prometheus,linkerd,outbound,,5bccd64d4d,200,true,linkerd,,10.1.37.190:4191,linkerd,linkerd-proxy-injector,linkerd,linkerd-proxy-injector-666c478cbb-z7nnc,666c478cbb,linkerd-proxy-injector,linkerd-proxy-injector.linkerd.serviceaccount.identity.linkerd.cluster.local,,,
1614827740.101,response_latency_ms_count,,,10.1.37.198:4191,linkerd-proxy,linkerd,,linkerd-prometheus-5bccd64d4d-jzwmt,,30373,,,,,linkerd-prometheus,prometheus,linkerd,outbound,,5bccd64d4d,200,true,linkerd,,10.1.37.190:4191,linkerd,linkerd-proxy-injector,linkerd,linkerd-proxy-injector-666c478cbb-z7nnc,666c478cbb,linkerd-proxy-injector,linkerd-proxy-injector.linkerd.serviceaccount.identity.linkerd.cluster.local,,,
1614827750.101,response_latency_ms_count,,,10.1.37.198:4191,linkerd-proxy,linkerd,,linkerd-prometheus-5bccd64d4d-jzwmt,,30374,,,,,linkerd-prometheus,prometheus,linkerd,outbound,,5bccd64d4d,200,true,linkerd,,10.1.37.190:4191,linkerd,linkerd-proxy-injector,linkerd,linkerd-proxy-injector-666c478cbb-z7nnc,666c478cbb,linkerd-proxy-injector,linkerd-proxy-injector.linkerd.serviceaccount.identity.linkerd.cluster.local,,,
1614827760.101,response_latency_ms_count,,,10.1.37.198:4191,linkerd-proxy,linkerd,,linkerd-prometheus-5bccd64d4d-jzwmt,,30375,,,,,linkerd-prometheus,prometheus,linkerd,outbound,,5bccd64d4d,200,true,linkerd,,10.1.37.190:4191,linkerd,linkerd-proxy-injector,linkerd,linkerd-proxy-injector-666c478cbb-z7nnc,666c478cbb,linkerd-proxy-injector,linkerd-proxy-injector.linkerd.serviceaccount.identity.linkerd.cluster.local,,,
1614827770.101,response_latency_ms_count,,,10.1.37.198:4191,linkerd-proxy,linkerd,,linkerd-prometheus-5bccd64d4d-jzwmt,,30376,,,,,linkerd-prometheus,prometheus,linkerd,outbound,,5bccd64d4d,200,true,linkerd,,10.1.37.190:4191,linkerd,linkerd-proxy-injector,linkerd,linkerd-proxy-injector-666c478cbb-z7nnc,666c478cbb,linkerd-proxy-injector,linkerd-proxy-injector.linkerd.serviceaccount.identity.linkerd.cluster.local,,,
1614827780.101,response_latency_ms_count,,,10.1.37.198:4191,linkerd-proxy,linkerd,,linkerd-prometheus-5bccd64d4d-jzwmt,,30377,,,,,linkerd-prometheus,prometheus,linkerd,outbound,,5bccd64d4d,200,true,linkerd,,10.1.37.190:4191,linkerd,linkerd-proxy-injector,linkerd,linkerd-proxy-injector-666c478cbb-z7nnc,666c478cbb,linkerd-proxy-injector,linkerd-proxy-injector.linkerd.serviceaccount.identity.linkerd.cluster.local,,,
1614827790.101,response_latency_ms_count,,,10.1.37.198:4191,linkerd-proxy,linkerd,,linkerd-prometheus-5bccd64d4d-jzwmt,,30378,,,,,linkerd-prometheus,prometheus,linkerd,outbound,,5bccd64d4d,200,true,linkerd,,10.1.37.190:4191,linkerd,linkerd-proxy-injector,linkerd,linkerd-proxy-injector-666c478cbb-z7nnc,666c478cbb,linkerd-proxy-injector,linkerd-proxy-injector.linkerd.serviceaccount.identity.linkerd.cluster.local,,,
1614827800.101,response_latency_ms_count,,,10.1.37.198:4191,linkerd-proxy,linkerd,,linkerd-prometheus-5bccd64d4d-jzwmt,,30379,,,,,linkerd-prometheus,prometheus,linkerd,outbound,,5bccd64d4d,200,true,linkerd,,10.1.37.190:4191,linkerd,linkerd-proxy-injector,linkerd,linkerd-proxy-injector-666c478cbb-z7nnc,666c478cbb,linkerd-proxy-injector,linkerd-proxy-injector.linkerd.serviceaccount.identity.linkerd.cluster.local,,,
1614827640.101,response_latency_ms_count,,,10.1.37.198:4191,linkerd-proxy,linkerd,,linkerd-prometheus-5bccd64d4d-jzwmt,,30363,,,,,linkerd-prometheus,prometheus,linkerd,outbound,,5bccd64d4d,200,true,linkerd,,10.1.37.191:9997,linkerd,linkerd-sp-validator,linkerd,linkerd-sp-validator-77d978fbd9-zk8mm,77d978fbd9,linkerd-sp-validator,linkerd-sp-validator.linkerd.serviceaccount.identity.linkerd.cluster.local,,,
1614827650.102,response_latency_ms_count,,,10.1.37.198:4191,linkerd-proxy,linkerd,,linkerd-prometheus-5bccd64d4d-jzwmt,,30364,,,,,linkerd-prometheus,prometheus,linkerd,outbound,,5bccd64d4d,200,true,linkerd,,10.1.37.191:9997,linkerd,linkerd-sp-validator,linkerd,linkerd-sp-validator-77d978fbd9-zk8mm,77d978fbd9,linkerd-sp-validator,linkerd-sp-validator.linkerd.serviceaccount.identity.linkerd.cluster.local,,,
1614827660.102,response_latency_ms_count,,,10.1.37.198:4191,linkerd-proxy,linkerd,,linkerd-prometheus-5bccd64d4d-jzwmt,,30365,,,,,linkerd-prometheus,prometheus,linkerd,outbound,,5bccd64d4d,200,true,linkerd,,10.1.37.191:9997,linkerd,linkerd-sp-validator,linkerd,linkerd-sp-validator-77d978fbd9-zk8mm,77d978fbd9,linkerd-sp-validator,linkerd-sp-validator.linkerd.serviceaccount.identity.linkerd.cluster.local,,,
1614827670.101,response_latency_ms_count,,,10.1.37.198:4191,linkerd-proxy,linkerd,,linkerd-prometheus-5bccd64d4d-jzwmt,,30366,,,,,linkerd-prometheus,prometheus,linkerd,outbound,,5bccd64d4d,200,true,linkerd,,10.1.37.191:9997,linkerd,linkerd-sp-validator,linkerd,linkerd-sp-validator-77d978fbd9-zk8mm,77d978fbd9,linkerd-sp-validator,linkerd-sp-validator.linkerd.serviceaccount.identity.linkerd.cluster.local,,,
1614827680.101,response_latency_ms_count,,,10.1.37.198:4191,linkerd-proxy,linkerd,,linkerd-prometheus-5bccd64d4d-jzwmt,,30367,,,,,linkerd-prometheus,prometheus,linkerd,outbound,,5bccd64d4d,200,true,linkerd,,10.1.37.191:9997,linkerd,linkerd-sp-validator,linkerd,linkerd-sp-validator-77d978fbd9-zk8mm,77d978fbd9,linkerd-sp-validator,linkerd-sp-validator.linkerd.serviceaccount.identity.linkerd.cluster.local,,,
1614827690.101,response_latency_ms_count,,,10.1.37.198:4191,linkerd-proxy,linkerd,,linkerd-prometheus-5bccd64d4d-jzwmt,,30368,,,,,linkerd-prometheus,prometheus,linkerd,outbound,,5bccd64d4d,200,true,linkerd,,10.1.37.191:9997,linkerd,linkerd-sp-validator,linkerd,linkerd-sp-validator-77d978fbd9-zk8mm,77d978fbd9,linkerd-sp-validator,linkerd-sp-validator.linkerd.serviceaccount.identity.linkerd.cluster.local,,,
1614827700.102,response_latency_ms_count,,,10.1.37.198:4191,linkerd-proxy,linkerd,,linkerd-prometheus-5bccd64d4d-jzwmt,,30369,,,,,linkerd-prometheus,prometheus,linkerd,outbound,,5bccd64d4d,200,true,linkerd,,10.1.37.191:9997,linkerd,linkerd-sp-validator,linkerd,linkerd-sp-validator-77d978fbd9-zk8mm,77d978fbd9,linkerd-sp-validator,linkerd-sp-validator.linkerd.serviceaccount.identity.linkerd.cluster.local,,,
1614827710.101,response_latency_ms_count,,,10.1.37.198:4191,linkerd-proxy,linkerd,,linkerd-prometheus-5bccd64d4d-jzwmt,,30370,,,,,linkerd-prometheus,prometheus,linkerd,outbound,,5bccd64d4d,200,true,linkerd,,10.1.37.191:9997,linkerd,linkerd-sp-validator,linkerd,linkerd-sp-validator-77d978fbd9-zk8mm,77d978fbd9,linkerd-sp-validator,linkerd-sp-validator.linkerd.serviceaccount.identity.linkerd.cluster.local,,,
1614827720.101,response_latency_ms_count,,,10.1.37.198:4191,linkerd-proxy,linkerd,,linkerd-prometheus-5bccd64d4d-jzwmt,,30371,,,,,linkerd-prometheus,prometheus,linkerd,outbound,,5bccd64d4d,200,true,linkerd,,10.1.37.191:9997,linkerd,linkerd-sp-validator,linkerd,linkerd-sp-validator-77d978fbd9-zk8mm,77d978fbd9,linkerd-sp-validator,linkerd-sp-validator.linkerd.serviceaccount.identity.linkerd.cluster.local,,,
1614827730.101,response_latency_ms_count,,,10.1.37.198:4191,linkerd-proxy,linkerd,,linkerd-prometheus-5bccd64d4d-jzwmt,,30372,,,,,linkerd-prometheus,prometheus,linkerd,outbound,,5bccd64d4d,200,true,linkerd,,10.1.37.191:9997,linkerd,linkerd-sp-validator,linkerd,linkerd-sp-validator-77d978fbd9-zk8mm,77d978fbd9,linkerd-sp-validator,linkerd-sp-validator.linkerd.serviceaccount.identity.linkerd.cluster.local,,,
1614827740.101,response_latency_ms_count,,,10.1.37.198:4191,linkerd-proxy,linkerd,,linkerd-prometheus-5bccd64d4d-jzwmt,,30373,,,,,linkerd-prometheus,prometheus,linkerd,outbound,,5bccd64d4d,200,true,linkerd,,10.1.37.191:9997,linkerd,linkerd-sp-validator,linkerd,linkerd-sp-validator-77d978fbd9-zk8mm,77d978fbd9,linkerd-sp-validator,linkerd-sp-validator.linkerd.serviceaccount.identity.linkerd.cluster.local,,,
1614827750.101,response_latency_ms_count,,,10.1.37.198:4191,linkerd-proxy,linkerd,,linkerd-prometheus-5bccd64d4d-jzwmt,,30374,,,,,linkerd-prometheus,prometheus,linkerd,outbound,,5bccd64d4d,200,true,linkerd,,10.1.37.191:9997,linkerd,linkerd-sp-validator,linkerd,linkerd-sp-validator-77d978fbd9-zk8mm,77d978fbd9,linkerd-sp-validator,linkerd-sp-validator.linkerd.serviceaccount.identity.linkerd.cluster.local,,,
1614827760.101,response_latency_ms_count,,,10.1.37.198:4191,linkerd-proxy,linkerd,,linkerd-prometheus-5bccd64d4d-jzwmt,,30375,,,,,linkerd-prometheus,prometheus,linkerd,outbound,,5bccd64d4d,200,true,linkerd,,10.1.37.191:9997,linkerd,linkerd-sp-validator,linkerd,linkerd-sp-validator-77d978fbd9-zk8mm,77d978fbd9,linkerd-sp-validator,linkerd-sp-validator.linkerd.serviceaccount.identity.linkerd.cluster.local,,,
1614827770.101,response_latency_ms_count,,,10.1.37.198:4191,linkerd-proxy,linkerd,,linkerd-prometheus-5bccd64d4d-jzwmt,,30376,,,,,linkerd-prometheus,prometheus,linkerd,outbound,,5bccd64d4d,200,true,linkerd,,10.1.37.191:9997,linkerd,linkerd-sp-validator,linkerd,linkerd-sp-validator-77d978fbd9-zk8mm,77d978fbd9,linkerd-sp-validator,linkerd-sp-validator.linkerd.serviceaccount.identity.linkerd.cluster.local,,,
1614827780.101,response_latency_ms_count,,,10.1.37.198:4191,linkerd-proxy,linkerd,,linkerd-prometheus-5bccd64d4d-jzwmt,,30377,,,,,linkerd-prometheus,prometheus,linkerd,outbound,,5bccd64d4d,200,true,linkerd,,10.1.37.191:9997,linkerd,linkerd-sp-validator,linkerd,linkerd-sp-validator-77d978fbd9-zk8mm,77d978fbd9,linkerd-sp-validator,linkerd-sp-validator.linkerd.serviceaccount.identity.linkerd.cluster.local,,,
1614827790.101,response_latency_ms_count,,,10.1.37.198:4191,linkerd-proxy,linkerd,,linkerd-prometheus-5bccd64d4d-jzwmt,,30378,,,,,linkerd-prometheus,prometheus,linkerd,outbound,,5bccd64d4d,200,true,linkerd,,10.1.37.191:9997,linkerd,linkerd-sp-validator,linkerd,linkerd-sp-validator-77d978fbd9-zk8mm,77d978fbd9,linkerd-sp-validator,linkerd-sp-validator.linkerd.serviceaccount.identity.linkerd.cluster.local,,,
1614827800.101,response_latency_ms_count,,,10.1.37.198:4191,linkerd-proxy,linkerd,,linkerd-prometheus-5bccd64d4d-jzwmt,,30379,,,,,linkerd-prometheus,prometheus,linkerd,outbound,,5bccd64d4d,200,true,linkerd,,10.1.37.191:9997,linkerd,linkerd-sp-validator,linkerd,linkerd-sp-validator-77d978fbd9-zk8mm,77d978fbd9,linkerd-sp-validator,linkerd-sp-validator.linkerd.serviceaccount.identity.linkerd.cluster.local,,,
1614827640.101,response_latency_ms_count,,,10.1.37.198:4191,linkerd-proxy,linkerd,,linkerd-prometheus-5bccd64d4d-jzwmt,,30363,,,,,linkerd-prometheus,prometheus,linkerd,outbound,,5bccd64d4d,200,true,linkerd,,10.1.37.205:3000,linkerd,linkerd-grafana,linkerd,linkerd-grafana-ddd5c496f-cctr6,ddd5c496f,linkerd-grafana,linkerd-grafana.linkerd.serviceaccount.identity.linkerd.cluster.local,,,
1614827650.102,response_latency_ms_count,,,10.1.37.198:4191,linkerd-proxy,linkerd,,linkerd-prometheus-5bccd64d4d-jzwmt,,30364,,,,,linkerd-prometheus,prometheus,linkerd,outbound,,5bccd64d4d,200,true,linkerd,,10.1.37.205:3000,linkerd,linkerd-grafana,linkerd,linkerd-grafana-ddd5c496f-cctr6,ddd5c496f,linkerd-grafana,linkerd-grafana.linkerd.serviceaccount.identity.linkerd.cluster.local,,,
1614827660.102,response_latency_ms_count,,,10.1.37.198:4191,linkerd-proxy,linkerd,,linkerd-prometheus-5bccd64d4d-jzwmt,,30365,,,,,linkerd-prometheus,prometheus,linkerd,outbound,,5bccd64d4d,200,true,linkerd,,10.1.37.205:3000,linkerd,linkerd-grafana,linkerd,linkerd-grafana-ddd5c496f-cctr6,ddd5c496f,linkerd-grafana,linkerd-grafana.linkerd.serviceaccount.identity.linkerd.cluster.local,,,
1614827670.101,response_latency_ms_count,,,10.1.37.198:4191,linkerd-proxy,linkerd,,linkerd-prometheus-5bccd64d4d-jzwmt,,30366,,,,,linkerd-prometheus,prometheus,linkerd,outbound,,5bccd64d4d,200,true,linkerd,,10.1.37.205:3000,linkerd,linkerd-grafana,linkerd,linkerd-grafana-ddd5c496f-cctr6,ddd5c496f,linkerd-grafana,linkerd-grafana.linkerd.serviceaccount.identity.linkerd.cluster.local,,,
1614827680.101,response_latency_ms_count,,,10.1.37.198:4191,linkerd-proxy,linkerd,,linkerd-prometheus-5bccd64d4d-jzwmt,,30367,,,,,linkerd-prometheus,prometheus,linkerd,outbound,,5bccd64d4d,200,true,linkerd,,10.1.37.205:3000,linkerd,linkerd-grafana,linkerd,linkerd-grafana-ddd5c496f-cctr6,ddd5c496f,linkerd-grafana,linkerd-grafana.linkerd.serviceaccount.identity.linkerd.cluster.local,,,
1614827690.101,response_latency_ms_count,,,10.1.37.198:4191,linkerd-proxy,linkerd,,linkerd-prometheus-5bccd64d4d-jzwmt,,30368,,,,,linkerd-prometheus,prometheus,linkerd,outbound,,5bccd64d4d,200,true,linkerd,,10.1.37.205:3000,linkerd,linkerd-grafana,linkerd,linkerd-grafana-ddd5c496f-cctr6,ddd5c496f,linkerd-grafana,linkerd-grafana.linkerd.serviceaccount.identity.linkerd.cluster.local,,,
1614827700.102,response_latency_ms_count,,,10.1.37.198:4191,linkerd-proxy,linkerd,,linkerd-prometheus-5bccd64d4d-jzwmt,,30369,,,,,linkerd-prometheus,prometheus,linkerd,outbound,,5bccd64d4d,200,true,linkerd,,10.1.37.205:3000,linkerd,linkerd-grafana,linkerd,linkerd-grafana-ddd5c496f-cctr6,ddd5c496f,linkerd-grafana,linkerd-grafana.linkerd.serviceaccount.identity.linkerd.cluster.local,,,
1614827710.101,response_latency_ms_count,,,10.1.37.198:4191,linkerd-proxy,linkerd,,linkerd-prometheus-5bccd64d4d-jzwmt,,30370,,,,,linkerd-prometheus,prometheus,linkerd,outbound,,5bccd64d4d,200,true,linkerd,,10.1.37.205:3000,linkerd,linkerd-grafana,linkerd,linkerd-grafana-ddd5c496f-cctr6,ddd5c496f,linkerd-grafana,linkerd-grafana.linkerd.serviceaccount.identity.linkerd.cluster.local,,,
1614827720.101,response_latency_ms_count,,,10.1.37.198:4191,linkerd-proxy,linkerd,,linkerd-prometheus-5bccd64d4d-jzwmt,,30371,,,,,linkerd-prometheus,prometheus,linkerd,outbound,,5bccd64d4d,200,true,linkerd,,10.1.37.205:3000,linkerd,linkerd-grafana,linkerd,linkerd-grafana-ddd5c496f-cctr6,ddd5c496f,linkerd-grafana,linkerd-grafana.linkerd.serviceaccount.identity.linkerd.cluster.local,,,
1614827730.101,response_latency_ms_count,,,10.1.37.198:4191,linkerd-proxy,linkerd,,linkerd-prometheus-5bccd64d4d-jzwmt,,30372,,,,,linkerd-prometheus,prometheus,linkerd,outbound,,5bccd64d4d,200,true,linkerd,,10.1.37.205:3000,linkerd,linkerd-grafana,linkerd,linkerd-grafana-ddd5c496f-cctr6,ddd5c496f,linkerd-grafana,linkerd-grafana.linkerd.serviceaccount.identity.linkerd.cluster.local,,,
1614827740.101,response_latency_ms_count,,,10.1.37.198:4191,linkerd-proxy,linkerd,,linkerd-prometheus-5bccd64d4d-jzwmt,,30373,,,,,linkerd-prometheus,prometheus,linkerd,outbound,,5bccd64d4d,200,true,linkerd,,10.1.37.205:3000,linkerd,linkerd-grafana,linkerd,linkerd-grafana-ddd5c496f-cctr6,ddd5c496f,linkerd-grafana,linkerd-grafana.linkerd.serviceaccount.identity.linkerd.cluster.local,,,
1614827750.101,response_latency_ms_count,,,10.1.37.198:4191,linkerd-proxy,linkerd,,linkerd-prometheus-5bccd64d4d-jzwmt,,30374,,,,,linkerd-prometheus,prometheus,linkerd,outbound,,5bccd64d4d,200,true,linkerd,,10.1.37.205:3000,linkerd,linkerd-grafana,linkerd,linkerd-grafana-ddd5c496f-cctr6,ddd5c496f,linkerd-grafana,linkerd-grafana.linkerd.serviceaccount.identity.linkerd.cluster.local,,,
1614827760.101,response_latency_ms_count,,,10.1.37.198:4191,linkerd-proxy,linkerd,,linkerd-prometheus-5bccd64d4d-jzwmt,,30375,,,,,linkerd-prometheus,prometheus,linkerd,outbound,,5bccd64d4d,200,true,linkerd,,10.1.37.205:3000,linkerd,linkerd-grafana,linkerd,linkerd-grafana-ddd5c496f-cctr6,ddd5c496f,linkerd-grafana,linkerd-grafana.linkerd.serviceaccount.identity.linkerd.cluster.local,,,
1614827770.101,response_latency_ms_count,,,10.1.37.198:4191,linkerd-proxy,linkerd,,linkerd-prometheus-5bccd64d4d-jzwmt,,30376,,,,,linkerd-prometheus,prometheus,linkerd,outbound,,5bccd64d4d,200,true,linkerd,,10.1.37.205:3000,linkerd,linkerd-grafana,linkerd,linkerd-grafana-ddd5c496f-cctr6,ddd5c496f,linkerd-grafana,linkerd-grafana.linkerd.serviceaccount.identity.linkerd.cluster.local,,,
1614827780.101,response_latency_ms_count,,,10.1.37.198:4191,linkerd-proxy,linkerd,,linkerd-prometheus-5bccd64d4d-jzwmt,,30377,,,,,linkerd-prometheus,prometheus,linkerd,outbound,,5bccd64d4d,200,true,linkerd,,10.1.37.205:3000,linkerd,linkerd-grafana,linkerd,linkerd-grafana-ddd5c496f-cctr6,ddd5c496f,linkerd-grafana,linkerd-grafana.linkerd.serviceaccount.identity.linkerd.cluster.local,,,
1614827790.101,response_latency_ms_count,,,10.1.37.198:4191,linkerd-proxy,linkerd,,linkerd-prometheus-5bccd64d4d-jzwmt,,30378,,,,,linkerd-prometheus,prometheus,linkerd,outbound,,5bccd64d4d,200,true,linkerd,,10.1.37.205:3000,linkerd,linkerd-grafana,linkerd,linkerd-grafana-ddd5c496f-cctr6,ddd5c496f,linkerd-grafana,linkerd-grafana.linkerd.serviceaccount.identity.linkerd.cluster.local,,,
1614827800.101,response_latency_ms_count,,,10.1.37.198:4191,linkerd-proxy,linkerd,,linkerd-prometheus-5bccd64d4d-jzwmt,,30379,,,,,linkerd-prometheus,prometheus,linkerd,outbound,,5bccd64d4d,200,true,linkerd,,10.1.37.205:3000,linkerd,linkerd-grafana,linkerd,linkerd-grafana-ddd5c496f-cctr6,ddd5c496f,linkerd-grafana,linkerd-grafana.linkerd.serviceaccount.identity.linkerd.cluster.local,,,
1614827640.101,response_latency_ms_count,,,10.1.37.198:4191,linkerd-proxy,linkerd,,linkerd-prometheus-5bccd64d4d-jzwmt,,30363,,,,,linkerd-prometheus,prometheus,linkerd,outbound,,5bccd64d4d,200,true,linkerd,,10.1.37.195:4191,linkerd,linkerd-tap,linkerd,linkerd-tap-75785bb98d-dvlv2,75785bb98d,linkerd-tap,linkerd-tap.linkerd.serviceaccount.identity.linkerd.cluster.local,,,
1614827650.102,response_latency_ms_count,,,10.1.37.198:4191,linkerd-proxy,linkerd,,linkerd-prometheus-5bccd64d4d-jzwmt,,30364,,,,,linkerd-prometheus,prometheus,linkerd,outbound,,5bccd64d4d,200,true,linkerd,,10.1.37.195:4191,linkerd,linkerd-tap,linkerd,linkerd-tap-75785bb98d-dvlv2,75785bb98d,linkerd-tap,linkerd-tap.linkerd.serviceaccount.identity.linkerd.cluster.local,,,
1614827660.102,response_latency_ms_count,,,10.1.37.198:4191,linkerd-proxy,linkerd,,linkerd-prometheus-5bccd64d4d-jzwmt,,30365,,,,,linkerd-prometheus,prometheus,linkerd,outbound,,5bccd64d4d,200,true,linkerd,,10.1.37.195:4191,linkerd,linkerd-tap,linkerd,linkerd-tap-75785bb98d-dvlv2,75785bb98d,linkerd-tap,linkerd-tap.linkerd.serviceaccount.identity.linkerd.cluster.local,,,
1614827670.101,response_latency_ms_count,,,10.1.37.198:4191,linkerd-proxy,linkerd,,linkerd-prometheus-5bccd64d4d-jzwmt,,30366,,,,,linkerd-prometheus,prometheus,linkerd,outbound,,5bccd64d4d,200,true,linkerd,,10.1.37.195:4191,linkerd,linkerd-tap,linkerd,linkerd-tap-75785bb98d-dvlv2,75785bb98d,linkerd-tap,linkerd-tap.linkerd.serviceaccount.identity.linkerd.cluster.local,,,
1614827680.101,response_latency_ms_count,,,10.1.37.198:4191,linkerd-proxy,linkerd,,linkerd-prometheus-5bccd64d4d-jzwmt,,30367,,,,,linkerd-prometheus,prometheus,linkerd,outbound,,5bccd64d4d,200,true,linkerd,,10.1.37.195:4191,linkerd,linkerd-tap,linkerd,linkerd-tap-75785bb98d-dvlv2,75785bb98d,linkerd-tap,linkerd-tap.linkerd.serviceaccount.identity.linkerd.cluster.local,,,
1614827690.101,response_latency_ms_count,,,10.1.37.198:4191,linkerd-proxy,linkerd,,linkerd-prometheus-5bccd64d4d-jzwmt,,30368,,,,,linkerd-prometheus,prometheus,linkerd,outbound,,5bccd64d4d,200,true,linkerd,,10.1.37.195:4191,linkerd,linkerd-tap,linkerd,linkerd-tap-75785bb98d-dvlv2,75785bb98d,linkerd-tap,linkerd-tap.linkerd.serviceaccount.identity.linkerd.cluster.local,,,
1614827700.102,response_latency_ms_count,,,10.1.37.198:4191,linkerd-proxy,linkerd,,linkerd-prometheus-5bccd64d4d-jzwmt,,30369,,,,,linkerd-prometheus,prometheus,linkerd,outbound,,5bccd64d4d,200,true,linkerd,,10.1.37.195:4191,linkerd,linkerd-tap,linkerd,linkerd-tap-75785bb98d-dvlv2,75785bb98d,linkerd-tap,linkerd-tap.linkerd.serviceaccount.identity.linkerd.cluster.local,,,
1614827710.101,response_latency_ms_count,,,10.1.37.198:4191,linkerd-proxy,linkerd,,linkerd-prometheus-5bccd64d4d-jzwmt,,30370,,,,,linkerd-prometheus,prometheus,linkerd,outbound,,5bccd64d4d,200,true,linkerd,,10.1.37.195:4191,linkerd,linkerd-tap,linkerd,linkerd-tap-75785bb98d-dvlv2,75785bb98d,linkerd-tap,linkerd-tap.linkerd.serviceaccount.identity.linkerd.cluster.local,,,
1614827720.101,response_latency_ms_count,,,10.1.37.198:4191,linkerd-proxy,linkerd,,linkerd-prometheus-5bccd64d4d-jzwmt,,30371,,,,,linkerd-prometheus,prometheus,linkerd,outbound,,5bccd64d4d,200,true,linkerd,,10.1.37.195:4191,linkerd,linkerd-tap,linkerd,linkerd-tap-75785bb98d-dvlv2,75785bb98d,linkerd-tap,linkerd-tap.linkerd.serviceaccount.identity.linkerd.cluster.local,,,
1614827730.101,response_latency_ms_count,,,10.1.37.198:4191,linkerd-proxy,linkerd,,linkerd-prometheus-5bccd64d4d-jzwmt,,30372,,,,,linkerd-prometheus,prometheus,linkerd,outbound,,5bccd64d4d,200,true,linkerd,,10.1.37.195:4191,linkerd,linkerd-tap,linkerd,linkerd-tap-75785bb98d-dvlv2,75785bb98d,linkerd-tap,linkerd-tap.linkerd.serviceaccount.identity.linkerd.cluster.local,,,
1614827740.101,response_latency_ms_count,,,10.1.37.198:4191,linkerd-proxy,linkerd,,linkerd-prometheus-5bccd64d4d-jzwmt,,30373,,,,,linkerd-prometheus,prometheus,linkerd,outbound,,5bccd64d4d,200,true,linkerd,,10.1.37.195:4191,linkerd,linkerd-tap,linkerd,linkerd-tap-75785bb98d-dvlv2,75785bb98d,linkerd-tap,linkerd-tap.linkerd.serviceaccount.identity.linkerd.cluster.local,,,
1614827750.101,response_latency_ms_count,,,10.1.37.198:4191,linkerd-proxy,linkerd,,linkerd-prometheus-5bccd64d4d-jzwmt,,30374,,,,,linkerd-prometheus,prometheus,linkerd,outbound,,5bccd64d4d,200,true,linkerd,,10.1.37.195:4191,linkerd,linkerd-tap,linkerd,linkerd-tap-75785bb98d-dvlv2,75785bb98d,linkerd-tap,linkerd-tap.linkerd.serviceaccount.identity.linkerd.cluster.local,,,
1614827760.101,response_latency_ms_count,,,10.1.37.198:4191,linkerd-proxy,linkerd,,linkerd-prometheus-5bccd64d4d-jzwmt,,30375,,,,,linkerd-prometheus,prometheus,linkerd,outbound,,5bccd64d4d,200,true,linkerd,,10.1.37.195:4191,linkerd,linkerd-tap,linkerd,linkerd-tap-75785bb98d-dvlv2,75785bb98d,linkerd-tap,linkerd-tap.linkerd.serviceaccount.identity.linkerd.cluster.local,,,
1614827770.101,response_latency_ms_count,,,10.1.37.198:4191,linkerd-proxy,linkerd,,linkerd-prometheus-5bccd64d4d-jzwmt,,30376,,,,,linkerd-prometheus,prometheus,linkerd,outbound,,5bccd64d4d,200,true,linkerd,,10.1.37.195:4191,linkerd,linkerd-tap,linkerd,linkerd-tap-75785bb98d-dvlv2,75785bb98d,linkerd-tap,linkerd-tap.linkerd.serviceaccount.identity.linkerd.cluster.local,,,
1614827780.101,response_latency_ms_count,,,10.1.37.198:4191,linkerd-proxy,linkerd,,linkerd-prometheus-5bccd64d4d-jzwmt,,30377,,,,,linkerd-prometheus,prometheus,linkerd,outbound,,5bccd64d4d,200,true,linkerd,,10.1.37.195:4191,linkerd,linkerd-tap,linkerd,linkerd-tap-75785bb98d-dvlv2,75785bb98d,linkerd-tap,linkerd-tap.linkerd.serviceaccount.identity.linkerd.cluster.local,,,
1614827790.101,response_latency_ms_count,,,10.1.37.198:4191,linkerd-proxy,linkerd,,linkerd-prometheus-5bccd64d4d-jzwmt,,30378,,,,,linkerd-prometheus,prometheus,linkerd,outbound,,5bccd64d4d,200,true,linkerd,,10.1.37.195:4191,linkerd,linkerd-tap,linkerd,linkerd-tap-75785bb98d-dvlv2,75785bb98d,linkerd-tap,linkerd-tap.linkerd.serviceaccount.identity.linkerd.cluster.local,,,
1614827800.101,response_latency_ms_count,,,10.1.37.198:4191,linkerd-proxy,linkerd,,linkerd-prometheus-5bccd64d4d-jzwmt,,30379,,,,,linkerd-prometheus,prometheus,linkerd,outbound,,5bccd64d4d,200,true,linkerd,,10.1.37.195:4191,linkerd,linkerd-tap,linkerd,linkerd-tap-75785bb98d-dvlv2,75785bb98d,linkerd-tap,linkerd-tap.linkerd.serviceaccount.identity.linkerd.cluster.local,,,
1614827640.101,response_latency_ms_count,,,10.1.37.198:4191,linkerd-proxy,linkerd,,linkerd-prometheus-5bccd64d4d-jzwmt,,30363,,,,,linkerd-prometheus,prometheus,linkerd,outbound,,5bccd64d4d,200,true,linkerd,,10.1.37.190:9995,linkerd,linkerd-proxy-injector,linkerd,linkerd-proxy-injector-666c478cbb-z7nnc,666c478cbb,linkerd-proxy-injector,linkerd-proxy-injector.linkerd.serviceaccount.identity.linkerd.cluster.local,,,
1614827650.102,response_latency_ms_count,,,10.1.37.198:4191,linkerd-proxy,linkerd,,linkerd-prometheus-5bccd64d4d-jzwmt,,30364,,,,,linkerd-prometheus,prometheus,linkerd,outbound,,5bccd64d4d,200,true,linkerd,,10.1.37.190:9995,linkerd,linkerd-proxy-injector,linkerd,linkerd-proxy-injector-666c478cbb-z7nnc,666c478cbb,linkerd-proxy-injector,linkerd-proxy-injector.linkerd.serviceaccount.identity.linkerd.cluster.local,,,
1614827660.102,response_latency_ms_count,,,10.1.37.198:4191,linkerd-proxy,linkerd,,linkerd-prometheus-5bccd64d4d-jzwmt,,30365,,,,,linkerd-prometheus,prometheus,linkerd,outbound,,5bccd64d4d,200,true,linkerd,,10.1.37.190:9995,linkerd,linkerd-proxy-injector,linkerd,linkerd-proxy-injector-666c478cbb-z7nnc,666c478cbb,linkerd-proxy-injector,linkerd-proxy-injector.linkerd.serviceaccount.identity.linkerd.cluster.local,,,
1614827670.101,response_latency_ms_count,,,10.1.37.198:4191,linkerd-proxy,linkerd,,linkerd-prometheus-5bccd64d4d-jzwmt,,30366,,,,,linkerd-prometheus,prometheus,linkerd,outbound,,5bccd64d4d,200,true,linkerd,,10.1.37.190:9995,linkerd,linkerd-proxy-injector,linkerd,linkerd-proxy-injector-666c478cbb-z7nnc,666c478cbb,linkerd-proxy-injector,linkerd-proxy-injector.linkerd.serviceaccount.identity.linkerd.cluster.local,,,
1614827680.101,response_latency_ms_count,,,10.1.37.198:4191,linkerd-proxy,linkerd,,linkerd-prometheus-5bccd64d4d-jzwmt,,30367,,,,,linkerd-prometheus,prometheus,linkerd,outbound,,5bccd64d4d,200,true,linkerd,,10.1.37.190:9995,linkerd,linkerd-proxy-injector,linkerd,linkerd-proxy-injector-666c478cbb-z7nnc,666c478cbb,linkerd-proxy-injector,linkerd-proxy-injector.linkerd.serviceaccount.identity.linkerd.cluster.local,,,
1614827690.101,response_latency_ms_count,,,10.1.37.198:4191,linkerd-proxy,linkerd,,linkerd-prometheus-5bccd64d4d-jzwmt,,30368,,,,,linkerd-prometheus,prometheus,linkerd,outbound,,5bccd64d4d,200,true,linkerd,,10.1.37.190:9995,linkerd,linkerd-proxy-injector,linkerd,linkerd-proxy-injector-666c478cbb-z7nnc,666c478cbb,linkerd-proxy-injector,linkerd-proxy-injector.linkerd.serviceaccount.identity.linkerd.cluster.local,,,
1614827700.102,response_latency_ms_count,,,10.1.37.198:4191,linkerd-proxy,linkerd,,linkerd-prometheus-5bccd64d4d-jzwmt,,30369,,,,,linkerd-prometheus,prometheus,linkerd,outbound,,5bccd64d4d,200,true,linkerd,,10.1.37.190:9995,linkerd,linkerd-proxy-injector,linkerd,linkerd-proxy-injector-666c478cbb-z7nnc,666c478cbb,linkerd-proxy-injector,linkerd-proxy-injector.linkerd.serviceaccount.identity.linkerd.cluster.local,,,
1614827710.101,response_latency_ms_count,,,10.1.37.198:4191,linkerd-proxy,linkerd,,linkerd-prometheus-5bccd64d4d-jzwmt,,30370,,,,,linkerd-prometheus,prometheus,linkerd,outbound,,5bccd64d4d,200,true,linkerd,,10.1.37.190:9995,linkerd,linkerd-proxy-injector,linkerd,linkerd-proxy-injector-666c478cbb-z7nnc,666c478cbb,linkerd-proxy-injector,linkerd-proxy-injector.linkerd.serviceaccount.identity.linkerd.cluster.local,,,
1614827720.101,response_latency_ms_count,,,10.1.37.198:4191,linkerd-proxy,linkerd,,linkerd-prometheus-5bccd64d4d-jzwmt,,30371,,,,,linkerd-prometheus,prometheus,linkerd,outbound,,5bccd64d4d,200,true,linkerd,,10.1.37.190:9995,linkerd,linkerd-proxy-injector,linkerd,linkerd-proxy-injector-666c478cbb-z7nnc,666c478cbb,linkerd-proxy-injector,linkerd-proxy-injector.linkerd.serviceaccount.identity.linkerd.cluster.local,,,
1614827730.101,response_latency_ms_count,,,10.1.37.198:4191,linkerd-proxy,linkerd,,linkerd-prometheus-5bccd64d4d-jzwmt,,30372,,,,,linkerd-prometheus,prometheus,linkerd,outbound,,5bccd64d4d,200,true,linkerd,,10.1.37.190:9995,linkerd,linkerd-proxy-injector,linkerd,linkerd-proxy-injector-666c478cbb-z7nnc,666c478cbb,linkerd-proxy-injector,linkerd-proxy-injector.linkerd.serviceaccount.identity.linkerd.cluster.local,,,
1614827740.101,response_latency_ms_count,,,10.1.37.198:4191,linkerd-proxy,linkerd,,linkerd-prometheus-5bccd64d4d-jzwmt,,30373,,,,,linkerd-prometheus,prometheus,linkerd,outbound,,5bccd64d4d,200,true,linkerd,,10.1.37.190:9995,linkerd,linkerd-proxy-injector,linkerd,linkerd-proxy-injector-666c478cbb-z7nnc,666c478cbb,linkerd-proxy-injector,linkerd-proxy-injector.linkerd.serviceaccount.identity.linkerd.cluster.local,,,
1614827750.101,response_latency_ms_count,,,10.1.37.198:4191,linkerd-proxy,linkerd,,linkerd-prometheus-5bccd64d4d-jzwmt,,30374,,,,,linkerd-prometheus,prometheus,linkerd,outbound,,5bccd64d4d,200,true,linkerd,,10.1.37.190:9995,linkerd,linkerd-proxy-injector,linkerd,linkerd-proxy-injector-666c478cbb-z7nnc,666c478cbb,linkerd-proxy-injector,linkerd-proxy-injector.linkerd.serviceaccount.identity.linkerd.cluster.local,,,
1614827760.101,response_latency_ms_count,,,10.1.37.198:4191,linkerd-proxy,linkerd,,linkerd-prometheus-5bccd64d4d-jzwmt,,30375,,,,,linkerd-prometheus,prometheus,linkerd,outbound,,5bccd64d4d,200,true,linkerd,,10.1.37.190:9995,linkerd,linkerd-proxy-injector,linkerd,linkerd-proxy-injector-666c478cbb-z7nnc,666c478cbb,linkerd-proxy-injector,linkerd-proxy-injector.linkerd.serviceaccount.identity.linkerd.cluster.local,,,
1614827770.101,response_latency_ms_count,,,10.1.37.198:4191,linkerd-proxy,linkerd,,linkerd-prometheus-5bccd64d4d-jzwmt,,30376,,,,,linkerd-prometheus,prometheus,linkerd,outbound,,5bccd64d4d,200,true,linkerd,,10.1.37.190:9995,linkerd,linkerd-proxy-injector,linkerd,linkerd-proxy-injector-666c478cbb-z7nnc,666c478cbb,linkerd-proxy-injector,linkerd-proxy-injector.linkerd.serviceaccount.identity.linkerd.cluster.local,,,
1614827780.101,response_latency_ms_count,,,10.1.37.198:4191,linkerd-proxy,linkerd,,linkerd-prometheus-5bccd64d4d-jzwmt,,30377,,,,,linkerd-prometheus,prometheus,linkerd,outbound,,5bccd64d4d,200,true,linkerd,,10.1.37.190:9995,linkerd,linkerd-proxy-injector,linkerd,linkerd-proxy-injector-666c478cbb-z7nnc,666c478cbb,linkerd-proxy-injector,linkerd-proxy-injector.linkerd.serviceaccount.identity.linkerd.cluster.local,,,
1614827790.101,response_latency_ms_count,,,10.1.37.198:4191,linkerd-proxy,linkerd,,linkerd-prometheus-5bccd64d4d-jzwmt,,30378,,,,,linkerd-prometheus,prometheus,linkerd,outbound,,5bccd64d4d,200,true,linkerd,,10.1.37.190:9995,linkerd,linkerd-proxy-injector,linkerd,linkerd-proxy-injector-666c478cbb-z7nnc,666c478cbb,linkerd-proxy-injector,linkerd-proxy-injector.linkerd.serviceaccount.identity.linkerd.cluster.local,,,
1614827800.101,response_latency_ms_count,,,10.1.37.198:4191,linkerd-proxy,linkerd,,linkerd-prometheus-5bccd64d4d-jzwmt,,30379,,,,,linkerd-prometheus,prometheus,linkerd,outbound,,5bccd64d4d,200,true,linkerd,,10.1.37.190:9995,linkerd,linkerd-proxy-injector,linkerd,linkerd-proxy-injector-666c478cbb-z7nnc,666c478cbb,linkerd-proxy-injector,linkerd-proxy-injector.linkerd.serviceaccount.identity.linkerd.cluster.local,,,
1614827640.101,response_latency_ms_count,,,10.1.37.198:4191,linkerd-proxy,linkerd,,linkerd-prometheus-5bccd64d4d-jzwmt,,30363,,,,,linkerd-prometheus,prometheus,linkerd,outbound,,5bccd64d4d,200,true,linkerd,,10.1.37.202:4191,linkerd,linkerd-identity,linkerd,linkerd-identity-57f4bc9db9-gb7rk,57f4bc9db9,linkerd-identity,linkerd-identity.linkerd.serviceaccount.identity.linkerd.cluster.local,,,
1614827650.102,response_latency_ms_count,,,10.1.37.198:4191,linkerd-proxy,linkerd,,linkerd-prometheus-5bccd64d4d-jzwmt,,30364,,,,,linkerd-prometheus,prometheus,linkerd,outbound,,5bccd64d4d,200,true,linkerd,,10.1.37.202:4191,linkerd,linkerd-identity,linkerd,linkerd-identity-57f4bc9db9-gb7rk,57f4bc9db9,linkerd-identity,linkerd-identity.linkerd.serviceaccount.identity.linkerd.cluster.local,,,
1614827660.102,response_latency_ms_count,,,10.1.37.198:4191,linkerd-proxy,linkerd,,linkerd-prometheus-5bccd64d4d-jzwmt,,30365,,,,,linkerd-prometheus,prometheus,linkerd,outbound,,5bccd64d4d,200,true,linkerd,,10.1.37.202:4191,linkerd,linkerd-identity,linkerd,linkerd-identity-57f4bc9db9-gb7rk,57f4bc9db9,linkerd-identity,linkerd-identity.linkerd.serviceaccount.identity.linkerd.cluster.local,,,
1614827670.101,response_latency_ms_count,,,10.1.37.198:4191,linkerd-proxy,linkerd,,linkerd-prometheus-5bccd64d4d-jzwmt,,30366,,,,,linkerd-prometheus,prometheus,linkerd,outbound,,5bccd64d4d,200,true,linkerd,,10.1.37.202:4191,linkerd,linkerd-identity,linkerd,linkerd-identity-57f4bc9db9-gb7rk,57f4bc9db9,linkerd-identity,linkerd-identity.linkerd.serviceaccount.identity.linkerd.cluster.local,,,
1614827680.101,response_latency_ms_count,,,10.1.37.198:4191,linkerd-proxy,linkerd,,linkerd-prometheus-5bccd64d4d-jzwmt,,30367,,,,,linkerd-prometheus,prometheus,linkerd,outbound,,5bccd64d4d,200,true,linkerd,,10.1.37.202:4191,linkerd,linkerd-identity,linkerd,linkerd-identity-57f4bc9db9-gb7rk,57f4bc9db9,linkerd-identity,linkerd-identity.linkerd.serviceaccount.identity.linkerd.cluster.local,,,
1614827690.101,response_latency_ms_count,,,10.1.37.198:4191,linkerd-proxy,linkerd,,linkerd-prometheus-5bccd64d4d-jzwmt,,30368,,,,,linkerd-prometheus,prometheus,linkerd,outbound,,5bccd64d4d,200,true,linkerd,,10.1.37.202:4191,linkerd,linkerd-identity,linkerd,linkerd-identity-57f4bc9db9-gb7rk,57f4bc9db9,linkerd-identity,linkerd-identity.linkerd.serviceaccount.identity.linkerd.cluster.local,,,
1614827700.102,response_latency_ms_count,,,10.1.37.198:4191,linkerd-proxy,linkerd,,linkerd-prometheus-5bccd64d4d-jzwmt,,30369,,,,,linkerd-prometheus,prometheus,linkerd,outbound,,5bccd64d4d,200,true,linkerd,,10.1.37.202:4191,linkerd,linkerd-identity,linkerd,linkerd-identity-57f4bc9db9-gb7rk,57f4bc9db9,linkerd-identity,linkerd-identity.linkerd.serviceaccount.identity.linkerd.cluster.local,,,
1614827710.101,response_latency_ms_count,,,10.1.37.198:4191,linkerd-proxy,linkerd,,linkerd-prometheus-5bccd64d4d-jzwmt,,30370,,,,,linkerd-prometheus,prometheus,linkerd,outbound,,5bccd64d4d,200,true,linkerd,,10.1.37.202:4191,linkerd,linkerd-identity,linkerd,linkerd-identity-57f4bc9db9-gb7rk,57f4bc9db9,linkerd-identity,linkerd-identity.linkerd.serviceaccount.identity.linkerd.cluster.local,,,
1614827720.101,response_latency_ms_count,,,10.1.37.198:4191,linkerd-proxy,linkerd,,linkerd-prometheus-5bccd64d4d-jzwmt,,30371,,,,,linkerd-prometheus,prometheus,linkerd,outbound,,5bccd64d4d,200,true,linkerd,,10.1.37.202:4191,linkerd,linkerd-identity,linkerd,linkerd-identity-57f4bc9db9-gb7rk,57f4bc9db9,linkerd-identity,linkerd-identity.linkerd.serviceaccount.identity.linkerd.cluster.local,,,
1614827730.101,response_latency_ms_count,,,10.1.37.198:4191,linkerd-proxy,linkerd,,linkerd-prometheus-5bccd64d4d-jzwmt,,30372,,,,,linkerd-prometheus,prometheus,linkerd,outbound,,5bccd64d4d,200,true,linkerd,,10.1.37.202:4191,linkerd,linkerd-identity,linkerd,linkerd-identity-57f4bc9db9-gb7rk,57f4bc9db9,linkerd-identity,linkerd-identity.linkerd.serviceaccount.identity.linkerd.cluster.local,,,
1614827740.101,response_latency_ms_count,,,10.1.37.198:4191,linkerd-proxy,linkerd,,linkerd-prometheus-5bccd64d4d-jzwmt,,30373,,,,,linkerd-prometheus,prometheus,linkerd,outbound,,5bccd64d4d,200,true,linkerd,,10.1.37.202:4191,linkerd,linkerd-identity,linkerd,linkerd-identity-57f4bc9db9-gb7rk,57f4bc9db9,linkerd-identity,linkerd-identity.linkerd.serviceaccount.identity.linkerd.cluster.local,,,
1614827750.101,response_latency_ms_count,,,10.1.37.198:4191,linkerd-proxy,linkerd,,linkerd-prometheus-5bccd64d4d-jzwmt,,30374,,,,,linkerd-prometheus,prometheus,linkerd,outbound,,5bccd64d4d,200,true,linkerd,,10.1.37.202:4191,linkerd,linkerd-identity,linkerd,linkerd-identity-57f4bc9db9-gb7rk,57f4bc9db9,linkerd-identity,linkerd-identity.linkerd.serviceaccount.identity.linkerd.cluster.local,,,
1614827760.101,response_latency_ms_count,,,10.1.37.198:4191,linkerd-proxy,linkerd,,linkerd-prometheus-5bccd64d4d-jzwmt,,30375,,,,,linkerd-prometheus,prometheus,linkerd,outbound,,5bccd64d4d,200,true,linkerd,,10.1.37.202:4191,linkerd,linkerd-identity,linkerd,linkerd-identity-57f4bc9db9-gb7rk,57f4bc9db9,linkerd-identity,linkerd-identity.linkerd.serviceaccount.identity.linkerd.cluster.local,,,
1614827770.101,response_latency_ms_count,,,10.1.37.198:4191,linkerd-proxy,linkerd,,linkerd-prometheus-5bccd64d4d-jzwmt,,30376,,,,,linkerd-prometheus,prometheus,linkerd,outbound,,5bccd64d4d,200,true,linkerd,,10.1.37.202:4191,linkerd,linkerd-identity,linkerd,linkerd-identity-57f4bc9db9-gb7rk,57f4bc9db9,linkerd-identity,linkerd-identity.linkerd.serviceaccount.identity.linkerd.cluster.local,,,
1614827780.101,response_latency_ms_count,,,10.1.37.198:4191,linkerd-proxy,linkerd,,linkerd-prometheus-5bccd64d4d-jzwmt,,30377,,,,,linkerd-prometheus,prometheus,linkerd,outbound,,5bccd64d4d,200,true,linkerd,,10.1.37.202:4191,linkerd,linkerd-identity,linkerd,linkerd-identity-57f4bc9db9-gb7rk,57f4bc9db9,linkerd-identity,linkerd-identity.linkerd.serviceaccount.identity.linkerd.cluster.local,,,
1614827790.101,response_latency_ms_count,,,10.1.37.198:4191,linkerd-proxy,linkerd,,linkerd-prometheus-5bccd64d4d-jzwmt,,30378,,,,,linkerd-prometheus,prometheus,linkerd,outbound,,5bccd64d4d,200,true,linkerd,,10.1.37.202:4191,linkerd,linkerd-identity,linkerd,linkerd-identity-57f4bc9db9-gb7rk,57f4bc9db9,linkerd-identity,linkerd-identity.linkerd.serviceaccount.identity.linkerd.cluster.local,,,
1614827800.101,response_latency_ms_count,,,10.1.37.198:4191,linkerd-proxy,linkerd,,linkerd-prometheus-5bccd64d4d-jzwmt,,30379,,,,,linkerd-prometheus,prometheus,linkerd,outbound,,5bccd64d4d,200,true,linkerd,,10.1.37.202:4191,linkerd,linkerd-identity,linkerd,linkerd-identity-57f4bc9db9-gb7rk,57f4bc9db9,linkerd-identity,linkerd-identity.linkerd.serviceaccount.identity.linkerd.cluster.local,,,
1614827640.101,response_latency_ms_count,,,10.1.37.198:4191,linkerd-proxy,linkerd,,linkerd-prometheus-5bccd64d4d-jzwmt,,30363,,,,,linkerd-prometheus,prometheus,linkerd,outbound,,5bccd64d4d,200,true,linkerd,,10.1.37.195:9998,linkerd,linkerd-tap,linkerd,linkerd-tap-75785bb98d-dvlv2,75785bb98d,linkerd-tap,linkerd-tap.linkerd.serviceaccount.identity.linkerd.cluster.local,,,
1614827650.102,response_latency_ms_count,,,10.1.37.198:4191,linkerd-proxy,linkerd,,linkerd-prometheus-5bccd64d4d-jzwmt,,30364,,,,,linkerd-prometheus,prometheus,linkerd,outbound,,5bccd64d4d,200,true,linkerd,,10.1.37.195:9998,linkerd,linkerd-tap,linkerd,linkerd-tap-75785bb98d-dvlv2,75785bb98d,linkerd-tap,linkerd-tap.linkerd.serviceaccount.identity.linkerd.cluster.local,,,
1614827660.102,response_latency_ms_count,,,10.1.37.198:4191,linkerd-proxy,linkerd,,linkerd-prometheus-5bccd64d4d-jzwmt,,30365,,,,,linkerd-prometheus,prometheus,linkerd,outbound,,5bccd64d4d,200,true,linkerd,,10.1.37.195:9998,linkerd,linkerd-tap,linkerd,linkerd-tap-75785bb98d-dvlv2,75785bb98d,linkerd-tap,linkerd-tap.linkerd.serviceaccount.identity.linkerd.cluster.local,,,
1614827670.101,response_latency_ms_count,,,10.1.37.198:4191,linkerd-proxy,linkerd,,linkerd-prometheus-5bccd64d4d-jzwmt,,30366,,,,,linkerd-prometheus,prometheus,linkerd,outbound,,5bccd64d4d,200,true,linkerd,,10.1.37.195:9998,linkerd,linkerd-tap,linkerd,linkerd-tap-75785bb98d-dvlv2,75785bb98d,linkerd-tap,linkerd-tap.linkerd.serviceaccount.identity.linkerd.cluster.local,,,
1614827680.101,response_latency_ms_count,,,10.1.37.198:4191,linkerd-proxy,linkerd,,linkerd-prometheus-5bccd64d4d-jzwmt,,30367,,,,,linkerd-prometheus,prometheus,linkerd,outbound,,5bccd64d4d,200,true,linkerd,,10.1.37.195:9998,linkerd,linkerd-tap,linkerd,linkerd-tap-75785bb98d-dvlv2,75785bb98d,linkerd-tap,linkerd-tap.linkerd.serviceaccount.identity.linkerd.cluster.local,,,
1614827690.101,response_latency_ms_count,,,10.1.37.198:4191,linkerd-proxy,linkerd,,linkerd-prometheus-5bccd64d4d-jzwmt,,30368,,,,,linkerd-prometheus,prometheus,linkerd,outbound,,5bccd64d4d,200,true,linkerd,,10.1.37.195:9998,linkerd,linkerd-tap,linkerd,linkerd-tap-75785bb98d-dvlv2,75785bb98d,linkerd-tap,linkerd-tap.linkerd.serviceaccount.identity.linkerd.cluster.local,,,
1614827700.102,response_latency_ms_count,,,10.1.37.198:4191,linkerd-proxy,linkerd,,linkerd-prometheus-5bccd64d4d-jzwmt,,30369,,,,,linkerd-prometheus,prometheus,linkerd,outbound,,5bccd64d4d,200,true,linkerd,,10.1.37.195:9998,linkerd,linkerd-tap,linkerd,linkerd-tap-75785bb98d-dvlv2,75785bb98d,linkerd-tap,linkerd-tap.linkerd.serviceaccount.identity.linkerd.cluster.local,,,
1614827710.101,response_latency_ms_count,,,10.1.37.198:4191,linkerd-proxy,linkerd,,linkerd-prometheus-5bccd64d4d-jzwmt,,30370,,,,,linkerd-prometheus,prometheus,linkerd,outbound,,5bccd64d4d,200,true,linkerd,,10.1.37.195:9998,linkerd,linkerd-tap,linkerd,linkerd-tap-75785bb98d-dvlv2,75785bb98d,linkerd-tap,linkerd-tap.linkerd.serviceaccount.identity.linkerd.cluster.local,,,
1614827720.101,response_latency_ms_count,,,10.1.37.198:4191,linkerd-proxy,linkerd,,linkerd-prometheus-5bccd64d4d-jzwmt,,30371,,,,,linkerd-prometheus,prometheus,linkerd,outbound,,5bccd64d4d,200,true,linkerd,,10.1.37.195:9998,linkerd,linkerd-tap,linkerd,linkerd-tap-75785bb98d-dvlv2,75785bb98d,linkerd-tap,linkerd-tap.linkerd.serviceaccount.identity.linkerd.cluster.local,,,
1614827730.101,response_latency_ms_count,,,10.1.37.198:4191,linkerd-proxy,linkerd,,linkerd-prometheus-5bccd64d4d-jzwmt,,30372,,,,,linkerd-prometheus,prometheus,linkerd,outbound,,5bccd64d4d,200,true,linkerd,,10.1.37.195:9998,linkerd,linkerd-tap,linkerd,linkerd-tap-75785bb98d-dvlv2,75785bb98d,linkerd-tap,linkerd-tap.linkerd.serviceaccount.identity.linkerd.cluster.local,,,
1614827740.101,response_latency_ms_count,,,10.1.37.198:4191,linkerd-proxy,linkerd,,linkerd-prometheus-5bccd64d4d-jzwmt,,30373,,,,,linkerd-prometheus,prometheus,linkerd,outbound,,5bccd64d4d,200,true,linkerd,,10.1.37.195:9998,linkerd,linkerd-tap,linkerd,linkerd-tap-75785bb98d-dvlv2,75785bb98d,linkerd-tap,linkerd-tap.linkerd.serviceaccount.identity.linkerd.cluster.local,,,
1614827750.101,response_latency_ms_count,,,10.1.37.198:4191,linkerd-proxy,linkerd,,linkerd-prometheus-5bccd64d4d-jzwmt,,30374,,,,,linkerd-prometheus,prometheus,linkerd,outbound,,5bccd64d4d,200,true,linkerd,,10.1.37.195:9998,linkerd,linkerd-tap,linkerd,linkerd-tap-75785bb98d-dvlv2,75785bb98d,linkerd-tap,linkerd-tap.linkerd.serviceaccount.identity.linkerd.cluster.local,,,
1614827760.101,response_latency_ms_count,,,10.1.37.198:4191,linkerd-proxy,linkerd,,linkerd-prometheus-5bccd64d4d-jzwmt,,30375,,,,,linkerd-prometheus,prometheus,linkerd,outbound,,5bccd64d4d,200,true,linkerd,,10.1.37.195:9998,linkerd,linkerd-tap,linkerd,linkerd-tap-75785bb98d-dvlv2,75785bb98d,linkerd-tap,linkerd-tap.linkerd.serviceaccount.identity.linkerd.cluster.local,,,
1614827770.101,response_latency_ms_count,,,10.1.37.198:4191,linkerd-proxy,linkerd,,linkerd-prometheus-5bccd64d4d-jzwmt,,30376,,,,,linkerd-prometheus,prometheus,linkerd,outbound,,5bccd64d4d,200,true,linkerd,,10.1.37.195:9998,linkerd,linkerd-tap,linkerd,linkerd-tap-75785bb98d-dvlv2,75785bb98d,linkerd-tap,linkerd-tap.linkerd.serviceaccount.identity.linkerd.cluster.local,,,
1614827780.101,response_latency_ms_count,,,10.1.37.198:4191,linkerd-proxy,linkerd,,linkerd-prometheus-5bccd64d4d-jzwmt,,30377,,,,,linkerd-prometheus,prometheus,linkerd,outbound,,5bccd64d4d,200,true,linkerd,,10.1.37.195:9998,linkerd,linkerd-tap,linkerd,linkerd-tap-75785bb98d-dvlv2,75785bb98d,linkerd-tap,linkerd-tap.linkerd.serviceaccount.identity.linkerd.cluster.local,,,
1614827790.101,response_latency_ms_count,,,10.1.37.198:4191,linkerd-proxy,linkerd,,linkerd-prometheus-5bccd64d4d-jzwmt,,30378,,,,,linkerd-prometheus,prometheus,linkerd,outbound,,5bccd64d4d,200,true,linkerd,,10.1.37.195:9998,linkerd,linkerd-tap,linkerd,linkerd-tap-75785bb98d-dvlv2,75785bb98d,linkerd-tap,linkerd-tap.linkerd.serviceaccount.identity.linkerd.cluster.local,,,
1614827800.101,response_latency_ms_count,,,10.1.37.198:4191,linkerd-proxy,linkerd,,linkerd-prometheus-5bccd64d4d-jzwmt,,30379,,,,,linkerd-prometheus,prometheus,linkerd,outbound,,5bccd64d4d,200,true,linkerd,,10.1.37.195:9998,linkerd,linkerd-tap,linkerd,linkerd-tap-75785bb98d-dvlv2,75785bb98d,linkerd-tap,linkerd-tap.linkerd.serviceaccount.identity.linkerd.cluster.local,,,
1614827640.101,response_latency_ms_count,,,10.1.37.198:4191,linkerd-proxy,linkerd,,linkerd-prometheus-5bccd64d4d-jzwmt,,30363,,,,,linkerd-prometheus,prometheus,linkerd,outbound,,5bccd64d4d,200,true,linkerd,,10.1.37.196:4191,linkerd,linkerd-controller,linkerd,linkerd-controller-798d449c77-qk6j4,798d449c77,linkerd-controller,linkerd-controller.linkerd.serviceaccount.identity.linkerd.cluster.local,,,
1614827650.102,response_latency_ms_count,,,10.1.37.198:4191,linkerd-proxy,linkerd,,linkerd-prometheus-5bccd64d4d-jzwmt,,30364,,,,,linkerd-prometheus,prometheus,linkerd,outbound,,5bccd64d4d,200,true,linkerd,,10.1.37.196:4191,linkerd,linkerd-controller,linkerd,linkerd-controller-798d449c77-qk6j4,798d449c77,linkerd-controller,linkerd-controller.linkerd.serviceaccount.identity.linkerd.cluster.local,,,
1614827660.102,response_latency_ms_count,,,10.1.37.198:4191,linkerd-proxy,linkerd,,linkerd-prometheus-5bccd64d4d-jzwmt,,30365,,,,,linkerd-prometheus,prometheus,linkerd,outbound,,5bccd64d4d,200,true,linkerd,,10.1.37.196:4191,linkerd,linkerd-controller,linkerd,linkerd-controller-798d449c77-qk6j4,798d449c77,linkerd-controller,linkerd-controller.linkerd.serviceaccount.identity.linkerd.cluster.local,,,
1614827670.101,response_latency_ms_count,,,10.1.37.198:4191,linkerd-proxy,linkerd,,linkerd-prometheus-5bccd64d4d-jzwmt,,30366,,,,,linkerd-prometheus,prometheus,linkerd,outbound,,5bccd64d4d,200,true,linkerd,,10.1.37.196:4191,linkerd,linkerd-controller,linkerd,linkerd-controller-798d449c77-qk6j4,798d449c77,linkerd-controller,linkerd-controller.linkerd.serviceaccount.identity.linkerd.cluster.local,,,
1614827680.101,response_latency_ms_count,,,10.1.37.198:4191,linkerd-proxy,linkerd,,linkerd-prometheus-5bccd64d4d-jzwmt,,30367,,,,,linkerd-prometheus,prometheus,linkerd,outbound,,5bccd64d4d,200,true,linkerd,,10.1.37.196:4191,linkerd,linkerd-controller,linkerd,linkerd-controller-798d449c77-qk6j4,798d449c77,linkerd-controller,linkerd-controller.linkerd.serviceaccount.identity.linkerd.cluster.local,,,
1614827690.101,response_latency_ms_count,,,10.1.37.198:4191,linkerd-proxy,linkerd,,linkerd-prometheus-5bccd64d4d-jzwmt,,30368,,,,,linkerd-prometheus,prometheus,linkerd,outbound,,5bccd64d4d,200,true,linkerd,,10.1.37.196:4191,linkerd,linkerd-controller,linkerd,linkerd-controller-798d449c77-qk6j4,798d449c77,linkerd-controller,linkerd-controller.linkerd.serviceaccount.identity.linkerd.cluster.local,,,
1614827700.102,response_latency_ms_count,,,10.1.37.198:4191,linkerd-proxy,linkerd,,linkerd-prometheus-5bccd64d4d-jzwmt,,30369,,,,,linkerd-prometheus,prometheus,linkerd,outbound,,5bccd64d4d,200,true,linkerd,,10.1.37.196:4191,linkerd,linkerd-controller,linkerd,linkerd-controller-798d449c77-qk6j4,798d449c77,linkerd-controller,linkerd-controller.linkerd.serviceaccount.identity.linkerd.cluster.local,,,
1614827710.101,response_latency_ms_count,,,10.1.37.198:4191,linkerd-proxy,linkerd,,linkerd-prometheus-5bccd64d4d-jzwmt,,30370,,,,,linkerd-prometheus,prometheus,linkerd,outbound,,5bccd64d4d,200,true,linkerd,,10.1.37.196:4191,linkerd,linkerd-controller,linkerd,linkerd-controller-798d449c77-qk6j4,798d449c77,linkerd-controller,linkerd-controller.linkerd.serviceaccount.identity.linkerd.cluster.local,,,
1614827720.101,response_latency_ms_count,,,10.1.37.198:4191,linkerd-proxy,linkerd,,linkerd-prometheus-5bccd64d4d-jzwmt,,30371,,,,,linkerd-prometheus,prometheus,linkerd,outbound,,5bccd64d4d,200,true,linkerd,,10.1.37.196:4191,linkerd,linkerd-controller,linkerd,linkerd-controller-798d449c77-qk6j4,798d449c77,linkerd-controller,linkerd-controller.linkerd.serviceaccount.identity.linkerd.cluster.local,,,
1614827730.101,response_latency_ms_count,,,10.1.37.198:4191,linkerd-proxy,linkerd,,linkerd-prometheus-5bccd64d4d-jzwmt,,30372,,,,,linkerd-prometheus,prometheus,linkerd,outbound,,5bccd64d4d,200,true,linkerd,,10.1.37.196:4191,linkerd,linkerd-controller,linkerd,linkerd-controller-798d449c77-qk6j4,798d449c77,linkerd-controller,linkerd-controller.linkerd.serviceaccount.identity.linkerd.cluster.local,,,
1614827740.101,response_latency_ms_count,,,10.1.37.198:4191,linkerd-proxy,linkerd,,linkerd-prometheus-5bccd64d4d-jzwmt,,30373,,,,,linkerd-prometheus,prometheus,linkerd,outbound,,5bccd64d4d,200,true,linkerd,,10.1.37.196:4191,linkerd,linkerd-controller,linkerd,linkerd-controller-798d449c77-qk6j4,798d449c77,linkerd-controller,linkerd-controller.linkerd.serviceaccount.identity.linkerd.cluster.local,,,
1614827750.101,response_latency_ms_count,,,10.1.37.198:4191,linkerd-proxy,linkerd,,linkerd-prometheus-5bccd64d4d-jzwmt,,30374,,,,,linkerd-prometheus,prometheus,linkerd,outbound,,5bccd64d4d,200,true,linkerd,,10.1.37.196:4191,linkerd,linkerd-controller,linkerd,linkerd-controller-798d449c77-qk6j4,798d449c77,linkerd-controller,linkerd-controller.linkerd.serviceaccount.identity.linkerd.cluster.local,,,
1614827760.101,response_latency_ms_count,,,10.1.37.198:4191,linkerd-proxy,linkerd,,linkerd-prometheus-5bccd64d4d-jzwmt,,30375,,,,,linkerd-prometheus,prometheus,linkerd,outbound,,5bccd64d4d,200,true,linkerd,,10.1.37.196:4191,linkerd,linkerd-controller,linkerd,linkerd-controller-798d449c77-qk6j4,798d449c77,linkerd-controller,linkerd-controller.linkerd.serviceaccount.identity.linkerd.cluster.local,,,
1614827770.101,response_latency_ms_count,,,10.1.37.198:4191,linkerd-proxy,linkerd,,linkerd-prometheus-5bccd64d4d-jzwmt,,30376,,,,,linkerd-prometheus,prometheus,linkerd,outbound,,5bccd64d4d,200,true,linkerd,,10.1.37.196:4191,linkerd,linkerd-controller,linkerd,linkerd-controller-798d449c77-qk6j4,798d449c77,linkerd-controller,linkerd-controller.linkerd.serviceaccount.identity.linkerd.cluster.local,,,
1614827780.101,response_latency_ms_count,,,10.1.37.198:4191,linkerd-proxy,linkerd,,linkerd-prometheus-5bccd64d4d-jzwmt,,30377,,,,,linkerd-prometheus,prometheus,linkerd,outbound,,5bccd64d4d,200,true,linkerd,,10.1.37.196:4191,linkerd,linkerd-controller,linkerd,linkerd-controller-798d449c77-qk6j4,798d449c77,linkerd-controller,linkerd-controller.linkerd.serviceaccount.identity.linkerd.cluster.local,,,
1614827790.101,response_latency_ms_count,,,10.1.37.198:4191,linkerd-proxy,linkerd,,linkerd-prometheus-5bccd64d4d-jzwmt,,30378,,,,,linkerd-prometheus,prometheus,linkerd,outbound,,5bccd64d4d,200,true,linkerd,,10.1.37.196:4191,linkerd,linkerd-controller,linkerd,linkerd-controller-798d449c77-qk6j4,798d449c77,linkerd-controller,linkerd-controller.linkerd.serviceaccount.identity.linkerd.cluster.local,,,
1614827800.101,response_latency_ms_count,,,10.1.37.198:4191,linkerd-proxy,linkerd,,linkerd-prometheus-5bccd64d4d-jzwmt,,30379,,,,,linkerd-prometheus,prometheus,linkerd,outbound,,5bccd64d4d,200,true,linkerd,,10.1.37.196:4191,linkerd,linkerd-controller,linkerd,linkerd-controller-798d449c77-qk6j4,798d449c77,linkerd-controller,linkerd-controller.linkerd.serviceaccount.identity.linkerd.cluster.local,,,
1614827640.101,response_latency_ms_count,,,10.1.37.198:4191,linkerd-proxy,linkerd,,linkerd-prometheus-5bccd64d4d-jzwmt,,30363,,,,,linkerd-prometheus,prometheus,linkerd,outbound,,5bccd64d4d,200,true,linkerd,,10.1.37.191:4191,linkerd,linkerd-sp-validator,linkerd,linkerd-sp-validator-77d978fbd9-zk8mm,77d978fbd9,linkerd-sp-validator,linkerd-sp-validator.linkerd.serviceaccount.identity.linkerd.cluster.local,,,
1614827650.102,response_latency_ms_count,,,10.1.37.198:4191,linkerd-proxy,linkerd,,linkerd-prometheus-5bccd64d4d-jzwmt,,30364,,,,,linkerd-prometheus,prometheus,linkerd,outbound,,5bccd64d4d,200,true,linkerd,,10.1.37.191:4191,linkerd,linkerd-sp-validator,linkerd,linkerd-sp-validator-77d978fbd9-zk8mm,77d978fbd9,linkerd-sp-validator,linkerd-sp-validator.linkerd.serviceaccount.identity.linkerd.cluster.local,,,
1614827660.102,response_latency_ms_count,,,10.1.37.198:4191,linkerd-proxy,linkerd,,linkerd-prometheus-5bccd64d4d-jzwmt,,30365,,,,,linkerd-prometheus,prometheus,linkerd,outbound,,5bccd64d4d,200,true,linkerd,,10.1.37.191:4191,linkerd,linkerd-sp-validator,linkerd,linkerd-sp-validator-77d978fbd9-zk8mm,77d978fbd9,linkerd-sp-validator,linkerd-sp-validator.linkerd.serviceaccount.identity.linkerd.cluster.local,,,
1614827670.101,response_latency_ms_count,,,10.1.37.198:4191,linkerd-proxy,linkerd,,linkerd-prometheus-5bccd64d4d-jzwmt,,30366,,,,,linkerd-prometheus,prometheus,linkerd,outbound,,5bccd64d4d,200,true,linkerd,,10.1.37.191:4191,linkerd,linkerd-sp-validator,linkerd,linkerd-sp-validator-77d978fbd9-zk8mm,77d978fbd9,linkerd-sp-validator,linkerd-sp-validator.linkerd.serviceaccount.identity.linkerd.cluster.local,,,
1614827680.101,response_latency_ms_count,,,10.1.37.198:4191,linkerd-proxy,linkerd,,linkerd-prometheus-5bccd64d4d-jzwmt,,30367,,,,,linkerd-prometheus,prometheus,linkerd,outbound,,5bccd64d4d,200,true,linkerd,,10.1.37.191:4191,linkerd,linkerd-sp-validator,linkerd,linkerd-sp-validator-77d978fbd9-zk8mm,77d978fbd9,linkerd-sp-validator,linkerd-sp-validator.linkerd.serviceaccount.identity.linkerd.cluster.local,,,
1614827690.101,response_latency_ms_count,,,10.1.37.198:4191,linkerd-proxy,linkerd,,linkerd-prometheus-5bccd64d4d-jzwmt,,30368,,,,,linkerd-prometheus,prometheus,linkerd,outbound,,5bccd64d4d,200,true,linkerd,,10.1.37.191:4191,linkerd,linkerd-sp-validator,linkerd,linkerd-sp-validator-77d978fbd9-zk8mm,77d978fbd9,linkerd-sp-validator,linkerd-sp-validator.linkerd.serviceaccount.identity.linkerd.cluster.local,,,
1614827700.102,response_latency_ms_count,,,10.1.37.198:4191,linkerd-proxy,linkerd,,linkerd-prometheus-5bccd64d4d-jzwmt,,30369,,,,,linkerd-prometheus,prometheus,linkerd,outbound,,5bccd64d4d,200,true,linkerd,,10.1.37.191:4191,linkerd,linkerd-sp-validator,linkerd,linkerd-sp-validator-77d978fbd9-zk8mm,77d978fbd9,linkerd-sp-validator,linkerd-sp-validator.linkerd.serviceaccount.identity.linkerd.cluster.local,,,
1614827710.101,response_latency_ms_count,,,10.1.37.198:4191,linkerd-proxy,linkerd,,linkerd-prometheus-5bccd64d4d-jzwmt,,30370,,,,,linkerd-prometheus,prometheus,linkerd,outbound,,5bccd64d4d,200,true,linkerd,,10.1.37.191:4191,linkerd,linkerd-sp-validator,linkerd,linkerd-sp-validator-77d978fbd9-zk8mm,77d978fbd9,linkerd-sp-validator,linkerd-sp-validator.linkerd.serviceaccount.identity.linkerd.cluster.local,,,
1614827720.101,response_latency_ms_count,,,10.1.37.198:4191,linkerd-proxy,linkerd,,linkerd-prometheus-5bccd64d4d-jzwmt,,30371,,,,,linkerd-prometheus,prometheus,linkerd,outbound,,5bccd64d4d,200,true,linkerd,,10.1.37.191:4191,linkerd,linkerd-sp-validator,linkerd,linkerd-sp-validator-77d978fbd9-zk8mm,77d978fbd9,linkerd-sp-validator,linkerd-sp-validator.linkerd.serviceaccount.identity.linkerd.cluster.local,,,
1614827730.101,response_latency_ms_count,,,10.1.37.198:4191,linkerd-proxy,linkerd,,linkerd-prometheus-5bccd64d4d-jzwmt,,30372,,,,,linkerd-prometheus,prometheus,linkerd,outbound,,5bccd64d4d,200,true,linkerd,,10.1.37.191:4191,linkerd,linkerd-sp-validator,linkerd,linkerd-sp-validator-77d978fbd9-zk8mm,77d978fbd9,linkerd-sp-validator,linkerd-sp-validator.linkerd.serviceaccount.identity.linkerd.cluster.local,,,
1614827740.101,response_latency_ms_count,,,10.1.37.198:4191,linkerd-proxy,linkerd,,linkerd-prometheus-5bccd64d4d-jzwmt,,30373,,,,,linkerd-prometheus,prometheus,linkerd,outbound,,5bccd64d4d,200,true,linkerd,,10.1.37.191:4191,linkerd,linkerd-sp-validator,linkerd,linkerd-sp-validator-77d978fbd9-zk8mm,77d978fbd9,linkerd-sp-validator,linkerd-sp-validator.linkerd.serviceaccount.identity.linkerd.cluster.local,,,
1614827750.101,response_latency_ms_count,,,10.1.37.198:4191,linkerd-proxy,linkerd,,linkerd-prometheus-5bccd64d4d-jzwmt,,30374,,,,,linkerd-prometheus,prometheus,linkerd,outbound,,5bccd64d4d,200,true,linkerd,,10.1.37.191:4191,linkerd,linkerd-sp-validator,linkerd,linkerd-sp-validator-77d978fbd9-zk8mm,77d978fbd9,linkerd-sp-validator,linkerd-sp-validator.linkerd.serviceaccount.identity.linkerd.cluster.local,,,
1614827760.101,response_latency_ms_count,,,10.1.37.198:4191,linkerd-proxy,linkerd,,linkerd-prometheus-5bccd64d4d-jzwmt,,30375,,,,,linkerd-prometheus,prometheus,linkerd,outbound,,5bccd64d4d,200,true,linkerd,,10.1.37.191:4191,linkerd,linkerd-sp-validator,linkerd,linkerd-sp-validator-77d978fbd9-zk8mm,77d978fbd9,linkerd-sp-validator,linkerd-sp-validator.linkerd.serviceaccount.identity.linkerd.cluster.local,,,
1614827770.101,response_latency_ms_count,,,10.1.37.198:4191,linkerd-proxy,linkerd,,linkerd-prometheus-5bccd64d4d-jzwmt,,30376,,,,,linkerd-prometheus,prometheus,linkerd,outbound,,5bccd64d4d,200,true,linkerd,,10.1.37.191:4191,linkerd,linkerd-sp-validator,linkerd,linkerd-sp-validator-77d978fbd9-zk8mm,77d978fbd9,linkerd-sp-validator,linkerd-sp-validator.linkerd.serviceaccount.identity.linkerd.cluster.local,,,
1614827780.101,response_latency_ms_count,,,10.1.37.198:4191,linkerd-proxy,linkerd,,linkerd-prometheus-5bccd64d4d-jzwmt,,30377,,,,,linkerd-prometheus,prometheus,linkerd,outbound,,5bccd64d4d,200,true,linkerd,,10.1.37.191:4191,linkerd,linkerd-sp-validator,linkerd,linkerd-sp-validator-77d978fbd9-zk8mm,77d978fbd9,linkerd-sp-validator,linkerd-sp-validator.linkerd.serviceaccount.identity.linkerd.cluster.local,,,
1614827790.101,response_latency_ms_count,,,10.1.37.198:4191,linkerd-proxy,linkerd,,linkerd-prometheus-5bccd64d4d-jzwmt,,30378,,,,,linkerd-prometheus,prometheus,linkerd,outbound,,5bccd64d4d,200,true,linkerd,,10.1.37.191:4191,linkerd,linkerd-sp-validator,linkerd,linkerd-sp-validator-77d978fbd9-zk8mm,77d978fbd9,linkerd-sp-validator,linkerd-sp-validator.linkerd.serviceaccount.identity.linkerd.cluster.local,,,
1614827800.101,response_latency_ms_count,,,10.1.37.198:4191,linkerd-proxy,linkerd,,linkerd-prometheus-5bccd64d4d-jzwmt,,30379,,,,,linkerd-prometheus,prometheus,linkerd,outbound,,5bccd64d4d,200,true,linkerd,,10.1.37.191:4191,linkerd,linkerd-sp-validator,linkerd,linkerd-sp-validator-77d978fbd9-zk8mm,77d978fbd9,linkerd-sp-validator,linkerd-sp-validator.linkerd.serviceaccount.identity.linkerd.cluster.local,,,
1614827631.031,response_latency_ms_count,,,10.1.37.193:4191,linkerd-proxy,linkerd,,linkerd-destination-654f8848f5-4tr7b,,60739,,,,,linkerd-destination,destination,linkerd,inbound,no_tls_from_remote,654f8848f5,200,no_identity,linkerd,,,,,,,,,,,,
1614827641.03,response_latency_ms_count,,,10.1.37.193:4191,linkerd-proxy,linkerd,,linkerd-destination-654f8848f5-4tr7b,,60741,,,,,linkerd-destination,destination,linkerd,inbound,no_tls_from_remote,654f8848f5,200,no_identity,linkerd,,,,,,,,,,,,
1614827651.03,response_latency_ms_count,,,10.1.37.193:4191,linkerd-proxy,linkerd,,linkerd-destination-654f8848f5-4tr7b,,60743,,,,,linkerd-destination,destination,linkerd,inbound,no_tls_from_remote,654f8848f5,200,no_identity,linkerd,,,,,,,,,,,,
1614827661.03,response_latency_ms_count,,,10.1.37.193:4191,linkerd-proxy,linkerd,,linkerd-destination-654f8848f5-4tr7b,,60745,,,,,linkerd-destination,destination,linkerd,inbound,no_tls_from_remote,654f8848f5,200,no_identity,linkerd,,,,,,,,,,,,
1614827671.031,response_latency_ms_count,,,10.1.37.193:4191,linkerd-proxy,linkerd,,linkerd-destination-654f8848f5-4tr7b,,60747,,,,,linkerd-destination,destination,linkerd,inbound,no_tls_from_remote,654f8848f5,200,no_identity,linkerd,,,,,,,,,,,,
1614827681.03,response_latency_ms_count,,,10.1.37.193:4191,linkerd-proxy,linkerd,,linkerd-destination-654f8848f5-4tr7b,,60749,,,,,linkerd-destination,destination,linkerd,inbound,no_tls_from_remote,654f8848f5,200,no_identity,linkerd,,,,,,,,,,,,
1614827691.03,response_latency_ms_count,,,10.1.37.193:4191,linkerd-proxy,linkerd,,linkerd-destination-654f8848f5-4tr7b,,60751,,,,,linkerd-destination,destination,linkerd,inbound,no_tls_from_remote,654f8848f5,200,no_identity,linkerd,,,,,,,,,,,,
1614827701.031,response_latency_ms_count,,,10.1.37.193:4191,linkerd-proxy,linkerd,,linkerd-destination-654f8848f5-4tr7b,,60753,,,,,linkerd-destination,destination,linkerd,inbound,no_tls_from_remote,654f8848f5,200,no_identity,linkerd,,,,,,,,,,,,
1614827711.03,response_latency_ms_count,,,10.1.37.193:4191,linkerd-proxy,linkerd,,linkerd-destination-654f8848f5-4tr7b,,60755,,,,,linkerd-destination,destination,linkerd,inbound,no_tls_from_remote,654f8848f5,200,no_identity,linkerd,,,,,,,,,,,,
1614827721.03,response_latency_ms_count,,,10.1.37.193:4191,linkerd-proxy,linkerd,,linkerd-destination-654f8848f5-4tr7b,,60757,,,,,linkerd-destination,destination,linkerd,inbound,no_tls_from_remote,654f8848f5,200,no_identity,linkerd,,,,,,,,,,,,
1614827731.031,response_latency_ms_count,,,10.1.37.193:4191,linkerd-proxy,linkerd,,linkerd-destination-654f8848f5-4tr7b,,60759,,,,,linkerd-destination,destination,linkerd,inbound,no_tls_from_remote,654f8848f5,200,no_identity,linkerd,,,,,,,,,,,,
1614827741.031,response_latency_ms_count,,,10.1.37.193:4191,linkerd-proxy,linkerd,,linkerd-destination-654f8848f5-4tr7b,,60761,,,,,linkerd-destination,destination,linkerd,inbound,no_tls_from_remote,654f8848f5,200,no_identity,linkerd,,,,,,,,,,,,
1614827751.031,response_latency_ms_count,,,10.1.37.193:4191,linkerd-proxy,linkerd,,linkerd-destination-654f8848f5-4tr7b,,60763,,,,,linkerd-destination,destination,linkerd,inbound,no_tls_from_remote,654f8848f5,200,no_identity,linkerd,,,,,,,,,,,,
1614827761.031,response_latency_ms_count,,,10.1.37.193:4191,linkerd-proxy,linkerd,,linkerd-destination-654f8848f5-4tr7b,,60765,,,,,linkerd-destination,destination,linkerd,inbound,no_tls_from_remote,654f8848f5,200,no_identity,linkerd,,,,,,,,,,,,
1614827771.031,response_latency_ms_count,,,10.1.37.193:4191,linkerd-proxy,linkerd,,linkerd-destination-654f8848f5-4tr7b,,60767,,,,,linkerd-destination,destination,linkerd,inbound,no_tls_from_remote,654f8848f5,200,no_identity,linkerd,,,,,,,,,,,,
1614827781.031,response_latency_ms_count,,,10.1.37.193:4191,linkerd-proxy,linkerd,,linkerd-destination-654f8848f5-4tr7b,,60769,,,,,linkerd-destination,destination,linkerd,inbound,no_tls_from_remote,654f8848f5,200,no_identity,linkerd,,,,,,,,,,,,
1614827791.03,response_latency_ms_count,,,10.1.37.193:4191,linkerd-proxy,linkerd,,linkerd-destination-654f8848f5-4tr7b,,60771,,,,,linkerd-destination,destination,linkerd,inbound,no_tls_from_remote,654f8848f5,200,no_identity,linkerd,,,,,,,,,,,,
1614827801.031,response_latency_ms_count,,,10.1.37.193:4191,linkerd-proxy,linkerd,,linkerd-destination-654f8848f5-4tr7b,,60773,,,,,linkerd-destination,destination,linkerd,inbound,no_tls_from_remote,654f8848f5,200,no_identity,linkerd,,,,,,,,,,,,
1614827631.031,response_latency_ms_count,,,10.1.37.193:4191,linkerd-proxy,linkerd,,linkerd-destination-654f8848f5-4tr7b,,2852,,,,,linkerd-destination,destination,linkerd,inbound,,654f8848f5,200,true,linkerd,linkerd-prometheus.linkerd.serviceaccount.identity.linkerd.cluster.local,linkerd-dst-headless.linkerd.svc.cluster.local:8086,,,,,,,,,,
1614827641.03,response_latency_ms_count,,,10.1.37.193:4191,linkerd-proxy,linkerd,,linkerd-destination-654f8848f5-4tr7b,,2852,,,,,linkerd-destination,destination,linkerd,inbound,,654f8848f5,200,true,linkerd,linkerd-prometheus.linkerd.serviceaccount.identity.linkerd.cluster.local,linkerd-dst-headless.linkerd.svc.cluster.local:8086,,,,,,,,,,
1614827651.03,response_latency_ms_count,,,10.1.37.193:4191,linkerd-proxy,linkerd,,linkerd-destination-654f8848f5-4tr7b,,2852,,,,,linkerd-destination,destination,linkerd,inbound,,654f8848f5,200,true,linkerd,linkerd-prometheus.linkerd.serviceaccount.identity.linkerd.cluster.local,linkerd-dst-headless.linkerd.svc.cluster.local:8086,,,,,,,,,,
1614827661.03,response_latency_ms_count,,,10.1.37.193:4191,linkerd-proxy,linkerd,,linkerd-destination-654f8848f5-4tr7b,,2852,,,,,linkerd-destination,destination,linkerd,inbound,,654f8848f5,200,true,linkerd,linkerd-prometheus.linkerd.serviceaccount.identity.linkerd.cluster.local,linkerd-dst-headless.linkerd.svc.cluster.local:8086,,,,,,,,,,
1614827671.031,response_latency_ms_count,,,10.1.37.193:4191,linkerd-proxy,linkerd,,linkerd-destination-654f8848f5-4tr7b,,2852,,,,,linkerd-destination,destination,linkerd,inbound,,654f8848f5,200,true,linkerd,linkerd-prometheus.linkerd.serviceaccount.identity.linkerd.cluster.local,linkerd-dst-headless.linkerd.svc.cluster.local:8086,,,,,,,,,,
1614827681.03,response_latency_ms_count,,,10.1.37.193:4191,linkerd-proxy,linkerd,,linkerd-destination-654f8848f5-4tr7b,,2852,,,,,linkerd-destination,destination,linkerd,inbound,,654f8848f5,200,true,linkerd,linkerd-prometheus.linkerd.serviceaccount.identity.linkerd.cluster.local,linkerd-dst-headless.linkerd.svc.cluster.local:8086,,,,,,,,,,
1614827691.03,response_latency_ms_count,,,10.1.37.193:4191,linkerd-proxy,linkerd,,linkerd-destination-654f8848f5-4tr7b,,2852,,,,,linkerd-destination,destination,linkerd,inbound,,654f8848f5,200,true,linkerd,linkerd-prometheus.linkerd.serviceaccount.identity.linkerd.cluster.local,linkerd-dst-headless.linkerd.svc.cluster.local:8086,,,,,,,,,,
1614827701.031,response_latency_ms_count,,,10.1.37.193:4191,linkerd-proxy,linkerd,,linkerd-destination-654f8848f5-4tr7b,,2852,,,,,linkerd-destination,destination,linkerd,inbound,,654f8848f5,200,true,linkerd,linkerd-prometheus.linkerd.serviceaccount.identity.linkerd.cluster.local,linkerd-dst-headless.linkerd.svc.cluster.local:8086,,,,,,,,,,
1614827711.03,response_latency_ms_count,,,10.1.37.193:4191,linkerd-proxy,linkerd,,linkerd-destination-654f8848f5-4tr7b,,2852,,,,,linkerd-destination,destination,linkerd,inbound,,654f8848f5,200,true,linkerd,linkerd-prometheus.linkerd.serviceaccount.identity.linkerd.cluster.local,linkerd-dst-headless.linkerd.svc.cluster.local:8086,,,,,,,,,,
1614827721.03,response_latency_ms_count,,,10.1.37.193:4191,linkerd-proxy,linkerd,,linkerd-destination-654f8848f5-4tr7b,,2852,,,,,linkerd-destination,destination,linkerd,inbound,,654f8848f5,200,true,linkerd,linkerd-prometheus.linkerd.serviceaccount.identity.linkerd.cluster.local,linkerd-dst-headless.linkerd.svc.cluster.local:8086,,,,,,,,,,
1614827731.031,response_latency_ms_count,,,10.1.37.193:4191,linkerd-proxy,linkerd,,linkerd-destination-654f8848f5-4tr7b,,2852,,,,,linkerd-destination,destination,linkerd,inbound,,654f8848f5,200,true,linkerd,linkerd-prometheus.linkerd.serviceaccount.identity.linkerd.cluster.local,linkerd-dst-headless.linkerd.svc.cluster.local:8086,,,,,,,,,,
1614827741.031,response_latency_ms_count,,,10.1.37.193:4191,linkerd-proxy,linkerd,,linkerd-destination-654f8848f5-4tr7b,,2852,,,,,linkerd-destination,destination,linkerd,inbound,,654f8848f5,200,true,linkerd,linkerd-prometheus.linkerd.serviceaccount.identity.linkerd.cluster.local,linkerd-dst-headless.linkerd.svc.cluster.local:8086,,,,,,,,,,
1614827751.031,response_latency_ms_count,,,10.1.37.193:4191,linkerd-proxy,linkerd,,linkerd-destination-654f8848f5-4tr7b,,2852,,,,,linkerd-destination,destination,linkerd,inbound,,654f8848f5,200,true,linkerd,linkerd-prometheus.linkerd.serviceaccount.identity.linkerd.cluster.local,linkerd-dst-headless.linkerd.svc.cluster.local:8086,,,,,,,,,,
1614827761.031,response_latency_ms_count,,,10.1.37.193:4191,linkerd-proxy,linkerd,,linkerd-destination-654f8848f5-4tr7b,,2852,,,,,linkerd-destination,destination,linkerd,inbound,,654f8848f5,200,true,linkerd,linkerd-prometheus.linkerd.serviceaccount.identity.linkerd.cluster.local,linkerd-dst-headless.linkerd.svc.cluster.local:8086,,,,,,,,,,
1614827771.031,response_latency_ms_count,,,10.1.37.193:4191,linkerd-proxy,linkerd,,linkerd-destination-654f8848f5-4tr7b,,2852,,,,,linkerd-destination,destination,linkerd,inbound,,654f8848f5,200,true,linkerd,linkerd-prometheus.linkerd.serviceaccount.identity.linkerd.cluster.local,linkerd-dst-headless.linkerd.svc.cluster.local:8086,,,,,,,,,,
1614827781.031,response_latency_ms_count,,,10.1.37.193:4191,linkerd-proxy,linkerd,,linkerd-destination-654f8848f5-4tr7b,,2852,,,,,linkerd-destination,destination,linkerd,inbound,,654f8848f5,200,true,linkerd,linkerd-prometheus.linkerd.serviceaccount.identity.linkerd.cluster.local,linkerd-dst-headless.linkerd.svc.cluster.local:8086,,,,,,,,,,
1614827791.03,response_latency_ms_count,,,10.1.37.193:4191,linkerd-proxy,linkerd,,linkerd-destination-654f8848f5-4tr7b,,2852,,,,,linkerd-destination,destination,linkerd,inbound,,654f8848f5,200,true,linkerd,linkerd-prometheus.linkerd.serviceaccount.identity.linkerd.cluster.local,linkerd-dst-headless.linkerd.svc.cluster.local:8086,,,,,,,,,,
1614827801.031,response_latency_ms_count,,,10.1.37.193:4191,linkerd-proxy,linkerd,,linkerd-destination-654f8848f5-4tr7b,,2852,,,,,linkerd-destination,destination,linkerd,inbound,,654f8848f5,200,true,linkerd,linkerd-prometheus.linkerd.serviceaccount.identity.linkerd.cluster.local,linkerd-dst-headless.linkerd.svc.cluster.local:8086,,,,,,,,,,
1614827631.502,response_latency_ms_count,,,10.1.37.205:4191,linkerd-proxy,linkerd,,linkerd-grafana-ddd5c496f-cctr6,,60737,,,,,linkerd-grafana,grafana,linkerd,inbound,no_tls_from_remote,ddd5c496f,200,no_identity,linkerd,,,,,,,,,,,,
1614827641.502,response_latency_ms_count,,,10.1.37.205:4191,linkerd-proxy,linkerd,,linkerd-grafana-ddd5c496f-cctr6,,60739,,,,,linkerd-grafana,grafana,linkerd,inbound,no_tls_from_remote,ddd5c496f,200,no_identity,linkerd,,,,,,,,,,,,
1614827651.502,response_latency_ms_count,,,10.1.37.205:4191,linkerd-proxy,linkerd,,linkerd-grafana-ddd5c496f-cctr6,,60741,,,,,linkerd-grafana,grafana,linkerd,inbound,no_tls_from_remote,ddd5c496f,200,no_identity,linkerd,,,,,,,,,,,,
1614827661.502,response_latency_ms_count,,,10.1.37.205:4191,linkerd-proxy,linkerd,,linkerd-grafana-ddd5c496f-cctr6,,60743,,,,,linkerd-grafana,grafana,linkerd,inbound,no_tls_from_remote,ddd5c496f,200,no_identity,linkerd,,,,,,,,,,,,
1614827671.502,response_latency_ms_count,,,10.1.37.205:4191,linkerd-proxy,linkerd,,linkerd-grafana-ddd5c496f-cctr6,,60745,,,,,linkerd-grafana,grafana,linkerd,inbound,no_tls_from_remote,ddd5c496f,200,no_identity,linkerd,,,,,,,,,,,,
1614827681.502,response_latency_ms_count,,,10.1.37.205:4191,linkerd-proxy,linkerd,,linkerd-grafana-ddd5c496f-cctr6,,60747,,,,,linkerd-grafana,grafana,linkerd,inbound,no_tls_from_remote,ddd5c496f,200,no_identity,linkerd,,,,,,,,,,,,
1614827691.502,response_latency_ms_count,,,10.1.37.205:4191,linkerd-proxy,linkerd,,linkerd-grafana-ddd5c496f-cctr6,,60749,,,,,linkerd-grafana,grafana,linkerd,inbound,no_tls_from_remote,ddd5c496f,200,no_identity,linkerd,,,,,,,,,,,,
1614827701.502,response_latency_ms_count,,,10.1.37.205:4191,linkerd-proxy,linkerd,,linkerd-grafana-ddd5c496f-cctr6,,60751,,,,,linkerd-grafana,grafana,linkerd,inbound,no_tls_from_remote,ddd5c496f,200,no_identity,linkerd,,,,,,,,,,,,
1614827711.502,response_latency_ms_count,,,10.1.37.205:4191,linkerd-proxy,linkerd,,linkerd-grafana-ddd5c496f-cctr6,,60753,,,,,linkerd-grafana,grafana,linkerd,inbound,no_tls_from_remote,ddd5c496f,200,no_identity,linkerd,,,,,,,,,,,,
1614827721.502,response_latency_ms_count,,,10.1.37.205:4191,linkerd-proxy,linkerd,,linkerd-grafana-ddd5c496f-cctr6,,60755,,,,,linkerd-grafana,grafana,linkerd,inbound,no_tls_from_remote,ddd5c496f,200,no_identity,linkerd,,,,,,,,,,,,
1614827731.502,response_latency_ms_count,,,10.1.37.205:4191,linkerd-proxy,linkerd,,linkerd-grafana-ddd5c496f-cctr6,,60757,,,,,linkerd-grafana,grafana,linkerd,inbound,no_tls_from_remote,ddd5c496f,200,no_identity,linkerd,,,,,,,,,,,,
1614827741.502,response_latency_ms_count,,,10.1.37.205:4191,linkerd-proxy,linkerd,,linkerd-grafana-ddd5c496f-cctr6,,60759,,,,,linkerd-grafana,grafana,linkerd,inbound,no_tls_from_remote,ddd5c496f,200,no_identity,linkerd,,,,,,,,,,,,
1614827751.502,response_latency_ms_count,,,10.1.37.205:4191,linkerd-proxy,linkerd,,linkerd-grafana-ddd5c496f-cctr6,,60761,,,,,linkerd-grafana,grafana,linkerd,inbound,no_tls_from_remote,ddd5c496f,200,no_identity,linkerd,,,,,,,,,,,,
1614827761.502,response_latency_ms_count,,,10.1.37.205:4191,linkerd-proxy,linkerd,,linkerd-grafana-ddd5c496f-cctr6,,60763,,,,,linkerd-grafana,grafana,linkerd,inbound,no_tls_from_remote,ddd5c496f,200,no_identity,linkerd,,,,,,,,,,,,
1614827771.502,response_latency_ms_count,,,10.1.37.205:4191,linkerd-proxy,linkerd,,linkerd-grafana-ddd5c496f-cctr6,,60765,,,,,linkerd-grafana,grafana,linkerd,inbound,no_tls_from_remote,ddd5c496f,200,no_identity,linkerd,,,,,,,,,,,,
1614827781.502,response_latency_ms_count,,,10.1.37.205:4191,linkerd-proxy,linkerd,,linkerd-grafana-ddd5c496f-cctr6,,60767,,,,,linkerd-grafana,grafana,linkerd,inbound,no_tls_from_remote,ddd5c496f,200,no_identity,linkerd,,,,,,,,,,,,
1614827791.502,response_latency_ms_count,,,10.1.37.205:4191,linkerd-proxy,linkerd,,linkerd-grafana-ddd5c496f-cctr6,,60769,,,,,linkerd-grafana,grafana,linkerd,inbound,no_tls_from_remote,ddd5c496f,200,no_identity,linkerd,,,,,,,,,,,,
1614827801.502,response_latency_ms_count,,,10.1.37.205:4191,linkerd-proxy,linkerd,,linkerd-grafana-ddd5c496f-cctr6,,60771,,,,,linkerd-grafana,grafana,linkerd,inbound,no_tls_from_remote,ddd5c496f,200,no_identity,linkerd,,,,,,,,,,,,
1614827631.502,response_latency_ms_count,,,10.1.37.205:4191,linkerd-proxy,linkerd,,linkerd-grafana-ddd5c496f-cctr6,,30362,,,,,linkerd-grafana,grafana,linkerd,inbound,,ddd5c496f,200,true,linkerd,linkerd-prometheus.linkerd.serviceaccount.identity.linkerd.cluster.local,,,,,,,,,,,
1614827641.502,response_latency_ms_count,,,10.1.37.205:4191,linkerd-proxy,linkerd,,linkerd-grafana-ddd5c496f-cctr6,,30363,,,,,linkerd-grafana,grafana,linkerd,inbound,,ddd5c496f,200,true,linkerd,linkerd-prometheus.linkerd.serviceaccount.identity.linkerd.cluster.local,,,,,,,,,,,
1614827651.502,response_latency_ms_count,,,10.1.37.205:4191,linkerd-proxy,linkerd,,linkerd-grafana-ddd5c496f-cctr6,,30364,,,,,linkerd-grafana,grafana,linkerd,inbound,,ddd5c496f,200,true,linkerd,linkerd-prometheus.linkerd.serviceaccount.identity.linkerd.cluster.local,,,,,,,,,,,
1614827661.502,response_latency_ms_count,,,10.1.37.205:4191,linkerd-proxy,linkerd,,linkerd-grafana-ddd5c496f-cctr6,,30365,,,,,linkerd-grafana,grafana,linkerd,inbound,,ddd5c496f,200,true,linkerd,linkerd-prometheus.linkerd.serviceaccount.identity.linkerd.cluster.local,,,,,,,,,,,
1614827671.502,response_latency_ms_count,,,10.1.37.205:4191,linkerd-proxy,linkerd,,linkerd-grafana-ddd5c496f-cctr6,,30366,,,,,linkerd-grafana,grafana,linkerd,inbound,,ddd5c496f,200,true,linkerd,linkerd-prometheus.linkerd.serviceaccount.identity.linkerd.cluster.local,,,,,,,,,,,
1614827681.502,response_latency_ms_count,,,10.1.37.205:4191,linkerd-proxy,linkerd,,linkerd-grafana-ddd5c496f-cctr6,,30367,,,,,linkerd-grafana,grafana,linkerd,inbound,,ddd5c496f,200,true,linkerd,linkerd-prometheus.linkerd.serviceaccount.identity.linkerd.cluster.local,,,,,,,,,,,
1614827691.502,response_latency_ms_count,,,10.1.37.205:4191,linkerd-proxy,linkerd,,linkerd-grafana-ddd5c496f-cctr6,,30368,,,,,linkerd-grafana,grafana,linkerd,inbound,,ddd5c496f,200,true,linkerd,linkerd-prometheus.linkerd.serviceaccount.identity.linkerd.cluster.local,,,,,,,,,,,
1614827701.502,response_latency_ms_count,,,10.1.37.205:4191,linkerd-proxy,linkerd,,linkerd-grafana-ddd5c496f-cctr6,,30369,,,,,linkerd-grafana,grafana,linkerd,inbound,,ddd5c496f,200,true,linkerd,linkerd-prometheus.linkerd.serviceaccount.identity.linkerd.cluster.local,,,,,,,,,,,
1614827711.502,response_latency_ms_count,,,10.1.37.205:4191,linkerd-proxy,linkerd,,linkerd-grafana-ddd5c496f-cctr6,,30370,,,,,linkerd-grafana,grafana,linkerd,inbound,,ddd5c496f,200,true,linkerd,linkerd-prometheus.linkerd.serviceaccount.identity.linkerd.cluster.local,,,,,,,,,,,
1614827721.502,response_latency_ms_count,,,10.1.37.205:4191,linkerd-proxy,linkerd,,linkerd-grafana-ddd5c496f-cctr6,,30371,,,,,linkerd-grafana,grafana,linkerd,inbound,,ddd5c496f,200,true,linkerd,linkerd-prometheus.linkerd.serviceaccount.identity.linkerd.cluster.local,,,,,,,,,,,
1614827731.502,response_latency_ms_count,,,10.1.37.205:4191,linkerd-proxy,linkerd,,linkerd-grafana-ddd5c496f-cctr6,,30372,,,,,linkerd-grafana,grafana,linkerd,inbound,,ddd5c496f,200,true,linkerd,linkerd-prometheus.linkerd.serviceaccount.identity.linkerd.cluster.local,,,,,,,,,,,
1614827741.502,response_latency_ms_count,,,10.1.37.205:4191,linkerd-proxy,linkerd,,linkerd-grafana-ddd5c496f-cctr6,,30373,,,,,linkerd-grafana,grafana,linkerd,inbound,,ddd5c496f,200,true,linkerd,linkerd-prometheus.linkerd.serviceaccount.identity.linkerd.cluster.local,,,,,,,,,,,
1614827751.502,response_latency_ms_count,,,10.1.37.205:4191,linkerd-proxy,linkerd,,linkerd-grafana-ddd5c496f-cctr6,,30374,,,,,linkerd-grafana,grafana,linkerd,inbound,,ddd5c496f,200,true,linkerd,linkerd-prometheus.linkerd.serviceaccount.identity.linkerd.cluster.local,,,,,,,,,,,
1614827761.502,response_latency_ms_count,,,10.1.37.205:4191,linkerd-proxy,linkerd,,linkerd-grafana-ddd5c496f-cctr6,,30375,,,,,linkerd-grafana,grafana,linkerd,inbound,,ddd5c496f,200,true,linkerd,linkerd-prometheus.linkerd.serviceaccount.identity.linkerd.cluster.local,,,,,,,,,,,
1614827771.502,response_latency_ms_count,,,10.1.37.205:4191,linkerd-proxy,linkerd,,linkerd-grafana-ddd5c496f-cctr6,,30376,,,,,linkerd-grafana,grafana,linkerd,inbound,,ddd5c496f,200,true,linkerd,linkerd-prometheus.linkerd.serviceaccount.identity.linkerd.cluster.local,,,,,,,,,,,
1614827781.502,response_latency_ms_count,,,10.1.37.205:4191,linkerd-proxy,linkerd,,linkerd-grafana-ddd5c496f-cctr6,,30377,,,,,linkerd-grafana,grafana,linkerd,inbound,,ddd5c496f,200,true,linkerd,linkerd-prometheus.linkerd.serviceaccount.identity.linkerd.cluster.local,,,,,,,,,,,
1614827791.502,response_latency_ms_count,,,10.1.37.205:4191,linkerd-proxy,linkerd,,linkerd-grafana-ddd5c496f-cctr6,,30378,,,,,linkerd-grafana,grafana,linkerd,inbound,,ddd5c496f,200,true,linkerd,linkerd-prometheus.linkerd.serviceaccount.identity.linkerd.cluster.local,,,,,,,,,,,
1614827801.502,response_latency_ms_count,,,10.1.37.205:4191,linkerd-proxy,linkerd,,linkerd-grafana-ddd5c496f-cctr6,,30379,,,,,linkerd-grafana,grafana,linkerd,inbound,,ddd5c496f,200,true,linkerd,linkerd-prometheus.linkerd.serviceaccount.identity.linkerd.cluster.local,,,,,,,,,,,
1614827633.702,response_latency_ms_count,,,10.1.37.192:4191,linkerd-proxy,linkerd,,linkerd-web-b48d9c89b-49fzh,,30362,,,,,linkerd-web,web,linkerd,inbound,,b48d9c89b,200,true,linkerd,linkerd-prometheus.linkerd.serviceaccount.identity.linkerd.cluster.local,,,,,,,,,,,
1614827643.702,response_latency_ms_count,,,10.1.37.192:4191,linkerd-proxy,linkerd,,linkerd-web-b48d9c89b-49fzh,,30363,,,,,linkerd-web,web,linkerd,inbound,,b48d9c89b,200,true,linkerd,linkerd-prometheus.linkerd.serviceaccount.identity.linkerd.cluster.local,,,,,,,,,,,
1614827653.702,response_latency_ms_count,,,10.1.37.192:4191,linkerd-proxy,linkerd,,linkerd-web-b48d9c89b-49fzh,,30364,,,,,linkerd-web,web,linkerd,inbound,,b48d9c89b,200,true,linkerd,linkerd-prometheus.linkerd.serviceaccount.identity.linkerd.cluster.local,,,,,,,,,,,
1614827663.705,response_latency_ms_count,,,10.1.37.192:4191,linkerd-proxy,linkerd,,linkerd-web-b48d9c89b-49fzh,,30365,,,,,linkerd-web,web,linkerd,inbound,,b48d9c89b,200,true,linkerd,linkerd-prometheus.linkerd.serviceaccount.identity.linkerd.cluster.local,,,,,,,,,,,
1614827673.707,response_latency_ms_count,,,10.1.37.192:4191,linkerd-proxy,linkerd,,linkerd-web-b48d9c89b-49fzh,,30366,,,,,linkerd-web,web,linkerd,inbound,,b48d9c89b,200,true,linkerd,linkerd-prometheus.linkerd.serviceaccount.identity.linkerd.cluster.local,,,,,,,,,,,
1614827683.702,response_latency_ms_count,,,10.1.37.192:4191,linkerd-proxy,linkerd,,linkerd-web-b48d9c89b-49fzh,,30367,,,,,linkerd-web,web,linkerd,inbound,,b48d9c89b,200,true,linkerd,linkerd-prometheus.linkerd.serviceaccount.identity.linkerd.cluster.local,,,,,,,,,,,
1614827693.705,response_latency_ms_count,,,10.1.37.192:4191,linkerd-proxy,linkerd,,linkerd-web-b48d9c89b-49fzh,,30368,,,,,linkerd-web,web,linkerd,inbound,,b48d9c89b,200,true,linkerd,linkerd-prometheus.linkerd.serviceaccount.identity.linkerd.cluster.local,,,,,,,,,,,
1614827703.71,response_latency_ms_count,,,10.1.37.192:4191,linkerd-proxy,linkerd,,linkerd-web-b48d9c89b-49fzh,,30369,,,,,linkerd-web,web,linkerd,inbound,,b48d9c89b,200,true,linkerd,linkerd-prometheus.linkerd.serviceaccount.identity.linkerd.cluster.local,,,,,,,,,,,
1614827713.702,response_latency_ms_count,,,10.1.37.192:4191,linkerd-proxy,linkerd,,linkerd-web-b48d9c89b-49fzh,,30370,,,,,linkerd-web,web,linkerd,inbound,,b48d9c89b,200,true,linkerd,linkerd-prometheus.linkerd.serviceaccount.identity.linkerd.cluster.local,,,,,,,,,,,
1614827723.707,response_latency_ms_count,,,10.1.37.192:4191,linkerd-proxy,linkerd,,linkerd-web-b48d9c89b-49fzh,,30371,,,,,linkerd-web,web,linkerd,inbound,,b48d9c89b,200,true,linkerd,linkerd-prometheus.linkerd.serviceaccount.identity.linkerd.cluster.local,,,,,,,,,,,
1614827733.704,response_latency_ms_count,,,10.1.37.192:4191,linkerd-proxy,linkerd,,linkerd-web-b48d9c89b-49fzh,,30372,,,,,linkerd-web,web,linkerd,inbound,,b48d9c89b,200,true,linkerd,linkerd-prometheus.linkerd.serviceaccount.identity.linkerd.cluster.local,,,,,,,,,,,
1614827743.702,response_latency_ms_count,,,10.1.37.192:4191,linkerd-proxy,linkerd,,linkerd-web-b48d9c89b-49fzh,,30373,,,,,linkerd-web,web,linkerd,inbound,,b48d9c89b,200,true,linkerd,linkerd-prometheus.linkerd.serviceaccount.identity.linkerd.cluster.local,,,,,,,,,,,
1614827753.702,response_latency_ms_count,,,10.1.37.192:4191,linkerd-proxy,linkerd,,linkerd-web-b48d9c89b-49fzh,,30374,,,,,linkerd-web,web,linkerd,inbound,,b48d9c89b,200,true,linkerd,linkerd-prometheus.linkerd.serviceaccount.identity.linkerd.cluster.local,,,,,,,,,,,
1614827763.702,response_latency_ms_count,,,10.1.37.192:4191,linkerd-proxy,linkerd,,linkerd-web-b48d9c89b-49fzh,,30375,,,,,linkerd-web,web,linkerd,inbound,,b48d9c89b,200,true,linkerd,linkerd-prometheus.linkerd.serviceaccount.identity.linkerd.cluster.local,,,,,,,,,,,
1614827773.702,response_latency_ms_count,,,10.1.37.192:4191,linkerd-proxy,linkerd,,linkerd-web-b48d9c89b-49fzh,,30376,,,,,linkerd-web,web,linkerd,inbound,,b48d9c89b,200,true,linkerd,linkerd-prometheus.linkerd.serviceaccount.identity.linkerd.cluster.local,,,,,,,,,,,
1614827783.702,response_latency_ms_count,,,10.1.37.192:4191,linkerd-proxy,linkerd,,linkerd-web-b48d9c89b-49fzh,,30377,,,,,linkerd-web,web,linkerd,inbound,,b48d9c89b,200,true,linkerd,linkerd-prometheus.linkerd.serviceaccount.identity.linkerd.cluster.local,,,,,,,,,,,
1614827793.702,response_latency_ms_count,,,10.1.37.192:4191,linkerd-proxy,linkerd,,linkerd-web-b48d9c89b-49fzh,,30378,,,,,linkerd-web,web,linkerd,inbound,,b48d9c89b,200,true,linkerd,linkerd-prometheus.linkerd.serviceaccount.identity.linkerd.cluster.local,,,,,,,,,,,
1614827803.702,response_latency_ms_count,,,10.1.37.192:4191,linkerd-proxy,linkerd,,linkerd-web-b48d9c89b-49fzh,,30379,,,,,linkerd-web,web,linkerd,inbound,,b48d9c89b,200,true,linkerd,linkerd-prometheus.linkerd.serviceaccount.identity.linkerd.cluster.local,,,,,,,,,,,
1614827633.727,response_latency_ms_count,,,10.1.37.190:4191,linkerd-proxy,linkerd,,linkerd-proxy-injector-666c478cbb-z7nnc,,30362,,,,,linkerd-proxy-injector,proxy-injector,linkerd,inbound,,666c478cbb,200,true,linkerd,linkerd-prometheus.linkerd.serviceaccount.identity.linkerd.cluster.local,,,,,,,,,,,
1614827643.727,response_latency_ms_count,,,10.1.37.190:4191,linkerd-proxy,linkerd,,linkerd-proxy-injector-666c478cbb-z7nnc,,30363,,,,,linkerd-proxy-injector,proxy-injector,linkerd,inbound,,666c478cbb,200,true,linkerd,linkerd-prometheus.linkerd.serviceaccount.identity.linkerd.cluster.local,,,,,,,,,,,
1614827653.727,response_latency_ms_count,,,10.1.37.190:4191,linkerd-proxy,linkerd,,linkerd-proxy-injector-666c478cbb-z7nnc,,30364,,,,,linkerd-proxy-injector,proxy-injector,linkerd,inbound,,666c478cbb,200,true,linkerd,linkerd-prometheus.linkerd.serviceaccount.identity.linkerd.cluster.local,,,,,,,,,,,
1614827663.727,response_latency_ms_count,,,10.1.37.190:4191,linkerd-proxy,linkerd,,linkerd-proxy-injector-666c478cbb-z7nnc,,30365,,,,,linkerd-proxy-injector,proxy-injector,linkerd,inbound,,666c478cbb,200,true,linkerd,linkerd-prometheus.linkerd.serviceaccount.identity.linkerd.cluster.local,,,,,,,,,,,
1614827673.727,response_latency_ms_count,,,10.1.37.190:4191,linkerd-proxy,linkerd,,linkerd-proxy-injector-666c478cbb-z7nnc,,30366,,,,,linkerd-proxy-injector,proxy-injector,linkerd,inbound,,666c478cbb,200,true,linkerd,linkerd-prometheus.linkerd.serviceaccount.identity.linkerd.cluster.local,,,,,,,,,,,
1614827683.728,response_latency_ms_count,,,10.1.37.190:4191,linkerd-proxy,linkerd,,linkerd-proxy-injector-666c478cbb-z7nnc,,30367,,,,,linkerd-proxy-injector,proxy-injector,linkerd,inbound,,666c478cbb,200,true,linkerd,linkerd-prometheus.linkerd.serviceaccount.identity.linkerd.cluster.local,,,,,,,,,,,
1614827693.727,response_latency_ms_count,,,10.1.37.190:4191,linkerd-proxy,linkerd,,linkerd-proxy-injector-666c478cbb-z7nnc,,30368,,,,,linkerd-proxy-injector,proxy-injector,linkerd,inbound,,666c478cbb,200,true,linkerd,linkerd-prometheus.linkerd.serviceaccount.identity.linkerd.cluster.local,,,,,,,,,,,
1614827703.727,response_latency_ms_count,,,10.1.37.190:4191,linkerd-proxy,linkerd,,linkerd-proxy-injector-666c478cbb-z7nnc,,30369,,,,,linkerd-proxy-injector,proxy-injector,linkerd,inbound,,666c478cbb,200,true,linkerd,linkerd-prometheus.linkerd.serviceaccount.identity.linkerd.cluster.local,,,,,,,,,,,
1614827713.727,response_latency_ms_count,,,10.1.37.190:4191,linkerd-proxy,linkerd,,linkerd-proxy-injector-666c478cbb-z7nnc,,30370,,,,,linkerd-proxy-injector,proxy-injector,linkerd,inbound,,666c478cbb,200,true,linkerd,linkerd-prometheus.linkerd.serviceaccount.identity.linkerd.cluster.local,,,,,,,,,,,
1614827723.727,response_latency_ms_count,,,10.1.37.190:4191,linkerd-proxy,linkerd,,linkerd-proxy-injector-666c478cbb-z7nnc,,30371,,,,,linkerd-proxy-injector,proxy-injector,linkerd,inbound,,666c478cbb,200,true,linkerd,linkerd-prometheus.linkerd.serviceaccount.identity.linkerd.cluster.local,,,,,,,,,,,
1614827733.727,response_latency_ms_count,,,10.1.37.190:4191,linkerd-proxy,linkerd,,linkerd-proxy-injector-666c478cbb-z7nnc,,30372,,,,,linkerd-proxy-injector,proxy-injector,linkerd,inbound,,666c478cbb,200,true,linkerd,linkerd-prometheus.linkerd.serviceaccount.identity.linkerd.cluster.local,,,,,,,,,,,
1614827743.727,response_latency_ms_count,,,10.1.37.190:4191,linkerd-proxy,linkerd,,linkerd-proxy-injector-666c478cbb-z7nnc,,30373,,,,,linkerd-proxy-injector,proxy-injector,linkerd,inbound,,666c478cbb,200,true,linkerd,linkerd-prometheus.linkerd.serviceaccount.identity.linkerd.cluster.local,,,,,,,,,,,
1614827753.727,response_latency_ms_count,,,10.1.37.190:4191,linkerd-proxy,linkerd,,linkerd-proxy-injector-666c478cbb-z7nnc,,30374,,,,,linkerd-proxy-injector,proxy-injector,linkerd,inbound,,666c478cbb,200,true,linkerd,linkerd-prometheus.linkerd.serviceaccount.identity.linkerd.cluster.local,,,,,,,,,,,
1614827763.727,response_latency_ms_count,,,10.1.37.190:4191,linkerd-proxy,linkerd,,linkerd-proxy-injector-666c478cbb-z7nnc,,30375,,,,,linkerd-proxy-injector,proxy-injector,linkerd,inbound,,666c478cbb,200,true,linkerd,linkerd-prometheus.linkerd.serviceaccount.identity.linkerd.cluster.local,,,,,,,,,,,
1614827773.727,response_latency_ms_count,,,10.1.37.190:4191,linkerd-proxy,linkerd,,linkerd-proxy-injector-666c478cbb-z7nnc,,30376,,,,,linkerd-proxy-injector,proxy-injector,linkerd,inbound,,666c478cbb,200,true,linkerd,linkerd-prometheus.linkerd.serviceaccount.identity.linkerd.cluster.local,,,,,,,,,,,
1614827783.729,response_latency_ms_count,,,10.1.37.190:4191,linkerd-proxy,linkerd,,linkerd-proxy-injector-666c478cbb-z7nnc,,30377,,,,,linkerd-proxy-injector,proxy-injector,linkerd,inbound,,666c478cbb,200,true,linkerd,linkerd-prometheus.linkerd.serviceaccount.identity.linkerd.cluster.local,,,,,,,,,,,
1614827793.727,response_latency_ms_count,,,10.1.37.190:4191,linkerd-proxy,linkerd,,linkerd-proxy-injector-666c478cbb-z7nnc,,30378,,,,,linkerd-proxy-injector,proxy-injector,linkerd,inbound,,666c478cbb,200,true,linkerd,linkerd-prometheus.linkerd.serviceaccount.identity.linkerd.cluster.local,,,,,,,,,,,
1614827803.727,response_latency_ms_count,,,10.1.37.190:4191,linkerd-proxy,linkerd,,linkerd-proxy-injector-666c478cbb-z7nnc,,30379,,,,,linkerd-proxy-injector,proxy-injector,linkerd,inbound,,666c478cbb,200,true,linkerd,linkerd-prometheus.linkerd.serviceaccount.identity.linkerd.cluster.local,,,,,,,,,,,
1614827636.762,response_latency_ms_count,,,10.1.37.195:4191,linkerd-proxy,linkerd,,linkerd-tap-75785bb98d-dvlv2,,30362,,,,,linkerd-tap,tap,linkerd,inbound,,75785bb98d,200,true,linkerd,linkerd-prometheus.linkerd.serviceaccount.identity.linkerd.cluster.local,,,,,,,,,,,
1614827646.762,response_latency_ms_count,,,10.1.37.195:4191,linkerd-proxy,linkerd,,linkerd-tap-75785bb98d-dvlv2,,30363,,,,,linkerd-tap,tap,linkerd,inbound,,75785bb98d,200,true,linkerd,linkerd-prometheus.linkerd.serviceaccount.identity.linkerd.cluster.local,,,,,,,,,,,
1614827656.762,response_latency_ms_count,,,10.1.37.195:4191,linkerd-proxy,linkerd,,linkerd-tap-75785bb98d-dvlv2,,30364,,,,,linkerd-tap,tap,linkerd,inbound,,75785bb98d,200,true,linkerd,linkerd-prometheus.linkerd.serviceaccount.identity.linkerd.cluster.local,,,,,,,,,,,
1614827666.762,response_latency_ms_count,,,10.1.37.195:4191,linkerd-proxy,linkerd,,linkerd-tap-75785bb98d-dvlv2,,30365,,,,,linkerd-tap,tap,linkerd,inbound,,75785bb98d,200,true,linkerd,linkerd-prometheus.linkerd.serviceaccount.identity.linkerd.cluster.local,,,,,,,,,,,
1614827676.762,response_latency_ms_count,,,10.1.37.195:4191,linkerd-proxy,linkerd,,linkerd-tap-75785bb98d-dvlv2,,30366,,,,,linkerd-tap,tap,linkerd,inbound,,75785bb98d,200,true,linkerd,linkerd-prometheus.linkerd.serviceaccount.identity.linkerd.cluster.local,,,,,,,,,,,
1614827686.762,response_latency_ms_count,,,10.1.37.195:4191,linkerd-proxy,linkerd,,linkerd-tap-75785bb98d-dvlv2,,30367,,,,,linkerd-tap,tap,linkerd,inbound,,75785bb98d,200,true,linkerd,linkerd-prometheus.linkerd.serviceaccount.identity.linkerd.cluster.local,,,,,,,,,,,
1614827696.762,response_latency_ms_count,,,10.1.37.195:4191,linkerd-proxy,linkerd,,linkerd-tap-75785bb98d-dvlv2,,30368,,,,,linkerd-tap,tap,linkerd,inbound,,75785bb98d,200,true,linkerd,linkerd-prometheus.linkerd.serviceaccount.identity.linkerd.cluster.local,,,,,,,,,,,
1614827706.762,response_latency_ms_count,,,10.1.37.195:4191,linkerd-proxy,linkerd,,linkerd-tap-75785bb98d-dvlv2,,30369,,,,,linkerd-tap,tap,linkerd,inbound,,75785bb98d,200,true,linkerd,linkerd-prometheus.linkerd.serviceaccount.identity.linkerd.cluster.local,,,,,,,,,,,
1614827716.762,response_latency_ms_count,,,10.1.37.195:4191,linkerd-proxy,linkerd,,linkerd-tap-75785bb98d-dvlv2,,30370,,,,,linkerd-tap,tap,linkerd,inbound,,75785bb98d,200,true,linkerd,linkerd-prometheus.linkerd.serviceaccount.identity.linkerd.cluster.local,,,,,,,,,,,
1614827726.762,response_latency_ms_count,,,10.1.37.195:4191,linkerd-proxy,linkerd,,linkerd-tap-75785bb98d-dvlv2,,30371,,,,,linkerd-tap,tap,linkerd,inbound,,75785bb98d,200,true,linkerd,linkerd-prometheus.linkerd.serviceaccount.identity.linkerd.cluster.local,,,,,,,,,,,
1614827736.762,response_latency_ms_count,,,10.1.37.195:4191,linkerd-proxy,linkerd,,linkerd-tap-75785bb98d-dvlv2,,30372,,,,,linkerd-tap,tap,linkerd,inbound,,75785bb98d,200,true,linkerd,linkerd-prometheus.linkerd.serviceaccount.identity.linkerd.cluster.local,,,,,,,,,,,
1614827746.762,response_latency_ms_count,,,10.1.37.195:4191,linkerd-proxy,linkerd,,linkerd-tap-75785bb98d-dvlv2,,30373,,,,,linkerd-tap,tap,linkerd,inbound,,75785bb98d,200,true,linkerd,linkerd-prometheus.linkerd.serviceaccount.identity.linkerd.cluster.local,,,,,,,,,,,
1614827756.762,response_latency_ms_count,,,10.1.37.195:4191,linkerd-proxy,linkerd,,linkerd-tap-75785bb98d-dvlv2,,30374,,,,,linkerd-tap,tap,linkerd,inbound,,75785bb98d,200,true,linkerd,linkerd-prometheus.linkerd.serviceaccount.identity.linkerd.cluster.local,,,,,,,,,,,
1614827766.762,response_latency_ms_count,,,10.1.37.195:4191,linkerd-proxy,linkerd,,linkerd-tap-75785bb98d-dvlv2,,30375,,,,,linkerd-tap,tap,linkerd,inbound,,75785bb98d,200,true,linkerd,linkerd-prometheus.linkerd.serviceaccount.identity.linkerd.cluster.local,,,,,,,,,,,
1614827776.762,response_latency_ms_count,,,10.1.37.195:4191,linkerd-proxy,linkerd,,linkerd-tap-75785bb98d-dvlv2,,30376,,,,,linkerd-tap,tap,linkerd,inbound,,75785bb98d,200,true,linkerd,linkerd-prometheus.linkerd.serviceaccount.identity.linkerd.cluster.local,,,,,,,,,,,
1614827786.762,response_latency_ms_count,,,10.1.37.195:4191,linkerd-proxy,linkerd,,linkerd-tap-75785bb98d-dvlv2,,30377,,,,,linkerd-tap,tap,linkerd,inbound,,75785bb98d,200,true,linkerd,linkerd-prometheus.linkerd.serviceaccount.identity.linkerd.cluster.local,,,,,,,,,,,
1614827796.762,response_latency_ms_count,,,10.1.37.195:4191,linkerd-proxy,linkerd,,linkerd-tap-75785bb98d-dvlv2,,30378,,,,,linkerd-tap,tap,linkerd,inbound,,75785bb98d,200,true,linkerd,linkerd-prometheus.linkerd.serviceaccount.identity.linkerd.cluster.local,,,,,,,,,,,
1614827806.762,response_latency_ms_count,,,10.1.37.195:4191,linkerd-proxy,linkerd,,linkerd-tap-75785bb98d-dvlv2,,30379,,,,,linkerd-tap,tap,linkerd,inbound,,75785bb98d,200,true,linkerd,linkerd-prometheus.linkerd.serviceaccount.identity.linkerd.cluster.local,,,,,,,,,,,
1614827637.327,response_latency_ms_count,,,10.1.37.202:4191,linkerd-proxy,linkerd,,linkerd-identity-57f4bc9db9-gb7rk,,30362,,,,,linkerd-identity,identity,linkerd,inbound,no_peer_id_from_remote,57f4bc9db9,200,no_identity,linkerd,,,,,,,,,,,,
1614827647.327,response_latency_ms_count,,,10.1.37.202:4191,linkerd-proxy,linkerd,,linkerd-identity-57f4bc9db9-gb7rk,,30363,,,,,linkerd-identity,identity,linkerd,inbound,no_peer_id_from_remote,57f4bc9db9,200,no_identity,linkerd,,,,,,,,,,,,
1614827657.328,response_latency_ms_count,,,10.1.37.202:4191,linkerd-proxy,linkerd,,linkerd-identity-57f4bc9db9-gb7rk,,30364,,,,,linkerd-identity,identity,linkerd,inbound,no_peer_id_from_remote,57f4bc9db9,200,no_identity,linkerd,,,,,,,,,,,,
1614827667.327,response_latency_ms_count,,,10.1.37.202:4191,linkerd-proxy,linkerd,,linkerd-identity-57f4bc9db9-gb7rk,,30365,,,,,linkerd-identity,identity,linkerd,inbound,no_peer_id_from_remote,57f4bc9db9,200,no_identity,linkerd,,,,,,,,,,,,
1614827677.328,response_latency_ms_count,,,10.1.37.202:4191,linkerd-proxy,linkerd,,linkerd-identity-57f4bc9db9-gb7rk,,30366,,,,,linkerd-identity,identity,linkerd,inbound,no_peer_id_from_remote,57f4bc9db9,200,no_identity,linkerd,,,,,,,,,,,,
1614827687.327,response_latency_ms_count,,,10.1.37.202:4191,linkerd-proxy,linkerd,,linkerd-identity-57f4bc9db9-gb7rk,,30367,,,,,linkerd-identity,identity,linkerd,inbound,no_peer_id_from_remote,57f4bc9db9,200,no_identity,linkerd,,,,,,,,,,,,
1614827697.327,response_latency_ms_count,,,10.1.37.202:4191,linkerd-proxy,linkerd,,linkerd-identity-57f4bc9db9-gb7rk,,30368,,,,,linkerd-identity,identity,linkerd,inbound,no_peer_id_from_remote,57f4bc9db9,200,no_identity,linkerd,,,,,,,,,,,,
1614827707.327,response_latency_ms_count,,,10.1.37.202:4191,linkerd-proxy,linkerd,,linkerd-identity-57f4bc9db9-gb7rk,,30369,,,,,linkerd-identity,identity,linkerd,inbound,no_peer_id_from_remote,57f4bc9db9,200,no_identity,linkerd,,,,,,,,,,,,
1614827717.327,response_latency_ms_count,,,10.1.37.202:4191,linkerd-proxy,linkerd,,linkerd-identity-57f4bc9db9-gb7rk,,30370,,,,,linkerd-identity,identity,linkerd,inbound,no_peer_id_from_remote,57f4bc9db9,200,no_identity,linkerd,,,,,,,,,,,,
1614827727.327,response_latency_ms_count,,,10.1.37.202:4191,linkerd-proxy,linkerd,,linkerd-identity-57f4bc9db9-gb7rk,,30371,,,,,linkerd-identity,identity,linkerd,inbound,no_peer_id_from_remote,57f4bc9db9,200,no_identity,linkerd,,,,,,,,,,,,
1614827737.327,response_latency_ms_count,,,10.1.37.202:4191,linkerd-proxy,linkerd,,linkerd-identity-57f4bc9db9-gb7rk,,30372,,,,,linkerd-identity,identity,linkerd,inbound,no_peer_id_from_remote,57f4bc9db9,200,no_identity,linkerd,,,,,,,,,,,,
1614827747.327,response_latency_ms_count,,,10.1.37.202:4191,linkerd-proxy,linkerd,,linkerd-identity-57f4bc9db9-gb7rk,,30373,,,,,linkerd-identity,identity,linkerd,inbound,no_peer_id_from_remote,57f4bc9db9,200,no_identity,linkerd,,,,,,,,,,,,
1614827757.327,response_latency_ms_count,,,10.1.37.202:4191,linkerd-proxy,linkerd,,linkerd-identity-57f4bc9db9-gb7rk,,30374,,,,,linkerd-identity,identity,linkerd,inbound,no_peer_id_from_remote,57f4bc9db9,200,no_identity,linkerd,,,,,,,,,,,,
1614827767.327,response_latency_ms_count,,,10.1.37.202:4191,linkerd-proxy,linkerd,,linkerd-identity-57f4bc9db9-gb7rk,,30375,,,,,linkerd-identity,identity,linkerd,inbound,no_peer_id_from_remote,57f4bc9db9,200,no_identity,linkerd,,,,,,,,,,,,
1614827777.328,response_latency_ms_count,,,10.1.37.202:4191,linkerd-proxy,linkerd,,linkerd-identity-57f4bc9db9-gb7rk,,30376,,,,,linkerd-identity,identity,linkerd,inbound,no_peer_id_from_remote,57f4bc9db9,200,no_identity,linkerd,,,,,,,,,,,,
1614827787.327,response_latency_ms_count,,,10.1.37.202:4191,linkerd-proxy,linkerd,,linkerd-identity-57f4bc9db9-gb7rk,,30377,,,,,linkerd-identity,identity,linkerd,inbound,no_peer_id_from_remote,57f4bc9db9,200,no_identity,linkerd,,,,,,,,,,,,
1614827797.328,response_latency_ms_count,,,10.1.37.202:4191,linkerd-proxy,linkerd,,linkerd-identity-57f4bc9db9-gb7rk,,30378,,,,,linkerd-identity,identity,linkerd,inbound,no_peer_id_from_remote,57f4bc9db9,200,no_identity,linkerd,,,,,,,,,,,,
1614827807.329,response_latency_ms_count,,,10.1.37.202:4191,linkerd-proxy,linkerd,,linkerd-identity-57f4bc9db9-gb7rk,,30379,,,,,linkerd-identity,identity,linkerd,inbound,no_peer_id_from_remote,57f4bc9db9,200,no_identity,linkerd,,,,,,,,,,,,
1614827639.08,response_latency_ms_count,,,10.1.37.196:4191,linkerd-proxy,linkerd,,linkerd-controller-798d449c77-qk6j4,,30362,,,,,linkerd-controller,controller,linkerd,inbound,,798d449c77,200,true,linkerd,linkerd-prometheus.linkerd.serviceaccount.identity.linkerd.cluster.local,,,,,,,,,,,
1614827649.08,response_latency_ms_count,,,10.1.37.196:4191,linkerd-proxy,linkerd,,linkerd-controller-798d449c77-qk6j4,,30363,,,,,linkerd-controller,controller,linkerd,inbound,,798d449c77,200,true,linkerd,linkerd-prometheus.linkerd.serviceaccount.identity.linkerd.cluster.local,,,,,,,,,,,
1614827659.08,response_latency_ms_count,,,10.1.37.196:4191,linkerd-proxy,linkerd,,linkerd-controller-798d449c77-qk6j4,,30364,,,,,linkerd-controller,controller,linkerd,inbound,,798d449c77,200,true,linkerd,linkerd-prometheus.linkerd.serviceaccount.identity.linkerd.cluster.local,,,,,,,,,,,
1614827669.08,response_latency_ms_count,,,10.1.37.196:4191,linkerd-proxy,linkerd,,linkerd-controller-798d449c77-qk6j4,,30365,,,,,linkerd-controller,controller,linkerd,inbound,,798d449c77,200,true,linkerd,linkerd-prometheus.linkerd.serviceaccount.identity.linkerd.cluster.local,,,,,,,,,,,
1614827679.08,response_latency_ms_count,,,10.1.37.196:4191,linkerd-proxy,linkerd,,linkerd-controller-798d449c77-qk6j4,,30366,,,,,linkerd-controller,controller,linkerd,inbound,,798d449c77,200,true,linkerd,linkerd-prometheus.linkerd.serviceaccount.identity.linkerd.cluster.local,,,,,,,,,,,
1614827689.08,response_latency_ms_count,,,10.1.37.196:4191,linkerd-proxy,linkerd,,linkerd-controller-798d449c77-qk6j4,,30367,,,,,linkerd-controller,controller,linkerd,inbound,,798d449c77,200,true,linkerd,linkerd-prometheus.linkerd.serviceaccount.identity.linkerd.cluster.local,,,,,,,,,,,
1614827699.08,response_latency_ms_count,,,10.1.37.196:4191,linkerd-proxy,linkerd,,linkerd-controller-798d449c77-qk6j4,,30368,,,,,linkerd-controller,controller,linkerd,inbound,,798d449c77,200,true,linkerd,linkerd-prometheus.linkerd.serviceaccount.identity.linkerd.cluster.local,,,,,,,,,,,
1614827709.08,response_latency_ms_count,,,10.1.37.196:4191,linkerd-proxy,linkerd,,linkerd-controller-798d449c77-qk6j4,,30369,,,,,linkerd-controller,controller,linkerd,inbound,,798d449c77,200,true,linkerd,linkerd-prometheus.linkerd.serviceaccount.identity.linkerd.cluster.local,,,,,,,,,,,
1614827719.08,response_latency_ms_count,,,10.1.37.196:4191,linkerd-proxy,linkerd,,linkerd-controller-798d449c77-qk6j4,,30370,,,,,linkerd-controller,controller,linkerd,inbound,,798d449c77,200,true,linkerd,linkerd-prometheus.linkerd.serviceaccount.identity.linkerd.cluster.local,,,,,,,,,,,
1614827729.08,response_latency_ms_count,,,10.1.37.196:4191,linkerd-proxy,linkerd,,linkerd-controller-798d449c77-qk6j4,,30371,,,,,linkerd-controller,controller,linkerd,inbound,,798d449c77,200,true,linkerd,linkerd-prometheus.linkerd.serviceaccount.identity.linkerd.cluster.local,,,,,,,,,,,
1614827739.08,response_latency_ms_count,,,10.1.37.196:4191,linkerd-proxy,linkerd,,linkerd-controller-798d449c77-qk6j4,,30372,,,,,linkerd-controller,controller,linkerd,inbound,,798d449c77,200,true,linkerd,linkerd-prometheus.linkerd.serviceaccount.identity.linkerd.cluster.local,,,,,,,,,,,
1614827749.08,response_latency_ms_count,,,10.1.37.196:4191,linkerd-proxy,linkerd,,linkerd-controller-798d449c77-qk6j4,,30373,,,,,linkerd-controller,controller,linkerd,inbound,,798d449c77,200,true,linkerd,linkerd-prometheus.linkerd.serviceaccount.identity.linkerd.cluster.local,,,,,,,,,,,
1614827759.08,response_latency_ms_count,,,10.1.37.196:4191,linkerd-proxy,linkerd,,linkerd-controller-798d449c77-qk6j4,,30374,,,,,linkerd-controller,controller,linkerd,inbound,,798d449c77,200,true,linkerd,linkerd-prometheus.linkerd.serviceaccount.identity.linkerd.cluster.local,,,,,,,,,,,
1614827769.08,response_latency_ms_count,,,10.1.37.196:4191,linkerd-proxy,linkerd,,linkerd-controller-798d449c77-qk6j4,,30375,,,,,linkerd-controller,controller,linkerd,inbound,,798d449c77,200,true,linkerd,linkerd-prometheus.linkerd.serviceaccount.identity.linkerd.cluster.local,,,,,,,,,,,
1614827779.08,response_latency_ms_count,,,10.1.37.196:4191,linkerd-proxy,linkerd,,linkerd-controller-798d449c77-qk6j4,,30376,,,,,linkerd-controller,controller,linkerd,inbound,,798d449c77,200,true,linkerd,linkerd-prometheus.linkerd.serviceaccount.identity.linkerd.cluster.local,,,,,,,,,,,
1614827789.08,response_latency_ms_count,,,10.1.37.196:4191,linkerd-proxy,linkerd,,linkerd-controller-798d449c77-qk6j4,,30377,,,,,linkerd-controller,controller,linkerd,inbound,,798d449c77,200,true,linkerd,linkerd-prometheus.linkerd.serviceaccount.identity.linkerd.cluster.local,,,,,,,,,,,
1614827799.08,response_latency_ms_count,,,10.1.37.196:4191,linkerd-proxy,linkerd,,linkerd-controller-798d449c77-qk6j4,,30378,,,,,linkerd-controller,controller,linkerd,inbound,,798d449c77,200,true,linkerd,linkerd-prometheus.linkerd.serviceaccount.identity.linkerd.cluster.local,,,,,,,,,,,
1614827809.08,response_latency_ms_count,,,10.1.37.196:4191,linkerd-proxy,linkerd,,linkerd-controller-798d449c77-qk6j4,,30379,,,,,linkerd-controller,controller,linkerd,inbound,,798d449c77,200,true,linkerd,linkerd-prometheus.linkerd.serviceaccount.identity.linkerd.cluster.local,,,,,,,,,,,
1614827640.101,response_latency_ms_count,,,10.1.37.198:4191,linkerd-proxy,linkerd,,linkerd-prometheus-5bccd64d4d-jzwmt,,30362,,,,,linkerd-prometheus,prometheus,linkerd,outbound,,5bccd64d4d,200,true,linkerd,,10.1.37.193:4191,linkerd,linkerd-destination,linkerd,linkerd-destination-654f8848f5-4tr7b,654f8848f5,linkerd-destination,linkerd-destination.linkerd.serviceaccount.identity.linkerd.cluster.local,,,
1614827650.102,response_latency_ms_count,,,10.1.37.198:4191,linkerd-proxy,linkerd,,linkerd-prometheus-5bccd64d4d-jzwmt,,30363,,,,,linkerd-prometheus,prometheus,linkerd,outbound,,5bccd64d4d,200,true,linkerd,,10.1.37.193:4191,linkerd,linkerd-destination,linkerd,linkerd-destination-654f8848f5-4tr7b,654f8848f5,linkerd-destination,linkerd-destination.linkerd.serviceaccount.identity.linkerd.cluster.local,,,
1614827660.102,response_latency_ms_count,,,10.1.37.198:4191,linkerd-proxy,linkerd,,linkerd-prometheus-5bccd64d4d-jzwmt,,30364,,,,,linkerd-prometheus,prometheus,linkerd,outbound,,5bccd64d4d,200,true,linkerd,,10.1.37.193:4191,linkerd,linkerd-destination,linkerd,linkerd-destination-654f8848f5-4tr7b,654f8848f5,linkerd-destination,linkerd-destination.linkerd.serviceaccount.identity.linkerd.cluster.local,,,
1614827670.101,response_latency_ms_count,,,10.1.37.198:4191,linkerd-proxy,linkerd,,linkerd-prometheus-5bccd64d4d-jzwmt,,30365,,,,,linkerd-prometheus,prometheus,linkerd,outbound,,5bccd64d4d,200,true,linkerd,,10.1.37.193:4191,linkerd,linkerd-destination,linkerd,linkerd-destination-654f8848f5-4tr7b,654f8848f5,linkerd-destination,linkerd-destination.linkerd.serviceaccount.identity.linkerd.cluster.local,,,
1614827680.101,response_latency_ms_count,,,10.1.37.198:4191,linkerd-proxy,linkerd,,linkerd-prometheus-5bccd64d4d-jzwmt,,30366,,,,,linkerd-prometheus,prometheus,linkerd,outbound,,5bccd64d4d,200,true,linkerd,,10.1.37.193:4191,linkerd,linkerd-destination,linkerd,linkerd-destination-654f8848f5-4tr7b,654f8848f5,linkerd-destination,linkerd-destination.linkerd.serviceaccount.identity.linkerd.cluster.local,,,
1614827690.101,response_latency_ms_count,,,10.1.37.198:4191,linkerd-proxy,linkerd,,linkerd-prometheus-5bccd64d4d-jzwmt,,30367,,,,,linkerd-prometheus,prometheus,linkerd,outbound,,5bccd64d4d,200,true,linkerd,,10.1.37.193:4191,linkerd,linkerd-destination,linkerd,linkerd-destination-654f8848f5-4tr7b,654f8848f5,linkerd-destination,linkerd-destination.linkerd.serviceaccount.identity.linkerd.cluster.local,,,
1614827700.102,response_latency_ms_count,,,10.1.37.198:4191,linkerd-proxy,linkerd,,linkerd-prometheus-5bccd64d4d-jzwmt,,30368,,,,,linkerd-prometheus,prometheus,linkerd,outbound,,5bccd64d4d,200,true,linkerd,,10.1.37.193:4191,linkerd,linkerd-destination,linkerd,linkerd-destination-654f8848f5-4tr7b,654f8848f5,linkerd-destination,linkerd-destination.linkerd.serviceaccount.identity.linkerd.cluster.local,,,
1614827710.101,response_latency_ms_count,,,10.1.37.198:4191,linkerd-proxy,linkerd,,linkerd-prometheus-5bccd64d4d-jzwmt,,30369,,,,,linkerd-prometheus,prometheus,linkerd,outbound,,5bccd64d4d,200,true,linkerd,,10.1.37.193:4191,linkerd,linkerd-destination,linkerd,linkerd-destination-654f8848f5-4tr7b,654f8848f5,linkerd-destination,linkerd-destination.linkerd.serviceaccount.identity.linkerd.cluster.local,,,
1614827720.101,response_latency_ms_count,,,10.1.37.198:4191,linkerd-proxy,linkerd,,linkerd-prometheus-5bccd64d4d-jzwmt,,30370,,,,,linkerd-prometheus,prometheus,linkerd,outbound,,5bccd64d4d,200,true,linkerd,,10.1.37.193:4191,linkerd,linkerd-destination,linkerd,linkerd-destination-654f8848f5-4tr7b,654f8848f5,linkerd-destination,linkerd-destination.linkerd.serviceaccount.identity.linkerd.cluster.local,,,
1614827730.101,response_latency_ms_count,,,10.1.37.198:4191,linkerd-proxy,linkerd,,linkerd-prometheus-5bccd64d4d-jzwmt,,30371,,,,,linkerd-prometheus,prometheus,linkerd,outbound,,5bccd64d4d,200,true,linkerd,,10.1.37.193:4191,linkerd,linkerd-destination,linkerd,linkerd-destination-654f8848f5-4tr7b,654f8848f5,linkerd-destination,linkerd-destination.linkerd.serviceaccount.identity.linkerd.cluster.local,,,
1614827740.101,response_latency_ms_count,,,10.1.37.198:4191,linkerd-proxy,linkerd,,linkerd-prometheus-5bccd64d4d-jzwmt,,30372,,,,,linkerd-prometheus,prometheus,linkerd,outbound,,5bccd64d4d,200,true,linkerd,,10.1.37.193:4191,linkerd,linkerd-destination,linkerd,linkerd-destination-654f8848f5-4tr7b,654f8848f5,linkerd-destination,linkerd-destination.linkerd.serviceaccount.identity.linkerd.cluster.local,,,
1614827750.101,response_latency_ms_count,,,10.1.37.198:4191,linkerd-proxy,linkerd,,linkerd-prometheus-5bccd64d4d-jzwmt,,30373,,,,,linkerd-prometheus,prometheus,linkerd,outbound,,5bccd64d4d,200,true,linkerd,,10.1.37.193:4191,linkerd,linkerd-destination,linkerd,linkerd-destination-654f8848f5-4tr7b,654f8848f5,linkerd-destination,linkerd-destination.linkerd.serviceaccount.identity.linkerd.cluster.local,,,
1614827760.101,response_latency_ms_count,,,10.1.37.198:4191,linkerd-proxy,linkerd,,linkerd-prometheus-5bccd64d4d-jzwmt,,30374,,,,,linkerd-prometheus,prometheus,linkerd,outbound,,5bccd64d4d,200,true,linkerd,,10.1.37.193:4191,linkerd,linkerd-destination,linkerd,linkerd-destination-654f8848f5-4tr7b,654f8848f5,linkerd-destination,linkerd-destination.linkerd.serviceaccount.identity.linkerd.cluster.local,,,
1614827770.101,response_latency_ms_count,,,10.1.37.198:4191,linkerd-proxy,linkerd,,linkerd-prometheus-5bccd64d4d-jzwmt,,30375,,,,,linkerd-prometheus,prometheus,linkerd,outbound,,5bccd64d4d,200,true,linkerd,,10.1.37.193:4191,linkerd,linkerd-destination,linkerd,linkerd-destination-654f8848f5-4tr7b,654f8848f5,linkerd-destination,linkerd-destination.linkerd.serviceaccount.identity.linkerd.cluster.local,,,
1614827780.101,response_latency_ms_count,,,10.1.37.198:4191,linkerd-proxy,linkerd,,linkerd-prometheus-5bccd64d4d-jzwmt,,30376,,,,,linkerd-prometheus,prometheus,linkerd,outbound,,5bccd64d4d,200,true,linkerd,,10.1.37.193:4191,linkerd,linkerd-destination,linkerd,linkerd-destination-654f8848f5-4tr7b,654f8848f5,linkerd-destination,linkerd-destination.linkerd.serviceaccount.identity.linkerd.cluster.local,,,
1614827790.101,response_latency_ms_count,,,10.1.37.198:4191,linkerd-proxy,linkerd,,linkerd-prometheus-5bccd64d4d-jzwmt,,30377,,,,,linkerd-prometheus,prometheus,linkerd,outbound,,5bccd64d4d,200,true,linkerd,,10.1.37.193:4191,linkerd,linkerd-destination,linkerd,linkerd-destination-654f8848f5-4tr7b,654f8848f5,linkerd-destination,linkerd-destination.linkerd.serviceaccount.identity.linkerd.cluster.local,,,
1614827800.101,response_latency_ms_count,,,10.1.37.198:4191,linkerd-proxy,linkerd,,linkerd-prometheus-5bccd64d4d-jzwmt,,30378,,,,,linkerd-prometheus,prometheus,linkerd,outbound,,5bccd64d4d,200,true,linkerd,,10.1.37.193:4191,linkerd,linkerd-destination,linkerd,linkerd-destination-654f8848f5-4tr7b,654f8848f5,linkerd-destination,linkerd-destination.linkerd.serviceaccount.identity.linkerd.cluster.local,,,
1614827640.101,response_latency_ms_count,,,10.1.37.198:4191,linkerd-proxy,linkerd,,linkerd-prometheus-5bccd64d4d-jzwmt,,30362,,,,,linkerd-prometheus,prometheus,linkerd,outbound,,5bccd64d4d,200,true,linkerd,,10.1.37.205:4191,linkerd,linkerd-grafana,linkerd,linkerd-grafana-ddd5c496f-cctr6,ddd5c496f,linkerd-grafana,linkerd-grafana.linkerd.serviceaccount.identity.linkerd.cluster.local,,,
1614827650.102,response_latency_ms_count,,,10.1.37.198:4191,linkerd-proxy,linkerd,,linkerd-prometheus-5bccd64d4d-jzwmt,,30363,,,,,linkerd-prometheus,prometheus,linkerd,outbound,,5bccd64d4d,200,true,linkerd,,10.1.37.205:4191,linkerd,linkerd-grafana,linkerd,linkerd-grafana-ddd5c496f-cctr6,ddd5c496f,linkerd-grafana,linkerd-grafana.linkerd.serviceaccount.identity.linkerd.cluster.local,,,
1614827660.102,response_latency_ms_count,,,10.1.37.198:4191,linkerd-proxy,linkerd,,linkerd-prometheus-5bccd64d4d-jzwmt,,30364,,,,,linkerd-prometheus,prometheus,linkerd,outbound,,5bccd64d4d,200,true,linkerd,,10.1.37.205:4191,linkerd,linkerd-grafana,linkerd,linkerd-grafana-ddd5c496f-cctr6,ddd5c496f,linkerd-grafana,linkerd-grafana.linkerd.serviceaccount.identity.linkerd.cluster.local,,,
1614827670.101,response_latency_ms_count,,,10.1.37.198:4191,linkerd-proxy,linkerd,,linkerd-prometheus-5bccd64d4d-jzwmt,,30365,,,,,linkerd-prometheus,prometheus,linkerd,outbound,,5bccd64d4d,200,true,linkerd,,10.1.37.205:4191,linkerd,linkerd-grafana,linkerd,linkerd-grafana-ddd5c496f-cctr6,ddd5c496f,linkerd-grafana,linkerd-grafana.linkerd.serviceaccount.identity.linkerd.cluster.local,,,
1614827680.101,response_latency_ms_count,,,10.1.37.198:4191,linkerd-proxy,linkerd,,linkerd-prometheus-5bccd64d4d-jzwmt,,30366,,,,,linkerd-prometheus,prometheus,linkerd,outbound,,5bccd64d4d,200,true,linkerd,,10.1.37.205:4191,linkerd,linkerd-grafana,linkerd,linkerd-grafana-ddd5c496f-cctr6,ddd5c496f,linkerd-grafana,linkerd-grafana.linkerd.serviceaccount.identity.linkerd.cluster.local,,,
1614827690.101,response_latency_ms_count,,,10.1.37.198:4191,linkerd-proxy,linkerd,,linkerd-prometheus-5bccd64d4d-jzwmt,,30367,,,,,linkerd-prometheus,prometheus,linkerd,outbound,,5bccd64d4d,200,true,linkerd,,10.1.37.205:4191,linkerd,linkerd-grafana,linkerd,linkerd-grafana-ddd5c496f-cctr6,ddd5c496f,linkerd-grafana,linkerd-grafana.linkerd.serviceaccount.identity.linkerd.cluster.local,,,
1614827700.102,response_latency_ms_count,,,10.1.37.198:4191,linkerd-proxy,linkerd,,linkerd-prometheus-5bccd64d4d-jzwmt,,30368,,,,,linkerd-prometheus,prometheus,linkerd,outbound,,5bccd64d4d,200,true,linkerd,,10.1.37.205:4191,linkerd,linkerd-grafana,linkerd,linkerd-grafana-ddd5c496f-cctr6,ddd5c496f,linkerd-grafana,linkerd-grafana.linkerd.serviceaccount.identity.linkerd.cluster.local,,,
1614827710.101,response_latency_ms_count,,,10.1.37.198:4191,linkerd-proxy,linkerd,,linkerd-prometheus-5bccd64d4d-jzwmt,,30369,,,,,linkerd-prometheus,prometheus,linkerd,outbound,,5bccd64d4d,200,true,linkerd,,10.1.37.205:4191,linkerd,linkerd-grafana,linkerd,linkerd-grafana-ddd5c496f-cctr6,ddd5c496f,linkerd-grafana,linkerd-grafana.linkerd.serviceaccount.identity.linkerd.cluster.local,,,
1614827720.101,response_latency_ms_count,,,10.1.37.198:4191,linkerd-proxy,linkerd,,linkerd-prometheus-5bccd64d4d-jzwmt,,30370,,,,,linkerd-prometheus,prometheus,linkerd,outbound,,5bccd64d4d,200,true,linkerd,,10.1.37.205:4191,linkerd,linkerd-grafana,linkerd,linkerd-grafana-ddd5c496f-cctr6,ddd5c496f,linkerd-grafana,linkerd-grafana.linkerd.serviceaccount.identity.linkerd.cluster.local,,,
1614827730.101,response_latency_ms_count,,,10.1.37.198:4191,linkerd-proxy,linkerd,,linkerd-prometheus-5bccd64d4d-jzwmt,,30371,,,,,linkerd-prometheus,prometheus,linkerd,outbound,,5bccd64d4d,200,true,linkerd,,10.1.37.205:4191,linkerd,linkerd-grafana,linkerd,linkerd-grafana-ddd5c496f-cctr6,ddd5c496f,linkerd-grafana,linkerd-grafana.linkerd.serviceaccount.identity.linkerd.cluster.local,,,
1614827740.101,response_latency_ms_count,,,10.1.37.198:4191,linkerd-proxy,linkerd,,linkerd-prometheus-5bccd64d4d-jzwmt,,30372,,,,,linkerd-prometheus,prometheus,linkerd,outbound,,5bccd64d4d,200,true,linkerd,,10.1.37.205:4191,linkerd,linkerd-grafana,linkerd,linkerd-grafana-ddd5c496f-cctr6,ddd5c496f,linkerd-grafana,linkerd-grafana.linkerd.serviceaccount.identity.linkerd.cluster.local,,,
1614827750.101,response_latency_ms_count,,,10.1.37.198:4191,linkerd-proxy,linkerd,,linkerd-prometheus-5bccd64d4d-jzwmt,,30373,,,,,linkerd-prometheus,prometheus,linkerd,outbound,,5bccd64d4d,200,true,linkerd,,10.1.37.205:4191,linkerd,linkerd-grafana,linkerd,linkerd-grafana-ddd5c496f-cctr6,ddd5c496f,linkerd-grafana,linkerd-grafana.linkerd.serviceaccount.identity.linkerd.cluster.local,,,
1614827760.101,response_latency_ms_count,,,10.1.37.198:4191,linkerd-proxy,linkerd,,linkerd-prometheus-5bccd64d4d-jzwmt,,30374,,,,,linkerd-prometheus,prometheus,linkerd,outbound,,5bccd64d4d,200,true,linkerd,,10.1.37.205:4191,linkerd,linkerd-grafana,linkerd,linkerd-grafana-ddd5c496f-cctr6,ddd5c496f,linkerd-grafana,linkerd-grafana.linkerd.serviceaccount.identity.linkerd.cluster.local,,,
1614827770.101,response_latency_ms_count,,,10.1.37.198:4191,linkerd-proxy,linkerd,,linkerd-prometheus-5bccd64d4d-jzwmt,,30375,,,,,linkerd-prometheus,prometheus,linkerd,outbound,,5bccd64d4d,200,true,linkerd,,10.1.37.205:4191,linkerd,linkerd-grafana,linkerd,linkerd-grafana-ddd5c496f-cctr6,ddd5c496f,linkerd-grafana,linkerd-grafana.linkerd.serviceaccount.identity.linkerd.cluster.local,,,
1614827780.101,response_latency_ms_count,,,10.1.37.198:4191,linkerd-proxy,linkerd,,linkerd-prometheus-5bccd64d4d-jzwmt,,30376,,,,,linkerd-prometheus,prometheus,linkerd,outbound,,5bccd64d4d,200,true,linkerd,,10.1.37.205:4191,linkerd,linkerd-grafana,linkerd,linkerd-grafana-ddd5c496f-cctr6,ddd5c496f,linkerd-grafana,linkerd-grafana.linkerd.serviceaccount.identity.linkerd.cluster.local,,,
1614827790.101,response_latency_ms_count,,,10.1.37.198:4191,linkerd-proxy,linkerd,,linkerd-prometheus-5bccd64d4d-jzwmt,,30377,,,,,linkerd-prometheus,prometheus,linkerd,outbound,,5bccd64d4d,200,true,linkerd,,10.1.37.205:4191,linkerd,linkerd-grafana,linkerd,linkerd-grafana-ddd5c496f-cctr6,ddd5c496f,linkerd-grafana,linkerd-grafana.linkerd.serviceaccount.identity.linkerd.cluster.local,,,
1614827800.101,response_latency_ms_count,,,10.1.37.198:4191,linkerd-proxy,linkerd,,linkerd-prometheus-5bccd64d4d-jzwmt,,30378,,,,,linkerd-prometheus,prometheus,linkerd,outbound,,5bccd64d4d,200,true,linkerd,,10.1.37.205:4191,linkerd,linkerd-grafana,linkerd,linkerd-grafana-ddd5c496f-cctr6,ddd5c496f,linkerd-grafana,linkerd-grafana.linkerd.serviceaccount.identity.linkerd.cluster.local,,,
1614827640.101,response_latency_ms_count,,,10.1.37.198:4191,linkerd-proxy,linkerd,,linkerd-prometheus-5bccd64d4d-jzwmt,,30362,,,,,linkerd-prometheus,prometheus,linkerd,outbound,,5bccd64d4d,200,true,linkerd,,10.1.37.192:9994,linkerd,linkerd-web,linkerd,linkerd-web-b48d9c89b-49fzh,b48d9c89b,linkerd-web,linkerd-web.linkerd.serviceaccount.identity.linkerd.cluster.local,,,
1614827650.102,response_latency_ms_count,,,10.1.37.198:4191,linkerd-proxy,linkerd,,linkerd-prometheus-5bccd64d4d-jzwmt,,30363,,,,,linkerd-prometheus,prometheus,linkerd,outbound,,5bccd64d4d,200,true,linkerd,,10.1.37.192:9994,linkerd,linkerd-web,linkerd,linkerd-web-b48d9c89b-49fzh,b48d9c89b,linkerd-web,linkerd-web.linkerd.serviceaccount.identity.linkerd.cluster.local,,,
1614827660.102,response_latency_ms_count,,,10.1.37.198:4191,linkerd-proxy,linkerd,,linkerd-prometheus-5bccd64d4d-jzwmt,,30364,,,,,linkerd-prometheus,prometheus,linkerd,outbound,,5bccd64d4d,200,true,linkerd,,10.1.37.192:9994,linkerd,linkerd-web,linkerd,linkerd-web-b48d9c89b-49fzh,b48d9c89b,linkerd-web,linkerd-web.linkerd.serviceaccount.identity.linkerd.cluster.local,,,
1614827670.101,response_latency_ms_count,,,10.1.37.198:4191,linkerd-proxy,linkerd,,linkerd-prometheus-5bccd64d4d-jzwmt,,30365,,,,,linkerd-prometheus,prometheus,linkerd,outbound,,5bccd64d4d,200,true,linkerd,,10.1.37.192:9994,linkerd,linkerd-web,linkerd,linkerd-web-b48d9c89b-49fzh,b48d9c89b,linkerd-web,linkerd-web.linkerd.serviceaccount.identity.linkerd.cluster.local,,,
1614827680.101,response_latency_ms_count,,,10.1.37.198:4191,linkerd-proxy,linkerd,,linkerd-prometheus-5bccd64d4d-jzwmt,,30366,,,,,linkerd-prometheus,prometheus,linkerd,outbound,,5bccd64d4d,200,true,linkerd,,10.1.37.192:9994,linkerd,linkerd-web,linkerd,linkerd-web-b48d9c89b-49fzh,b48d9c89b,linkerd-web,linkerd-web.linkerd.serviceaccount.identity.linkerd.cluster.local,,,
1614827690.101,response_latency_ms_count,,,10.1.37.198:4191,linkerd-proxy,linkerd,,linkerd-prometheus-5bccd64d4d-jzwmt,,30367,,,,,linkerd-prometheus,prometheus,linkerd,outbound,,5bccd64d4d,200,true,linkerd,,10.1.37.192:9994,linkerd,linkerd-web,linkerd,linkerd-web-b48d9c89b-49fzh,b48d9c89b,linkerd-web,linkerd-web.linkerd.serviceaccount.identity.linkerd.cluster.local,,,
1614827700.102,response_latency_ms_count,,,10.1.37.198:4191,linkerd-proxy,linkerd,,linkerd-prometheus-5bccd64d4d-jzwmt,,30368,,,,,linkerd-prometheus,prometheus,linkerd,outbound,,5bccd64d4d,200,true,linkerd,,10.1.37.192:9994,linkerd,linkerd-web,linkerd,linkerd-web-b48d9c89b-49fzh,b48d9c89b,linkerd-web,linkerd-web.linkerd.serviceaccount.identity.linkerd.cluster.local,,,
1614827710.101,response_latency_ms_count,,,10.1.37.198:4191,linkerd-proxy,linkerd,,linkerd-prometheus-5bccd64d4d-jzwmt,,30369,,,,,linkerd-prometheus,prometheus,linkerd,outbound,,5bccd64d4d,200,true,linkerd,,10.1.37.192:9994,linkerd,linkerd-web,linkerd,linkerd-web-b48d9c89b-49fzh,b48d9c89b,linkerd-web,linkerd-web.linkerd.serviceaccount.identity.linkerd.cluster.local,,,
1614827720.101,response_latency_ms_count,,,10.1.37.198:4191,linkerd-proxy,linkerd,,linkerd-prometheus-5bccd64d4d-jzwmt,,30370,,,,,linkerd-prometheus,prometheus,linkerd,outbound,,5bccd64d4d,200,true,linkerd,,10.1.37.192:9994,linkerd,linkerd-web,linkerd,linkerd-web-b48d9c89b-49fzh,b48d9c89b,linkerd-web,linkerd-web.linkerd.serviceaccount.identity.linkerd.cluster.local,,,
1614827730.101,response_latency_ms_count,,,10.1.37.198:4191,linkerd-proxy,linkerd,,linkerd-prometheus-5bccd64d4d-jzwmt,,30371,,,,,linkerd-prometheus,prometheus,linkerd,outbound,,5bccd64d4d,200,true,linkerd,,10.1.37.192:9994,linkerd,linkerd-web,linkerd,linkerd-web-b48d9c89b-49fzh,b48d9c89b,linkerd-web,linkerd-web.linkerd.serviceaccount.identity.linkerd.cluster.local,,,
1614827740.101,response_latency_ms_count,,,10.1.37.198:4191,linkerd-proxy,linkerd,,linkerd-prometheus-5bccd64d4d-jzwmt,,30372,,,,,linkerd-prometheus,prometheus,linkerd,outbound,,5bccd64d4d,200,true,linkerd,,10.1.37.192:9994,linkerd,linkerd-web,linkerd,linkerd-web-b48d9c89b-49fzh,b48d9c89b,linkerd-web,linkerd-web.linkerd.serviceaccount.identity.linkerd.cluster.local,,,
1614827750.101,response_latency_ms_count,,,10.1.37.198:4191,linkerd-proxy,linkerd,,linkerd-prometheus-5bccd64d4d-jzwmt,,30373,,,,,linkerd-prometheus,prometheus,linkerd,outbound,,5bccd64d4d,200,true,linkerd,,10.1.37.192:9994,linkerd,linkerd-web,linkerd,linkerd-web-b48d9c89b-49fzh,b48d9c89b,linkerd-web,linkerd-web.linkerd.serviceaccount.identity.linkerd.cluster.local,,,
1614827760.101,response_latency_ms_count,,,10.1.37.198:4191,linkerd-proxy,linkerd,,linkerd-prometheus-5bccd64d4d-jzwmt,,30374,,,,,linkerd-prometheus,prometheus,linkerd,outbound,,5bccd64d4d,200,true,linkerd,,10.1.37.192:9994,linkerd,linkerd-web,linkerd,linkerd-web-b48d9c89b-49fzh,b48d9c89b,linkerd-web,linkerd-web.linkerd.serviceaccount.identity.linkerd.cluster.local,,,
1614827770.101,response_latency_ms_count,,,10.1.37.198:4191,linkerd-proxy,linkerd,,linkerd-prometheus-5bccd64d4d-jzwmt,,30375,,,,,linkerd-prometheus,prometheus,linkerd,outbound,,5bccd64d4d,200,true,linkerd,,10.1.37.192:9994,linkerd,linkerd-web,linkerd,linkerd-web-b48d9c89b-49fzh,b48d9c89b,linkerd-web,linkerd-web.linkerd.serviceaccount.identity.linkerd.cluster.local,,,
1614827780.101,response_latency_ms_count,,,10.1.37.198:4191,linkerd-proxy,linkerd,,linkerd-prometheus-5bccd64d4d-jzwmt,,30376,,,,,linkerd-prometheus,prometheus,linkerd,outbound,,5bccd64d4d,200,true,linkerd,,10.1.37.192:9994,linkerd,linkerd-web,linkerd,linkerd-web-b48d9c89b-49fzh,b48d9c89b,linkerd-web,linkerd-web.linkerd.serviceaccount.identity.linkerd.cluster.local,,,
1614827790.101,response_latency_ms_count,,,10.1.37.198:4191,linkerd-proxy,linkerd,,linkerd-prometheus-5bccd64d4d-jzwmt,,30377,,,,,linkerd-prometheus,prometheus,linkerd,outbound,,5bccd64d4d,200,true,linkerd,,10.1.37.192:9994,linkerd,linkerd-web,linkerd,linkerd-web-b48d9c89b-49fzh,b48d9c89b,linkerd-web,linkerd-web.linkerd.serviceaccount.identity.linkerd.cluster.local,,,
1614827800.101,response_latency_ms_count,,,10.1.37.198:4191,linkerd-proxy,linkerd,,linkerd-prometheus-5bccd64d4d-jzwmt,,30378,,,,,linkerd-prometheus,prometheus,linkerd,outbound,,5bccd64d4d,200,true,linkerd,,10.1.37.192:9994,linkerd,linkerd-web,linkerd,linkerd-web-b48d9c89b-49fzh,b48d9c89b,linkerd-web,linkerd-web.linkerd.serviceaccount.identity.linkerd.cluster.local,,,
1614827640.101,response_latency_ms_count,,,10.1.37.198:4191,linkerd-proxy,linkerd,,linkerd-prometheus-5bccd64d4d-jzwmt,,30362,,,,,linkerd-prometheus,prometheus,linkerd,outbound,,5bccd64d4d,200,true,linkerd,,10.1.37.202:9990,linkerd,linkerd-identity,linkerd,linkerd-identity-57f4bc9db9-gb7rk,57f4bc9db9,linkerd-identity,linkerd-identity.linkerd.serviceaccount.identity.linkerd.cluster.local,,,
1614827650.102,response_latency_ms_count,,,10.1.37.198:4191,linkerd-proxy,linkerd,,linkerd-prometheus-5bccd64d4d-jzwmt,,30363,,,,,linkerd-prometheus,prometheus,linkerd,outbound,,5bccd64d4d,200,true,linkerd,,10.1.37.202:9990,linkerd,linkerd-identity,linkerd,linkerd-identity-57f4bc9db9-gb7rk,57f4bc9db9,linkerd-identity,linkerd-identity.linkerd.serviceaccount.identity.linkerd.cluster.local,,,
1614827660.102,response_latency_ms_count,,,10.1.37.198:4191,linkerd-proxy,linkerd,,linkerd-prometheus-5bccd64d4d-jzwmt,,30364,,,,,linkerd-prometheus,prometheus,linkerd,outbound,,5bccd64d4d,200,true,linkerd,,10.1.37.202:9990,linkerd,linkerd-identity,linkerd,linkerd-identity-57f4bc9db9-gb7rk,57f4bc9db9,linkerd-identity,linkerd-identity.linkerd.serviceaccount.identity.linkerd.cluster.local,,,
1614827670.101,response_latency_ms_count,,,10.1.37.198:4191,linkerd-proxy,linkerd,,linkerd-prometheus-5bccd64d4d-jzwmt,,30365,,,,,linkerd-prometheus,prometheus,linkerd,outbound,,5bccd64d4d,200,true,linkerd,,10.1.37.202:9990,linkerd,linkerd-identity,linkerd,linkerd-identity-57f4bc9db9-gb7rk,57f4bc9db9,linkerd-identity,linkerd-identity.linkerd.serviceaccount.identity.linkerd.cluster.local,,,
1614827680.101,response_latency_ms_count,,,10.1.37.198:4191,linkerd-proxy,linkerd,,linkerd-prometheus-5bccd64d4d-jzwmt,,30366,,,,,linkerd-prometheus,prometheus,linkerd,outbound,,5bccd64d4d,200,true,linkerd,,10.1.37.202:9990,linkerd,linkerd-identity,linkerd,linkerd-identity-57f4bc9db9-gb7rk,57f4bc9db9,linkerd-identity,linkerd-identity.linkerd.serviceaccount.identity.linkerd.cluster.local,,,
1614827690.101,response_latency_ms_count,,,10.1.37.198:4191,linkerd-proxy,linkerd,,linkerd-prometheus-5bccd64d4d-jzwmt,,30367,,,,,linkerd-prometheus,prometheus,linkerd,outbound,,5bccd64d4d,200,true,linkerd,,10.1.37.202:9990,linkerd,linkerd-identity,linkerd,linkerd-identity-57f4bc9db9-gb7rk,57f4bc9db9,linkerd-identity,linkerd-identity.linkerd.serviceaccount.identity.linkerd.cluster.local,,,
1614827700.102,response_latency_ms_count,,,10.1.37.198:4191,linkerd-proxy,linkerd,,linkerd-prometheus-5bccd64d4d-jzwmt,,30368,,,,,linkerd-prometheus,prometheus,linkerd,outbound,,5bccd64d4d,200,true,linkerd,,10.1.37.202:9990,linkerd,linkerd-identity,linkerd,linkerd-identity-57f4bc9db9-gb7rk,57f4bc9db9,linkerd-identity,linkerd-identity.linkerd.serviceaccount.identity.linkerd.cluster.local,,,
1614827710.101,response_latency_ms_count,,,10.1.37.198:4191,linkerd-proxy,linkerd,,linkerd-prometheus-5bccd64d4d-jzwmt,,30369,,,,,linkerd-prometheus,prometheus,linkerd,outbound,,5bccd64d4d,200,true,linkerd,,10.1.37.202:9990,linkerd,linkerd-identity,linkerd,linkerd-identity-57f4bc9db9-gb7rk,57f4bc9db9,linkerd-identity,linkerd-identity.linkerd.serviceaccount.identity.linkerd.cluster.local,,,
1614827720.101,response_latency_ms_count,,,10.1.37.198:4191,linkerd-proxy,linkerd,,linkerd-prometheus-5bccd64d4d-jzwmt,,30370,,,,,linkerd-prometheus,prometheus,linkerd,outbound,,5bccd64d4d,200,true,linkerd,,10.1.37.202:9990,linkerd,linkerd-identity,linkerd,linkerd-identity-57f4bc9db9-gb7rk,57f4bc9db9,linkerd-identity,linkerd-identity.linkerd.serviceaccount.identity.linkerd.cluster.local,,,
1614827730.101,response_latency_ms_count,,,10.1.37.198:4191,linkerd-proxy,linkerd,,linkerd-prometheus-5bccd64d4d-jzwmt,,30371,,,,,linkerd-prometheus,prometheus,linkerd,outbound,,5bccd64d4d,200,true,linkerd,,10.1.37.202:9990,linkerd,linkerd-identity,linkerd,linkerd-identity-57f4bc9db9-gb7rk,57f4bc9db9,linkerd-identity,linkerd-identity.linkerd.serviceaccount.identity.linkerd.cluster.local,,,
1614827740.101,response_latency_ms_count,,,10.1.37.198:4191,linkerd-proxy,linkerd,,linkerd-prometheus-5bccd64d4d-jzwmt,,30372,,,,,linkerd-prometheus,prometheus,linkerd,outbound,,5bccd64d4d,200,true,linkerd,,10.1.37.202:9990,linkerd,linkerd-identity,linkerd,linkerd-identity-57f4bc9db9-gb7rk,57f4bc9db9,linkerd-identity,linkerd-identity.linkerd.serviceaccount.identity.linkerd.cluster.local,,,
1614827750.101,response_latency_ms_count,,,10.1.37.198:4191,linkerd-proxy,linkerd,,linkerd-prometheus-5bccd64d4d-jzwmt,,30373,,,,,linkerd-prometheus,prometheus,linkerd,outbound,,5bccd64d4d,200,true,linkerd,,10.1.37.202:9990,linkerd,linkerd-identity,linkerd,linkerd-identity-57f4bc9db9-gb7rk,57f4bc9db9,linkerd-identity,linkerd-identity.linkerd.serviceaccount.identity.linkerd.cluster.local,,,
1614827760.101,response_latency_ms_count,,,10.1.37.198:4191,linkerd-proxy,linkerd,,linkerd-prometheus-5bccd64d4d-jzwmt,,30374,,,,,linkerd-prometheus,prometheus,linkerd,outbound,,5bccd64d4d,200,true,linkerd,,10.1.37.202:9990,linkerd,linkerd-identity,linkerd,linkerd-identity-57f4bc9db9-gb7rk,57f4bc9db9,linkerd-identity,linkerd-identity.linkerd.serviceaccount.identity.linkerd.cluster.local,,,
1614827770.101,response_latency_ms_count,,,10.1.37.198:4191,linkerd-proxy,linkerd,,linkerd-prometheus-5bccd64d4d-jzwmt,,30375,,,,,linkerd-prometheus,prometheus,linkerd,outbound,,5bccd64d4d,200,true,linkerd,,10.1.37.202:9990,linkerd,linkerd-identity,linkerd,linkerd-identity-57f4bc9db9-gb7rk,57f4bc9db9,linkerd-identity,linkerd-identity.linkerd.serviceaccount.identity.linkerd.cluster.local,,,
1614827780.101,response_latency_ms_count,,,10.1.37.198:4191,linkerd-proxy,linkerd,,linkerd-prometheus-5bccd64d4d-jzwmt,,30376,,,,,linkerd-prometheus,prometheus,linkerd,outbound,,5bccd64d4d,200,true,linkerd,,10.1.37.202:9990,linkerd,linkerd-identity,linkerd,linkerd-identity-57f4bc9db9-gb7rk,57f4bc9db9,linkerd-identity,linkerd-identity.linkerd.serviceaccount.identity.linkerd.cluster.local,,,
1614827790.101,response_latency_ms_count,,,10.1.37.198:4191,linkerd-proxy,linkerd,,linkerd-prometheus-5bccd64d4d-jzwmt,,30377,,,,,linkerd-prometheus,prometheus,linkerd,outbound,,5bccd64d4d,200,true,linkerd,,10.1.37.202:9990,linkerd,linkerd-identity,linkerd,linkerd-identity-57f4bc9db9-gb7rk,57f4bc9db9,linkerd-identity,linkerd-identity.linkerd.serviceaccount.identity.linkerd.cluster.local,,,
1614827800.101,response_latency_ms_count,,,10.1.37.198:4191,linkerd-proxy,linkerd,,linkerd-prometheus-5bccd64d4d-jzwmt,,30378,,,,,linkerd-prometheus,prometheus,linkerd,outbound,,5bccd64d4d,200,true,linkerd,,10.1.37.202:9990,linkerd,linkerd-identity,linkerd,linkerd-identity-57f4bc9db9-gb7rk,57f4bc9db9,linkerd-identity,linkerd-identity.linkerd.serviceaccount.identity.linkerd.cluster.local,,,
1614827640.101,response_latency_ms_count,,,10.1.37.198:4191,linkerd-proxy,linkerd,,linkerd-prometheus-5bccd64d4d-jzwmt,,30362,,,,,linkerd-prometheus,prometheus,linkerd,outbound,,5bccd64d4d,200,true,linkerd,,10.1.37.193:9996,linkerd,linkerd-destination,linkerd,linkerd-destination-654f8848f5-4tr7b,654f8848f5,linkerd-destination,linkerd-destination.linkerd.serviceaccount.identity.linkerd.cluster.local,,,
1614827650.102,response_latency_ms_count,,,10.1.37.198:4191,linkerd-proxy,linkerd,,linkerd-prometheus-5bccd64d4d-jzwmt,,30363,,,,,linkerd-prometheus,prometheus,linkerd,outbound,,5bccd64d4d,200,true,linkerd,,10.1.37.193:9996,linkerd,linkerd-destination,linkerd,linkerd-destination-654f8848f5-4tr7b,654f8848f5,linkerd-destination,linkerd-destination.linkerd.serviceaccount.identity.linkerd.cluster.local,,,
1614827660.102,response_latency_ms_count,,,10.1.37.198:4191,linkerd-proxy,linkerd,,linkerd-prometheus-5bccd64d4d-jzwmt,,30364,,,,,linkerd-prometheus,prometheus,linkerd,outbound,,5bccd64d4d,200,true,linkerd,,10.1.37.193:9996,linkerd,linkerd-destination,linkerd,linkerd-destination-654f8848f5-4tr7b,654f8848f5,linkerd-destination,linkerd-destination.linkerd.serviceaccount.identity.linkerd.cluster.local,,,
1614827670.101,response_latency_ms_count,,,10.1.37.198:4191,linkerd-proxy,linkerd,,linkerd-prometheus-5bccd64d4d-jzwmt,,30365,,,,,linkerd-prometheus,prometheus,linkerd,outbound,,5bccd64d4d,200,true,linkerd,,10.1.37.193:9996,linkerd,linkerd-destination,linkerd,linkerd-destination-654f8848f5-4tr7b,654f8848f5,linkerd-destination,linkerd-destination.linkerd.serviceaccount.identity.linkerd.cluster.local,,,
1614827680.101,response_latency_ms_count,,,10.1.37.198:4191,linkerd-proxy,linkerd,,linkerd-prometheus-5bccd64d4d-jzwmt,,30366,,,,,linkerd-prometheus,prometheus,linkerd,outbound,,5bccd64d4d,200,true,linkerd,,10.1.37.193:9996,linkerd,linkerd-destination,linkerd,linkerd-destination-654f8848f5-4tr7b,654f8848f5,linkerd-destination,linkerd-destination.linkerd.serviceaccount.identity.linkerd.cluster.local,,,
1614827690.101,response_latency_ms_count,,,10.1.37.198:4191,linkerd-proxy,linkerd,,linkerd-prometheus-5bccd64d4d-jzwmt,,30367,,,,,linkerd-prometheus,prometheus,linkerd,outbound,,5bccd64d4d,200,true,linkerd,,10.1.37.193:9996,linkerd,linkerd-destination,linkerd,linkerd-destination-654f8848f5-4tr7b,654f8848f5,linkerd-destination,linkerd-destination.linkerd.serviceaccount.identity.linkerd.cluster.local,,,
1614827700.102,response_latency_ms_count,,,10.1.37.198:4191,linkerd-proxy,linkerd,,linkerd-prometheus-5bccd64d4d-jzwmt,,30368,,,,,linkerd-prometheus,prometheus,linkerd,outbound,,5bccd64d4d,200,true,linkerd,,10.1.37.193:9996,linkerd,linkerd-destination,linkerd,linkerd-destination-654f8848f5-4tr7b,654f8848f5,linkerd-destination,linkerd-destination.linkerd.serviceaccount.identity.linkerd.cluster.local,,,
1614827710.101,response_latency_ms_count,,,10.1.37.198:4191,linkerd-proxy,linkerd,,linkerd-prometheus-5bccd64d4d-jzwmt,,30369,,,,,linkerd-prometheus,prometheus,linkerd,outbound,,5bccd64d4d,200,true,linkerd,,10.1.37.193:9996,linkerd,linkerd-destination,linkerd,linkerd-destination-654f8848f5-4tr7b,654f8848f5,linkerd-destination,linkerd-destination.linkerd.serviceaccount.identity.linkerd.cluster.local,,,
1614827720.101,response_latency_ms_count,,,10.1.37.198:4191,linkerd-proxy,linkerd,,linkerd-prometheus-5bccd64d4d-jzwmt,,30370,,,,,linkerd-prometheus,prometheus,linkerd,outbound,,5bccd64d4d,200,true,linkerd,,10.1.37.193:9996,linkerd,linkerd-destination,linkerd,linkerd-destination-654f8848f5-4tr7b,654f8848f5,linkerd-destination,linkerd-destination.linkerd.serviceaccount.identity.linkerd.cluster.local,,,
1614827730.101,response_latency_ms_count,,,10.1.37.198:4191,linkerd-proxy,linkerd,,linkerd-prometheus-5bccd64d4d-jzwmt,,30371,,,,,linkerd-prometheus,prometheus,linkerd,outbound,,5bccd64d4d,200,true,linkerd,,10.1.37.193:9996,linkerd,linkerd-destination,linkerd,linkerd-destination-654f8848f5-4tr7b,654f8848f5,linkerd-destination,linkerd-destination.linkerd.serviceaccount.identity.linkerd.cluster.local,,,
1614827740.101,response_latency_ms_count,,,10.1.37.198:4191,linkerd-proxy,linkerd,,linkerd-prometheus-5bccd64d4d-jzwmt,,30372,,,,,linkerd-prometheus,prometheus,linkerd,outbound,,5bccd64d4d,200,true,linkerd,,10.1.37.193:9996,linkerd,linkerd-destination,linkerd,linkerd-destination-654f8848f5-4tr7b,654f8848f5,linkerd-destination,linkerd-destination.linkerd.serviceaccount.identity.linkerd.cluster.local,,,
1614827750.101,response_latency_ms_count,,,10.1.37.198:4191,linkerd-proxy,linkerd,,linkerd-prometheus-5bccd64d4d-jzwmt,,30373,,,,,linkerd-prometheus,prometheus,linkerd,outbound,,5bccd64d4d,200,true,linkerd,,10.1.37.193:9996,linkerd,linkerd-destination,linkerd,linkerd-destination-654f8848f5-4tr7b,654f8848f5,linkerd-destination,linkerd-destination.linkerd.serviceaccount.identity.linkerd.cluster.local,,,
1614827760.101,response_latency_ms_count,,,10.1.37.198:4191,linkerd-proxy,linkerd,,linkerd-prometheus-5bccd64d4d-jzwmt,,30374,,,,,linkerd-prometheus,prometheus,linkerd,outbound,,5bccd64d4d,200,true,linkerd,,10.1.37.193:9996,linkerd,linkerd-destination,linkerd,linkerd-destination-654f8848f5-4tr7b,654f8848f5,linkerd-destination,linkerd-destination.linkerd.serviceaccount.identity.linkerd.cluster.local,,,
1614827770.101,response_latency_ms_count,,,10.1.37.198:4191,linkerd-proxy,linkerd,,linkerd-prometheus-5bccd64d4d-jzwmt,,30375,,,,,linkerd-prometheus,prometheus,linkerd,outbound,,5bccd64d4d,200,true,linkerd,,10.1.37.193:9996,linkerd,linkerd-destination,linkerd,linkerd-destination-654f8848f5-4tr7b,654f8848f5,linkerd-destination,linkerd-destination.linkerd.serviceaccount.identity.linkerd.cluster.local,,,
1614827780.101,response_latency_ms_count,,,10.1.37.198:4191,linkerd-proxy,linkerd,,linkerd-prometheus-5bccd64d4d-jzwmt,,30376,,,,,linkerd-prometheus,prometheus,linkerd,outbound,,5bccd64d4d,200,true,linkerd,,10.1.37.193:9996,linkerd,linkerd-destination,linkerd,linkerd-destination-654f8848f5-4tr7b,654f8848f5,linkerd-destination,linkerd-destination.linkerd.serviceaccount.identity.linkerd.cluster.local,,,
1614827790.101,response_latency_ms_count,,,10.1.37.198:4191,linkerd-proxy,linkerd,,linkerd-prometheus-5bccd64d4d-jzwmt,,30377,,,,,linkerd-prometheus,prometheus,linkerd,outbound,,5bccd64d4d,200,true,linkerd,,10.1.37.193:9996,linkerd,linkerd-destination,linkerd,linkerd-destination-654f8848f5-4tr7b,654f8848f5,linkerd-destination,linkerd-destination.linkerd.serviceaccount.identity.linkerd.cluster.local,,,
1614827800.101,response_latency_ms_count,,,10.1.37.198:4191,linkerd-proxy,linkerd,,linkerd-prometheus-5bccd64d4d-jzwmt,,30378,,,,,linkerd-prometheus,prometheus,linkerd,outbound,,5bccd64d4d,200,true,linkerd,,10.1.37.193:9996,linkerd,linkerd-destination,linkerd,linkerd-destination-654f8848f5-4tr7b,654f8848f5,linkerd-destination,linkerd-destination.linkerd.serviceaccount.identity.linkerd.cluster.local,,,
1614827640.101,response_latency_ms_count,,,10.1.37.198:4191,linkerd-proxy,linkerd,,linkerd-prometheus-5bccd64d4d-jzwmt,,30362,,,,,linkerd-prometheus,prometheus,linkerd,outbound,,5bccd64d4d,200,true,linkerd,,10.1.37.196:9995,linkerd,linkerd-controller,linkerd,linkerd-controller-798d449c77-qk6j4,798d449c77,linkerd-controller,linkerd-controller.linkerd.serviceaccount.identity.linkerd.cluster.local,,,
1614827650.102,response_latency_ms_count,,,10.1.37.198:4191,linkerd-proxy,linkerd,,linkerd-prometheus-5bccd64d4d-jzwmt,,30363,,,,,linkerd-prometheus,prometheus,linkerd,outbound,,5bccd64d4d,200,true,linkerd,,10.1.37.196:9995,linkerd,linkerd-controller,linkerd,linkerd-controller-798d449c77-qk6j4,798d449c77,linkerd-controller,linkerd-controller.linkerd.serviceaccount.identity.linkerd.cluster.local,,,
1614827660.102,response_latency_ms_count,,,10.1.37.198:4191,linkerd-proxy,linkerd,,linkerd-prometheus-5bccd64d4d-jzwmt,,30364,,,,,linkerd-prometheus,prometheus,linkerd,outbound,,5bccd64d4d,200,true,linkerd,,10.1.37.196:9995,linkerd,linkerd-controller,linkerd,linkerd-controller-798d449c77-qk6j4,798d449c77,linkerd-controller,linkerd-controller.linkerd.serviceaccount.identity.linkerd.cluster.local,,,
1614827670.101,response_latency_ms_count,,,10.1.37.198:4191,linkerd-proxy,linkerd,,linkerd-prometheus-5bccd64d4d-jzwmt,,30365,,,,,linkerd-prometheus,prometheus,linkerd,outbound,,5bccd64d4d,200,true,linkerd,,10.1.37.196:9995,linkerd,linkerd-controller,linkerd,linkerd-controller-798d449c77-qk6j4,798d449c77,linkerd-controller,linkerd-controller.linkerd.serviceaccount.identity.linkerd.cluster.local,,,
1614827680.101,response_latency_ms_count,,,10.1.37.198:4191,linkerd-proxy,linkerd,,linkerd-prometheus-5bccd64d4d-jzwmt,,30366,,,,,linkerd-prometheus,prometheus,linkerd,outbound,,5bccd64d4d,200,true,linkerd,,10.1.37.196:9995,linkerd,linkerd-controller,linkerd,linkerd-controller-798d449c77-qk6j4,798d449c77,linkerd-controller,linkerd-controller.linkerd.serviceaccount.identity.linkerd.cluster.local,,,
1614827690.101,response_latency_ms_count,,,10.1.37.198:4191,linkerd-proxy,linkerd,,linkerd-prometheus-5bccd64d4d-jzwmt,,30367,,,,,linkerd-prometheus,prometheus,linkerd,outbound,,5bccd64d4d,200,true,linkerd,,10.1.37.196:9995,linkerd,linkerd-controller,linkerd,linkerd-controller-798d449c77-qk6j4,798d449c77,linkerd-controller,linkerd-controller.linkerd.serviceaccount.identity.linkerd.cluster.local,,,
1614827700.102,response_latency_ms_count,,,10.1.37.198:4191,linkerd-proxy,linkerd,,linkerd-prometheus-5bccd64d4d-jzwmt,,30368,,,,,linkerd-prometheus,prometheus,linkerd,outbound,,5bccd64d4d,200,true,linkerd,,10.1.37.196:9995,linkerd,linkerd-controller,linkerd,linkerd-controller-798d449c77-qk6j4,798d449c77,linkerd-controller,linkerd-controller.linkerd.serviceaccount.identity.linkerd.cluster.local,,,
1614827710.101,response_latency_ms_count,,,10.1.37.198:4191,linkerd-proxy,linkerd,,linkerd-prometheus-5bccd64d4d-jzwmt,,30369,,,,,linkerd-prometheus,prometheus,linkerd,outbound,,5bccd64d4d,200,true,linkerd,,10.1.37.196:9995,linkerd,linkerd-controller,linkerd,linkerd-controller-798d449c77-qk6j4,798d449c77,linkerd-controller,linkerd-controller.linkerd.serviceaccount.identity.linkerd.cluster.local,,,
1614827720.101,response_latency_ms_count,,,10.1.37.198:4191,linkerd-proxy,linkerd,,linkerd-prometheus-5bccd64d4d-jzwmt,,30370,,,,,linkerd-prometheus,prometheus,linkerd,outbound,,5bccd64d4d,200,true,linkerd,,10.1.37.196:9995,linkerd,linkerd-controller,linkerd,linkerd-controller-798d449c77-qk6j4,798d449c77,linkerd-controller,linkerd-controller.linkerd.serviceaccount.identity.linkerd.cluster.local,,,
1614827730.101,response_latency_ms_count,,,10.1.37.198:4191,linkerd-proxy,linkerd,,linkerd-prometheus-5bccd64d4d-jzwmt,,30371,,,,,linkerd-prometheus,prometheus,linkerd,outbound,,5bccd64d4d,200,true,linkerd,,10.1.37.196:9995,linkerd,linkerd-controller,linkerd,linkerd-controller-798d449c77-qk6j4,798d449c77,linkerd-controller,linkerd-controller.linkerd.serviceaccount.identity.linkerd.cluster.local,,,
1614827740.101,response_latency_ms_count,,,10.1.37.198:4191,linkerd-proxy,linkerd,,linkerd-prometheus-5bccd64d4d-jzwmt,,30372,,,,,linkerd-prometheus,prometheus,linkerd,outbound,,5bccd64d4d,200,true,linkerd,,10.1.37.196:9995,linkerd,linkerd-controller,linkerd,linkerd-controller-798d449c77-qk6j4,798d449c77,linkerd-controller,linkerd-controller.linkerd.serviceaccount.identity.linkerd.cluster.local,,,
1614827750.101,response_latency_ms_count,,,10.1.37.198:4191,linkerd-proxy,linkerd,,linkerd-prometheus-5bccd64d4d-jzwmt,,30373,,,,,linkerd-prometheus,prometheus,linkerd,outbound,,5bccd64d4d,200,true,linkerd,,10.1.37.196:9995,linkerd,linkerd-controller,linkerd,linkerd-controller-798d449c77-qk6j4,798d449c77,linkerd-controller,linkerd-controller.linkerd.serviceaccount.identity.linkerd.cluster.local,,,
1614827760.101,response_latency_ms_count,,,10.1.37.198:4191,linkerd-proxy,linkerd,,linkerd-prometheus-5bccd64d4d-jzwmt,,30374,,,,,linkerd-prometheus,prometheus,linkerd,outbound,,5bccd64d4d,200,true,linkerd,,10.1.37.196:9995,linkerd,linkerd-controller,linkerd,linkerd-controller-798d449c77-qk6j4,798d449c77,linkerd-controller,linkerd-controller.linkerd.serviceaccount.identity.linkerd.cluster.local,,,
1614827770.101,response_latency_ms_count,,,10.1.37.198:4191,linkerd-proxy,linkerd,,linkerd-prometheus-5bccd64d4d-jzwmt,,30375,,,,,linkerd-prometheus,prometheus,linkerd,outbound,,5bccd64d4d,200,true,linkerd,,10.1.37.196:9995,linkerd,linkerd-controller,linkerd,linkerd-controller-798d449c77-qk6j4,798d449c77,linkerd-controller,linkerd-controller.linkerd.serviceaccount.identity.linkerd.cluster.local,,,
1614827780.101,response_latency_ms_count,,,10.1.37.198:4191,linkerd-proxy,linkerd,,linkerd-prometheus-5bccd64d4d-jzwmt,,30376,,,,,linkerd-prometheus,prometheus,linkerd,outbound,,5bccd64d4d,200,true,linkerd,,10.1.37.196:9995,linkerd,linkerd-controller,linkerd,linkerd-controller-798d449c77-qk6j4,798d449c77,linkerd-controller,linkerd-controller.linkerd.serviceaccount.identity.linkerd.cluster.local,,,
1614827790.101,response_latency_ms_count,,,10.1.37.198:4191,linkerd-proxy,linkerd,,linkerd-prometheus-5bccd64d4d-jzwmt,,30377,,,,,linkerd-prometheus,prometheus,linkerd,outbound,,5bccd64d4d,200,true,linkerd,,10.1.37.196:9995,linkerd,linkerd-controller,linkerd,linkerd-controller-798d449c77-qk6j4,798d449c77,linkerd-controller,linkerd-controller.linkerd.serviceaccount.identity.linkerd.cluster.local,,,
1614827800.101,response_latency_ms_count,,,10.1.37.198:4191,linkerd-proxy,linkerd,,linkerd-prometheus-5bccd64d4d-jzwmt,,30378,,,,,linkerd-prometheus,prometheus,linkerd,outbound,,5bccd64d4d,200,true,linkerd,,10.1.37.196:9995,linkerd,linkerd-controller,linkerd,linkerd-controller-798d449c77-qk6j4,798d449c77,linkerd-controller,linkerd-controller.linkerd.serviceaccount.identity.linkerd.cluster.local,,,
1614827631.031,response_latency_ms_count,,,10.1.37.193:4191,linkerd-proxy,linkerd,,linkerd-destination-654f8848f5-4tr7b,,30361,,,,,linkerd-destination,destination,linkerd,inbound,,654f8848f5,200,true,linkerd,linkerd-prometheus.linkerd.serviceaccount.identity.linkerd.cluster.local,,,,,,,,,,,
1614827641.03,response_latency_ms_count,,,10.1.37.193:4191,linkerd-proxy,linkerd,,linkerd-destination-654f8848f5-4tr7b,,30362,,,,,linkerd-destination,destination,linkerd,inbound,,654f8848f5,200,true,linkerd,linkerd-prometheus.linkerd.serviceaccount.identity.linkerd.cluster.local,,,,,,,,,,,
1614827651.03,response_latency_ms_count,,,10.1.37.193:4191,linkerd-proxy,linkerd,,linkerd-destination-654f8848f5-4tr7b,,30363,,,,,linkerd-destination,destination,linkerd,inbound,,654f8848f5,200,true,linkerd,linkerd-prometheus.linkerd.serviceaccount.identity.linkerd.cluster.local,,,,,,,,,,,
1614827661.03,response_latency_ms_count,,,10.1.37.193:4191,linkerd-proxy,linkerd,,linkerd-destination-654f8848f5-4tr7b,,30364,,,,,linkerd-destination,destination,linkerd,inbound,,654f8848f5,200,true,linkerd,linkerd-prometheus.linkerd.serviceaccount.identity.linkerd.cluster.local,,,,,,,,,,,
1614827671.031,response_latency_ms_count,,,10.1.37.193:4191,linkerd-proxy,linkerd,,linkerd-destination-654f8848f5-4tr7b,,30365,,,,,linkerd-destination,destination,linkerd,inbound,,654f8848f5,200,true,linkerd,linkerd-prometheus.linkerd.serviceaccount.identity.linkerd.cluster.local,,,,,,,,,,,
1614827681.03,response_latency_ms_count,,,10.1.37.193:4191,linkerd-proxy,linkerd,,linkerd-destination-654f8848f5-4tr7b,,30366,,,,,linkerd-destination,destination,linkerd,inbound,,654f8848f5,200,true,linkerd,linkerd-prometheus.linkerd.serviceaccount.identity.linkerd.cluster.local,,,,,,,,,,,
1614827691.03,response_latency_ms_count,,,10.1.37.193:4191,linkerd-proxy,linkerd,,linkerd-destination-654f8848f5-4tr7b,,30367,,,,,linkerd-destination,destination,linkerd,inbound,,654f8848f5,200,true,linkerd,linkerd-prometheus.linkerd.serviceaccount.identity.linkerd.cluster.local,,,,,,,,,,,
1614827701.031,response_latency_ms_count,,,10.1.37.193:4191,linkerd-proxy,linkerd,,linkerd-destination-654f8848f5-4tr7b,,30368,,,,,linkerd-destination,destination,linkerd,inbound,,654f8848f5,200,true,linkerd,linkerd-prometheus.linkerd.serviceaccount.identity.linkerd.cluster.local,,,,,,,,,,,
1614827711.03,response_latency_ms_count,,,10.1.37.193:4191,linkerd-proxy,linkerd,,linkerd-destination-654f8848f5-4tr7b,,30369,,,,,linkerd-destination,destination,linkerd,inbound,,654f8848f5,200,true,linkerd,linkerd-prometheus.linkerd.serviceaccount.identity.linkerd.cluster.local,,,,,,,,,,,
1614827721.03,response_latency_ms_count,,,10.1.37.193:4191,linkerd-proxy,linkerd,,linkerd-destination-654f8848f5-4tr7b,,30370,,,,,linkerd-destination,destination,linkerd,inbound,,654f8848f5,200,true,linkerd,linkerd-prometheus.linkerd.serviceaccount.identity.linkerd.cluster.local,,,,,,,,,,,
1614827731.031,response_latency_ms_count,,,10.1.37.193:4191,linkerd-proxy,linkerd,,linkerd-destination-654f8848f5-4tr7b,,30371,,,,,linkerd-destination,destination,linkerd,inbound,,654f8848f5,200,true,linkerd,linkerd-prometheus.linkerd.serviceaccount.identity.linkerd.cluster.local,,,,,,,,,,,
1614827741.031,response_latency_ms_count,,,10.1.37.193:4191,linkerd-proxy,linkerd,,linkerd-destination-654f8848f5-4tr7b,,30372,,,,,linkerd-destination,destination,linkerd,inbound,,654f8848f5,200,true,linkerd,linkerd-prometheus.linkerd.serviceaccount.identity.linkerd.cluster.local,,,,,,,,,,,
1614827751.031,response_latency_ms_count,,,10.1.37.193:4191,linkerd-proxy,linkerd,,linkerd-destination-654f8848f5-4tr7b,,30373,,,,,linkerd-destination,destination,linkerd,inbound,,654f8848f5,200,true,linkerd,linkerd-prometheus.linkerd.serviceaccount.identity.linkerd.cluster.local,,,,,,,,,,,
1614827761.031,response_latency_ms_count,,,10.1.37.193:4191,linkerd-proxy,linkerd,,linkerd-destination-654f8848f5-4tr7b,,30374,,,,,linkerd-destination,destination,linkerd,inbound,,654f8848f5,200,true,linkerd,linkerd-prometheus.linkerd.serviceaccount.identity.linkerd.cluster.local,,,,,,,,,,,
1614827771.031,response_latency_ms_count,,,10.1.37.193:4191,linkerd-proxy,linkerd,,linkerd-destination-654f8848f5-4tr7b,,30375,,,,,linkerd-destination,destination,linkerd,inbound,,654f8848f5,200,true,linkerd,linkerd-prometheus.linkerd.serviceaccount.identity.linkerd.cluster.local,,,,,,,,,,,
1614827781.031,response_latency_ms_count,,,10.1.37.193:4191,linkerd-proxy,linkerd,,linkerd-destination-654f8848f5-4tr7b,,30376,,,,,linkerd-destination,destination,linkerd,inbound,,654f8848f5,200,true,linkerd,linkerd-prometheus.linkerd.serviceaccount.identity.linkerd.cluster.local,,,,,,,,,,,
1614827791.03,response_latency_ms_count,,,10.1.37.193:4191,linkerd-proxy,linkerd,,linkerd-destination-654f8848f5-4tr7b,,30377,,,,,linkerd-destination,destination,linkerd,inbound,,654f8848f5,200,true,linkerd,linkerd-prometheus.linkerd.serviceaccount.identity.linkerd.cluster.local,,,,,,,,,,,
1614827801.031,response_latency_ms_count,,,10.1.37.193:4191,linkerd-proxy,linkerd,,linkerd-destination-654f8848f5-4tr7b,,30378,,,,,linkerd-destination,destination,linkerd,inbound,,654f8848f5,200,true,linkerd,linkerd-prometheus.linkerd.serviceaccount.identity.linkerd.cluster.local,,,,,,,,,,,
1614827631.031,response_latency_ms_count,,,10.1.37.193:4191,linkerd-proxy,linkerd,,linkerd-destination-654f8848f5-4tr7b,,1,,,,,linkerd-destination,destination,linkerd,inbound,,654f8848f5,200,true,linkerd,linkerd-controller.linkerd.serviceaccount.identity.linkerd.cluster.local,linkerd-dst-headless.linkerd.svc.cluster.local:8086,,,,,,,,,,
1614827641.03,response_latency_ms_count,,,10.1.37.193:4191,linkerd-proxy,linkerd,,linkerd-destination-654f8848f5-4tr7b,,1,,,,,linkerd-destination,destination,linkerd,inbound,,654f8848f5,200,true,linkerd,linkerd-controller.linkerd.serviceaccount.identity.linkerd.cluster.local,linkerd-dst-headless.linkerd.svc.cluster.local:8086,,,,,,,,,,
1614827651.03,response_latency_ms_count,,,10.1.37.193:4191,linkerd-proxy,linkerd,,linkerd-destination-654f8848f5-4tr7b,,1,,,,,linkerd-destination,destination,linkerd,inbound,,654f8848f5,200,true,linkerd,linkerd-controller.linkerd.serviceaccount.identity.linkerd.cluster.local,linkerd-dst-headless.linkerd.svc.cluster.local:8086,,,,,,,,,,
1614827661.03,response_latency_ms_count,,,10.1.37.193:4191,linkerd-proxy,linkerd,,linkerd-destination-654f8848f5-4tr7b,,1,,,,,linkerd-destination,destination,linkerd,inbound,,654f8848f5,200,true,linkerd,linkerd-controller.linkerd.serviceaccount.identity.linkerd.cluster.local,linkerd-dst-headless.linkerd.svc.cluster.local:8086,,,,,,,,,,
1614827671.031,response_latency_ms_count,,,10.1.37.193:4191,linkerd-proxy,linkerd,,linkerd-destination-654f8848f5-4tr7b,,1,,,,,linkerd-destination,destination,linkerd,inbound,,654f8848f5,200,true,linkerd,linkerd-controller.linkerd.serviceaccount.identity.linkerd.cluster.local,linkerd-dst-headless.linkerd.svc.cluster.local:8086,,,,,,,,,,
1614827681.03,response_latency_ms_count,,,10.1.37.193:4191,linkerd-proxy,linkerd,,linkerd-destination-654f8848f5-4tr7b,,1,,,,,linkerd-destination,destination,linkerd,inbound,,654f8848f5,200,true,linkerd,linkerd-controller.linkerd.serviceaccount.identity.linkerd.cluster.local,linkerd-dst-headless.linkerd.svc.cluster.local:8086,,,,,,,,,,
1614827691.03,response_latency_ms_count,,,10.1.37.193:4191,linkerd-proxy,linkerd,,linkerd-destination-654f8848f5-4tr7b,,1,,,,,linkerd-destination,destination,linkerd,inbound,,654f8848f5,200,true,linkerd,linkerd-controller.linkerd.serviceaccount.identity.linkerd.cluster.local,linkerd-dst-headless.linkerd.svc.cluster.local:8086,,,,,,,,,,
1614827701.031,response_latency_ms_count,,,10.1.37.193:4191,linkerd-proxy,linkerd,,linkerd-destination-654f8848f5-4tr7b,,1,,,,,linkerd-destination,destination,linkerd,inbound,,654f8848f5,200,true,linkerd,linkerd-controller.linkerd.serviceaccount.identity.linkerd.cluster.local,linkerd-dst-headless.linkerd.svc.cluster.local:8086,,,,,,,,,,
1614827711.03,response_latency_ms_count,,,10.1.37.193:4191,linkerd-proxy,linkerd,,linkerd-destination-654f8848f5-4tr7b,,1,,,,,linkerd-destination,destination,linkerd,inbound,,654f8848f5,200,true,linkerd,linkerd-controller.linkerd.serviceaccount.identity.linkerd.cluster.local,linkerd-dst-headless.linkerd.svc.cluster.local:8086,,,,,,,,,,
1614827721.03,response_latency_ms_count,,,10.1.37.193:4191,linkerd-proxy,linkerd,,linkerd-destination-654f8848f5-4tr7b,,1,,,,,linkerd-destination,destination,linkerd,inbound,,654f8848f5,200,true,linkerd,linkerd-controller.linkerd.serviceaccount.identity.linkerd.cluster.local,linkerd-dst-headless.linkerd.svc.cluster.local:8086,,,,,,,,,,
1614827731.031,response_latency_ms_count,,,10.1.37.193:4191,linkerd-proxy,linkerd,,linkerd-destination-654f8848f5-4tr7b,,1,,,,,linkerd-destination,destination,linkerd,inbound,,654f8848f5,200,true,linkerd,linkerd-controller.linkerd.serviceaccount.identity.linkerd.cluster.local,linkerd-dst-headless.linkerd.svc.cluster.local:8086,,,,,,,,,,
1614827741.031,response_latency_ms_count,,,10.1.37.193:4191,linkerd-proxy,linkerd,,linkerd-destination-654f8848f5-4tr7b,,1,,,,,linkerd-destination,destination,linkerd,inbound,,654f8848f5,200,true,linkerd,linkerd-controller.linkerd.serviceaccount.identity.linkerd.cluster.local,linkerd-dst-headless.linkerd.svc.cluster.local:8086,,,,,,,,,,
1614827751.031,response_latency_ms_count,,,10.1.37.193:4191,linkerd-proxy,linkerd,,linkerd-destination-654f8848f5-4tr7b,,1,,,,,linkerd-destination,destination,linkerd,inbound,,654f8848f5,200,true,linkerd,linkerd-controller.linkerd.serviceaccount.identity.linkerd.cluster.local,linkerd-dst-headless.linkerd.svc.cluster.local:8086,,,,,,,,,,
1614827761.031,response_latency_ms_count,,,10.1.37.193:4191,linkerd-proxy,linkerd,,linkerd-destination-654f8848f5-4tr7b,,1,,,,,linkerd-destination,destination,linkerd,inbound,,654f8848f5,200,true,linkerd,linkerd-controller.linkerd.serviceaccount.identity.linkerd.cluster.local,linkerd-dst-headless.linkerd.svc.cluster.local:8086,,,,,,,,,,
1614827771.031,response_latency_ms_count,,,10.1.37.193:4191,linkerd-proxy,linkerd,,linkerd-destination-654f8848f5-4tr7b,,1,,,,,linkerd-destination,destination,linkerd,inbound,,654f8848f5,200,true,linkerd,linkerd-controller.linkerd.serviceaccount.identity.linkerd.cluster.local,linkerd-dst-headless.linkerd.svc.cluster.local:8086,,,,,,,,,,
1614827781.031,response_latency_ms_count,,,10.1.37.193:4191,linkerd-proxy,linkerd,,linkerd-destination-654f8848f5-4tr7b,,1,,,,,linkerd-destination,destination,linkerd,inbound,,654f8848f5,200,true,linkerd,linkerd-controller.linkerd.serviceaccount.identity.linkerd.cluster.local,linkerd-dst-headless.linkerd.svc.cluster.local:8086,,,,,,,,,,
1614827791.03,response_latency_ms_count,,,10.1.37.193:4191,linkerd-proxy,linkerd,,linkerd-destination-654f8848f5-4tr7b,,1,,,,,linkerd-destination,destination,linkerd,inbound,,654f8848f5,200,true,linkerd,linkerd-controller.linkerd.serviceaccount.identity.linkerd.cluster.local,linkerd-dst-headless.linkerd.svc.cluster.local:8086,,,,,,,,,,
1614827801.031,response_latency_ms_count,,,10.1.37.193:4191,linkerd-proxy,linkerd,,linkerd-destination-654f8848f5-4tr7b,,1,,,,,linkerd-destination,destination,linkerd,inbound,,654f8848f5,200,true,linkerd,linkerd-controller.linkerd.serviceaccount.identity.linkerd.cluster.local,linkerd-dst-headless.linkerd.svc.cluster.local:8086,,,,,,,,,,
1614827631.031,response_latency_ms_count,,,10.1.37.193:4191,linkerd-proxy,linkerd,,linkerd-destination-654f8848f5-4tr7b,,52300,,,,,linkerd-destination,destination,linkerd,inbound,,654f8848f5,200,true,linkerd,default.teastore.serviceaccount.identity.linkerd.cluster.local,linkerd-dst-headless.linkerd.svc.cluster.local:8086,,,,,,,,,,
1614827641.03,response_latency_ms_count,,,10.1.37.193:4191,linkerd-proxy,linkerd,,linkerd-destination-654f8848f5-4tr7b,,52310,,,,,linkerd-destination,destination,linkerd,inbound,,654f8848f5,200,true,linkerd,default.teastore.serviceaccount.identity.linkerd.cluster.local,linkerd-dst-headless.linkerd.svc.cluster.local:8086,,,,,,,,,,
1614827651.03,response_latency_ms_count,,,10.1.37.193:4191,linkerd-proxy,linkerd,,linkerd-destination-654f8848f5-4tr7b,,52316,,,,,linkerd-destination,destination,linkerd,inbound,,654f8848f5,200,true,linkerd,default.teastore.serviceaccount.identity.linkerd.cluster.local,linkerd-dst-headless.linkerd.svc.cluster.local:8086,,,,,,,,,,
1614827661.03,response_latency_ms_count,,,10.1.37.193:4191,linkerd-proxy,linkerd,,linkerd-destination-654f8848f5-4tr7b,,52322,,,,,linkerd-destination,destination,linkerd,inbound,,654f8848f5,200,true,linkerd,default.teastore.serviceaccount.identity.linkerd.cluster.local,linkerd-dst-headless.linkerd.svc.cluster.local:8086,,,,,,,,,,
1614827671.031,response_latency_ms_count,,,10.1.37.193:4191,linkerd-proxy,linkerd,,linkerd-destination-654f8848f5-4tr7b,,52334,,,,,linkerd-destination,destination,linkerd,inbound,,654f8848f5,200,true,linkerd,default.teastore.serviceaccount.identity.linkerd.cluster.local,linkerd-dst-headless.linkerd.svc.cluster.local:8086,,,,,,,,,,
1614827681.03,response_latency_ms_count,,,10.1.37.193:4191,linkerd-proxy,linkerd,,linkerd-destination-654f8848f5-4tr7b,,52342,,,,,linkerd-destination,destination,linkerd,inbound,,654f8848f5,200,true,linkerd,default.teastore.serviceaccount.identity.linkerd.cluster.local,linkerd-dst-headless.linkerd.svc.cluster.local:8086,,,,,,,,,,
1614827691.03,response_latency_ms_count,,,10.1.37.193:4191,linkerd-proxy,linkerd,,linkerd-destination-654f8848f5-4tr7b,,52355,,,,,linkerd-destination,destination,linkerd,inbound,,654f8848f5,200,true,linkerd,default.teastore.serviceaccount.identity.linkerd.cluster.local,linkerd-dst-headless.linkerd.svc.cluster.local:8086,,,,,,,,,,
1614827701.031,response_latency_ms_count,,,10.1.37.193:4191,linkerd-proxy,linkerd,,linkerd-destination-654f8848f5-4tr7b,,52364,,,,,linkerd-destination,destination,linkerd,inbound,,654f8848f5,200,true,linkerd,default.teastore.serviceaccount.identity.linkerd.cluster.local,linkerd-dst-headless.linkerd.svc.cluster.local:8086,,,,,,,,,,
1614827711.03,response_latency_ms_count,,,10.1.37.193:4191,linkerd-proxy,linkerd,,linkerd-destination-654f8848f5-4tr7b,,52373,,,,,linkerd-destination,destination,linkerd,inbound,,654f8848f5,200,true,linkerd,default.teastore.serviceaccount.identity.linkerd.cluster.local,linkerd-dst-headless.linkerd.svc.cluster.local:8086,,,,,,,,,,
1614827721.03,response_latency_ms_count,,,10.1.37.193:4191,linkerd-proxy,linkerd,,linkerd-destination-654f8848f5-4tr7b,,52377,,,,,linkerd-destination,destination,linkerd,inbound,,654f8848f5,200,true,linkerd,default.teastore.serviceaccount.identity.linkerd.cluster.local,linkerd-dst-headless.linkerd.svc.cluster.local:8086,,,,,,,,,,
1614827731.031,response_latency_ms_count,,,10.1.37.193:4191,linkerd-proxy,linkerd,,linkerd-destination-654f8848f5-4tr7b,,52385,,,,,linkerd-destination,destination,linkerd,inbound,,654f8848f5,200,true,linkerd,default.teastore.serviceaccount.identity.linkerd.cluster.local,linkerd-dst-headless.linkerd.svc.cluster.local:8086,,,,,,,,,,
1614827741.031,response_latency_ms_count,,,10.1.37.193:4191,linkerd-proxy,linkerd,,linkerd-destination-654f8848f5-4tr7b,,52399,,,,,linkerd-destination,destination,linkerd,inbound,,654f8848f5,200,true,linkerd,default.teastore.serviceaccount.identity.linkerd.cluster.local,linkerd-dst-headless.linkerd.svc.cluster.local:8086,,,,,,,,,,
1614827751.031,response_latency_ms_count,,,10.1.37.193:4191,linkerd-proxy,linkerd,,linkerd-destination-654f8848f5-4tr7b,,52405,,,,,linkerd-destination,destination,linkerd,inbound,,654f8848f5,200,true,linkerd,default.teastore.serviceaccount.identity.linkerd.cluster.local,linkerd-dst-headless.linkerd.svc.cluster.local:8086,,,,,,,,,,
1614827761.031,response_latency_ms_count,,,10.1.37.193:4191,linkerd-proxy,linkerd,,linkerd-destination-654f8848f5-4tr7b,,52413,,,,,linkerd-destination,destination,linkerd,inbound,,654f8848f5,200,true,linkerd,default.teastore.serviceaccount.identity.linkerd.cluster.local,linkerd-dst-headless.linkerd.svc.cluster.local:8086,,,,,,,,,,
1614827771.031,response_latency_ms_count,,,10.1.37.193:4191,linkerd-proxy,linkerd,,linkerd-destination-654f8848f5-4tr7b,,52423,,,,,linkerd-destination,destination,linkerd,inbound,,654f8848f5,200,true,linkerd,default.teastore.serviceaccount.identity.linkerd.cluster.local,linkerd-dst-headless.linkerd.svc.cluster.local:8086,,,,,,,,,,
1614827781.031,response_latency_ms_count,,,10.1.37.193:4191,linkerd-proxy,linkerd,,linkerd-destination-654f8848f5-4tr7b,,52427,,,,,linkerd-destination,destination,linkerd,inbound,,654f8848f5,200,true,linkerd,default.teastore.serviceaccount.identity.linkerd.cluster.local,linkerd-dst-headless.linkerd.svc.cluster.local:8086,,,,,,,,,,
1614827791.03,response_latency_ms_count,,,10.1.37.193:4191,linkerd-proxy,linkerd,,linkerd-destination-654f8848f5-4tr7b,,52429,,,,,linkerd-destination,destination,linkerd,inbound,,654f8848f5,200,true,linkerd,default.teastore.serviceaccount.identity.linkerd.cluster.local,linkerd-dst-headless.linkerd.svc.cluster.local:8086,,,,,,,,,,
1614827801.031,response_latency_ms_count,,,10.1.37.193:4191,linkerd-proxy,linkerd,,linkerd-destination-654f8848f5-4tr7b,,52435,,,,,linkerd-destination,destination,linkerd,inbound,,654f8848f5,200,true,linkerd,default.teastore.serviceaccount.identity.linkerd.cluster.local,linkerd-dst-headless.linkerd.svc.cluster.local:8086,,,,,,,,,,
1614827631.031,response_latency_ms_count,,,10.1.37.193:4191,linkerd-proxy,linkerd,,linkerd-destination-654f8848f5-4tr7b,,216,,,,,linkerd-destination,destination,linkerd,inbound,,654f8848f5,200,true,linkerd,linkerd-identity.linkerd.serviceaccount.identity.linkerd.cluster.local,linkerd-dst-headless.linkerd.svc.cluster.local:8086,,,,,,,,,,
1614827641.03,response_latency_ms_count,,,10.1.37.193:4191,linkerd-proxy,linkerd,,linkerd-destination-654f8848f5-4tr7b,,216,,,,,linkerd-destination,destination,linkerd,inbound,,654f8848f5,200,true,linkerd,linkerd-identity.linkerd.serviceaccount.identity.linkerd.cluster.local,linkerd-dst-headless.linkerd.svc.cluster.local:8086,,,,,,,,,,
1614827651.03,response_latency_ms_count,,,10.1.37.193:4191,linkerd-proxy,linkerd,,linkerd-destination-654f8848f5-4tr7b,,216,,,,,linkerd-destination,destination,linkerd,inbound,,654f8848f5,200,true,linkerd,linkerd-identity.linkerd.serviceaccount.identity.linkerd.cluster.local,linkerd-dst-headless.linkerd.svc.cluster.local:8086,,,,,,,,,,
1614827661.03,response_latency_ms_count,,,10.1.37.193:4191,linkerd-proxy,linkerd,,linkerd-destination-654f8848f5-4tr7b,,216,,,,,linkerd-destination,destination,linkerd,inbound,,654f8848f5,200,true,linkerd,linkerd-identity.linkerd.serviceaccount.identity.linkerd.cluster.local,linkerd-dst-headless.linkerd.svc.cluster.local:8086,,,,,,,,,,
1614827671.031,response_latency_ms_count,,,10.1.37.193:4191,linkerd-proxy,linkerd,,linkerd-destination-654f8848f5-4tr7b,,216,,,,,linkerd-destination,destination,linkerd,inbound,,654f8848f5,200,true,linkerd,linkerd-identity.linkerd.serviceaccount.identity.linkerd.cluster.local,linkerd-dst-headless.linkerd.svc.cluster.local:8086,,,,,,,,,,
1614827681.03,response_latency_ms_count,,,10.1.37.193:4191,linkerd-proxy,linkerd,,linkerd-destination-654f8848f5-4tr7b,,216,,,,,linkerd-destination,destination,linkerd,inbound,,654f8848f5,200,true,linkerd,linkerd-identity.linkerd.serviceaccount.identity.linkerd.cluster.local,linkerd-dst-headless.linkerd.svc.cluster.local:8086,,,,,,,,,,
1614827691.03,response_latency_ms_count,,,10.1.37.193:4191,linkerd-proxy,linkerd,,linkerd-destination-654f8848f5-4tr7b,,216,,,,,linkerd-destination,destination,linkerd,inbound,,654f8848f5,200,true,linkerd,linkerd-identity.linkerd.serviceaccount.identity.linkerd.cluster.local,linkerd-dst-headless.linkerd.svc.cluster.local:8086,,,,,,,,,,
1614827701.031,response_latency_ms_count,,,10.1.37.193:4191,linkerd-proxy,linkerd,,linkerd-destination-654f8848f5-4tr7b,,216,,,,,linkerd-destination,destination,linkerd,inbound,,654f8848f5,200,true,linkerd,linkerd-identity.linkerd.serviceaccount.identity.linkerd.cluster.local,linkerd-dst-headless.linkerd.svc.cluster.local:8086,,,,,,,,,,
1614827711.03,response_latency_ms_count,,,10.1.37.193:4191,linkerd-proxy,linkerd,,linkerd-destination-654f8848f5-4tr7b,,216,,,,,linkerd-destination,destination,linkerd,inbound,,654f8848f5,200,true,linkerd,linkerd-identity.linkerd.serviceaccount.identity.linkerd.cluster.local,linkerd-dst-headless.linkerd.svc.cluster.local:8086,,,,,,,,,,
1614827721.03,response_latency_ms_count,,,10.1.37.193:4191,linkerd-proxy,linkerd,,linkerd-destination-654f8848f5-4tr7b,,216,,,,,linkerd-destination,destination,linkerd,inbound,,654f8848f5,200,true,linkerd,linkerd-identity.linkerd.serviceaccount.identity.linkerd.cluster.local,linkerd-dst-headless.linkerd.svc.cluster.local:8086,,,,,,,,,,
1614827731.031,response_latency_ms_count,,,10.1.37.193:4191,linkerd-proxy,linkerd,,linkerd-destination-654f8848f5-4tr7b,,216,,,,,linkerd-destination,destination,linkerd,inbound,,654f8848f5,200,true,linkerd,linkerd-identity.linkerd.serviceaccount.identity.linkerd.cluster.local,linkerd-dst-headless.linkerd.svc.cluster.local:8086,,,,,,,,,,
1614827741.031,response_latency_ms_count,,,10.1.37.193:4191,linkerd-proxy,linkerd,,linkerd-destination-654f8848f5-4tr7b,,216,,,,,linkerd-destination,destination,linkerd,inbound,,654f8848f5,200,true,linkerd,linkerd-identity.linkerd.serviceaccount.identity.linkerd.cluster.local,linkerd-dst-headless.linkerd.svc.cluster.local:8086,,,,,,,,,,
1614827751.031,response_latency_ms_count,,,10.1.37.193:4191,linkerd-proxy,linkerd,,linkerd-destination-654f8848f5-4tr7b,,216,,,,,linkerd-destination,destination,linkerd,inbound,,654f8848f5,200,true,linkerd,linkerd-identity.linkerd.serviceaccount.identity.linkerd.cluster.local,linkerd-dst-headless.linkerd.svc.cluster.local:8086,,,,,,,,,,
1614827761.031,response_latency_ms_count,,,10.1.37.193:4191,linkerd-proxy,linkerd,,linkerd-destination-654f8848f5-4tr7b,,216,,,,,linkerd-destination,destination,linkerd,inbound,,654f8848f5,200,true,linkerd,linkerd-identity.linkerd.serviceaccount.identity.linkerd.cluster.local,linkerd-dst-headless.linkerd.svc.cluster.local:8086,,,,,,,,,,
1614827771.031,response_latency_ms_count,,,10.1.37.193:4191,linkerd-proxy,linkerd,,linkerd-destination-654f8848f5-4tr7b,,216,,,,,linkerd-destination,destination,linkerd,inbound,,654f8848f5,200,true,linkerd,linkerd-identity.linkerd.serviceaccount.identity.linkerd.cluster.local,linkerd-dst-headless.linkerd.svc.cluster.local:8086,,,,,,,,,,
1614827781.031,response_latency_ms_count,,,10.1.37.193:4191,linkerd-proxy,linkerd,,linkerd-destination-654f8848f5-4tr7b,,216,,,,,linkerd-destination,destination,linkerd,inbound,,654f8848f5,200,true,linkerd,linkerd-identity.linkerd.serviceaccount.identity.linkerd.cluster.local,linkerd-dst-headless.linkerd.svc.cluster.local:8086,,,,,,,,,,
1614827791.03,response_latency_ms_count,,,10.1.37.193:4191,linkerd-proxy,linkerd,,linkerd-destination-654f8848f5-4tr7b,,216,,,,,linkerd-destination,destination,linkerd,inbound,,654f8848f5,200,true,linkerd,linkerd-identity.linkerd.serviceaccount.identity.linkerd.cluster.local,linkerd-dst-headless.linkerd.svc.cluster.local:8086,,,,,,,,,,
1614827801.031,response_latency_ms_count,,,10.1.37.193:4191,linkerd-proxy,linkerd,,linkerd-destination-654f8848f5-4tr7b,,216,,,,,linkerd-destination,destination,linkerd,inbound,,654f8848f5,200,true,linkerd,linkerd-identity.linkerd.serviceaccount.identity.linkerd.cluster.local,linkerd-dst-headless.linkerd.svc.cluster.local:8086,,,,,,,,,,
1614827637.327,response_latency_ms_count,,,10.1.37.202:4191,linkerd-proxy,linkerd,,linkerd-identity-57f4bc9db9-gb7rk,,242,,,,,linkerd-identity,identity,linkerd,inbound,no_peer_id_from_remote,57f4bc9db9,200,no_identity,linkerd,,linkerd-identity-headless.linkerd.svc.cluster.local:8080,,,,,,,,,,
1614827647.327,response_latency_ms_count,,,10.1.37.202:4191,linkerd-proxy,linkerd,,linkerd-identity-57f4bc9db9-gb7rk,,242,,,,,linkerd-identity,identity,linkerd,inbound,no_peer_id_from_remote,57f4bc9db9,200,no_identity,linkerd,,linkerd-identity-headless.linkerd.svc.cluster.local:8080,,,,,,,,,,
1614827657.328,response_latency_ms_count,,,10.1.37.202:4191,linkerd-proxy,linkerd,,linkerd-identity-57f4bc9db9-gb7rk,,242,,,,,linkerd-identity,identity,linkerd,inbound,no_peer_id_from_remote,57f4bc9db9,200,no_identity,linkerd,,linkerd-identity-headless.linkerd.svc.cluster.local:8080,,,,,,,,,,
1614827667.327,response_latency_ms_count,,,10.1.37.202:4191,linkerd-proxy,linkerd,,linkerd-identity-57f4bc9db9-gb7rk,,242,,,,,linkerd-identity,identity,linkerd,inbound,no_peer_id_from_remote,57f4bc9db9,200,no_identity,linkerd,,linkerd-identity-headless.linkerd.svc.cluster.local:8080,,,,,,,,,,
1614827677.328,response_latency_ms_count,,,10.1.37.202:4191,linkerd-proxy,linkerd,,linkerd-identity-57f4bc9db9-gb7rk,,242,,,,,linkerd-identity,identity,linkerd,inbound,no_peer_id_from_remote,57f4bc9db9,200,no_identity,linkerd,,linkerd-identity-headless.linkerd.svc.cluster.local:8080,,,,,,,,,,
1614827687.327,response_latency_ms_count,,,10.1.37.202:4191,linkerd-proxy,linkerd,,linkerd-identity-57f4bc9db9-gb7rk,,242,,,,,linkerd-identity,identity,linkerd,inbound,no_peer_id_from_remote,57f4bc9db9,200,no_identity,linkerd,,linkerd-identity-headless.linkerd.svc.cluster.local:8080,,,,,,,,,,
1614827697.327,response_latency_ms_count,,,10.1.37.202:4191,linkerd-proxy,linkerd,,linkerd-identity-57f4bc9db9-gb7rk,,242,,,,,linkerd-identity,identity,linkerd,inbound,no_peer_id_from_remote,57f4bc9db9,200,no_identity,linkerd,,linkerd-identity-headless.linkerd.svc.cluster.local:8080,,,,,,,,,,
1614827707.327,response_latency_ms_count,,,10.1.37.202:4191,linkerd-proxy,linkerd,,linkerd-identity-57f4bc9db9-gb7rk,,242,,,,,linkerd-identity,identity,linkerd,inbound,no_peer_id_from_remote,57f4bc9db9,200,no_identity,linkerd,,linkerd-identity-headless.linkerd.svc.cluster.local:8080,,,,,,,,,,
1614827717.327,response_latency_ms_count,,,10.1.37.202:4191,linkerd-proxy,linkerd,,linkerd-identity-57f4bc9db9-gb7rk,,242,,,,,linkerd-identity,identity,linkerd,inbound,no_peer_id_from_remote,57f4bc9db9,200,no_identity,linkerd,,linkerd-identity-headless.linkerd.svc.cluster.local:8080,,,,,,,,,,
1614827727.327,response_latency_ms_count,,,10.1.37.202:4191,linkerd-proxy,linkerd,,linkerd-identity-57f4bc9db9-gb7rk,,242,,,,,linkerd-identity,identity,linkerd,inbound,no_peer_id_from_remote,57f4bc9db9,200,no_identity,linkerd,,linkerd-identity-headless.linkerd.svc.cluster.local:8080,,,,,,,,,,
1614827737.327,response_latency_ms_count,,,10.1.37.202:4191,linkerd-proxy,linkerd,,linkerd-identity-57f4bc9db9-gb7rk,,242,,,,,linkerd-identity,identity,linkerd,inbound,no_peer_id_from_remote,57f4bc9db9,200,no_identity,linkerd,,linkerd-identity-headless.linkerd.svc.cluster.local:8080,,,,,,,,,,
1614827747.327,response_latency_ms_count,,,10.1.37.202:4191,linkerd-proxy,linkerd,,linkerd-identity-57f4bc9db9-gb7rk,,242,,,,,linkerd-identity,identity,linkerd,inbound,no_peer_id_from_remote,57f4bc9db9,200,no_identity,linkerd,,linkerd-identity-headless.linkerd.svc.cluster.local:8080,,,,,,,,,,
1614827757.327,response_latency_ms_count,,,10.1.37.202:4191,linkerd-proxy,linkerd,,linkerd-identity-57f4bc9db9-gb7rk,,242,,,,,linkerd-identity,identity,linkerd,inbound,no_peer_id_from_remote,57f4bc9db9,200,no_identity,linkerd,,linkerd-identity-headless.linkerd.svc.cluster.local:8080,,,,,,,,,,
1614827767.327,response_latency_ms_count,,,10.1.37.202:4191,linkerd-proxy,linkerd,,linkerd-identity-57f4bc9db9-gb7rk,,242,,,,,linkerd-identity,identity,linkerd,inbound,no_peer_id_from_remote,57f4bc9db9,200,no_identity,linkerd,,linkerd-identity-headless.linkerd.svc.cluster.local:8080,,,,,,,,,,
1614827777.328,response_latency_ms_count,,,10.1.37.202:4191,linkerd-proxy,linkerd,,linkerd-identity-57f4bc9db9-gb7rk,,242,,,,,linkerd-identity,identity,linkerd,inbound,no_peer_id_from_remote,57f4bc9db9,200,no_identity,linkerd,,linkerd-identity-headless.linkerd.svc.cluster.local:8080,,,,,,,,,,
1614827787.327,response_latency_ms_count,,,10.1.37.202:4191,linkerd-proxy,linkerd,,linkerd-identity-57f4bc9db9-gb7rk,,242,,,,,linkerd-identity,identity,linkerd,inbound,no_peer_id_from_remote,57f4bc9db9,200,no_identity,linkerd,,linkerd-identity-headless.linkerd.svc.cluster.local:8080,,,,,,,,,,
1614827797.328,response_latency_ms_count,,,10.1.37.202:4191,linkerd-proxy,linkerd,,linkerd-identity-57f4bc9db9-gb7rk,,242,,,,,linkerd-identity,identity,linkerd,inbound,no_peer_id_from_remote,57f4bc9db9,200,no_identity,linkerd,,linkerd-identity-headless.linkerd.svc.cluster.local:8080,,,,,,,,,,
1614827807.329,response_latency_ms_count,,,10.1.37.202:4191,linkerd-proxy,linkerd,,linkerd-identity-57f4bc9db9-gb7rk,,242,,,,,linkerd-identity,identity,linkerd,inbound,no_peer_id_from_remote,57f4bc9db9,200,no_identity,linkerd,,linkerd-identity-headless.linkerd.svc.cluster.local:8080,,,,,,,,,,
1614827640.101,response_latency_ms_count,,,10.1.37.198:4191,linkerd-proxy,linkerd,,linkerd-prometheus-5bccd64d4d-jzwmt,,172,,,,,linkerd-prometheus,prometheus,linkerd,inbound,no_tls_from_remote,5bccd64d4d,200,no_identity,linkerd,,localhost:31275,,,,,,,,,,
1614827650.102,response_latency_ms_count,,,10.1.37.198:4191,linkerd-proxy,linkerd,,linkerd-prometheus-5bccd64d4d-jzwmt,,172,,,,,linkerd-prometheus,prometheus,linkerd,inbound,no_tls_from_remote,5bccd64d4d,200,no_identity,linkerd,,localhost:31275,,,,,,,,,,
1614827660.102,response_latency_ms_count,,,10.1.37.198:4191,linkerd-proxy,linkerd,,linkerd-prometheus-5bccd64d4d-jzwmt,,172,,,,,linkerd-prometheus,prometheus,linkerd,inbound,no_tls_from_remote,5bccd64d4d,200,no_identity,linkerd,,localhost:31275,,,,,,,,,,
1614827670.101,response_latency_ms_count,,,10.1.37.198:4191,linkerd-proxy,linkerd,,linkerd-prometheus-5bccd64d4d-jzwmt,,172,,,,,linkerd-prometheus,prometheus,linkerd,inbound,no_tls_from_remote,5bccd64d4d,200,no_identity,linkerd,,localhost:31275,,,,,,,,,,
1614827680.101,response_latency_ms_count,,,10.1.37.198:4191,linkerd-proxy,linkerd,,linkerd-prometheus-5bccd64d4d-jzwmt,,172,,,,,linkerd-prometheus,prometheus,linkerd,inbound,no_tls_from_remote,5bccd64d4d,200,no_identity,linkerd,,localhost:31275,,,,,,,,,,
1614827690.101,response_latency_ms_count,,,10.1.37.198:4191,linkerd-proxy,linkerd,,linkerd-prometheus-5bccd64d4d-jzwmt,,172,,,,,linkerd-prometheus,prometheus,linkerd,inbound,no_tls_from_remote,5bccd64d4d,200,no_identity,linkerd,,localhost:31275,,,,,,,,,,
1614827700.102,response_latency_ms_count,,,10.1.37.198:4191,linkerd-proxy,linkerd,,linkerd-prometheus-5bccd64d4d-jzwmt,,172,,,,,linkerd-prometheus,prometheus,linkerd,inbound,no_tls_from_remote,5bccd64d4d,200,no_identity,linkerd,,localhost:31275,,,,,,,,,,
1614827710.101,response_latency_ms_count,,,10.1.37.198:4191,linkerd-proxy,linkerd,,linkerd-prometheus-5bccd64d4d-jzwmt,,172,,,,,linkerd-prometheus,prometheus,linkerd,inbound,no_tls_from_remote,5bccd64d4d,200,no_identity,linkerd,,localhost:31275,,,,,,,,,,
1614827720.101,response_latency_ms_count,,,10.1.37.198:4191,linkerd-proxy,linkerd,,linkerd-prometheus-5bccd64d4d-jzwmt,,172,,,,,linkerd-prometheus,prometheus,linkerd,inbound,no_tls_from_remote,5bccd64d4d,200,no_identity,linkerd,,localhost:31275,,,,,,,,,,
1614827730.101,response_latency_ms_count,,,10.1.37.198:4191,linkerd-proxy,linkerd,,linkerd-prometheus-5bccd64d4d-jzwmt,,172,,,,,linkerd-prometheus,prometheus,linkerd,inbound,no_tls_from_remote,5bccd64d4d,200,no_identity,linkerd,,localhost:31275,,,,,,,,,,
1614827740.101,response_latency_ms_count,,,10.1.37.198:4191,linkerd-proxy,linkerd,,linkerd-prometheus-5bccd64d4d-jzwmt,,172,,,,,linkerd-prometheus,prometheus,linkerd,inbound,no_tls_from_remote,5bccd64d4d,200,no_identity,linkerd,,localhost:31275,,,,,,,,,,
1614827750.101,response_latency_ms_count,,,10.1.37.198:4191,linkerd-proxy,linkerd,,linkerd-prometheus-5bccd64d4d-jzwmt,,172,,,,,linkerd-prometheus,prometheus,linkerd,inbound,no_tls_from_remote,5bccd64d4d,200,no_identity,linkerd,,localhost:31275,,,,,,,,,,
1614827760.101,response_latency_ms_count,,,10.1.37.198:4191,linkerd-proxy,linkerd,,linkerd-prometheus-5bccd64d4d-jzwmt,,172,,,,,linkerd-prometheus,prometheus,linkerd,inbound,no_tls_from_remote,5bccd64d4d,200,no_identity,linkerd,,localhost:31275,,,,,,,,,,
1614827770.101,response_latency_ms_count,,,10.1.37.198:4191,linkerd-proxy,linkerd,,linkerd-prometheus-5bccd64d4d-jzwmt,,172,,,,,linkerd-prometheus,prometheus,linkerd,inbound,no_tls_from_remote,5bccd64d4d,200,no_identity,linkerd,,localhost:31275,,,,,,,,,,
1614827780.101,response_latency_ms_count,,,10.1.37.198:4191,linkerd-proxy,linkerd,,linkerd-prometheus-5bccd64d4d-jzwmt,,172,,,,,linkerd-prometheus,prometheus,linkerd,inbound,no_tls_from_remote,5bccd64d4d,200,no_identity,linkerd,,localhost:31275,,,,,,,,,,
1614827790.101,response_latency_ms_count,,,10.1.37.198:4191,linkerd-proxy,linkerd,,linkerd-prometheus-5bccd64d4d-jzwmt,,172,,,,,linkerd-prometheus,prometheus,linkerd,inbound,no_tls_from_remote,5bccd64d4d,200,no_identity,linkerd,,localhost:31275,,,,,,,,,,
1614827800.101,response_latency_ms_count,,,10.1.37.198:4191,linkerd-proxy,linkerd,,linkerd-prometheus-5bccd64d4d-jzwmt,,172,,,,,linkerd-prometheus,prometheus,linkerd,inbound,no_tls_from_remote,5bccd64d4d,200,no_identity,linkerd,,localhost:31275,,,,,,,,,,
1614827640.101,response_latency_ms_count,,,10.1.37.198:4191,linkerd-proxy,linkerd,,linkerd-prometheus-5bccd64d4d-jzwmt,,2640,,,,,linkerd-prometheus,prometheus,linkerd,outbound,,5bccd64d4d,200,true,linkerd,,10.1.40.97:4191,linkerd,teastore-persistence,teastore,teastore-persistence-d9666cc75-zcrs7,d9666cc75,default,default.teastore.serviceaccount.identity.linkerd.cluster.local,,,
1614827650.102,response_latency_ms_count,,,10.1.37.198:4191,linkerd-proxy,linkerd,,linkerd-prometheus-5bccd64d4d-jzwmt,,2641,,,,,linkerd-prometheus,prometheus,linkerd,outbound,,5bccd64d4d,200,true,linkerd,,10.1.40.97:4191,linkerd,teastore-persistence,teastore,teastore-persistence-d9666cc75-zcrs7,d9666cc75,default,default.teastore.serviceaccount.identity.linkerd.cluster.local,,,
1614827660.102,response_latency_ms_count,,,10.1.37.198:4191,linkerd-proxy,linkerd,,linkerd-prometheus-5bccd64d4d-jzwmt,,2642,,,,,linkerd-prometheus,prometheus,linkerd,outbound,,5bccd64d4d,200,true,linkerd,,10.1.40.97:4191,linkerd,teastore-persistence,teastore,teastore-persistence-d9666cc75-zcrs7,d9666cc75,default,default.teastore.serviceaccount.identity.linkerd.cluster.local,,,
1614827670.101,response_latency_ms_count,,,10.1.37.198:4191,linkerd-proxy,linkerd,,linkerd-prometheus-5bccd64d4d-jzwmt,,2643,,,,,linkerd-prometheus,prometheus,linkerd,outbound,,5bccd64d4d,200,true,linkerd,,10.1.40.97:4191,linkerd,teastore-persistence,teastore,teastore-persistence-d9666cc75-zcrs7,d9666cc75,default,default.teastore.serviceaccount.identity.linkerd.cluster.local,,,
1614827680.101,response_latency_ms_count,,,10.1.37.198:4191,linkerd-proxy,linkerd,,linkerd-prometheus-5bccd64d4d-jzwmt,,2644,,,,,linkerd-prometheus,prometheus,linkerd,outbound,,5bccd64d4d,200,true,linkerd,,10.1.40.97:4191,linkerd,teastore-persistence,teastore,teastore-persistence-d9666cc75-zcrs7,d9666cc75,default,default.teastore.serviceaccount.identity.linkerd.cluster.local,,,
1614827690.101,response_latency_ms_count,,,10.1.37.198:4191,linkerd-proxy,linkerd,,linkerd-prometheus-5bccd64d4d-jzwmt,,2645,,,,,linkerd-prometheus,prometheus,linkerd,outbound,,5bccd64d4d,200,true,linkerd,,10.1.40.97:4191,linkerd,teastore-persistence,teastore,teastore-persistence-d9666cc75-zcrs7,d9666cc75,default,default.teastore.serviceaccount.identity.linkerd.cluster.local,,,
1614827700.102,response_latency_ms_count,,,10.1.37.198:4191,linkerd-proxy,linkerd,,linkerd-prometheus-5bccd64d4d-jzwmt,,2646,,,,,linkerd-prometheus,prometheus,linkerd,outbound,,5bccd64d4d,200,true,linkerd,,10.1.40.97:4191,linkerd,teastore-persistence,teastore,teastore-persistence-d9666cc75-zcrs7,d9666cc75,default,default.teastore.serviceaccount.identity.linkerd.cluster.local,,,
1614827710.101,response_latency_ms_count,,,10.1.37.198:4191,linkerd-proxy,linkerd,,linkerd-prometheus-5bccd64d4d-jzwmt,,2647,,,,,linkerd-prometheus,prometheus,linkerd,outbound,,5bccd64d4d,200,true,linkerd,,10.1.40.97:4191,linkerd,teastore-persistence,teastore,teastore-persistence-d9666cc75-zcrs7,d9666cc75,default,default.teastore.serviceaccount.identity.linkerd.cluster.local,,,
1614827720.101,response_latency_ms_count,,,10.1.37.198:4191,linkerd-proxy,linkerd,,linkerd-prometheus-5bccd64d4d-jzwmt,,2648,,,,,linkerd-prometheus,prometheus,linkerd,outbound,,5bccd64d4d,200,true,linkerd,,10.1.40.97:4191,linkerd,teastore-persistence,teastore,teastore-persistence-d9666cc75-zcrs7,d9666cc75,default,default.teastore.serviceaccount.identity.linkerd.cluster.local,,,
1614827730.101,response_latency_ms_count,,,10.1.37.198:4191,linkerd-proxy,linkerd,,linkerd-prometheus-5bccd64d4d-jzwmt,,2649,,,,,linkerd-prometheus,prometheus,linkerd,outbound,,5bccd64d4d,200,true,linkerd,,10.1.40.97:4191,linkerd,teastore-persistence,teastore,teastore-persistence-d9666cc75-zcrs7,d9666cc75,default,default.teastore.serviceaccount.identity.linkerd.cluster.local,,,
1614827740.101,response_latency_ms_count,,,10.1.37.198:4191,linkerd-proxy,linkerd,,linkerd-prometheus-5bccd64d4d-jzwmt,,2650,,,,,linkerd-prometheus,prometheus,linkerd,outbound,,5bccd64d4d,200,true,linkerd,,10.1.40.97:4191,linkerd,teastore-persistence,teastore,teastore-persistence-d9666cc75-zcrs7,d9666cc75,default,default.teastore.serviceaccount.identity.linkerd.cluster.local,,,
1614827750.101,response_latency_ms_count,,,10.1.37.198:4191,linkerd-proxy,linkerd,,linkerd-prometheus-5bccd64d4d-jzwmt,,2651,,,,,linkerd-prometheus,prometheus,linkerd,outbound,,5bccd64d4d,200,true,linkerd,,10.1.40.97:4191,linkerd,teastore-persistence,teastore,teastore-persistence-d9666cc75-zcrs7,d9666cc75,default,default.teastore.serviceaccount.identity.linkerd.cluster.local,,,
1614827760.101,response_latency_ms_count,,,10.1.37.198:4191,linkerd-proxy,linkerd,,linkerd-prometheus-5bccd64d4d-jzwmt,,2652,,,,,linkerd-prometheus,prometheus,linkerd,outbound,,5bccd64d4d,200,true,linkerd,,10.1.40.97:4191,linkerd,teastore-persistence,teastore,teastore-persistence-d9666cc75-zcrs7,d9666cc75,default,default.teastore.serviceaccount.identity.linkerd.cluster.local,,,
1614827770.101,response_latency_ms_count,,,10.1.37.198:4191,linkerd-proxy,linkerd,,linkerd-prometheus-5bccd64d4d-jzwmt,,2653,,,,,linkerd-prometheus,prometheus,linkerd,outbound,,5bccd64d4d,200,true,linkerd,,10.1.40.97:4191,linkerd,teastore-persistence,teastore,teastore-persistence-d9666cc75-zcrs7,d9666cc75,default,default.teastore.serviceaccount.identity.linkerd.cluster.local,,,
1614827780.101,response_latency_ms_count,,,10.1.37.198:4191,linkerd-proxy,linkerd,,linkerd-prometheus-5bccd64d4d-jzwmt,,2654,,,,,linkerd-prometheus,prometheus,linkerd,outbound,,5bccd64d4d,200,true,linkerd,,10.1.40.97:4191,linkerd,teastore-persistence,teastore,teastore-persistence-d9666cc75-zcrs7,d9666cc75,default,default.teastore.serviceaccount.identity.linkerd.cluster.local,,,
1614827790.101,response_latency_ms_count,,,10.1.37.198:4191,linkerd-proxy,linkerd,,linkerd-prometheus-5bccd64d4d-jzwmt,,2655,,,,,linkerd-prometheus,prometheus,linkerd,outbound,,5bccd64d4d,200,true,linkerd,,10.1.40.97:4191,linkerd,teastore-persistence,teastore,teastore-persistence-d9666cc75-zcrs7,d9666cc75,default,default.teastore.serviceaccount.identity.linkerd.cluster.local,,,
1614827800.101,response_latency_ms_count,,,10.1.37.198:4191,linkerd-proxy,linkerd,,linkerd-prometheus-5bccd64d4d-jzwmt,,2656,,,,,linkerd-prometheus,prometheus,linkerd,outbound,,5bccd64d4d,200,true,linkerd,,10.1.40.97:4191,linkerd,teastore-persistence,teastore,teastore-persistence-d9666cc75-zcrs7,d9666cc75,default,default.teastore.serviceaccount.identity.linkerd.cluster.local,,,
1614827640.101,response_latency_ms_count,,,10.1.37.198:4191,linkerd-proxy,linkerd,,linkerd-prometheus-5bccd64d4d-jzwmt,,2640,,,,,linkerd-prometheus,prometheus,linkerd,outbound,,5bccd64d4d,200,true,linkerd,,10.1.40.99:4191,linkerd,teastore-image,teastore,teastore-image-77b5d74b7d-d27bk,77b5d74b7d,default,default.teastore.serviceaccount.identity.linkerd.cluster.local,,,
1614827650.102,response_latency_ms_count,,,10.1.37.198:4191,linkerd-proxy,linkerd,,linkerd-prometheus-5bccd64d4d-jzwmt,,2641,,,,,linkerd-prometheus,prometheus,linkerd,outbound,,5bccd64d4d,200,true,linkerd,,10.1.40.99:4191,linkerd,teastore-image,teastore,teastore-image-77b5d74b7d-d27bk,77b5d74b7d,default,default.teastore.serviceaccount.identity.linkerd.cluster.local,,,
1614827660.102,response_latency_ms_count,,,10.1.37.198:4191,linkerd-proxy,linkerd,,linkerd-prometheus-5bccd64d4d-jzwmt,,2642,,,,,linkerd-prometheus,prometheus,linkerd,outbound,,5bccd64d4d,200,true,linkerd,,10.1.40.99:4191,linkerd,teastore-image,teastore,teastore-image-77b5d74b7d-d27bk,77b5d74b7d,default,default.teastore.serviceaccount.identity.linkerd.cluster.local,,,
1614827670.101,response_latency_ms_count,,,10.1.37.198:4191,linkerd-proxy,linkerd,,linkerd-prometheus-5bccd64d4d-jzwmt,,2643,,,,,linkerd-prometheus,prometheus,linkerd,outbound,,5bccd64d4d,200,true,linkerd,,10.1.40.99:4191,linkerd,teastore-image,teastore,teastore-image-77b5d74b7d-d27bk,77b5d74b7d,default,default.teastore.serviceaccount.identity.linkerd.cluster.local,,,
1614827680.101,response_latency_ms_count,,,10.1.37.198:4191,linkerd-proxy,linkerd,,linkerd-prometheus-5bccd64d4d-jzwmt,,2644,,,,,linkerd-prometheus,prometheus,linkerd,outbound,,5bccd64d4d,200,true,linkerd,,10.1.40.99:4191,linkerd,teastore-image,teastore,teastore-image-77b5d74b7d-d27bk,77b5d74b7d,default,default.teastore.serviceaccount.identity.linkerd.cluster.local,,,
1614827690.101,response_latency_ms_count,,,10.1.37.198:4191,linkerd-proxy,linkerd,,linkerd-prometheus-5bccd64d4d-jzwmt,,2645,,,,,linkerd-prometheus,prometheus,linkerd,outbound,,5bccd64d4d,200,true,linkerd,,10.1.40.99:4191,linkerd,teastore-image,teastore,teastore-image-77b5d74b7d-d27bk,77b5d74b7d,default,default.teastore.serviceaccount.identity.linkerd.cluster.local,,,
1614827700.102,response_latency_ms_count,,,10.1.37.198:4191,linkerd-proxy,linkerd,,linkerd-prometheus-5bccd64d4d-jzwmt,,2646,,,,,linkerd-prometheus,prometheus,linkerd,outbound,,5bccd64d4d,200,true,linkerd,,10.1.40.99:4191,linkerd,teastore-image,teastore,teastore-image-77b5d74b7d-d27bk,77b5d74b7d,default,default.teastore.serviceaccount.identity.linkerd.cluster.local,,,
1614827710.101,response_latency_ms_count,,,10.1.37.198:4191,linkerd-proxy,linkerd,,linkerd-prometheus-5bccd64d4d-jzwmt,,2647,,,,,linkerd-prometheus,prometheus,linkerd,outbound,,5bccd64d4d,200,true,linkerd,,10.1.40.99:4191,linkerd,teastore-image,teastore,teastore-image-77b5d74b7d-d27bk,77b5d74b7d,default,default.teastore.serviceaccount.identity.linkerd.cluster.local,,,
1614827720.101,response_latency_ms_count,,,10.1.37.198:4191,linkerd-proxy,linkerd,,linkerd-prometheus-5bccd64d4d-jzwmt,,2648,,,,,linkerd-prometheus,prometheus,linkerd,outbound,,5bccd64d4d,200,true,linkerd,,10.1.40.99:4191,linkerd,teastore-image,teastore,teastore-image-77b5d74b7d-d27bk,77b5d74b7d,default,default.teastore.serviceaccount.identity.linkerd.cluster.local,,,
1614827730.101,response_latency_ms_count,,,10.1.37.198:4191,linkerd-proxy,linkerd,,linkerd-prometheus-5bccd64d4d-jzwmt,,2649,,,,,linkerd-prometheus,prometheus,linkerd,outbound,,5bccd64d4d,200,true,linkerd,,10.1.40.99:4191,linkerd,teastore-image,teastore,teastore-image-77b5d74b7d-d27bk,77b5d74b7d,default,default.teastore.serviceaccount.identity.linkerd.cluster.local,,,
1614827740.101,response_latency_ms_count,,,10.1.37.198:4191,linkerd-proxy,linkerd,,linkerd-prometheus-5bccd64d4d-jzwmt,,2650,,,,,linkerd-prometheus,prometheus,linkerd,outbound,,5bccd64d4d,200,true,linkerd,,10.1.40.99:4191,linkerd,teastore-image,teastore,teastore-image-77b5d74b7d-d27bk,77b5d74b7d,default,default.teastore.serviceaccount.identity.linkerd.cluster.local,,,
1614827750.101,response_latency_ms_count,,,10.1.37.198:4191,linkerd-proxy,linkerd,,linkerd-prometheus-5bccd64d4d-jzwmt,,2651,,,,,linkerd-prometheus,prometheus,linkerd,outbound,,5bccd64d4d,200,true,linkerd,,10.1.40.99:4191,linkerd,teastore-image,teastore,teastore-image-77b5d74b7d-d27bk,77b5d74b7d,default,default.teastore.serviceaccount.identity.linkerd.cluster.local,,,
1614827760.101,response_latency_ms_count,,,10.1.37.198:4191,linkerd-proxy,linkerd,,linkerd-prometheus-5bccd64d4d-jzwmt,,2652,,,,,linkerd-prometheus,prometheus,linkerd,outbound,,5bccd64d4d,200,true,linkerd,,10.1.40.99:4191,linkerd,teastore-image,teastore,teastore-image-77b5d74b7d-d27bk,77b5d74b7d,default,default.teastore.serviceaccount.identity.linkerd.cluster.local,,,
1614827770.101,response_latency_ms_count,,,10.1.37.198:4191,linkerd-proxy,linkerd,,linkerd-prometheus-5bccd64d4d-jzwmt,,2653,,,,,linkerd-prometheus,prometheus,linkerd,outbound,,5bccd64d4d,200,true,linkerd,,10.1.40.99:4191,linkerd,teastore-image,teastore,teastore-image-77b5d74b7d-d27bk,77b5d74b7d,default,default.teastore.serviceaccount.identity.linkerd.cluster.local,,,
1614827780.101,response_latency_ms_count,,,10.1.37.198:4191,linkerd-proxy,linkerd,,linkerd-prometheus-5bccd64d4d-jzwmt,,2654,,,,,linkerd-prometheus,prometheus,linkerd,outbound,,5bccd64d4d,200,true,linkerd,,10.1.40.99:4191,linkerd,teastore-image,teastore,teastore-image-77b5d74b7d-d27bk,77b5d74b7d,default,default.teastore.serviceaccount.identity.linkerd.cluster.local,,,
1614827790.101,response_latency_ms_count,,,10.1.37.198:4191,linkerd-proxy,linkerd,,linkerd-prometheus-5bccd64d4d-jzwmt,,2655,,,,,linkerd-prometheus,prometheus,linkerd,outbound,,5bccd64d4d,200,true,linkerd,,10.1.40.99:4191,linkerd,teastore-image,teastore,teastore-image-77b5d74b7d-d27bk,77b5d74b7d,default,default.teastore.serviceaccount.identity.linkerd.cluster.local,,,
1614827800.101,response_latency_ms_count,,,10.1.37.198:4191,linkerd-proxy,linkerd,,linkerd-prometheus-5bccd64d4d-jzwmt,,2656,,,,,linkerd-prometheus,prometheus,linkerd,outbound,,5bccd64d4d,200,true,linkerd,,10.1.40.99:4191,linkerd,teastore-image,teastore,teastore-image-77b5d74b7d-d27bk,77b5d74b7d,default,default.teastore.serviceaccount.identity.linkerd.cluster.local,,,
1614827640.101,response_latency_ms_count,,,10.1.37.198:4191,linkerd-proxy,linkerd,,linkerd-prometheus-5bccd64d4d-jzwmt,,2640,,,,,linkerd-prometheus,prometheus,linkerd,outbound,,5bccd64d4d,200,true,linkerd,,10.1.40.95:4191,linkerd,teastore-db,teastore,teastore-db-9ff58bdbd-vkg7l,9ff58bdbd,default,default.teastore.serviceaccount.identity.linkerd.cluster.local,,,
1614827650.102,response_latency_ms_count,,,10.1.37.198:4191,linkerd-proxy,linkerd,,linkerd-prometheus-5bccd64d4d-jzwmt,,2641,,,,,linkerd-prometheus,prometheus,linkerd,outbound,,5bccd64d4d,200,true,linkerd,,10.1.40.95:4191,linkerd,teastore-db,teastore,teastore-db-9ff58bdbd-vkg7l,9ff58bdbd,default,default.teastore.serviceaccount.identity.linkerd.cluster.local,,,
1614827660.102,response_latency_ms_count,,,10.1.37.198:4191,linkerd-proxy,linkerd,,linkerd-prometheus-5bccd64d4d-jzwmt,,2642,,,,,linkerd-prometheus,prometheus,linkerd,outbound,,5bccd64d4d,200,true,linkerd,,10.1.40.95:4191,linkerd,teastore-db,teastore,teastore-db-9ff58bdbd-vkg7l,9ff58bdbd,default,default.teastore.serviceaccount.identity.linkerd.cluster.local,,,
1614827670.101,response_latency_ms_count,,,10.1.37.198:4191,linkerd-proxy,linkerd,,linkerd-prometheus-5bccd64d4d-jzwmt,,2643,,,,,linkerd-prometheus,prometheus,linkerd,outbound,,5bccd64d4d,200,true,linkerd,,10.1.40.95:4191,linkerd,teastore-db,teastore,teastore-db-9ff58bdbd-vkg7l,9ff58bdbd,default,default.teastore.serviceaccount.identity.linkerd.cluster.local,,,
1614827680.101,response_latency_ms_count,,,10.1.37.198:4191,linkerd-proxy,linkerd,,linkerd-prometheus-5bccd64d4d-jzwmt,,2644,,,,,linkerd-prometheus,prometheus,linkerd,outbound,,5bccd64d4d,200,true,linkerd,,10.1.40.95:4191,linkerd,teastore-db,teastore,teastore-db-9ff58bdbd-vkg7l,9ff58bdbd,default,default.teastore.serviceaccount.identity.linkerd.cluster.local,,,
1614827690.101,response_latency_ms_count,,,10.1.37.198:4191,linkerd-proxy,linkerd,,linkerd-prometheus-5bccd64d4d-jzwmt,,2645,,,,,linkerd-prometheus,prometheus,linkerd,outbound,,5bccd64d4d,200,true,linkerd,,10.1.40.95:4191,linkerd,teastore-db,teastore,teastore-db-9ff58bdbd-vkg7l,9ff58bdbd,default,default.teastore.serviceaccount.identity.linkerd.cluster.local,,,
1614827700.102,response_latency_ms_count,,,10.1.37.198:4191,linkerd-proxy,linkerd,,linkerd-prometheus-5bccd64d4d-jzwmt,,2646,,,,,linkerd-prometheus,prometheus,linkerd,outbound,,5bccd64d4d,200,true,linkerd,,10.1.40.95:4191,linkerd,teastore-db,teastore,teastore-db-9ff58bdbd-vkg7l,9ff58bdbd,default,default.teastore.serviceaccount.identity.linkerd.cluster.local,,,
1614827710.101,response_latency_ms_count,,,10.1.37.198:4191,linkerd-proxy,linkerd,,linkerd-prometheus-5bccd64d4d-jzwmt,,2647,,,,,linkerd-prometheus,prometheus,linkerd,outbound,,5bccd64d4d,200,true,linkerd,,10.1.40.95:4191,linkerd,teastore-db,teastore,teastore-db-9ff58bdbd-vkg7l,9ff58bdbd,default,default.teastore.serviceaccount.identity.linkerd.cluster.local,,,
1614827720.101,response_latency_ms_count,,,10.1.37.198:4191,linkerd-proxy,linkerd,,linkerd-prometheus-5bccd64d4d-jzwmt,,2648,,,,,linkerd-prometheus,prometheus,linkerd,outbound,,5bccd64d4d,200,true,linkerd,,10.1.40.95:4191,linkerd,teastore-db,teastore,teastore-db-9ff58bdbd-vkg7l,9ff58bdbd,default,default.teastore.serviceaccount.identity.linkerd.cluster.local,,,
1614827730.101,response_latency_ms_count,,,10.1.37.198:4191,linkerd-proxy,linkerd,,linkerd-prometheus-5bccd64d4d-jzwmt,,2649,,,,,linkerd-prometheus,prometheus,linkerd,outbound,,5bccd64d4d,200,true,linkerd,,10.1.40.95:4191,linkerd,teastore-db,teastore,teastore-db-9ff58bdbd-vkg7l,9ff58bdbd,default,default.teastore.serviceaccount.identity.linkerd.cluster.local,,,
1614827740.101,response_latency_ms_count,,,10.1.37.198:4191,linkerd-proxy,linkerd,,linkerd-prometheus-5bccd64d4d-jzwmt,,2650,,,,,linkerd-prometheus,prometheus,linkerd,outbound,,5bccd64d4d,200,true,linkerd,,10.1.40.95:4191,linkerd,teastore-db,teastore,teastore-db-9ff58bdbd-vkg7l,9ff58bdbd,default,default.teastore.serviceaccount.identity.linkerd.cluster.local,,,
1614827750.101,response_latency_ms_count,,,10.1.37.198:4191,linkerd-proxy,linkerd,,linkerd-prometheus-5bccd64d4d-jzwmt,,2651,,,,,linkerd-prometheus,prometheus,linkerd,outbound,,5bccd64d4d,200,true,linkerd,,10.1.40.95:4191,linkerd,teastore-db,teastore,teastore-db-9ff58bdbd-vkg7l,9ff58bdbd,default,default.teastore.serviceaccount.identity.linkerd.cluster.local,,,
1614827760.101,response_latency_ms_count,,,10.1.37.198:4191,linkerd-proxy,linkerd,,linkerd-prometheus-5bccd64d4d-jzwmt,,2652,,,,,linkerd-prometheus,prometheus,linkerd,outbound,,5bccd64d4d,200,true,linkerd,,10.1.40.95:4191,linkerd,teastore-db,teastore,teastore-db-9ff58bdbd-vkg7l,9ff58bdbd,default,default.teastore.serviceaccount.identity.linkerd.cluster.local,,,
1614827770.101,response_latency_ms_count,,,10.1.37.198:4191,linkerd-proxy,linkerd,,linkerd-prometheus-5bccd64d4d-jzwmt,,2653,,,,,linkerd-prometheus,prometheus,linkerd,outbound,,5bccd64d4d,200,true,linkerd,,10.1.40.95:4191,linkerd,teastore-db,teastore,teastore-db-9ff58bdbd-vkg7l,9ff58bdbd,default,default.teastore.serviceaccount.identity.linkerd.cluster.local,,,
1614827780.101,response_latency_ms_count,,,10.1.37.198:4191,linkerd-proxy,linkerd,,linkerd-prometheus-5bccd64d4d-jzwmt,,2654,,,,,linkerd-prometheus,prometheus,linkerd,outbound,,5bccd64d4d,200,true,linkerd,,10.1.40.95:4191,linkerd,teastore-db,teastore,teastore-db-9ff58bdbd-vkg7l,9ff58bdbd,default,default.teastore.serviceaccount.identity.linkerd.cluster.local,,,
1614827790.101,response_latency_ms_count,,,10.1.37.198:4191,linkerd-proxy,linkerd,,linkerd-prometheus-5bccd64d4d-jzwmt,,2655,,,,,linkerd-prometheus,prometheus,linkerd,outbound,,5bccd64d4d,200,true,linkerd,,10.1.40.95:4191,linkerd,teastore-db,teastore,teastore-db-9ff58bdbd-vkg7l,9ff58bdbd,default,default.teastore.serviceaccount.identity.linkerd.cluster.local,,,
1614827800.101,response_latency_ms_count,,,10.1.37.198:4191,linkerd-proxy,linkerd,,linkerd-prometheus-5bccd64d4d-jzwmt,,2656,,,,,linkerd-prometheus,prometheus,linkerd,outbound,,5bccd64d4d,200,true,linkerd,,10.1.40.95:4191,linkerd,teastore-db,teastore,teastore-db-9ff58bdbd-vkg7l,9ff58bdbd,default,default.teastore.serviceaccount.identity.linkerd.cluster.local,,,
1614827640.101,response_latency_ms_count,,,10.1.37.198:4191,linkerd-proxy,linkerd,,linkerd-prometheus-5bccd64d4d-jzwmt,,2639,,,,,linkerd-prometheus,prometheus,linkerd,outbound,,5bccd64d4d,200,true,linkerd,,10.1.40.98:4191,linkerd,teastore-auth,teastore,teastore-auth-5c8f77dbb8-trzs6,5c8f77dbb8,default,default.teastore.serviceaccount.identity.linkerd.cluster.local,,,
1614827650.102,response_latency_ms_count,,,10.1.37.198:4191,linkerd-proxy,linkerd,,linkerd-prometheus-5bccd64d4d-jzwmt,,2640,,,,,linkerd-prometheus,prometheus,linkerd,outbound,,5bccd64d4d,200,true,linkerd,,10.1.40.98:4191,linkerd,teastore-auth,teastore,teastore-auth-5c8f77dbb8-trzs6,5c8f77dbb8,default,default.teastore.serviceaccount.identity.linkerd.cluster.local,,,
1614827660.102,response_latency_ms_count,,,10.1.37.198:4191,linkerd-proxy,linkerd,,linkerd-prometheus-5bccd64d4d-jzwmt,,2641,,,,,linkerd-prometheus,prometheus,linkerd,outbound,,5bccd64d4d,200,true,linkerd,,10.1.40.98:4191,linkerd,teastore-auth,teastore,teastore-auth-5c8f77dbb8-trzs6,5c8f77dbb8,default,default.teastore.serviceaccount.identity.linkerd.cluster.local,,,
1614827670.101,response_latency_ms_count,,,10.1.37.198:4191,linkerd-proxy,linkerd,,linkerd-prometheus-5bccd64d4d-jzwmt,,2642,,,,,linkerd-prometheus,prometheus,linkerd,outbound,,5bccd64d4d,200,true,linkerd,,10.1.40.98:4191,linkerd,teastore-auth,teastore,teastore-auth-5c8f77dbb8-trzs6,5c8f77dbb8,default,default.teastore.serviceaccount.identity.linkerd.cluster.local,,,
1614827680.101,response_latency_ms_count,,,10.1.37.198:4191,linkerd-proxy,linkerd,,linkerd-prometheus-5bccd64d4d-jzwmt,,2643,,,,,linkerd-prometheus,prometheus,linkerd,outbound,,5bccd64d4d,200,true,linkerd,,10.1.40.98:4191,linkerd,teastore-auth,teastore,teastore-auth-5c8f77dbb8-trzs6,5c8f77dbb8,default,default.teastore.serviceaccount.identity.linkerd.cluster.local,,,
1614827690.101,response_latency_ms_count,,,10.1.37.198:4191,linkerd-proxy,linkerd,,linkerd-prometheus-5bccd64d4d-jzwmt,,2644,,,,,linkerd-prometheus,prometheus,linkerd,outbound,,5bccd64d4d,200,true,linkerd,,10.1.40.98:4191,linkerd,teastore-auth,teastore,teastore-auth-5c8f77dbb8-trzs6,5c8f77dbb8,default,default.teastore.serviceaccount.identity.linkerd.cluster.local,,,
1614827700.102,response_latency_ms_count,,,10.1.37.198:4191,linkerd-proxy,linkerd,,linkerd-prometheus-5bccd64d4d-jzwmt,,2645,,,,,linkerd-prometheus,prometheus,linkerd,outbound,,5bccd64d4d,200,true,linkerd,,10.1.40.98:4191,linkerd,teastore-auth,teastore,teastore-auth-5c8f77dbb8-trzs6,5c8f77dbb8,default,default.teastore.serviceaccount.identity.linkerd.cluster.local,,,
1614827710.101,response_latency_ms_count,,,10.1.37.198:4191,linkerd-proxy,linkerd,,linkerd-prometheus-5bccd64d4d-jzwmt,,2646,,,,,linkerd-prometheus,prometheus,linkerd,outbound,,5bccd64d4d,200,true,linkerd,,10.1.40.98:4191,linkerd,teastore-auth,teastore,teastore-auth-5c8f77dbb8-trzs6,5c8f77dbb8,default,default.teastore.serviceaccount.identity.linkerd.cluster.local,,,
1614827720.101,response_latency_ms_count,,,10.1.37.198:4191,linkerd-proxy,linkerd,,linkerd-prometheus-5bccd64d4d-jzwmt,,2647,,,,,linkerd-prometheus,prometheus,linkerd,outbound,,5bccd64d4d,200,true,linkerd,,10.1.40.98:4191,linkerd,teastore-auth,teastore,teastore-auth-5c8f77dbb8-trzs6,5c8f77dbb8,default,default.teastore.serviceaccount.identity.linkerd.cluster.local,,,
1614827730.101,response_latency_ms_count,,,10.1.37.198:4191,linkerd-proxy,linkerd,,linkerd-prometheus-5bccd64d4d-jzwmt,,2648,,,,,linkerd-prometheus,prometheus,linkerd,outbound,,5bccd64d4d,200,true,linkerd,,10.1.40.98:4191,linkerd,teastore-auth,teastore,teastore-auth-5c8f77dbb8-trzs6,5c8f77dbb8,default,default.teastore.serviceaccount.identity.linkerd.cluster.local,,,
1614827740.101,response_latency_ms_count,,,10.1.37.198:4191,linkerd-proxy,linkerd,,linkerd-prometheus-5bccd64d4d-jzwmt,,2649,,,,,linkerd-prometheus,prometheus,linkerd,outbound,,5bccd64d4d,200,true,linkerd,,10.1.40.98:4191,linkerd,teastore-auth,teastore,teastore-auth-5c8f77dbb8-trzs6,5c8f77dbb8,default,default.teastore.serviceaccount.identity.linkerd.cluster.local,,,
1614827750.101,response_latency_ms_count,,,10.1.37.198:4191,linkerd-proxy,linkerd,,linkerd-prometheus-5bccd64d4d-jzwmt,,2650,,,,,linkerd-prometheus,prometheus,linkerd,outbound,,5bccd64d4d,200,true,linkerd,,10.1.40.98:4191,linkerd,teastore-auth,teastore,teastore-auth-5c8f77dbb8-trzs6,5c8f77dbb8,default,default.teastore.serviceaccount.identity.linkerd.cluster.local,,,
1614827760.101,response_latency_ms_count,,,10.1.37.198:4191,linkerd-proxy,linkerd,,linkerd-prometheus-5bccd64d4d-jzwmt,,2651,,,,,linkerd-prometheus,prometheus,linkerd,outbound,,5bccd64d4d,200,true,linkerd,,10.1.40.98:4191,linkerd,teastore-auth,teastore,teastore-auth-5c8f77dbb8-trzs6,5c8f77dbb8,default,default.teastore.serviceaccount.identity.linkerd.cluster.local,,,
1614827770.101,response_latency_ms_count,,,10.1.37.198:4191,linkerd-proxy,linkerd,,linkerd-prometheus-5bccd64d4d-jzwmt,,2652,,,,,linkerd-prometheus,prometheus,linkerd,outbound,,5bccd64d4d,200,true,linkerd,,10.1.40.98:4191,linkerd,teastore-auth,teastore,teastore-auth-5c8f77dbb8-trzs6,5c8f77dbb8,default,default.teastore.serviceaccount.identity.linkerd.cluster.local,,,
1614827780.101,response_latency_ms_count,,,10.1.37.198:4191,linkerd-proxy,linkerd,,linkerd-prometheus-5bccd64d4d-jzwmt,,2653,,,,,linkerd-prometheus,prometheus,linkerd,outbound,,5bccd64d4d,200,true,linkerd,,10.1.40.98:4191,linkerd,teastore-auth,teastore,teastore-auth-5c8f77dbb8-trzs6,5c8f77dbb8,default,default.teastore.serviceaccount.identity.linkerd.cluster.local,,,
1614827790.101,response_latency_ms_count,,,10.1.37.198:4191,linkerd-proxy,linkerd,,linkerd-prometheus-5bccd64d4d-jzwmt,,2654,,,,,linkerd-prometheus,prometheus,linkerd,outbound,,5bccd64d4d,200,true,linkerd,,10.1.40.98:4191,linkerd,teastore-auth,teastore,teastore-auth-5c8f77dbb8-trzs6,5c8f77dbb8,default,default.teastore.serviceaccount.identity.linkerd.cluster.local,,,
1614827800.101,response_latency_ms_count,,,10.1.37.198:4191,linkerd-proxy,linkerd,,linkerd-prometheus-5bccd64d4d-jzwmt,,2655,,,,,linkerd-prometheus,prometheus,linkerd,outbound,,5bccd64d4d,200,true,linkerd,,10.1.40.98:4191,linkerd,teastore-auth,teastore,teastore-auth-5c8f77dbb8-trzs6,5c8f77dbb8,default,default.teastore.serviceaccount.identity.linkerd.cluster.local,,,
1614827640.101,response_latency_ms_count,,,10.1.37.198:4191,linkerd-proxy,linkerd,,linkerd-prometheus-5bccd64d4d-jzwmt,,2639,,,,,linkerd-prometheus,prometheus,linkerd,outbound,,5bccd64d4d,200,true,linkerd,,10.1.40.96:4191,linkerd,teastore-registry,teastore,teastore-registry-c8b58678f-v869d,c8b58678f,default,default.teastore.serviceaccount.identity.linkerd.cluster.local,,,
1614827650.102,response_latency_ms_count,,,10.1.37.198:4191,linkerd-proxy,linkerd,,linkerd-prometheus-5bccd64d4d-jzwmt,,2640,,,,,linkerd-prometheus,prometheus,linkerd,outbound,,5bccd64d4d,200,true,linkerd,,10.1.40.96:4191,linkerd,teastore-registry,teastore,teastore-registry-c8b58678f-v869d,c8b58678f,default,default.teastore.serviceaccount.identity.linkerd.cluster.local,,,
1614827660.102,response_latency_ms_count,,,10.1.37.198:4191,linkerd-proxy,linkerd,,linkerd-prometheus-5bccd64d4d-jzwmt,,2641,,,,,linkerd-prometheus,prometheus,linkerd,outbound,,5bccd64d4d,200,true,linkerd,,10.1.40.96:4191,linkerd,teastore-registry,teastore,teastore-registry-c8b58678f-v869d,c8b58678f,default,default.teastore.serviceaccount.identity.linkerd.cluster.local,,,
1614827670.101,response_latency_ms_count,,,10.1.37.198:4191,linkerd-proxy,linkerd,,linkerd-prometheus-5bccd64d4d-jzwmt,,2642,,,,,linkerd-prometheus,prometheus,linkerd,outbound,,5bccd64d4d,200,true,linkerd,,10.1.40.96:4191,linkerd,teastore-registry,teastore,teastore-registry-c8b58678f-v869d,c8b58678f,default,default.teastore.serviceaccount.identity.linkerd.cluster.local,,,
1614827680.101,response_latency_ms_count,,,10.1.37.198:4191,linkerd-proxy,linkerd,,linkerd-prometheus-5bccd64d4d-jzwmt,,2643,,,,,linkerd-prometheus,prometheus,linkerd,outbound,,5bccd64d4d,200,true,linkerd,,10.1.40.96:4191,linkerd,teastore-registry,teastore,teastore-registry-c8b58678f-v869d,c8b58678f,default,default.teastore.serviceaccount.identity.linkerd.cluster.local,,,
1614827690.101,response_latency_ms_count,,,10.1.37.198:4191,linkerd-proxy,linkerd,,linkerd-prometheus-5bccd64d4d-jzwmt,,2644,,,,,linkerd-prometheus,prometheus,linkerd,outbound,,5bccd64d4d,200,true,linkerd,,10.1.40.96:4191,linkerd,teastore-registry,teastore,teastore-registry-c8b58678f-v869d,c8b58678f,default,default.teastore.serviceaccount.identity.linkerd.cluster.local,,,
1614827700.102,response_latency_ms_count,,,10.1.37.198:4191,linkerd-proxy,linkerd,,linkerd-prometheus-5bccd64d4d-jzwmt,,2645,,,,,linkerd-prometheus,prometheus,linkerd,outbound,,5bccd64d4d,200,true,linkerd,,10.1.40.96:4191,linkerd,teastore-registry,teastore,teastore-registry-c8b58678f-v869d,c8b58678f,default,default.teastore.serviceaccount.identity.linkerd.cluster.local,,,
1614827710.101,response_latency_ms_count,,,10.1.37.198:4191,linkerd-proxy,linkerd,,linkerd-prometheus-5bccd64d4d-jzwmt,,2646,,,,,linkerd-prometheus,prometheus,linkerd,outbound,,5bccd64d4d,200,true,linkerd,,10.1.40.96:4191,linkerd,teastore-registry,teastore,teastore-registry-c8b58678f-v869d,c8b58678f,default,default.teastore.serviceaccount.identity.linkerd.cluster.local,,,
1614827720.101,response_latency_ms_count,,,10.1.37.198:4191,linkerd-proxy,linkerd,,linkerd-prometheus-5bccd64d4d-jzwmt,,2647,,,,,linkerd-prometheus,prometheus,linkerd,outbound,,5bccd64d4d,200,true,linkerd,,10.1.40.96:4191,linkerd,teastore-registry,teastore,teastore-registry-c8b58678f-v869d,c8b58678f,default,default.teastore.serviceaccount.identity.linkerd.cluster.local,,,
1614827730.101,response_latency_ms_count,,,10.1.37.198:4191,linkerd-proxy,linkerd,,linkerd-prometheus-5bccd64d4d-jzwmt,,2648,,,,,linkerd-prometheus,prometheus,linkerd,outbound,,5bccd64d4d,200,true,linkerd,,10.1.40.96:4191,linkerd,teastore-registry,teastore,teastore-registry-c8b58678f-v869d,c8b58678f,default,default.teastore.serviceaccount.identity.linkerd.cluster.local,,,
1614827740.101,response_latency_ms_count,,,10.1.37.198:4191,linkerd-proxy,linkerd,,linkerd-prometheus-5bccd64d4d-jzwmt,,2649,,,,,linkerd-prometheus,prometheus,linkerd,outbound,,5bccd64d4d,200,true,linkerd,,10.1.40.96:4191,linkerd,teastore-registry,teastore,teastore-registry-c8b58678f-v869d,c8b58678f,default,default.teastore.serviceaccount.identity.linkerd.cluster.local,,,
1614827750.101,response_latency_ms_count,,,10.1.37.198:4191,linkerd-proxy,linkerd,,linkerd-prometheus-5bccd64d4d-jzwmt,,2650,,,,,linkerd-prometheus,prometheus,linkerd,outbound,,5bccd64d4d,200,true,linkerd,,10.1.40.96:4191,linkerd,teastore-registry,teastore,teastore-registry-c8b58678f-v869d,c8b58678f,default,default.teastore.serviceaccount.identity.linkerd.cluster.local,,,
1614827760.101,response_latency_ms_count,,,10.1.37.198:4191,linkerd-proxy,linkerd,,linkerd-prometheus-5bccd64d4d-jzwmt,,2651,,,,,linkerd-prometheus,prometheus,linkerd,outbound,,5bccd64d4d,200,true,linkerd,,10.1.40.96:4191,linkerd,teastore-registry,teastore,teastore-registry-c8b58678f-v869d,c8b58678f,default,default.teastore.serviceaccount.identity.linkerd.cluster.local,,,
1614827770.101,response_latency_ms_count,,,10.1.37.198:4191,linkerd-proxy,linkerd,,linkerd-prometheus-5bccd64d4d-jzwmt,,2652,,,,,linkerd-prometheus,prometheus,linkerd,outbound,,5bccd64d4d,200,true,linkerd,,10.1.40.96:4191,linkerd,teastore-registry,teastore,teastore-registry-c8b58678f-v869d,c8b58678f,default,default.teastore.serviceaccount.identity.linkerd.cluster.local,,,
1614827780.101,response_latency_ms_count,,,10.1.37.198:4191,linkerd-proxy,linkerd,,linkerd-prometheus-5bccd64d4d-jzwmt,,2653,,,,,linkerd-prometheus,prometheus,linkerd,outbound,,5bccd64d4d,200,true,linkerd,,10.1.40.96:4191,linkerd,teastore-registry,teastore,teastore-registry-c8b58678f-v869d,c8b58678f,default,default.teastore.serviceaccount.identity.linkerd.cluster.local,,,
1614827790.101,response_latency_ms_count,,,10.1.37.198:4191,linkerd-proxy,linkerd,,linkerd-prometheus-5bccd64d4d-jzwmt,,2654,,,,,linkerd-prometheus,prometheus,linkerd,outbound,,5bccd64d4d,200,true,linkerd,,10.1.40.96:4191,linkerd,teastore-registry,teastore,teastore-registry-c8b58678f-v869d,c8b58678f,default,default.teastore.serviceaccount.identity.linkerd.cluster.local,,,
1614827800.101,response_latency_ms_count,,,10.1.37.198:4191,linkerd-proxy,linkerd,,linkerd-prometheus-5bccd64d4d-jzwmt,,2655,,,,,linkerd-prometheus,prometheus,linkerd,outbound,,5bccd64d4d,200,true,linkerd,,10.1.40.96:4191,linkerd,teastore-registry,teastore,teastore-registry-c8b58678f-v869d,c8b58678f,default,default.teastore.serviceaccount.identity.linkerd.cluster.local,,,
1614827640.101,response_latency_ms_count,,,10.1.37.198:4191,linkerd-proxy,linkerd,,linkerd-prometheus-5bccd64d4d-jzwmt,,2639,,,,,linkerd-prometheus,prometheus,linkerd,outbound,,5bccd64d4d,200,true,linkerd,,10.1.40.100:4191,linkerd,teastore-recommender,teastore,teastore-recommender-597fccb746-dbm6l,597fccb746,default,default.teastore.serviceaccount.identity.linkerd.cluster.local,,,
1614827650.102,response_latency_ms_count,,,10.1.37.198:4191,linkerd-proxy,linkerd,,linkerd-prometheus-5bccd64d4d-jzwmt,,2640,,,,,linkerd-prometheus,prometheus,linkerd,outbound,,5bccd64d4d,200,true,linkerd,,10.1.40.100:4191,linkerd,teastore-recommender,teastore,teastore-recommender-597fccb746-dbm6l,597fccb746,default,default.teastore.serviceaccount.identity.linkerd.cluster.local,,,
1614827660.102,response_latency_ms_count,,,10.1.37.198:4191,linkerd-proxy,linkerd,,linkerd-prometheus-5bccd64d4d-jzwmt,,2641,,,,,linkerd-prometheus,prometheus,linkerd,outbound,,5bccd64d4d,200,true,linkerd,,10.1.40.100:4191,linkerd,teastore-recommender,teastore,teastore-recommender-597fccb746-dbm6l,597fccb746,default,default.teastore.serviceaccount.identity.linkerd.cluster.local,,,
1614827670.101,response_latency_ms_count,,,10.1.37.198:4191,linkerd-proxy,linkerd,,linkerd-prometheus-5bccd64d4d-jzwmt,,2642,,,,,linkerd-prometheus,prometheus,linkerd,outbound,,5bccd64d4d,200,true,linkerd,,10.1.40.100:4191,linkerd,teastore-recommender,teastore,teastore-recommender-597fccb746-dbm6l,597fccb746,default,default.teastore.serviceaccount.identity.linkerd.cluster.local,,,
1614827680.101,response_latency_ms_count,,,10.1.37.198:4191,linkerd-proxy,linkerd,,linkerd-prometheus-5bccd64d4d-jzwmt,,2643,,,,,linkerd-prometheus,prometheus,linkerd,outbound,,5bccd64d4d,200,true,linkerd,,10.1.40.100:4191,linkerd,teastore-recommender,teastore,teastore-recommender-597fccb746-dbm6l,597fccb746,default,default.teastore.serviceaccount.identity.linkerd.cluster.local,,,
1614827690.101,response_latency_ms_count,,,10.1.37.198:4191,linkerd-proxy,linkerd,,linkerd-prometheus-5bccd64d4d-jzwmt,,2644,,,,,linkerd-prometheus,prometheus,linkerd,outbound,,5bccd64d4d,200,true,linkerd,,10.1.40.100:4191,linkerd,teastore-recommender,teastore,teastore-recommender-597fccb746-dbm6l,597fccb746,default,default.teastore.serviceaccount.identity.linkerd.cluster.local,,,
1614827700.102,response_latency_ms_count,,,10.1.37.198:4191,linkerd-proxy,linkerd,,linkerd-prometheus-5bccd64d4d-jzwmt,,2645,,,,,linkerd-prometheus,prometheus,linkerd,outbound,,5bccd64d4d,200,true,linkerd,,10.1.40.100:4191,linkerd,teastore-recommender,teastore,teastore-recommender-597fccb746-dbm6l,597fccb746,default,default.teastore.serviceaccount.identity.linkerd.cluster.local,,,
1614827710.101,response_latency_ms_count,,,10.1.37.198:4191,linkerd-proxy,linkerd,,linkerd-prometheus-5bccd64d4d-jzwmt,,2646,,,,,linkerd-prometheus,prometheus,linkerd,outbound,,5bccd64d4d,200,true,linkerd,,10.1.40.100:4191,linkerd,teastore-recommender,teastore,teastore-recommender-597fccb746-dbm6l,597fccb746,default,default.teastore.serviceaccount.identity.linkerd.cluster.local,,,
1614827720.101,response_latency_ms_count,,,10.1.37.198:4191,linkerd-proxy,linkerd,,linkerd-prometheus-5bccd64d4d-jzwmt,,2647,,,,,linkerd-prometheus,prometheus,linkerd,outbound,,5bccd64d4d,200,true,linkerd,,10.1.40.100:4191,linkerd,teastore-recommender,teastore,teastore-recommender-597fccb746-dbm6l,597fccb746,default,default.teastore.serviceaccount.identity.linkerd.cluster.local,,,
1614827730.101,response_latency_ms_count,,,10.1.37.198:4191,linkerd-proxy,linkerd,,linkerd-prometheus-5bccd64d4d-jzwmt,,2648,,,,,linkerd-prometheus,prometheus,linkerd,outbound,,5bccd64d4d,200,true,linkerd,,10.1.40.100:4191,linkerd,teastore-recommender,teastore,teastore-recommender-597fccb746-dbm6l,597fccb746,default,default.teastore.serviceaccount.identity.linkerd.cluster.local,,,
1614827740.101,response_latency_ms_count,,,10.1.37.198:4191,linkerd-proxy,linkerd,,linkerd-prometheus-5bccd64d4d-jzwmt,,2649,,,,,linkerd-prometheus,prometheus,linkerd,outbound,,5bccd64d4d,200,true,linkerd,,10.1.40.100:4191,linkerd,teastore-recommender,teastore,teastore-recommender-597fccb746-dbm6l,597fccb746,default,default.teastore.serviceaccount.identity.linkerd.cluster.local,,,
1614827750.101,response_latency_ms_count,,,10.1.37.198:4191,linkerd-proxy,linkerd,,linkerd-prometheus-5bccd64d4d-jzwmt,,2650,,,,,linkerd-prometheus,prometheus,linkerd,outbound,,5bccd64d4d,200,true,linkerd,,10.1.40.100:4191,linkerd,teastore-recommender,teastore,teastore-recommender-597fccb746-dbm6l,597fccb746,default,default.teastore.serviceaccount.identity.linkerd.cluster.local,,,
1614827760.101,response_latency_ms_count,,,10.1.37.198:4191,linkerd-proxy,linkerd,,linkerd-prometheus-5bccd64d4d-jzwmt,,2651,,,,,linkerd-prometheus,prometheus,linkerd,outbound,,5bccd64d4d,200,true,linkerd,,10.1.40.100:4191,linkerd,teastore-recommender,teastore,teastore-recommender-597fccb746-dbm6l,597fccb746,default,default.teastore.serviceaccount.identity.linkerd.cluster.local,,,
1614827770.101,response_latency_ms_count,,,10.1.37.198:4191,linkerd-proxy,linkerd,,linkerd-prometheus-5bccd64d4d-jzwmt,,2652,,,,,linkerd-prometheus,prometheus,linkerd,outbound,,5bccd64d4d,200,true,linkerd,,10.1.40.100:4191,linkerd,teastore-recommender,teastore,teastore-recommender-597fccb746-dbm6l,597fccb746,default,default.teastore.serviceaccount.identity.linkerd.cluster.local,,,
1614827780.101,response_latency_ms_count,,,10.1.37.198:4191,linkerd-proxy,linkerd,,linkerd-prometheus-5bccd64d4d-jzwmt,,2653,,,,,linkerd-prometheus,prometheus,linkerd,outbound,,5bccd64d4d,200,true,linkerd,,10.1.40.100:4191,linkerd,teastore-recommender,teastore,teastore-recommender-597fccb746-dbm6l,597fccb746,default,default.teastore.serviceaccount.identity.linkerd.cluster.local,,,
1614827790.101,response_latency_ms_count,,,10.1.37.198:4191,linkerd-proxy,linkerd,,linkerd-prometheus-5bccd64d4d-jzwmt,,2654,,,,,linkerd-prometheus,prometheus,linkerd,outbound,,5bccd64d4d,200,true,linkerd,,10.1.40.100:4191,linkerd,teastore-recommender,teastore,teastore-recommender-597fccb746-dbm6l,597fccb746,default,default.teastore.serviceaccount.identity.linkerd.cluster.local,,,
1614827800.101,response_latency_ms_count,,,10.1.37.198:4191,linkerd-proxy,linkerd,,linkerd-prometheus-5bccd64d4d-jzwmt,,2655,,,,,linkerd-prometheus,prometheus,linkerd,outbound,,5bccd64d4d,200,true,linkerd,,10.1.40.100:4191,linkerd,teastore-recommender,teastore,teastore-recommender-597fccb746-dbm6l,597fccb746,default,default.teastore.serviceaccount.identity.linkerd.cluster.local,,,
1614827637.443,response_latency_ms_count,,,10.1.40.99:4191,linkerd-proxy,teastore,,teastore-image-77b5d74b7d-d27bk,,21102,,,,,teastore-image,,linkerd,outbound,,77b5d74b7d,200,true,teastore,,teastore-registry.teastore.svc.cluster.local:8080,linkerd,teastore-registry,teastore,teastore-registry-c8b58678f-v869d,c8b58678f,default,default.teastore.serviceaccount.identity.linkerd.cluster.local,teastore,teastore-registry,teastore-image
1614827647.443,response_latency_ms_count,,,10.1.40.99:4191,linkerd-proxy,teastore,,teastore-image-77b5d74b7d-d27bk,,21110,,,,,teastore-image,,linkerd,outbound,,77b5d74b7d,200,true,teastore,,teastore-registry.teastore.svc.cluster.local:8080,linkerd,teastore-registry,teastore,teastore-registry-c8b58678f-v869d,c8b58678f,default,default.teastore.serviceaccount.identity.linkerd.cluster.local,teastore,teastore-registry,teastore-image
1614827657.443,response_latency_ms_count,,,10.1.40.99:4191,linkerd-proxy,teastore,,teastore-image-77b5d74b7d-d27bk,,21118,,,,,teastore-image,,linkerd,outbound,,77b5d74b7d,200,true,teastore,,teastore-registry.teastore.svc.cluster.local:8080,linkerd,teastore-registry,teastore,teastore-registry-c8b58678f-v869d,c8b58678f,default,default.teastore.serviceaccount.identity.linkerd.cluster.local,teastore,teastore-registry,teastore-image
1614827667.443,response_latency_ms_count,,,10.1.40.99:4191,linkerd-proxy,teastore,,teastore-image-77b5d74b7d-d27bk,,21126,,,,,teastore-image,,linkerd,outbound,,77b5d74b7d,200,true,teastore,,teastore-registry.teastore.svc.cluster.local:8080,linkerd,teastore-registry,teastore,teastore-registry-c8b58678f-v869d,c8b58678f,default,default.teastore.serviceaccount.identity.linkerd.cluster.local,teastore,teastore-registry,teastore-image
1614827677.443,response_latency_ms_count,,,10.1.40.99:4191,linkerd-proxy,teastore,,teastore-image-77b5d74b7d-d27bk,,21134,,,,,teastore-image,,linkerd,outbound,,77b5d74b7d,200,true,teastore,,teastore-registry.teastore.svc.cluster.local:8080,linkerd,teastore-registry,teastore,teastore-registry-c8b58678f-v869d,c8b58678f,default,default.teastore.serviceaccount.identity.linkerd.cluster.local,teastore,teastore-registry,teastore-image
1614827687.443,response_latency_ms_count,,,10.1.40.99:4191,linkerd-proxy,teastore,,teastore-image-77b5d74b7d-d27bk,,21142,,,,,teastore-image,,linkerd,outbound,,77b5d74b7d,200,true,teastore,,teastore-registry.teastore.svc.cluster.local:8080,linkerd,teastore-registry,teastore,teastore-registry-c8b58678f-v869d,c8b58678f,default,default.teastore.serviceaccount.identity.linkerd.cluster.local,teastore,teastore-registry,teastore-image
1614827697.443,response_latency_ms_count,,,10.1.40.99:4191,linkerd-proxy,teastore,,teastore-image-77b5d74b7d-d27bk,,21150,,,,,teastore-image,,linkerd,outbound,,77b5d74b7d,200,true,teastore,,teastore-registry.teastore.svc.cluster.local:8080,linkerd,teastore-registry,teastore,teastore-registry-c8b58678f-v869d,c8b58678f,default,default.teastore.serviceaccount.identity.linkerd.cluster.local,teastore,teastore-registry,teastore-image
1614827707.443,response_latency_ms_count,,,10.1.40.99:4191,linkerd-proxy,teastore,,teastore-image-77b5d74b7d-d27bk,,21158,,,,,teastore-image,,linkerd,outbound,,77b5d74b7d,200,true,teastore,,teastore-registry.teastore.svc.cluster.local:8080,linkerd,teastore-registry,teastore,teastore-registry-c8b58678f-v869d,c8b58678f,default,default.teastore.serviceaccount.identity.linkerd.cluster.local,teastore,teastore-registry,teastore-image
1614827717.443,response_latency_ms_count,,,10.1.40.99:4191,linkerd-proxy,teastore,,teastore-image-77b5d74b7d-d27bk,,21166,,,,,teastore-image,,linkerd,outbound,,77b5d74b7d,200,true,teastore,,teastore-registry.teastore.svc.cluster.local:8080,linkerd,teastore-registry,teastore,teastore-registry-c8b58678f-v869d,c8b58678f,default,default.teastore.serviceaccount.identity.linkerd.cluster.local,teastore,teastore-registry,teastore-image
1614827727.443,response_latency_ms_count,,,10.1.40.99:4191,linkerd-proxy,teastore,,teastore-image-77b5d74b7d-d27bk,,21174,,,,,teastore-image,,linkerd,outbound,,77b5d74b7d,200,true,teastore,,teastore-registry.teastore.svc.cluster.local:8080,linkerd,teastore-registry,teastore,teastore-registry-c8b58678f-v869d,c8b58678f,default,default.teastore.serviceaccount.identity.linkerd.cluster.local,teastore,teastore-registry,teastore-image
1614827737.443,response_latency_ms_count,,,10.1.40.99:4191,linkerd-proxy,teastore,,teastore-image-77b5d74b7d-d27bk,,21182,,,,,teastore-image,,linkerd,outbound,,77b5d74b7d,200,true,teastore,,teastore-registry.teastore.svc.cluster.local:8080,linkerd,teastore-registry,teastore,teastore-registry-c8b58678f-v869d,c8b58678f,default,default.teastore.serviceaccount.identity.linkerd.cluster.local,teastore,teastore-registry,teastore-image
1614827747.443,response_latency_ms_count,,,10.1.40.99:4191,linkerd-proxy,teastore,,teastore-image-77b5d74b7d-d27bk,,21190,,,,,teastore-image,,linkerd,outbound,,77b5d74b7d,200,true,teastore,,teastore-registry.teastore.svc.cluster.local:8080,linkerd,teastore-registry,teastore,teastore-registry-c8b58678f-v869d,c8b58678f,default,default.teastore.serviceaccount.identity.linkerd.cluster.local,teastore,teastore-registry,teastore-image
1614827757.443,response_latency_ms_count,,,10.1.40.99:4191,linkerd-proxy,teastore,,teastore-image-77b5d74b7d-d27bk,,21198,,,,,teastore-image,,linkerd,outbound,,77b5d74b7d,200,true,teastore,,teastore-registry.teastore.svc.cluster.local:8080,linkerd,teastore-registry,teastore,teastore-registry-c8b58678f-v869d,c8b58678f,default,default.teastore.serviceaccount.identity.linkerd.cluster.local,teastore,teastore-registry,teastore-image
1614827767.443,response_latency_ms_count,,,10.1.40.99:4191,linkerd-proxy,teastore,,teastore-image-77b5d74b7d-d27bk,,21206,,,,,teastore-image,,linkerd,outbound,,77b5d74b7d,200,true,teastore,,teastore-registry.teastore.svc.cluster.local:8080,linkerd,teastore-registry,teastore,teastore-registry-c8b58678f-v869d,c8b58678f,default,default.teastore.serviceaccount.identity.linkerd.cluster.local,teastore,teastore-registry,teastore-image
1614827777.443,response_latency_ms_count,,,10.1.40.99:4191,linkerd-proxy,teastore,,teastore-image-77b5d74b7d-d27bk,,21214,,,,,teastore-image,,linkerd,outbound,,77b5d74b7d,200,true,teastore,,teastore-registry.teastore.svc.cluster.local:8080,linkerd,teastore-registry,teastore,teastore-registry-c8b58678f-v869d,c8b58678f,default,default.teastore.serviceaccount.identity.linkerd.cluster.local,teastore,teastore-registry,teastore-image
1614827787.444,response_latency_ms_count,,,10.1.40.99:4191,linkerd-proxy,teastore,,teastore-image-77b5d74b7d-d27bk,,21222,,,,,teastore-image,,linkerd,outbound,,77b5d74b7d,200,true,teastore,,teastore-registry.teastore.svc.cluster.local:8080,linkerd,teastore-registry,teastore,teastore-registry-c8b58678f-v869d,c8b58678f,default,default.teastore.serviceaccount.identity.linkerd.cluster.local,teastore,teastore-registry,teastore-image
1614827797.443,response_latency_ms_count,,,10.1.40.99:4191,linkerd-proxy,teastore,,teastore-image-77b5d74b7d-d27bk,,21230,,,,,teastore-image,,linkerd,outbound,,77b5d74b7d,200,true,teastore,,teastore-registry.teastore.svc.cluster.local:8080,linkerd,teastore-registry,teastore,teastore-registry-c8b58678f-v869d,c8b58678f,default,default.teastore.serviceaccount.identity.linkerd.cluster.local,teastore,teastore-registry,teastore-image
1614827807.445,response_latency_ms_count,,,10.1.40.99:4191,linkerd-proxy,teastore,,teastore-image-77b5d74b7d-d27bk,,21238,,,,,teastore-image,,linkerd,outbound,,77b5d74b7d,200,true,teastore,,teastore-registry.teastore.svc.cluster.local:8080,linkerd,teastore-registry,teastore,teastore-registry-c8b58678f-v869d,c8b58678f,default,default.teastore.serviceaccount.identity.linkerd.cluster.local,teastore,teastore-registry,teastore-image
1614827638.823,response_latency_ms_count,,,10.1.40.96:4191,linkerd-proxy,teastore,,teastore-registry-c8b58678f-v869d,,227285,,,,,teastore-registry,,linkerd,inbound,,c8b58678f,200,true,teastore,default.teastore.serviceaccount.identity.linkerd.cluster.local,teastore-registry.teastore.svc.cluster.local:8080,,,,,,,,teastore,,teastore-registry
1614827648.823,response_latency_ms_count,,,10.1.40.96:4191,linkerd-proxy,teastore,,teastore-registry-c8b58678f-v869d,,227357,,,,,teastore-registry,,linkerd,inbound,,c8b58678f,200,true,teastore,default.teastore.serviceaccount.identity.linkerd.cluster.local,teastore-registry.teastore.svc.cluster.local:8080,,,,,,,,teastore,,teastore-registry
1614827658.824,response_latency_ms_count,,,10.1.40.96:4191,linkerd-proxy,teastore,,teastore-registry-c8b58678f-v869d,,227425,,,,,teastore-registry,,linkerd,inbound,,c8b58678f,200,true,teastore,default.teastore.serviceaccount.identity.linkerd.cluster.local,teastore-registry.teastore.svc.cluster.local:8080,,,,,,,,teastore,,teastore-registry
1614827668.823,response_latency_ms_count,,,10.1.40.96:4191,linkerd-proxy,teastore,,teastore-registry-c8b58678f-v869d,,227500,,,,,teastore-registry,,linkerd,inbound,,c8b58678f,200,true,teastore,default.teastore.serviceaccount.identity.linkerd.cluster.local,teastore-registry.teastore.svc.cluster.local:8080,,,,,,,,teastore,,teastore-registry
1614827678.824,response_latency_ms_count,,,10.1.40.96:4191,linkerd-proxy,teastore,,teastore-registry-c8b58678f-v869d,,227571,,,,,teastore-registry,,linkerd,inbound,,c8b58678f,200,true,teastore,default.teastore.serviceaccount.identity.linkerd.cluster.local,teastore-registry.teastore.svc.cluster.local:8080,,,,,,,,teastore,,teastore-registry
1614827688.823,response_latency_ms_count,,,10.1.40.96:4191,linkerd-proxy,teastore,,teastore-registry-c8b58678f-v869d,,227638,,,,,teastore-registry,,linkerd,inbound,,c8b58678f,200,true,teastore,default.teastore.serviceaccount.identity.linkerd.cluster.local,teastore-registry.teastore.svc.cluster.local:8080,,,,,,,,teastore,,teastore-registry
1614827698.823,response_latency_ms_count,,,10.1.40.96:4191,linkerd-proxy,teastore,,teastore-registry-c8b58678f-v869d,,227714,,,,,teastore-registry,,linkerd,inbound,,c8b58678f,200,true,teastore,default.teastore.serviceaccount.identity.linkerd.cluster.local,teastore-registry.teastore.svc.cluster.local:8080,,,,,,,,teastore,,teastore-registry
1614827708.823,response_latency_ms_count,,,10.1.40.96:4191,linkerd-proxy,teastore,,teastore-registry-c8b58678f-v869d,,227787,,,,,teastore-registry,,linkerd,inbound,,c8b58678f,200,true,teastore,default.teastore.serviceaccount.identity.linkerd.cluster.local,teastore-registry.teastore.svc.cluster.local:8080,,,,,,,,teastore,,teastore-registry
1614827718.823,response_latency_ms_count,,,10.1.40.96:4191,linkerd-proxy,teastore,,teastore-registry-c8b58678f-v869d,,227860,,,,,teastore-registry,,linkerd,inbound,,c8b58678f,200,true,teastore,default.teastore.serviceaccount.identity.linkerd.cluster.local,teastore-registry.teastore.svc.cluster.local:8080,,,,,,,,teastore,,teastore-registry
1614827728.823,response_latency_ms_count,,,10.1.40.96:4191,linkerd-proxy,teastore,,teastore-registry-c8b58678f-v869d,,227929,,,,,teastore-registry,,linkerd,inbound,,c8b58678f,200,true,teastore,default.teastore.serviceaccount.identity.linkerd.cluster.local,teastore-registry.teastore.svc.cluster.local:8080,,,,,,,,teastore,,teastore-registry
1614827738.823,response_latency_ms_count,,,10.1.40.96:4191,linkerd-proxy,teastore,,teastore-registry-c8b58678f-v869d,,227983,,,,,teastore-registry,,linkerd,inbound,,c8b58678f,200,true,teastore,default.teastore.serviceaccount.identity.linkerd.cluster.local,teastore-registry.teastore.svc.cluster.local:8080,,,,,,,,teastore,,teastore-registry
1614827748.823,response_latency_ms_count,,,10.1.40.96:4191,linkerd-proxy,teastore,,teastore-registry-c8b58678f-v869d,,228058,,,,,teastore-registry,,linkerd,inbound,,c8b58678f,200,true,teastore,default.teastore.serviceaccount.identity.linkerd.cluster.local,teastore-registry.teastore.svc.cluster.local:8080,,,,,,,,teastore,,teastore-registry
1614827758.823,response_latency_ms_count,,,10.1.40.96:4191,linkerd-proxy,teastore,,teastore-registry-c8b58678f-v869d,,228128,,,,,teastore-registry,,linkerd,inbound,,c8b58678f,200,true,teastore,default.teastore.serviceaccount.identity.linkerd.cluster.local,teastore-registry.teastore.svc.cluster.local:8080,,,,,,,,teastore,,teastore-registry
1614827768.823,response_latency_ms_count,,,10.1.40.96:4191,linkerd-proxy,teastore,,teastore-registry-c8b58678f-v869d,,228202,,,,,teastore-registry,,linkerd,inbound,,c8b58678f,200,true,teastore,default.teastore.serviceaccount.identity.linkerd.cluster.local,teastore-registry.teastore.svc.cluster.local:8080,,,,,,,,teastore,,teastore-registry
1614827778.823,response_latency_ms_count,,,10.1.40.96:4191,linkerd-proxy,teastore,,teastore-registry-c8b58678f-v869d,,228259,,,,,teastore-registry,,linkerd,inbound,,c8b58678f,200,true,teastore,default.teastore.serviceaccount.identity.linkerd.cluster.local,teastore-registry.teastore.svc.cluster.local:8080,,,,,,,,teastore,,teastore-registry
1614827788.823,response_latency_ms_count,,,10.1.40.96:4191,linkerd-proxy,teastore,,teastore-registry-c8b58678f-v869d,,228316,,,,,teastore-registry,,linkerd,inbound,,c8b58678f,200,true,teastore,default.teastore.serviceaccount.identity.linkerd.cluster.local,teastore-registry.teastore.svc.cluster.local:8080,,,,,,,,teastore,,teastore-registry
1614827798.823,response_latency_ms_count,,,10.1.40.96:4191,linkerd-proxy,teastore,,teastore-registry-c8b58678f-v869d,,228368,,,,,teastore-registry,,linkerd,inbound,,c8b58678f,200,true,teastore,default.teastore.serviceaccount.identity.linkerd.cluster.local,teastore-registry.teastore.svc.cluster.local:8080,,,,,,,,teastore,,teastore-registry
1614827808.823,response_latency_ms_count,,,10.1.40.96:4191,linkerd-proxy,teastore,,teastore-registry-c8b58678f-v869d,,228429,,,,,teastore-registry,,linkerd,inbound,,c8b58678f,200,true,teastore,default.teastore.serviceaccount.identity.linkerd.cluster.local,teastore-registry.teastore.svc.cluster.local:8080,,,,,,,,teastore,,teastore-registry
1614827638.823,response_latency_ms_count,,,10.1.40.96:4191,linkerd-proxy,teastore,,teastore-registry-c8b58678f-v869d,,32,,,,,teastore-registry,,linkerd,inbound,,c8b58678f,201,true,teastore,default.teastore.serviceaccount.identity.linkerd.cluster.local,teastore-registry.teastore.svc.cluster.local:8080,,,,,,,,teastore,,teastore-registry
1614827648.823,response_latency_ms_count,,,10.1.40.96:4191,linkerd-proxy,teastore,,teastore-registry-c8b58678f-v869d,,32,,,,,teastore-registry,,linkerd,inbound,,c8b58678f,201,true,teastore,default.teastore.serviceaccount.identity.linkerd.cluster.local,teastore-registry.teastore.svc.cluster.local:8080,,,,,,,,teastore,,teastore-registry
1614827658.824,response_latency_ms_count,,,10.1.40.96:4191,linkerd-proxy,teastore,,teastore-registry-c8b58678f-v869d,,32,,,,,teastore-registry,,linkerd,inbound,,c8b58678f,201,true,teastore,default.teastore.serviceaccount.identity.linkerd.cluster.local,teastore-registry.teastore.svc.cluster.local:8080,,,,,,,,teastore,,teastore-registry
1614827668.823,response_latency_ms_count,,,10.1.40.96:4191,linkerd-proxy,teastore,,teastore-registry-c8b58678f-v869d,,32,,,,,teastore-registry,,linkerd,inbound,,c8b58678f,201,true,teastore,default.teastore.serviceaccount.identity.linkerd.cluster.local,teastore-registry.teastore.svc.cluster.local:8080,,,,,,,,teastore,,teastore-registry
1614827678.824,response_latency_ms_count,,,10.1.40.96:4191,linkerd-proxy,teastore,,teastore-registry-c8b58678f-v869d,,32,,,,,teastore-registry,,linkerd,inbound,,c8b58678f,201,true,teastore,default.teastore.serviceaccount.identity.linkerd.cluster.local,teastore-registry.teastore.svc.cluster.local:8080,,,,,,,,teastore,,teastore-registry
1614827688.823,response_latency_ms_count,,,10.1.40.96:4191,linkerd-proxy,teastore,,teastore-registry-c8b58678f-v869d,,32,,,,,teastore-registry,,linkerd,inbound,,c8b58678f,201,true,teastore,default.teastore.serviceaccount.identity.linkerd.cluster.local,teastore-registry.teastore.svc.cluster.local:8080,,,,,,,,teastore,,teastore-registry
1614827698.823,response_latency_ms_count,,,10.1.40.96:4191,linkerd-proxy,teastore,,teastore-registry-c8b58678f-v869d,,32,,,,,teastore-registry,,linkerd,inbound,,c8b58678f,201,true,teastore,default.teastore.serviceaccount.identity.linkerd.cluster.local,teastore-registry.teastore.svc.cluster.local:8080,,,,,,,,teastore,,teastore-registry
1614827708.823,response_latency_ms_count,,,10.1.40.96:4191,linkerd-proxy,teastore,,teastore-registry-c8b58678f-v869d,,32,,,,,teastore-registry,,linkerd,inbound,,c8b58678f,201,true,teastore,default.teastore.serviceaccount.identity.linkerd.cluster.local,teastore-registry.teastore.svc.cluster.local:8080,,,,,,,,teastore,,teastore-registry
1614827718.823,response_latency_ms_count,,,10.1.40.96:4191,linkerd-proxy,teastore,,teastore-registry-c8b58678f-v869d,,32,,,,,teastore-registry,,linkerd,inbound,,c8b58678f,201,true,teastore,default.teastore.serviceaccount.identity.linkerd.cluster.local,teastore-registry.teastore.svc.cluster.local:8080,,,,,,,,teastore,,teastore-registry
1614827728.823,response_latency_ms_count,,,10.1.40.96:4191,linkerd-proxy,teastore,,teastore-registry-c8b58678f-v869d,,32,,,,,teastore-registry,,linkerd,inbound,,c8b58678f,201,true,teastore,default.teastore.serviceaccount.identity.linkerd.cluster.local,teastore-registry.teastore.svc.cluster.local:8080,,,,,,,,teastore,,teastore-registry
1614827738.823,response_latency_ms_count,,,10.1.40.96:4191,linkerd-proxy,teastore,,teastore-registry-c8b58678f-v869d,,32,,,,,teastore-registry,,linkerd,inbound,,c8b58678f,201,true,teastore,default.teastore.serviceaccount.identity.linkerd.cluster.local,teastore-registry.teastore.svc.cluster.local:8080,,,,,,,,teastore,,teastore-registry
1614827748.823,response_latency_ms_count,,,10.1.40.96:4191,linkerd-proxy,teastore,,teastore-registry-c8b58678f-v869d,,32,,,,,teastore-registry,,linkerd,inbound,,c8b58678f,201,true,teastore,default.teastore.serviceaccount.identity.linkerd.cluster.local,teastore-registry.teastore.svc.cluster.local:8080,,,,,,,,teastore,,teastore-registry
1614827758.823,response_latency_ms_count,,,10.1.40.96:4191,linkerd-proxy,teastore,,teastore-registry-c8b58678f-v869d,,32,,,,,teastore-registry,,linkerd,inbound,,c8b58678f,201,true,teastore,default.teastore.serviceaccount.identity.linkerd.cluster.local,teastore-registry.teastore.svc.cluster.local:8080,,,,,,,,teastore,,teastore-registry
1614827768.823,response_latency_ms_count,,,10.1.40.96:4191,linkerd-proxy,teastore,,teastore-registry-c8b58678f-v869d,,32,,,,,teastore-registry,,linkerd,inbound,,c8b58678f,201,true,teastore,default.teastore.serviceaccount.identity.linkerd.cluster.local,teastore-registry.teastore.svc.cluster.local:8080,,,,,,,,teastore,,teastore-registry
1614827778.823,response_latency_ms_count,,,10.1.40.96:4191,linkerd-proxy,teastore,,teastore-registry-c8b58678f-v869d,,32,,,,,teastore-registry,,linkerd,inbound,,c8b58678f,201,true,teastore,default.teastore.serviceaccount.identity.linkerd.cluster.local,teastore-registry.teastore.svc.cluster.local:8080,,,,,,,,teastore,,teastore-registry
1614827788.823,response_latency_ms_count,,,10.1.40.96:4191,linkerd-proxy,teastore,,teastore-registry-c8b58678f-v869d,,32,,,,,teastore-registry,,linkerd,inbound,,c8b58678f,201,true,teastore,default.teastore.serviceaccount.identity.linkerd.cluster.local,teastore-registry.teastore.svc.cluster.local:8080,,,,,,,,teastore,,teastore-registry
1614827798.823,response_latency_ms_count,,,10.1.40.96:4191,linkerd-proxy,teastore,,teastore-registry-c8b58678f-v869d,,32,,,,,teastore-registry,,linkerd,inbound,,c8b58678f,201,true,teastore,default.teastore.serviceaccount.identity.linkerd.cluster.local,teastore-registry.teastore.svc.cluster.local:8080,,,,,,,,teastore,,teastore-registry
1614827808.823,response_latency_ms_count,,,10.1.40.96:4191,linkerd-proxy,teastore,,teastore-registry-c8b58678f-v869d,,32,,,,,teastore-registry,,linkerd,inbound,,c8b58678f,201,true,teastore,default.teastore.serviceaccount.identity.linkerd.cluster.local,teastore-registry.teastore.svc.cluster.local:8080,,,,,,,,teastore,,teastore-registry
1614827631.064,response_latency_ms_count,,,10.1.40.100:4191,linkerd-proxy,teastore,,teastore-recommender-597fccb746-dbm6l,,31627,,,,,teastore-recommender,,linkerd,outbound,,597fccb746,200,true,teastore,,teastore-registry.teastore.svc.cluster.local:8080,linkerd,teastore-registry,teastore,teastore-registry-c8b58678f-v869d,c8b58678f,default,default.teastore.serviceaccount.identity.linkerd.cluster.local,teastore,teastore-registry,teastore-recommender
1614827641.064,response_latency_ms_count,,,10.1.40.100:4191,linkerd-proxy,teastore,,teastore-recommender-597fccb746-dbm6l,,31639,,,,,teastore-recommender,,linkerd,outbound,,597fccb746,200,true,teastore,,teastore-registry.teastore.svc.cluster.local:8080,linkerd,teastore-registry,teastore,teastore-registry-c8b58678f-v869d,c8b58678f,default,default.teastore.serviceaccount.identity.linkerd.cluster.local,teastore,teastore-registry,teastore-recommender
1614827651.064,response_latency_ms_count,,,10.1.40.100:4191,linkerd-proxy,teastore,,teastore-recommender-597fccb746-dbm6l,,31651,,,,,teastore-recommender,,linkerd,outbound,,597fccb746,200,true,teastore,,teastore-registry.teastore.svc.cluster.local:8080,linkerd,teastore-registry,teastore,teastore-registry-c8b58678f-v869d,c8b58678f,default,default.teastore.serviceaccount.identity.linkerd.cluster.local,teastore,teastore-registry,teastore-recommender
1614827661.064,response_latency_ms_count,,,10.1.40.100:4191,linkerd-proxy,teastore,,teastore-recommender-597fccb746-dbm6l,,31663,,,,,teastore-recommender,,linkerd,outbound,,597fccb746,200,true,teastore,,teastore-registry.teastore.svc.cluster.local:8080,linkerd,teastore-registry,teastore,teastore-registry-c8b58678f-v869d,c8b58678f,default,default.teastore.serviceaccount.identity.linkerd.cluster.local,teastore,teastore-registry,teastore-recommender
1614827671.064,response_latency_ms_count,,,10.1.40.100:4191,linkerd-proxy,teastore,,teastore-recommender-597fccb746-dbm6l,,31675,,,,,teastore-recommender,,linkerd,outbound,,597fccb746,200,true,teastore,,teastore-registry.teastore.svc.cluster.local:8080,linkerd,teastore-registry,teastore,teastore-registry-c8b58678f-v869d,c8b58678f,default,default.teastore.serviceaccount.identity.linkerd.cluster.local,teastore,teastore-registry,teastore-recommender
1614827681.064,response_latency_ms_count,,,10.1.40.100:4191,linkerd-proxy,teastore,,teastore-recommender-597fccb746-dbm6l,,31687,,,,,teastore-recommender,,linkerd,outbound,,597fccb746,200,true,teastore,,teastore-registry.teastore.svc.cluster.local:8080,linkerd,teastore-registry,teastore,teastore-registry-c8b58678f-v869d,c8b58678f,default,default.teastore.serviceaccount.identity.linkerd.cluster.local,teastore,teastore-registry,teastore-recommender
1614827691.064,response_latency_ms_count,,,10.1.40.100:4191,linkerd-proxy,teastore,,teastore-recommender-597fccb746-dbm6l,,31699,,,,,teastore-recommender,,linkerd,outbound,,597fccb746,200,true,teastore,,teastore-registry.teastore.svc.cluster.local:8080,linkerd,teastore-registry,teastore,teastore-registry-c8b58678f-v869d,c8b58678f,default,default.teastore.serviceaccount.identity.linkerd.cluster.local,teastore,teastore-registry,teastore-recommender
1614827701.064,response_latency_ms_count,,,10.1.40.100:4191,linkerd-proxy,teastore,,teastore-recommender-597fccb746-dbm6l,,31711,,,,,teastore-recommender,,linkerd,outbound,,597fccb746,200,true,teastore,,teastore-registry.teastore.svc.cluster.local:8080,linkerd,teastore-registry,teastore,teastore-registry-c8b58678f-v869d,c8b58678f,default,default.teastore.serviceaccount.identity.linkerd.cluster.local,teastore,teastore-registry,teastore-recommender
1614827711.064,response_latency_ms_count,,,10.1.40.100:4191,linkerd-proxy,teastore,,teastore-recommender-597fccb746-dbm6l,,31723,,,,,teastore-recommender,,linkerd,outbound,,597fccb746,200,true,teastore,,teastore-registry.teastore.svc.cluster.local:8080,linkerd,teastore-registry,teastore,teastore-registry-c8b58678f-v869d,c8b58678f,default,default.teastore.serviceaccount.identity.linkerd.cluster.local,teastore,teastore-registry,teastore-recommender
1614827721.064,response_latency_ms_count,,,10.1.40.100:4191,linkerd-proxy,teastore,,teastore-recommender-597fccb746-dbm6l,,31735,,,,,teastore-recommender,,linkerd,outbound,,597fccb746,200,true,teastore,,teastore-registry.teastore.svc.cluster.local:8080,linkerd,teastore-registry,teastore,teastore-registry-c8b58678f-v869d,c8b58678f,default,default.teastore.serviceaccount.identity.linkerd.cluster.local,teastore,teastore-registry,teastore-recommender
1614827731.064,response_latency_ms_count,,,10.1.40.100:4191,linkerd-proxy,teastore,,teastore-recommender-597fccb746-dbm6l,,31747,,,,,teastore-recommender,,linkerd,outbound,,597fccb746,200,true,teastore,,teastore-registry.teastore.svc.cluster.local:8080,linkerd,teastore-registry,teastore,teastore-registry-c8b58678f-v869d,c8b58678f,default,default.teastore.serviceaccount.identity.linkerd.cluster.local,teastore,teastore-registry,teastore-recommender
1614827741.064,response_latency_ms_count,,,10.1.40.100:4191,linkerd-proxy,teastore,,teastore-recommender-597fccb746-dbm6l,,31759,,,,,teastore-recommender,,linkerd,outbound,,597fccb746,200,true,teastore,,teastore-registry.teastore.svc.cluster.local:8080,linkerd,teastore-registry,teastore,teastore-registry-c8b58678f-v869d,c8b58678f,default,default.teastore.serviceaccount.identity.linkerd.cluster.local,teastore,teastore-registry,teastore-recommender
1614827751.064,response_latency_ms_count,,,10.1.40.100:4191,linkerd-proxy,teastore,,teastore-recommender-597fccb746-dbm6l,,31771,,,,,teastore-recommender,,linkerd,outbound,,597fccb746,200,true,teastore,,teastore-registry.teastore.svc.cluster.local:8080,linkerd,teastore-registry,teastore,teastore-registry-c8b58678f-v869d,c8b58678f,default,default.teastore.serviceaccount.identity.linkerd.cluster.local,teastore,teastore-registry,teastore-recommender
1614827761.064,response_latency_ms_count,,,10.1.40.100:4191,linkerd-proxy,teastore,,teastore-recommender-597fccb746-dbm6l,,31783,,,,,teastore-recommender,,linkerd,outbound,,597fccb746,200,true,teastore,,teastore-registry.teastore.svc.cluster.local:8080,linkerd,teastore-registry,teastore,teastore-registry-c8b58678f-v869d,c8b58678f,default,default.teastore.serviceaccount.identity.linkerd.cluster.local,teastore,teastore-registry,teastore-recommender
1614827771.064,response_latency_ms_count,,,10.1.40.100:4191,linkerd-proxy,teastore,,teastore-recommender-597fccb746-dbm6l,,31795,,,,,teastore-recommender,,linkerd,outbound,,597fccb746,200,true,teastore,,teastore-registry.teastore.svc.cluster.local:8080,linkerd,teastore-registry,teastore,teastore-registry-c8b58678f-v869d,c8b58678f,default,default.teastore.serviceaccount.identity.linkerd.cluster.local,teastore,teastore-registry,teastore-recommender
1614827781.064,response_latency_ms_count,,,10.1.40.100:4191,linkerd-proxy,teastore,,teastore-recommender-597fccb746-dbm6l,,31807,,,,,teastore-recommender,,linkerd,outbound,,597fccb746,200,true,teastore,,teastore-registry.teastore.svc.cluster.local:8080,linkerd,teastore-registry,teastore,teastore-registry-c8b58678f-v869d,c8b58678f,default,default.teastore.serviceaccount.identity.linkerd.cluster.local,teastore,teastore-registry,teastore-recommender
1614827791.064,response_latency_ms_count,,,10.1.40.100:4191,linkerd-proxy,teastore,,teastore-recommender-597fccb746-dbm6l,,31819,,,,,teastore-recommender,,linkerd,outbound,,597fccb746,200,true,teastore,,teastore-registry.teastore.svc.cluster.local:8080,linkerd,teastore-registry,teastore,teastore-registry-c8b58678f-v869d,c8b58678f,default,default.teastore.serviceaccount.identity.linkerd.cluster.local,teastore,teastore-registry,teastore-recommender
1614827801.064,response_latency_ms_count,,,10.1.40.100:4191,linkerd-proxy,teastore,,teastore-recommender-597fccb746-dbm6l,,31831,,,,,teastore-recommender,,linkerd,outbound,,597fccb746,200,true,teastore,,teastore-registry.teastore.svc.cluster.local:8080,linkerd,teastore-registry,teastore,teastore-registry-c8b58678f-v869d,c8b58678f,default,default.teastore.serviceaccount.identity.linkerd.cluster.local,teastore,teastore-registry,teastore-recommender
1614827634.188,response_latency_ms_count,,,10.1.40.98:4191,linkerd-proxy,teastore,,teastore-auth-5c8f77dbb8-trzs6,,21096,,,,,teastore-auth,,linkerd,outbound,,5c8f77dbb8,200,true,teastore,,teastore-registry.teastore.svc.cluster.local:8080,linkerd,teastore-registry,teastore,teastore-registry-c8b58678f-v869d,c8b58678f,default,default.teastore.serviceaccount.identity.linkerd.cluster.local,teastore,teastore-registry,teastore-auth
1614827644.188,response_latency_ms_count,,,10.1.40.98:4191,linkerd-proxy,teastore,,teastore-auth-5c8f77dbb8-trzs6,,21104,,,,,teastore-auth,,linkerd,outbound,,5c8f77dbb8,200,true,teastore,,teastore-registry.teastore.svc.cluster.local:8080,linkerd,teastore-registry,teastore,teastore-registry-c8b58678f-v869d,c8b58678f,default,default.teastore.serviceaccount.identity.linkerd.cluster.local,teastore,teastore-registry,teastore-auth
1614827654.188,response_latency_ms_count,,,10.1.40.98:4191,linkerd-proxy,teastore,,teastore-auth-5c8f77dbb8-trzs6,,21112,,,,,teastore-auth,,linkerd,outbound,,5c8f77dbb8,200,true,teastore,,teastore-registry.teastore.svc.cluster.local:8080,linkerd,teastore-registry,teastore,teastore-registry-c8b58678f-v869d,c8b58678f,default,default.teastore.serviceaccount.identity.linkerd.cluster.local,teastore,teastore-registry,teastore-auth
1614827664.188,response_latency_ms_count,,,10.1.40.98:4191,linkerd-proxy,teastore,,teastore-auth-5c8f77dbb8-trzs6,,21120,,,,,teastore-auth,,linkerd,outbound,,5c8f77dbb8,200,true,teastore,,teastore-registry.teastore.svc.cluster.local:8080,linkerd,teastore-registry,teastore,teastore-registry-c8b58678f-v869d,c8b58678f,default,default.teastore.serviceaccount.identity.linkerd.cluster.local,teastore,teastore-registry,teastore-auth
1614827674.188,response_latency_ms_count,,,10.1.40.98:4191,linkerd-proxy,teastore,,teastore-auth-5c8f77dbb8-trzs6,,21128,,,,,teastore-auth,,linkerd,outbound,,5c8f77dbb8,200,true,teastore,,teastore-registry.teastore.svc.cluster.local:8080,linkerd,teastore-registry,teastore,teastore-registry-c8b58678f-v869d,c8b58678f,default,default.teastore.serviceaccount.identity.linkerd.cluster.local,teastore,teastore-registry,teastore-auth
1614827684.188,response_latency_ms_count,,,10.1.40.98:4191,linkerd-proxy,teastore,,teastore-auth-5c8f77dbb8-trzs6,,21136,,,,,teastore-auth,,linkerd,outbound,,5c8f77dbb8,200,true,teastore,,teastore-registry.teastore.svc.cluster.local:8080,linkerd,teastore-registry,teastore,teastore-registry-c8b58678f-v869d,c8b58678f,default,default.teastore.serviceaccount.identity.linkerd.cluster.local,teastore,teastore-registry,teastore-auth
1614827694.188,response_latency_ms_count,,,10.1.40.98:4191,linkerd-proxy,teastore,,teastore-auth-5c8f77dbb8-trzs6,,21144,,,,,teastore-auth,,linkerd,outbound,,5c8f77dbb8,200,true,teastore,,teastore-registry.teastore.svc.cluster.local:8080,linkerd,teastore-registry,teastore,teastore-registry-c8b58678f-v869d,c8b58678f,default,default.teastore.serviceaccount.identity.linkerd.cluster.local,teastore,teastore-registry,teastore-auth
1614827704.188,response_latency_ms_count,,,10.1.40.98:4191,linkerd-proxy,teastore,,teastore-auth-5c8f77dbb8-trzs6,,21152,,,,,teastore-auth,,linkerd,outbound,,5c8f77dbb8,200,true,teastore,,teastore-registry.teastore.svc.cluster.local:8080,linkerd,teastore-registry,teastore,teastore-registry-c8b58678f-v869d,c8b58678f,default,default.teastore.serviceaccount.identity.linkerd.cluster.local,teastore,teastore-registry,teastore-auth
1614827714.188,response_latency_ms_count,,,10.1.40.98:4191,linkerd-proxy,teastore,,teastore-auth-5c8f77dbb8-trzs6,,21160,,,,,teastore-auth,,linkerd,outbound,,5c8f77dbb8,200,true,teastore,,teastore-registry.teastore.svc.cluster.local:8080,linkerd,teastore-registry,teastore,teastore-registry-c8b58678f-v869d,c8b58678f,default,default.teastore.serviceaccount.identity.linkerd.cluster.local,teastore,teastore-registry,teastore-auth
1614827724.188,response_latency_ms_count,,,10.1.40.98:4191,linkerd-proxy,teastore,,teastore-auth-5c8f77dbb8-trzs6,,21168,,,,,teastore-auth,,linkerd,outbound,,5c8f77dbb8,200,true,teastore,,teastore-registry.teastore.svc.cluster.local:8080,linkerd,teastore-registry,teastore,teastore-registry-c8b58678f-v869d,c8b58678f,default,default.teastore.serviceaccount.identity.linkerd.cluster.local,teastore,teastore-registry,teastore-auth
1614827734.188,response_latency_ms_count,,,10.1.40.98:4191,linkerd-proxy,teastore,,teastore-auth-5c8f77dbb8-trzs6,,21176,,,,,teastore-auth,,linkerd,outbound,,5c8f77dbb8,200,true,teastore,,teastore-registry.teastore.svc.cluster.local:8080,linkerd,teastore-registry,teastore,teastore-registry-c8b58678f-v869d,c8b58678f,default,default.teastore.serviceaccount.identity.linkerd.cluster.local,teastore,teastore-registry,teastore-auth
1614827744.188,response_latency_ms_count,,,10.1.40.98:4191,linkerd-proxy,teastore,,teastore-auth-5c8f77dbb8-trzs6,,21184,,,,,teastore-auth,,linkerd,outbound,,5c8f77dbb8,200,true,teastore,,teastore-registry.teastore.svc.cluster.local:8080,linkerd,teastore-registry,teastore,teastore-registry-c8b58678f-v869d,c8b58678f,default,default.teastore.serviceaccount.identity.linkerd.cluster.local,teastore,teastore-registry,teastore-auth
1614827754.188,response_latency_ms_count,,,10.1.40.98:4191,linkerd-proxy,teastore,,teastore-auth-5c8f77dbb8-trzs6,,21192,,,,,teastore-auth,,linkerd,outbound,,5c8f77dbb8,200,true,teastore,,teastore-registry.teastore.svc.cluster.local:8080,linkerd,teastore-registry,teastore,teastore-registry-c8b58678f-v869d,c8b58678f,default,default.teastore.serviceaccount.identity.linkerd.cluster.local,teastore,teastore-registry,teastore-auth
1614827764.188,response_latency_ms_count,,,10.1.40.98:4191,linkerd-proxy,teastore,,teastore-auth-5c8f77dbb8-trzs6,,21200,,,,,teastore-auth,,linkerd,outbound,,5c8f77dbb8,200,true,teastore,,teastore-registry.teastore.svc.cluster.local:8080,linkerd,teastore-registry,teastore,teastore-registry-c8b58678f-v869d,c8b58678f,default,default.teastore.serviceaccount.identity.linkerd.cluster.local,teastore,teastore-registry,teastore-auth
1614827774.188,response_latency_ms_count,,,10.1.40.98:4191,linkerd-proxy,teastore,,teastore-auth-5c8f77dbb8-trzs6,,21208,,,,,teastore-auth,,linkerd,outbound,,5c8f77dbb8,200,true,teastore,,teastore-registry.teastore.svc.cluster.local:8080,linkerd,teastore-registry,teastore,teastore-registry-c8b58678f-v869d,c8b58678f,default,default.teastore.serviceaccount.identity.linkerd.cluster.local,teastore,teastore-registry,teastore-auth
1614827784.188,response_latency_ms_count,,,10.1.40.98:4191,linkerd-proxy,teastore,,teastore-auth-5c8f77dbb8-trzs6,,21216,,,,,teastore-auth,,linkerd,outbound,,5c8f77dbb8,200,true,teastore,,teastore-registry.teastore.svc.cluster.local:8080,linkerd,teastore-registry,teastore,teastore-registry-c8b58678f-v869d,c8b58678f,default,default.teastore.serviceaccount.identity.linkerd.cluster.local,teastore,teastore-registry,teastore-auth
1614827794.188,response_latency_ms_count,,,10.1.40.98:4191,linkerd-proxy,teastore,,teastore-auth-5c8f77dbb8-trzs6,,21224,,,,,teastore-auth,,linkerd,outbound,,5c8f77dbb8,200,true,teastore,,teastore-registry.teastore.svc.cluster.local:8080,linkerd,teastore-registry,teastore,teastore-registry-c8b58678f-v869d,c8b58678f,default,default.teastore.serviceaccount.identity.linkerd.cluster.local,teastore,teastore-registry,teastore-auth
1614827804.188,response_latency_ms_count,,,10.1.40.98:4191,linkerd-proxy,teastore,,teastore-auth-5c8f77dbb8-trzs6,,21232,,,,,teastore-auth,,linkerd,outbound,,5c8f77dbb8,200,true,teastore,,teastore-registry.teastore.svc.cluster.local:8080,linkerd,teastore-registry,teastore,teastore-registry-c8b58678f-v869d,c8b58678f,default,default.teastore.serviceaccount.identity.linkerd.cluster.local,teastore,teastore-registry,teastore-auth
1614827634.188,response_latency_ms_count,,,10.1.40.98:4191,linkerd-proxy,teastore,,teastore-auth-5c8f77dbb8-trzs6,,1,,,,,teastore-auth,,linkerd,outbound,,5c8f77dbb8,201,true,teastore,,teastore-registry.teastore.svc.cluster.local:8080,linkerd,teastore-registry,teastore,teastore-registry-c8b58678f-v869d,c8b58678f,default,default.teastore.serviceaccount.identity.linkerd.cluster.local,teastore,teastore-registry,teastore-auth
1614827644.188,response_latency_ms_count,,,10.1.40.98:4191,linkerd-proxy,teastore,,teastore-auth-5c8f77dbb8-trzs6,,1,,,,,teastore-auth,,linkerd,outbound,,5c8f77dbb8,201,true,teastore,,teastore-registry.teastore.svc.cluster.local:8080,linkerd,teastore-registry,teastore,teastore-registry-c8b58678f-v869d,c8b58678f,default,default.teastore.serviceaccount.identity.linkerd.cluster.local,teastore,teastore-registry,teastore-auth
1614827654.188,response_latency_ms_count,,,10.1.40.98:4191,linkerd-proxy,teastore,,teastore-auth-5c8f77dbb8-trzs6,,1,,,,,teastore-auth,,linkerd,outbound,,5c8f77dbb8,201,true,teastore,,teastore-registry.teastore.svc.cluster.local:8080,linkerd,teastore-registry,teastore,teastore-registry-c8b58678f-v869d,c8b58678f,default,default.teastore.serviceaccount.identity.linkerd.cluster.local,teastore,teastore-registry,teastore-auth
1614827664.188,response_latency_ms_count,,,10.1.40.98:4191,linkerd-proxy,teastore,,teastore-auth-5c8f77dbb8-trzs6,,1,,,,,teastore-auth,,linkerd,outbound,,5c8f77dbb8,201,true,teastore,,teastore-registry.teastore.svc.cluster.local:8080,linkerd,teastore-registry,teastore,teastore-registry-c8b58678f-v869d,c8b58678f,default,default.teastore.serviceaccount.identity.linkerd.cluster.local,teastore,teastore-registry,teastore-auth
1614827674.188,response_latency_ms_count,,,10.1.40.98:4191,linkerd-proxy,teastore,,teastore-auth-5c8f77dbb8-trzs6,,1,,,,,teastore-auth,,linkerd,outbound,,5c8f77dbb8,201,true,teastore,,teastore-registry.teastore.svc.cluster.local:8080,linkerd,teastore-registry,teastore,teastore-registry-c8b58678f-v869d,c8b58678f,default,default.teastore.serviceaccount.identity.linkerd.cluster.local,teastore,teastore-registry,teastore-auth
1614827684.188,response_latency_ms_count,,,10.1.40.98:4191,linkerd-proxy,teastore,,teastore-auth-5c8f77dbb8-trzs6,,1,,,,,teastore-auth,,linkerd,outbound,,5c8f77dbb8,201,true,teastore,,teastore-registry.teastore.svc.cluster.local:8080,linkerd,teastore-registry,teastore,teastore-registry-c8b58678f-v869d,c8b58678f,default,default.teastore.serviceaccount.identity.linkerd.cluster.local,teastore,teastore-registry,teastore-auth
1614827694.188,response_latency_ms_count,,,10.1.40.98:4191,linkerd-proxy,teastore,,teastore-auth-5c8f77dbb8-trzs6,,1,,,,,teastore-auth,,linkerd,outbound,,5c8f77dbb8,201,true,teastore,,teastore-registry.teastore.svc.cluster.local:8080,linkerd,teastore-registry,teastore,teastore-registry-c8b58678f-v869d,c8b58678f,default,default.teastore.serviceaccount.identity.linkerd.cluster.local,teastore,teastore-registry,teastore-auth
1614827704.188,response_latency_ms_count,,,10.1.40.98:4191,linkerd-proxy,teastore,,teastore-auth-5c8f77dbb8-trzs6,,1,,,,,teastore-auth,,linkerd,outbound,,5c8f77dbb8,201,true,teastore,,teastore-registry.teastore.svc.cluster.local:8080,linkerd,teastore-registry,teastore,teastore-registry-c8b58678f-v869d,c8b58678f,default,default.teastore.serviceaccount.identity.linkerd.cluster.local,teastore,teastore-registry,teastore-auth
1614827714.188,response_latency_ms_count,,,10.1.40.98:4191,linkerd-proxy,teastore,,teastore-auth-5c8f77dbb8-trzs6,,1,,,,,teastore-auth,,linkerd,outbound,,5c8f77dbb8,201,true,teastore,,teastore-registry.teastore.svc.cluster.local:8080,linkerd,teastore-registry,teastore,teastore-registry-c8b58678f-v869d,c8b58678f,default,default.teastore.serviceaccount.identity.linkerd.cluster.local,teastore,teastore-registry,teastore-auth
1614827724.188,response_latency_ms_count,,,10.1.40.98:4191,linkerd-proxy,teastore,,teastore-auth-5c8f77dbb8-trzs6,,1,,,,,teastore-auth,,linkerd,outbound,,5c8f77dbb8,201,true,teastore,,teastore-registry.teastore.svc.cluster.local:8080,linkerd,teastore-registry,teastore,teastore-registry-c8b58678f-v869d,c8b58678f,default,default.teastore.serviceaccount.identity.linkerd.cluster.local,teastore,teastore-registry,teastore-auth
1614827734.188,response_latency_ms_count,,,10.1.40.98:4191,linkerd-proxy,teastore,,teastore-auth-5c8f77dbb8-trzs6,,1,,,,,teastore-auth,,linkerd,outbound,,5c8f77dbb8,201,true,teastore,,teastore-registry.teastore.svc.cluster.local:8080,linkerd,teastore-registry,teastore,teastore-registry-c8b58678f-v869d,c8b58678f,default,default.teastore.serviceaccount.identity.linkerd.cluster.local,teastore,teastore-registry,teastore-auth
1614827744.188,response_latency_ms_count,,,10.1.40.98:4191,linkerd-proxy,teastore,,teastore-auth-5c8f77dbb8-trzs6,,1,,,,,teastore-auth,,linkerd,outbound,,5c8f77dbb8,201,true,teastore,,teastore-registry.teastore.svc.cluster.local:8080,linkerd,teastore-registry,teastore,teastore-registry-c8b58678f-v869d,c8b58678f,default,default.teastore.serviceaccount.identity.linkerd.cluster.local,teastore,teastore-registry,teastore-auth
1614827754.188,response_latency_ms_count,,,10.1.40.98:4191,linkerd-proxy,teastore,,teastore-auth-5c8f77dbb8-trzs6,,1,,,,,teastore-auth,,linkerd,outbound,,5c8f77dbb8,201,true,teastore,,teastore-registry.teastore.svc.cluster.local:8080,linkerd,teastore-registry,teastore,teastore-registry-c8b58678f-v869d,c8b58678f,default,default.teastore.serviceaccount.identity.linkerd.cluster.local,teastore,teastore-registry,teastore-auth
1614827764.188,response_latency_ms_count,,,10.1.40.98:4191,linkerd-proxy,teastore,,teastore-auth-5c8f77dbb8-trzs6,,1,,,,,teastore-auth,,linkerd,outbound,,5c8f77dbb8,201,true,teastore,,teastore-registry.teastore.svc.cluster.local:8080,linkerd,teastore-registry,teastore,teastore-registry-c8b58678f-v869d,c8b58678f,default,default.teastore.serviceaccount.identity.linkerd.cluster.local,teastore,teastore-registry,teastore-auth
1614827774.188,response_latency_ms_count,,,10.1.40.98:4191,linkerd-proxy,teastore,,teastore-auth-5c8f77dbb8-trzs6,,1,,,,,teastore-auth,,linkerd,outbound,,5c8f77dbb8,201,true,teastore,,teastore-registry.teastore.svc.cluster.local:8080,linkerd,teastore-registry,teastore,teastore-registry-c8b58678f-v869d,c8b58678f,default,default.teastore.serviceaccount.identity.linkerd.cluster.local,teastore,teastore-registry,teastore-auth
1614827784.188,response_latency_ms_count,,,10.1.40.98:4191,linkerd-proxy,teastore,,teastore-auth-5c8f77dbb8-trzs6,,1,,,,,teastore-auth,,linkerd,outbound,,5c8f77dbb8,201,true,teastore,,teastore-registry.teastore.svc.cluster.local:8080,linkerd,teastore-registry,teastore,teastore-registry-c8b58678f-v869d,c8b58678f,default,default.teastore.serviceaccount.identity.linkerd.cluster.local,teastore,teastore-registry,teastore-auth
1614827794.188,response_latency_ms_count,,,10.1.40.98:4191,linkerd-proxy,teastore,,teastore-auth-5c8f77dbb8-trzs6,,1,,,,,teastore-auth,,linkerd,outbound,,5c8f77dbb8,201,true,teastore,,teastore-registry.teastore.svc.cluster.local:8080,linkerd,teastore-registry,teastore,teastore-registry-c8b58678f-v869d,c8b58678f,default,default.teastore.serviceaccount.identity.linkerd.cluster.local,teastore,teastore-registry,teastore-auth
1614827804.188,response_latency_ms_count,,,10.1.40.98:4191,linkerd-proxy,teastore,,teastore-auth-5c8f77dbb8-trzs6,,1,,,,,teastore-auth,,linkerd,outbound,,5c8f77dbb8,201,true,teastore,,teastore-registry.teastore.svc.cluster.local:8080,linkerd,teastore-registry,teastore,teastore-registry-c8b58678f-v869d,c8b58678f,default,default.teastore.serviceaccount.identity.linkerd.cluster.local,teastore,teastore-registry,teastore-auth
1614827634.966,response_latency_ms_count,,,10.1.40.97:4191,linkerd-proxy,teastore,,teastore-persistence-d9666cc75-zcrs7,,1,,,,,teastore-persistence,,linkerd,outbound,,d9666cc75,201,true,teastore,,teastore-registry.teastore.svc.cluster.local:8080,linkerd,teastore-registry,teastore,teastore-registry-c8b58678f-v869d,c8b58678f,default,default.teastore.serviceaccount.identity.linkerd.cluster.local,teastore,teastore-registry,teastore-persistence
1614827644.966,response_latency_ms_count,,,10.1.40.97:4191,linkerd-proxy,teastore,,teastore-persistence-d9666cc75-zcrs7,,1,,,,,teastore-persistence,,linkerd,outbound,,d9666cc75,201,true,teastore,,teastore-registry.teastore.svc.cluster.local:8080,linkerd,teastore-registry,teastore,teastore-registry-c8b58678f-v869d,c8b58678f,default,default.teastore.serviceaccount.identity.linkerd.cluster.local,teastore,teastore-registry,teastore-persistence
1614827654.966,response_latency_ms_count,,,10.1.40.97:4191,linkerd-proxy,teastore,,teastore-persistence-d9666cc75-zcrs7,,1,,,,,teastore-persistence,,linkerd,outbound,,d9666cc75,201,true,teastore,,teastore-registry.teastore.svc.cluster.local:8080,linkerd,teastore-registry,teastore,teastore-registry-c8b58678f-v869d,c8b58678f,default,default.teastore.serviceaccount.identity.linkerd.cluster.local,teastore,teastore-registry,teastore-persistence
1614827664.966,response_latency_ms_count,,,10.1.40.97:4191,linkerd-proxy,teastore,,teastore-persistence-d9666cc75-zcrs7,,1,,,,,teastore-persistence,,linkerd,outbound,,d9666cc75,201,true,teastore,,teastore-registry.teastore.svc.cluster.local:8080,linkerd,teastore-registry,teastore,teastore-registry-c8b58678f-v869d,c8b58678f,default,default.teastore.serviceaccount.identity.linkerd.cluster.local,teastore,teastore-registry,teastore-persistence
1614827674.966,response_latency_ms_count,,,10.1.40.97:4191,linkerd-proxy,teastore,,teastore-persistence-d9666cc75-zcrs7,,1,,,,,teastore-persistence,,linkerd,outbound,,d9666cc75,201,true,teastore,,teastore-registry.teastore.svc.cluster.local:8080,linkerd,teastore-registry,teastore,teastore-registry-c8b58678f-v869d,c8b58678f,default,default.teastore.serviceaccount.identity.linkerd.cluster.local,teastore,teastore-registry,teastore-persistence
1614827684.966,response_latency_ms_count,,,10.1.40.97:4191,linkerd-proxy,teastore,,teastore-persistence-d9666cc75-zcrs7,,1,,,,,teastore-persistence,,linkerd,outbound,,d9666cc75,201,true,teastore,,teastore-registry.teastore.svc.cluster.local:8080,linkerd,teastore-registry,teastore,teastore-registry-c8b58678f-v869d,c8b58678f,default,default.teastore.serviceaccount.identity.linkerd.cluster.local,teastore,teastore-registry,teastore-persistence
1614827694.966,response_latency_ms_count,,,10.1.40.97:4191,linkerd-proxy,teastore,,teastore-persistence-d9666cc75-zcrs7,,1,,,,,teastore-persistence,,linkerd,outbound,,d9666cc75,201,true,teastore,,teastore-registry.teastore.svc.cluster.local:8080,linkerd,teastore-registry,teastore,teastore-registry-c8b58678f-v869d,c8b58678f,default,default.teastore.serviceaccount.identity.linkerd.cluster.local,teastore,teastore-registry,teastore-persistence
1614827704.966,response_latency_ms_count,,,10.1.40.97:4191,linkerd-proxy,teastore,,teastore-persistence-d9666cc75-zcrs7,,1,,,,,teastore-persistence,,linkerd,outbound,,d9666cc75,201,true,teastore,,teastore-registry.teastore.svc.cluster.local:8080,linkerd,teastore-registry,teastore,teastore-registry-c8b58678f-v869d,c8b58678f,default,default.teastore.serviceaccount.identity.linkerd.cluster.local,teastore,teastore-registry,teastore-persistence
1614827714.966,response_latency_ms_count,,,10.1.40.97:4191,linkerd-proxy,teastore,,teastore-persistence-d9666cc75-zcrs7,,1,,,,,teastore-persistence,,linkerd,outbound,,d9666cc75,201,true,teastore,,teastore-registry.teastore.svc.cluster.local:8080,linkerd,teastore-registry,teastore,teastore-registry-c8b58678f-v869d,c8b58678f,default,default.teastore.serviceaccount.identity.linkerd.cluster.local,teastore,teastore-registry,teastore-persistence
1614827724.966,response_latency_ms_count,,,10.1.40.97:4191,linkerd-proxy,teastore,,teastore-persistence-d9666cc75-zcrs7,,1,,,,,teastore-persistence,,linkerd,outbound,,d9666cc75,201,true,teastore,,teastore-registry.teastore.svc.cluster.local:8080,linkerd,teastore-registry,teastore,teastore-registry-c8b58678f-v869d,c8b58678f,default,default.teastore.serviceaccount.identity.linkerd.cluster.local,teastore,teastore-registry,teastore-persistence
1614827734.966,response_latency_ms_count,,,10.1.40.97:4191,linkerd-proxy,teastore,,teastore-persistence-d9666cc75-zcrs7,,1,,,,,teastore-persistence,,linkerd,outbound,,d9666cc75,201,true,teastore,,teastore-registry.teastore.svc.cluster.local:8080,linkerd,teastore-registry,teastore,teastore-registry-c8b58678f-v869d,c8b58678f,default,default.teastore.serviceaccount.identity.linkerd.cluster.local,teastore,teastore-registry,teastore-persistence
1614827744.966,response_latency_ms_count,,,10.1.40.97:4191,linkerd-proxy,teastore,,teastore-persistence-d9666cc75-zcrs7,,1,,,,,teastore-persistence,,linkerd,outbound,,d9666cc75,201,true,teastore,,teastore-registry.teastore.svc.cluster.local:8080,linkerd,teastore-registry,teastore,teastore-registry-c8b58678f-v869d,c8b58678f,default,default.teastore.serviceaccount.identity.linkerd.cluster.local,teastore,teastore-registry,teastore-persistence
1614827754.966,response_latency_ms_count,,,10.1.40.97:4191,linkerd-proxy,teastore,,teastore-persistence-d9666cc75-zcrs7,,1,,,,,teastore-persistence,,linkerd,outbound,,d9666cc75,201,true,teastore,,teastore-registry.teastore.svc.cluster.local:8080,linkerd,teastore-registry,teastore,teastore-registry-c8b58678f-v869d,c8b58678f,default,default.teastore.serviceaccount.identity.linkerd.cluster.local,teastore,teastore-registry,teastore-persistence
1614827764.966,response_latency_ms_count,,,10.1.40.97:4191,linkerd-proxy,teastore,,teastore-persistence-d9666cc75-zcrs7,,1,,,,,teastore-persistence,,linkerd,outbound,,d9666cc75,201,true,teastore,,teastore-registry.teastore.svc.cluster.local:8080,linkerd,teastore-registry,teastore,teastore-registry-c8b58678f-v869d,c8b58678f,default,default.teastore.serviceaccount.identity.linkerd.cluster.local,teastore,teastore-registry,teastore-persistence
1614827774.966,response_latency_ms_count,,,10.1.40.97:4191,linkerd-proxy,teastore,,teastore-persistence-d9666cc75-zcrs7,,1,,,,,teastore-persistence,,linkerd,outbound,,d9666cc75,201,true,teastore,,teastore-registry.teastore.svc.cluster.local:8080,linkerd,teastore-registry,teastore,teastore-registry-c8b58678f-v869d,c8b58678f,default,default.teastore.serviceaccount.identity.linkerd.cluster.local,teastore,teastore-registry,teastore-persistence
1614827784.966,response_latency_ms_count,,,10.1.40.97:4191,linkerd-proxy,teastore,,teastore-persistence-d9666cc75-zcrs7,,1,,,,,teastore-persistence,,linkerd,outbound,,d9666cc75,201,true,teastore,,teastore-registry.teastore.svc.cluster.local:8080,linkerd,teastore-registry,teastore,teastore-registry-c8b58678f-v869d,c8b58678f,default,default.teastore.serviceaccount.identity.linkerd.cluster.local,teastore,teastore-registry,teastore-persistence
1614827794.966,response_latency_ms_count,,,10.1.40.97:4191,linkerd-proxy,teastore,,teastore-persistence-d9666cc75-zcrs7,,1,,,,,teastore-persistence,,linkerd,outbound,,d9666cc75,201,true,teastore,,teastore-registry.teastore.svc.cluster.local:8080,linkerd,teastore-registry,teastore,teastore-registry-c8b58678f-v869d,c8b58678f,default,default.teastore.serviceaccount.identity.linkerd.cluster.local,teastore,teastore-registry,teastore-persistence
1614827804.966,response_latency_ms_count,,,10.1.40.97:4191,linkerd-proxy,teastore,,teastore-persistence-d9666cc75-zcrs7,,1,,,,,teastore-persistence,,linkerd,outbound,,d9666cc75,201,true,teastore,,teastore-registry.teastore.svc.cluster.local:8080,linkerd,teastore-registry,teastore,teastore-registry-c8b58678f-v869d,c8b58678f,default,default.teastore.serviceaccount.identity.linkerd.cluster.local,teastore,teastore-registry,teastore-persistence
1614827631.064,response_latency_ms_count,,,10.1.40.100:4191,linkerd-proxy,teastore,,teastore-recommender-597fccb746-dbm6l,,1,,,,,teastore-recommender,,linkerd,outbound,,597fccb746,201,true,teastore,,teastore-registry.teastore.svc.cluster.local:8080,linkerd,teastore-registry,teastore,teastore-registry-c8b58678f-v869d,c8b58678f,default,default.teastore.serviceaccount.identity.linkerd.cluster.local,teastore,teastore-registry,teastore-recommender
1614827641.064,response_latency_ms_count,,,10.1.40.100:4191,linkerd-proxy,teastore,,teastore-recommender-597fccb746-dbm6l,,1,,,,,teastore-recommender,,linkerd,outbound,,597fccb746,201,true,teastore,,teastore-registry.teastore.svc.cluster.local:8080,linkerd,teastore-registry,teastore,teastore-registry-c8b58678f-v869d,c8b58678f,default,default.teastore.serviceaccount.identity.linkerd.cluster.local,teastore,teastore-registry,teastore-recommender
1614827651.064,response_latency_ms_count,,,10.1.40.100:4191,linkerd-proxy,teastore,,teastore-recommender-597fccb746-dbm6l,,1,,,,,teastore-recommender,,linkerd,outbound,,597fccb746,201,true,teastore,,teastore-registry.teastore.svc.cluster.local:8080,linkerd,teastore-registry,teastore,teastore-registry-c8b58678f-v869d,c8b58678f,default,default.teastore.serviceaccount.identity.linkerd.cluster.local,teastore,teastore-registry,teastore-recommender
1614827661.064,response_latency_ms_count,,,10.1.40.100:4191,linkerd-proxy,teastore,,teastore-recommender-597fccb746-dbm6l,,1,,,,,teastore-recommender,,linkerd,outbound,,597fccb746,201,true,teastore,,teastore-registry.teastore.svc.cluster.local:8080,linkerd,teastore-registry,teastore,teastore-registry-c8b58678f-v869d,c8b58678f,default,default.teastore.serviceaccount.identity.linkerd.cluster.local,teastore,teastore-registry,teastore-recommender
1614827671.064,response_latency_ms_count,,,10.1.40.100:4191,linkerd-proxy,teastore,,teastore-recommender-597fccb746-dbm6l,,1,,,,,teastore-recommender,,linkerd,outbound,,597fccb746,201,true,teastore,,teastore-registry.teastore.svc.cluster.local:8080,linkerd,teastore-registry,teastore,teastore-registry-c8b58678f-v869d,c8b58678f,default,default.teastore.serviceaccount.identity.linkerd.cluster.local,teastore,teastore-registry,teastore-recommender
1614827681.064,response_latency_ms_count,,,10.1.40.100:4191,linkerd-proxy,teastore,,teastore-recommender-597fccb746-dbm6l,,1,,,,,teastore-recommender,,linkerd,outbound,,597fccb746,201,true,teastore,,teastore-registry.teastore.svc.cluster.local:8080,linkerd,teastore-registry,teastore,teastore-registry-c8b58678f-v869d,c8b58678f,default,default.teastore.serviceaccount.identity.linkerd.cluster.local,teastore,teastore-registry,teastore-recommender
1614827691.064,response_latency_ms_count,,,10.1.40.100:4191,linkerd-proxy,teastore,,teastore-recommender-597fccb746-dbm6l,,1,,,,,teastore-recommender,,linkerd,outbound,,597fccb746,201,true,teastore,,teastore-registry.teastore.svc.cluster.local:8080,linkerd,teastore-registry,teastore,teastore-registry-c8b58678f-v869d,c8b58678f,default,default.teastore.serviceaccount.identity.linkerd.cluster.local,teastore,teastore-registry,teastore-recommender
1614827701.064,response_latency_ms_count,,,10.1.40.100:4191,linkerd-proxy,teastore,,teastore-recommender-597fccb746-dbm6l,,1,,,,,teastore-recommender,,linkerd,outbound,,597fccb746,201,true,teastore,,teastore-registry.teastore.svc.cluster.local:8080,linkerd,teastore-registry,teastore,teastore-registry-c8b58678f-v869d,c8b58678f,default,default.teastore.serviceaccount.identity.linkerd.cluster.local,teastore,teastore-registry,teastore-recommender
1614827711.064,response_latency_ms_count,,,10.1.40.100:4191,linkerd-proxy,teastore,,teastore-recommender-597fccb746-dbm6l,,1,,,,,teastore-recommender,,linkerd,outbound,,597fccb746,201,true,teastore,,teastore-registry.teastore.svc.cluster.local:8080,linkerd,teastore-registry,teastore,teastore-registry-c8b58678f-v869d,c8b58678f,default,default.teastore.serviceaccount.identity.linkerd.cluster.local,teastore,teastore-registry,teastore-recommender
1614827721.064,response_latency_ms_count,,,10.1.40.100:4191,linkerd-proxy,teastore,,teastore-recommender-597fccb746-dbm6l,,1,,,,,teastore-recommender,,linkerd,outbound,,597fccb746,201,true,teastore,,teastore-registry.teastore.svc.cluster.local:8080,linkerd,teastore-registry,teastore,teastore-registry-c8b58678f-v869d,c8b58678f,default,default.teastore.serviceaccount.identity.linkerd.cluster.local,teastore,teastore-registry,teastore-recommender
1614827731.064,response_latency_ms_count,,,10.1.40.100:4191,linkerd-proxy,teastore,,teastore-recommender-597fccb746-dbm6l,,1,,,,,teastore-recommender,,linkerd,outbound,,597fccb746,201,true,teastore,,teastore-registry.teastore.svc.cluster.local:8080,linkerd,teastore-registry,teastore,teastore-registry-c8b58678f-v869d,c8b58678f,default,default.teastore.serviceaccount.identity.linkerd.cluster.local,teastore,teastore-registry,teastore-recommender
1614827741.064,response_latency_ms_count,,,10.1.40.100:4191,linkerd-proxy,teastore,,teastore-recommender-597fccb746-dbm6l,,1,,,,,teastore-recommender,,linkerd,outbound,,597fccb746,201,true,teastore,,teastore-registry.teastore.svc.cluster.local:8080,linkerd,teastore-registry,teastore,teastore-registry-c8b58678f-v869d,c8b58678f,default,default.teastore.serviceaccount.identity.linkerd.cluster.local,teastore,teastore-registry,teastore-recommender
1614827751.064,response_latency_ms_count,,,10.1.40.100:4191,linkerd-proxy,teastore,,teastore-recommender-597fccb746-dbm6l,,1,,,,,teastore-recommender,,linkerd,outbound,,597fccb746,201,true,teastore,,teastore-registry.teastore.svc.cluster.local:8080,linkerd,teastore-registry,teastore,teastore-registry-c8b58678f-v869d,c8b58678f,default,default.teastore.serviceaccount.identity.linkerd.cluster.local,teastore,teastore-registry,teastore-recommender
1614827761.064,response_latency_ms_count,,,10.1.40.100:4191,linkerd-proxy,teastore,,teastore-recommender-597fccb746-dbm6l,,1,,,,,teastore-recommender,,linkerd,outbound,,597fccb746,201,true,teastore,,teastore-registry.teastore.svc.cluster.local:8080,linkerd,teastore-registry,teastore,teastore-registry-c8b58678f-v869d,c8b58678f,default,default.teastore.serviceaccount.identity.linkerd.cluster.local,teastore,teastore-registry,teastore-recommender
1614827771.064,response_latency_ms_count,,,10.1.40.100:4191,linkerd-proxy,teastore,,teastore-recommender-597fccb746-dbm6l,,1,,,,,teastore-recommender,,linkerd,outbound,,597fccb746,201,true,teastore,,teastore-registry.teastore.svc.cluster.local:8080,linkerd,teastore-registry,teastore,teastore-registry-c8b58678f-v869d,c8b58678f,default,default.teastore.serviceaccount.identity.linkerd.cluster.local,teastore,teastore-registry,teastore-recommender
1614827781.064,response_latency_ms_count,,,10.1.40.100:4191,linkerd-proxy,teastore,,teastore-recommender-597fccb746-dbm6l,,1,,,,,teastore-recommender,,linkerd,outbound,,597fccb746,201,true,teastore,,teastore-registry.teastore.svc.cluster.local:8080,linkerd,teastore-registry,teastore,teastore-registry-c8b58678f-v869d,c8b58678f,default,default.teastore.serviceaccount.identity.linkerd.cluster.local,teastore,teastore-registry,teastore-recommender
1614827791.064,response_latency_ms_count,,,10.1.40.100:4191,linkerd-proxy,teastore,,teastore-recommender-597fccb746-dbm6l,,1,,,,,teastore-recommender,,linkerd,outbound,,597fccb746,201,true,teastore,,teastore-registry.teastore.svc.cluster.local:8080,linkerd,teastore-registry,teastore,teastore-registry-c8b58678f-v869d,c8b58678f,default,default.teastore.serviceaccount.identity.linkerd.cluster.local,teastore,teastore-registry,teastore-recommender
1614827801.064,response_latency_ms_count,,,10.1.40.100:4191,linkerd-proxy,teastore,,teastore-recommender-597fccb746-dbm6l,,1,,,,,teastore-recommender,,linkerd,outbound,,597fccb746,201,true,teastore,,teastore-registry.teastore.svc.cluster.local:8080,linkerd,teastore-registry,teastore,teastore-registry-c8b58678f-v869d,c8b58678f,default,default.teastore.serviceaccount.identity.linkerd.cluster.local,teastore,teastore-registry,teastore-recommender
1614827634.966,response_latency_ms_count,,,10.1.40.97:4191,linkerd-proxy,teastore,,teastore-persistence-d9666cc75-zcrs7,,10532,,,,,teastore-persistence,,linkerd,outbound,,d9666cc75,200,true,teastore,,teastore-registry.teastore.svc.cluster.local:8080,linkerd,teastore-registry,teastore,teastore-registry-c8b58678f-v869d,c8b58678f,default,default.teastore.serviceaccount.identity.linkerd.cluster.local,teastore,teastore-registry,teastore-persistence
1614827644.966,response_latency_ms_count,,,10.1.40.97:4191,linkerd-proxy,teastore,,teastore-persistence-d9666cc75-zcrs7,,10536,,,,,teastore-persistence,,linkerd,outbound,,d9666cc75,200,true,teastore,,teastore-registry.teastore.svc.cluster.local:8080,linkerd,teastore-registry,teastore,teastore-registry-c8b58678f-v869d,c8b58678f,default,default.teastore.serviceaccount.identity.linkerd.cluster.local,teastore,teastore-registry,teastore-persistence
1614827654.966,response_latency_ms_count,,,10.1.40.97:4191,linkerd-proxy,teastore,,teastore-persistence-d9666cc75-zcrs7,,10540,,,,,teastore-persistence,,linkerd,outbound,,d9666cc75,200,true,teastore,,teastore-registry.teastore.svc.cluster.local:8080,linkerd,teastore-registry,teastore,teastore-registry-c8b58678f-v869d,c8b58678f,default,default.teastore.serviceaccount.identity.linkerd.cluster.local,teastore,teastore-registry,teastore-persistence
1614827664.966,response_latency_ms_count,,,10.1.40.97:4191,linkerd-proxy,teastore,,teastore-persistence-d9666cc75-zcrs7,,10544,,,,,teastore-persistence,,linkerd,outbound,,d9666cc75,200,true,teastore,,teastore-registry.teastore.svc.cluster.local:8080,linkerd,teastore-registry,teastore,teastore-registry-c8b58678f-v869d,c8b58678f,default,default.teastore.serviceaccount.identity.linkerd.cluster.local,teastore,teastore-registry,teastore-persistence
1614827674.966,response_latency_ms_count,,,10.1.40.97:4191,linkerd-proxy,teastore,,teastore-persistence-d9666cc75-zcrs7,,10548,,,,,teastore-persistence,,linkerd,outbound,,d9666cc75,200,true,teastore,,teastore-registry.teastore.svc.cluster.local:8080,linkerd,teastore-registry,teastore,teastore-registry-c8b58678f-v869d,c8b58678f,default,default.teastore.serviceaccount.identity.linkerd.cluster.local,teastore,teastore-registry,teastore-persistence
1614827684.966,response_latency_ms_count,,,10.1.40.97:4191,linkerd-proxy,teastore,,teastore-persistence-d9666cc75-zcrs7,,10552,,,,,teastore-persistence,,linkerd,outbound,,d9666cc75,200,true,teastore,,teastore-registry.teastore.svc.cluster.local:8080,linkerd,teastore-registry,teastore,teastore-registry-c8b58678f-v869d,c8b58678f,default,default.teastore.serviceaccount.identity.linkerd.cluster.local,teastore,teastore-registry,teastore-persistence
1614827694.966,response_latency_ms_count,,,10.1.40.97:4191,linkerd-proxy,teastore,,teastore-persistence-d9666cc75-zcrs7,,10556,,,,,teastore-persistence,,linkerd,outbound,,d9666cc75,200,true,teastore,,teastore-registry.teastore.svc.cluster.local:8080,linkerd,teastore-registry,teastore,teastore-registry-c8b58678f-v869d,c8b58678f,default,default.teastore.serviceaccount.identity.linkerd.cluster.local,teastore,teastore-registry,teastore-persistence
1614827704.966,response_latency_ms_count,,,10.1.40.97:4191,linkerd-proxy,teastore,,teastore-persistence-d9666cc75-zcrs7,,10560,,,,,teastore-persistence,,linkerd,outbound,,d9666cc75,200,true,teastore,,teastore-registry.teastore.svc.cluster.local:8080,linkerd,teastore-registry,teastore,teastore-registry-c8b58678f-v869d,c8b58678f,default,default.teastore.serviceaccount.identity.linkerd.cluster.local,teastore,teastore-registry,teastore-persistence
1614827714.966,response_latency_ms_count,,,10.1.40.97:4191,linkerd-proxy,teastore,,teastore-persistence-d9666cc75-zcrs7,,10564,,,,,teastore-persistence,,linkerd,outbound,,d9666cc75,200,true,teastore,,teastore-registry.teastore.svc.cluster.local:8080,linkerd,teastore-registry,teastore,teastore-registry-c8b58678f-v869d,c8b58678f,default,default.teastore.serviceaccount.identity.linkerd.cluster.local,teastore,teastore-registry,teastore-persistence
1614827724.966,response_latency_ms_count,,,10.1.40.97:4191,linkerd-proxy,teastore,,teastore-persistence-d9666cc75-zcrs7,,10568,,,,,teastore-persistence,,linkerd,outbound,,d9666cc75,200,true,teastore,,teastore-registry.teastore.svc.cluster.local:8080,linkerd,teastore-registry,teastore,teastore-registry-c8b58678f-v869d,c8b58678f,default,default.teastore.serviceaccount.identity.linkerd.cluster.local,teastore,teastore-registry,teastore-persistence
1614827734.966,response_latency_ms_count,,,10.1.40.97:4191,linkerd-proxy,teastore,,teastore-persistence-d9666cc75-zcrs7,,10572,,,,,teastore-persistence,,linkerd,outbound,,d9666cc75,200,true,teastore,,teastore-registry.teastore.svc.cluster.local:8080,linkerd,teastore-registry,teastore,teastore-registry-c8b58678f-v869d,c8b58678f,default,default.teastore.serviceaccount.identity.linkerd.cluster.local,teastore,teastore-registry,teastore-persistence
1614827744.966,response_latency_ms_count,,,10.1.40.97:4191,linkerd-proxy,teastore,,teastore-persistence-d9666cc75-zcrs7,,10576,,,,,teastore-persistence,,linkerd,outbound,,d9666cc75,200,true,teastore,,teastore-registry.teastore.svc.cluster.local:8080,linkerd,teastore-registry,teastore,teastore-registry-c8b58678f-v869d,c8b58678f,default,default.teastore.serviceaccount.identity.linkerd.cluster.local,teastore,teastore-registry,teastore-persistence
1614827754.966,response_latency_ms_count,,,10.1.40.97:4191,linkerd-proxy,teastore,,teastore-persistence-d9666cc75-zcrs7,,10580,,,,,teastore-persistence,,linkerd,outbound,,d9666cc75,200,true,teastore,,teastore-registry.teastore.svc.cluster.local:8080,linkerd,teastore-registry,teastore,teastore-registry-c8b58678f-v869d,c8b58678f,default,default.teastore.serviceaccount.identity.linkerd.cluster.local,teastore,teastore-registry,teastore-persistence
1614827764.966,response_latency_ms_count,,,10.1.40.97:4191,linkerd-proxy,teastore,,teastore-persistence-d9666cc75-zcrs7,,10584,,,,,teastore-persistence,,linkerd,outbound,,d9666cc75,200,true,teastore,,teastore-registry.teastore.svc.cluster.local:8080,linkerd,teastore-registry,teastore,teastore-registry-c8b58678f-v869d,c8b58678f,default,default.teastore.serviceaccount.identity.linkerd.cluster.local,teastore,teastore-registry,teastore-persistence
1614827774.966,response_latency_ms_count,,,10.1.40.97:4191,linkerd-proxy,teastore,,teastore-persistence-d9666cc75-zcrs7,,10588,,,,,teastore-persistence,,linkerd,outbound,,d9666cc75,200,true,teastore,,teastore-registry.teastore.svc.cluster.local:8080,linkerd,teastore-registry,teastore,teastore-registry-c8b58678f-v869d,c8b58678f,default,default.teastore.serviceaccount.identity.linkerd.cluster.local,teastore,teastore-registry,teastore-persistence
1614827784.966,response_latency_ms_count,,,10.1.40.97:4191,linkerd-proxy,teastore,,teastore-persistence-d9666cc75-zcrs7,,10592,,,,,teastore-persistence,,linkerd,outbound,,d9666cc75,200,true,teastore,,teastore-registry.teastore.svc.cluster.local:8080,linkerd,teastore-registry,teastore,teastore-registry-c8b58678f-v869d,c8b58678f,default,default.teastore.serviceaccount.identity.linkerd.cluster.local,teastore,teastore-registry,teastore-persistence
1614827794.966,response_latency_ms_count,,,10.1.40.97:4191,linkerd-proxy,teastore,,teastore-persistence-d9666cc75-zcrs7,,10596,,,,,teastore-persistence,,linkerd,outbound,,d9666cc75,200,true,teastore,,teastore-registry.teastore.svc.cluster.local:8080,linkerd,teastore-registry,teastore,teastore-registry-c8b58678f-v869d,c8b58678f,default,default.teastore.serviceaccount.identity.linkerd.cluster.local,teastore,teastore-registry,teastore-persistence
1614827804.966,response_latency_ms_count,,,10.1.40.97:4191,linkerd-proxy,teastore,,teastore-persistence-d9666cc75-zcrs7,,10600,,,,,teastore-persistence,,linkerd,outbound,,d9666cc75,200,true,teastore,,teastore-registry.teastore.svc.cluster.local:8080,linkerd,teastore-registry,teastore,teastore-registry-c8b58678f-v869d,c8b58678f,default,default.teastore.serviceaccount.identity.linkerd.cluster.local,teastore,teastore-registry,teastore-persistence
1614827634.966,response_latency_ms_count,,,10.1.40.97:4191,linkerd-proxy,teastore,,teastore-persistence-d9666cc75-zcrs7,,2463348,,,,,teastore-persistence,,linkerd,inbound,,d9666cc75,200,true,teastore,default.teastore.serviceaccount.identity.linkerd.cluster.local,teastore-persistence.teastore.svc.cluster.local:8080,,,,,,,,teastore,,teastore-persistence
1614827644.966,response_latency_ms_count,,,10.1.40.97:4191,linkerd-proxy,teastore,,teastore-persistence-d9666cc75-zcrs7,,2464239,,,,,teastore-persistence,,linkerd,inbound,,d9666cc75,200,true,teastore,default.teastore.serviceaccount.identity.linkerd.cluster.local,teastore-persistence.teastore.svc.cluster.local:8080,,,,,,,,teastore,,teastore-persistence
1614827654.966,response_latency_ms_count,,,10.1.40.97:4191,linkerd-proxy,teastore,,teastore-persistence-d9666cc75-zcrs7,,2465508,,,,,teastore-persistence,,linkerd,inbound,,d9666cc75,200,true,teastore,default.teastore.serviceaccount.identity.linkerd.cluster.local,teastore-persistence.teastore.svc.cluster.local:8080,,,,,,,,teastore,,teastore-persistence
1614827664.966,response_latency_ms_count,,,10.1.40.97:4191,linkerd-proxy,teastore,,teastore-persistence-d9666cc75-zcrs7,,2466965,,,,,teastore-persistence,,linkerd,inbound,,d9666cc75,200,true,teastore,default.teastore.serviceaccount.identity.linkerd.cluster.local,teastore-persistence.teastore.svc.cluster.local:8080,,,,,,,,teastore,,teastore-persistence
1614827674.966,response_latency_ms_count,,,10.1.40.97:4191,linkerd-proxy,teastore,,teastore-persistence-d9666cc75-zcrs7,,2468717,,,,,teastore-persistence,,linkerd,inbound,,d9666cc75,200,true,teastore,default.teastore.serviceaccount.identity.linkerd.cluster.local,teastore-persistence.teastore.svc.cluster.local:8080,,,,,,,,teastore,,teastore-persistence
1614827684.966,response_latency_ms_count,,,10.1.40.97:4191,linkerd-proxy,teastore,,teastore-persistence-d9666cc75-zcrs7,,2470807,,,,,teastore-persistence,,linkerd,inbound,,d9666cc75,200,true,teastore,default.teastore.serviceaccount.identity.linkerd.cluster.local,teastore-persistence.teastore.svc.cluster.local:8080,,,,,,,,teastore,,teastore-persistence
1614827694.966,response_latency_ms_count,,,10.1.40.97:4191,linkerd-proxy,teastore,,teastore-persistence-d9666cc75-zcrs7,,2472915,,,,,teastore-persistence,,linkerd,inbound,,d9666cc75,200,true,teastore,default.teastore.serviceaccount.identity.linkerd.cluster.local,teastore-persistence.teastore.svc.cluster.local:8080,,,,,,,,teastore,,teastore-persistence
1614827704.966,response_latency_ms_count,,,10.1.40.97:4191,linkerd-proxy,teastore,,teastore-persistence-d9666cc75-zcrs7,,2474701,,,,,teastore-persistence,,linkerd,inbound,,d9666cc75,200,true,teastore,default.teastore.serviceaccount.identity.linkerd.cluster.local,teastore-persistence.teastore.svc.cluster.local:8080,,,,,,,,teastore,,teastore-persistence
1614827714.966,response_latency_ms_count,,,10.1.40.97:4191,linkerd-proxy,teastore,,teastore-persistence-d9666cc75-zcrs7,,2477433,,,,,teastore-persistence,,linkerd,inbound,,d9666cc75,200,true,teastore,default.teastore.serviceaccount.identity.linkerd.cluster.local,teastore-persistence.teastore.svc.cluster.local:8080,,,,,,,,teastore,,teastore-persistence
1614827724.966,response_latency_ms_count,,,10.1.40.97:4191,linkerd-proxy,teastore,,teastore-persistence-d9666cc75-zcrs7,,2479569,,,,,teastore-persistence,,linkerd,inbound,,d9666cc75,200,true,teastore,default.teastore.serviceaccount.identity.linkerd.cluster.local,teastore-persistence.teastore.svc.cluster.local:8080,,,,,,,,teastore,,teastore-persistence
1614827734.966,response_latency_ms_count,,,10.1.40.97:4191,linkerd-proxy,teastore,,teastore-persistence-d9666cc75-zcrs7,,2481370,,,,,teastore-persistence,,linkerd,inbound,,d9666cc75,200,true,teastore,default.teastore.serviceaccount.identity.linkerd.cluster.local,teastore-persistence.teastore.svc.cluster.local:8080,,,,,,,,teastore,,teastore-persistence
1614827744.966,response_latency_ms_count,,,10.1.40.97:4191,linkerd-proxy,teastore,,teastore-persistence-d9666cc75-zcrs7,,2484378,,,,,teastore-persistence,,linkerd,inbound,,d9666cc75,200,true,teastore,default.teastore.serviceaccount.identity.linkerd.cluster.local,teastore-persistence.teastore.svc.cluster.local:8080,,,,,,,,teastore,,teastore-persistence
1614827754.966,response_latency_ms_count,,,10.1.40.97:4191,linkerd-proxy,teastore,,teastore-persistence-d9666cc75-zcrs7,,2486850,,,,,teastore-persistence,,linkerd,inbound,,d9666cc75,200,true,teastore,default.teastore.serviceaccount.identity.linkerd.cluster.local,teastore-persistence.teastore.svc.cluster.local:8080,,,,,,,,teastore,,teastore-persistence
1614827764.966,response_latency_ms_count,,,10.1.40.97:4191,linkerd-proxy,teastore,,teastore-persistence-d9666cc75-zcrs7,,2488895,,,,,teastore-persistence,,linkerd,inbound,,d9666cc75,200,true,teastore,default.teastore.serviceaccount.identity.linkerd.cluster.local,teastore-persistence.teastore.svc.cluster.local:8080,,,,,,,,teastore,,teastore-persistence
1614827774.966,response_latency_ms_count,,,10.1.40.97:4191,linkerd-proxy,teastore,,teastore-persistence-d9666cc75-zcrs7,,2491461,,,,,teastore-persistence,,linkerd,inbound,,d9666cc75,200,true,teastore,default.teastore.serviceaccount.identity.linkerd.cluster.local,teastore-persistence.teastore.svc.cluster.local:8080,,,,,,,,teastore,,teastore-persistence
1614827784.966,response_latency_ms_count,,,10.1.40.97:4191,linkerd-proxy,teastore,,teastore-persistence-d9666cc75-zcrs7,,2494586,,,,,teastore-persistence,,linkerd,inbound,,d9666cc75,200,true,teastore,default.teastore.serviceaccount.identity.linkerd.cluster.local,teastore-persistence.teastore.svc.cluster.local:8080,,,,,,,,teastore,,teastore-persistence
1614827794.966,response_latency_ms_count,,,10.1.40.97:4191,linkerd-proxy,teastore,,teastore-persistence-d9666cc75-zcrs7,,2497706,,,,,teastore-persistence,,linkerd,inbound,,d9666cc75,200,true,teastore,default.teastore.serviceaccount.identity.linkerd.cluster.local,teastore-persistence.teastore.svc.cluster.local:8080,,,,,,,,teastore,,teastore-persistence
1614827804.966,response_latency_ms_count,,,10.1.40.97:4191,linkerd-proxy,teastore,,teastore-persistence-d9666cc75-zcrs7,,2500912,,,,,teastore-persistence,,linkerd,inbound,,d9666cc75,200,true,teastore,default.teastore.serviceaccount.identity.linkerd.cluster.local,teastore-persistence.teastore.svc.cluster.local:8080,,,,,,,,teastore,,teastore-persistence
1614827637.443,response_latency_ms_count,,,10.1.40.99:4191,linkerd-proxy,teastore,,teastore-image-77b5d74b7d-d27bk,,1,,,,,teastore-image,,linkerd,outbound,,77b5d74b7d,201,true,teastore,,teastore-registry.teastore.svc.cluster.local:8080,linkerd,teastore-registry,teastore,teastore-registry-c8b58678f-v869d,c8b58678f,default,default.teastore.serviceaccount.identity.linkerd.cluster.local,teastore,teastore-registry,teastore-image
1614827647.443,response_latency_ms_count,,,10.1.40.99:4191,linkerd-proxy,teastore,,teastore-image-77b5d74b7d-d27bk,,1,,,,,teastore-image,,linkerd,outbound,,77b5d74b7d,201,true,teastore,,teastore-registry.teastore.svc.cluster.local:8080,linkerd,teastore-registry,teastore,teastore-registry-c8b58678f-v869d,c8b58678f,default,default.teastore.serviceaccount.identity.linkerd.cluster.local,teastore,teastore-registry,teastore-image
1614827657.443,response_latency_ms_count,,,10.1.40.99:4191,linkerd-proxy,teastore,,teastore-image-77b5d74b7d-d27bk,,1,,,,,teastore-image,,linkerd,outbound,,77b5d74b7d,201,true,teastore,,teastore-registry.teastore.svc.cluster.local:8080,linkerd,teastore-registry,teastore,teastore-registry-c8b58678f-v869d,c8b58678f,default,default.teastore.serviceaccount.identity.linkerd.cluster.local,teastore,teastore-registry,teastore-image
1614827667.443,response_latency_ms_count,,,10.1.40.99:4191,linkerd-proxy,teastore,,teastore-image-77b5d74b7d-d27bk,,1,,,,,teastore-image,,linkerd,outbound,,77b5d74b7d,201,true,teastore,,teastore-registry.teastore.svc.cluster.local:8080,linkerd,teastore-registry,teastore,teastore-registry-c8b58678f-v869d,c8b58678f,default,default.teastore.serviceaccount.identity.linkerd.cluster.local,teastore,teastore-registry,teastore-image
1614827677.443,response_latency_ms_count,,,10.1.40.99:4191,linkerd-proxy,teastore,,teastore-image-77b5d74b7d-d27bk,,1,,,,,teastore-image,,linkerd,outbound,,77b5d74b7d,201,true,teastore,,teastore-registry.teastore.svc.cluster.local:8080,linkerd,teastore-registry,teastore,teastore-registry-c8b58678f-v869d,c8b58678f,default,default.teastore.serviceaccount.identity.linkerd.cluster.local,teastore,teastore-registry,teastore-image
1614827687.443,response_latency_ms_count,,,10.1.40.99:4191,linkerd-proxy,teastore,,teastore-image-77b5d74b7d-d27bk,,1,,,,,teastore-image,,linkerd,outbound,,77b5d74b7d,201,true,teastore,,teastore-registry.teastore.svc.cluster.local:8080,linkerd,teastore-registry,teastore,teastore-registry-c8b58678f-v869d,c8b58678f,default,default.teastore.serviceaccount.identity.linkerd.cluster.local,teastore,teastore-registry,teastore-image
1614827697.443,response_latency_ms_count,,,10.1.40.99:4191,linkerd-proxy,teastore,,teastore-image-77b5d74b7d-d27bk,,1,,,,,teastore-image,,linkerd,outbound,,77b5d74b7d,201,true,teastore,,teastore-registry.teastore.svc.cluster.local:8080,linkerd,teastore-registry,teastore,teastore-registry-c8b58678f-v869d,c8b58678f,default,default.teastore.serviceaccount.identity.linkerd.cluster.local,teastore,teastore-registry,teastore-image
1614827707.443,response_latency_ms_count,,,10.1.40.99:4191,linkerd-proxy,teastore,,teastore-image-77b5d74b7d-d27bk,,1,,,,,teastore-image,,linkerd,outbound,,77b5d74b7d,201,true,teastore,,teastore-registry.teastore.svc.cluster.local:8080,linkerd,teastore-registry,teastore,teastore-registry-c8b58678f-v869d,c8b58678f,default,default.teastore.serviceaccount.identity.linkerd.cluster.local,teastore,teastore-registry,teastore-image
1614827717.443,response_latency_ms_count,,,10.1.40.99:4191,linkerd-proxy,teastore,,teastore-image-77b5d74b7d-d27bk,,1,,,,,teastore-image,,linkerd,outbound,,77b5d74b7d,201,true,teastore,,teastore-registry.teastore.svc.cluster.local:8080,linkerd,teastore-registry,teastore,teastore-registry-c8b58678f-v869d,c8b58678f,default,default.teastore.serviceaccount.identity.linkerd.cluster.local,teastore,teastore-registry,teastore-image
1614827727.443,response_latency_ms_count,,,10.1.40.99:4191,linkerd-proxy,teastore,,teastore-image-77b5d74b7d-d27bk,,1,,,,,teastore-image,,linkerd,outbound,,77b5d74b7d,201,true,teastore,,teastore-registry.teastore.svc.cluster.local:8080,linkerd,teastore-registry,teastore,teastore-registry-c8b58678f-v869d,c8b58678f,default,default.teastore.serviceaccount.identity.linkerd.cluster.local,teastore,teastore-registry,teastore-image
1614827737.443,response_latency_ms_count,,,10.1.40.99:4191,linkerd-proxy,teastore,,teastore-image-77b5d74b7d-d27bk,,1,,,,,teastore-image,,linkerd,outbound,,77b5d74b7d,201,true,teastore,,teastore-registry.teastore.svc.cluster.local:8080,linkerd,teastore-registry,teastore,teastore-registry-c8b58678f-v869d,c8b58678f,default,default.teastore.serviceaccount.identity.linkerd.cluster.local,teastore,teastore-registry,teastore-image
1614827747.443,response_latency_ms_count,,,10.1.40.99:4191,linkerd-proxy,teastore,,teastore-image-77b5d74b7d-d27bk,,1,,,,,teastore-image,,linkerd,outbound,,77b5d74b7d,201,true,teastore,,teastore-registry.teastore.svc.cluster.local:8080,linkerd,teastore-registry,teastore,teastore-registry-c8b58678f-v869d,c8b58678f,default,default.teastore.serviceaccount.identity.linkerd.cluster.local,teastore,teastore-registry,teastore-image
1614827757.443,response_latency_ms_count,,,10.1.40.99:4191,linkerd-proxy,teastore,,teastore-image-77b5d74b7d-d27bk,,1,,,,,teastore-image,,linkerd,outbound,,77b5d74b7d,201,true,teastore,,teastore-registry.teastore.svc.cluster.local:8080,linkerd,teastore-registry,teastore,teastore-registry-c8b58678f-v869d,c8b58678f,default,default.teastore.serviceaccount.identity.linkerd.cluster.local,teastore,teastore-registry,teastore-image
1614827767.443,response_latency_ms_count,,,10.1.40.99:4191,linkerd-proxy,teastore,,teastore-image-77b5d74b7d-d27bk,,1,,,,,teastore-image,,linkerd,outbound,,77b5d74b7d,201,true,teastore,,teastore-registry.teastore.svc.cluster.local:8080,linkerd,teastore-registry,teastore,teastore-registry-c8b58678f-v869d,c8b58678f,default,default.teastore.serviceaccount.identity.linkerd.cluster.local,teastore,teastore-registry,teastore-image
1614827777.443,response_latency_ms_count,,,10.1.40.99:4191,linkerd-proxy,teastore,,teastore-image-77b5d74b7d-d27bk,,1,,,,,teastore-image,,linkerd,outbound,,77b5d74b7d,201,true,teastore,,teastore-registry.teastore.svc.cluster.local:8080,linkerd,teastore-registry,teastore,teastore-registry-c8b58678f-v869d,c8b58678f,default,default.teastore.serviceaccount.identity.linkerd.cluster.local,teastore,teastore-registry,teastore-image
1614827787.444,response_latency_ms_count,,,10.1.40.99:4191,linkerd-proxy,teastore,,teastore-image-77b5d74b7d-d27bk,,1,,,,,teastore-image,,linkerd,outbound,,77b5d74b7d,201,true,teastore,,teastore-registry.teastore.svc.cluster.local:8080,linkerd,teastore-registry,teastore,teastore-registry-c8b58678f-v869d,c8b58678f,default,default.teastore.serviceaccount.identity.linkerd.cluster.local,teastore,teastore-registry,teastore-image
1614827797.443,response_latency_ms_count,,,10.1.40.99:4191,linkerd-proxy,teastore,,teastore-image-77b5d74b7d-d27bk,,1,,,,,teastore-image,,linkerd,outbound,,77b5d74b7d,201,true,teastore,,teastore-registry.teastore.svc.cluster.local:8080,linkerd,teastore-registry,teastore,teastore-registry-c8b58678f-v869d,c8b58678f,default,default.teastore.serviceaccount.identity.linkerd.cluster.local,teastore,teastore-registry,teastore-image
1614827807.445,response_latency_ms_count,,,10.1.40.99:4191,linkerd-proxy,teastore,,teastore-image-77b5d74b7d-d27bk,,1,,,,,teastore-image,,linkerd,outbound,,77b5d74b7d,201,true,teastore,,teastore-registry.teastore.svc.cluster.local:8080,linkerd,teastore-registry,teastore,teastore-registry-c8b58678f-v869d,c8b58678f,default,default.teastore.serviceaccount.identity.linkerd.cluster.local,teastore,teastore-registry,teastore-image
1614827634.188,response_latency_ms_count,,,10.1.40.98:4191,linkerd-proxy,teastore,,teastore-auth-5c8f77dbb8-trzs6,,604643,,,,,teastore-auth,,linkerd,inbound,,5c8f77dbb8,200,true,teastore,default.teastore.serviceaccount.identity.linkerd.cluster.local,teastore-auth.teastore.svc.cluster.local:8080,,,,,,,,teastore,,teastore-auth
1614827644.188,response_latency_ms_count,,,10.1.40.98:4191,linkerd-proxy,teastore,,teastore-auth-5c8f77dbb8-trzs6,,604843,,,,,teastore-auth,,linkerd,inbound,,5c8f77dbb8,200,true,teastore,default.teastore.serviceaccount.identity.linkerd.cluster.local,teastore-auth.teastore.svc.cluster.local:8080,,,,,,,,teastore,,teastore-auth
1614827654.188,response_latency_ms_count,,,10.1.40.98:4191,linkerd-proxy,teastore,,teastore-auth-5c8f77dbb8-trzs6,,605126,,,,,teastore-auth,,linkerd,inbound,,5c8f77dbb8,200,true,teastore,default.teastore.serviceaccount.identity.linkerd.cluster.local,teastore-auth.teastore.svc.cluster.local:8080,,,,,,,,teastore,,teastore-auth
1614827664.188,response_latency_ms_count,,,10.1.40.98:4191,linkerd-proxy,teastore,,teastore-auth-5c8f77dbb8-trzs6,,605485,,,,,teastore-auth,,linkerd,inbound,,5c8f77dbb8,200,true,teastore,default.teastore.serviceaccount.identity.linkerd.cluster.local,teastore-auth.teastore.svc.cluster.local:8080,,,,,,,,teastore,,teastore-auth
1614827674.188,response_latency_ms_count,,,10.1.40.98:4191,linkerd-proxy,teastore,,teastore-auth-5c8f77dbb8-trzs6,,605921,,,,,teastore-auth,,linkerd,inbound,,5c8f77dbb8,200,true,teastore,default.teastore.serviceaccount.identity.linkerd.cluster.local,teastore-auth.teastore.svc.cluster.local:8080,,,,,,,,teastore,,teastore-auth
1614827684.188,response_latency_ms_count,,,10.1.40.98:4191,linkerd-proxy,teastore,,teastore-auth-5c8f77dbb8-trzs6,,606475,,,,,teastore-auth,,linkerd,inbound,,5c8f77dbb8,200,true,teastore,default.teastore.serviceaccount.identity.linkerd.cluster.local,teastore-auth.teastore.svc.cluster.local:8080,,,,,,,,teastore,,teastore-auth
1614827694.188,response_latency_ms_count,,,10.1.40.98:4191,linkerd-proxy,teastore,,teastore-auth-5c8f77dbb8-trzs6,,607027,,,,,teastore-auth,,linkerd,inbound,,5c8f77dbb8,200,true,teastore,default.teastore.serviceaccount.identity.linkerd.cluster.local,teastore-auth.teastore.svc.cluster.local:8080,,,,,,,,teastore,,teastore-auth
1614827704.188,response_latency_ms_count,,,10.1.40.98:4191,linkerd-proxy,teastore,,teastore-auth-5c8f77dbb8-trzs6,,607506,,,,,teastore-auth,,linkerd,inbound,,5c8f77dbb8,200,true,teastore,default.teastore.serviceaccount.identity.linkerd.cluster.local,teastore-auth.teastore.svc.cluster.local:8080,,,,,,,,teastore,,teastore-auth
1614827714.188,response_latency_ms_count,,,10.1.40.98:4191,linkerd-proxy,teastore,,teastore-auth-5c8f77dbb8-trzs6,,608068,,,,,teastore-auth,,linkerd,inbound,,5c8f77dbb8,200,true,teastore,default.teastore.serviceaccount.identity.linkerd.cluster.local,teastore-auth.teastore.svc.cluster.local:8080,,,,,,,,teastore,,teastore-auth
1614827724.188,response_latency_ms_count,,,10.1.40.98:4191,linkerd-proxy,teastore,,teastore-auth-5c8f77dbb8-trzs6,,608586,,,,,teastore-auth,,linkerd,inbound,,5c8f77dbb8,200,true,teastore,default.teastore.serviceaccount.identity.linkerd.cluster.local,teastore-auth.teastore.svc.cluster.local:8080,,,,,,,,teastore,,teastore-auth
1614827734.188,response_latency_ms_count,,,10.1.40.98:4191,linkerd-proxy,teastore,,teastore-auth-5c8f77dbb8-trzs6,,609100,,,,,teastore-auth,,linkerd,inbound,,5c8f77dbb8,200,true,teastore,default.teastore.serviceaccount.identity.linkerd.cluster.local,teastore-auth.teastore.svc.cluster.local:8080,,,,,,,,teastore,,teastore-auth
1614827744.188,response_latency_ms_count,,,10.1.40.98:4191,linkerd-proxy,teastore,,teastore-auth-5c8f77dbb8-trzs6,,609724,,,,,teastore-auth,,linkerd,inbound,,5c8f77dbb8,200,true,teastore,default.teastore.serviceaccount.identity.linkerd.cluster.local,teastore-auth.teastore.svc.cluster.local:8080,,,,,,,,teastore,,teastore-auth
1614827754.188,response_latency_ms_count,,,10.1.40.98:4191,linkerd-proxy,teastore,,teastore-auth-5c8f77dbb8-trzs6,,610297,,,,,teastore-auth,,linkerd,inbound,,5c8f77dbb8,200,true,teastore,default.teastore.serviceaccount.identity.linkerd.cluster.local,teastore-auth.teastore.svc.cluster.local:8080,,,,,,,,teastore,,teastore-auth
1614827764.188,response_latency_ms_count,,,10.1.40.98:4191,linkerd-proxy,teastore,,teastore-auth-5c8f77dbb8-trzs6,,610769,,,,,teastore-auth,,linkerd,inbound,,5c8f77dbb8,200,true,teastore,default.teastore.serviceaccount.identity.linkerd.cluster.local,teastore-auth.teastore.svc.cluster.local:8080,,,,,,,,teastore,,teastore-auth
1614827774.188,response_latency_ms_count,,,10.1.40.98:4191,linkerd-proxy,teastore,,teastore-auth-5c8f77dbb8-trzs6,,611371,,,,,teastore-auth,,linkerd,inbound,,5c8f77dbb8,200,true,teastore,default.teastore.serviceaccount.identity.linkerd.cluster.local,teastore-auth.teastore.svc.cluster.local:8080,,,,,,,,teastore,,teastore-auth
1614827784.188,response_latency_ms_count,,,10.1.40.98:4191,linkerd-proxy,teastore,,teastore-auth-5c8f77dbb8-trzs6,,612052,,,,,teastore-auth,,linkerd,inbound,,5c8f77dbb8,200,true,teastore,default.teastore.serviceaccount.identity.linkerd.cluster.local,teastore-auth.teastore.svc.cluster.local:8080,,,,,,,,teastore,,teastore-auth
1614827794.188,response_latency_ms_count,,,10.1.40.98:4191,linkerd-proxy,teastore,,teastore-auth-5c8f77dbb8-trzs6,,612601,,,,,teastore-auth,,linkerd,inbound,,5c8f77dbb8,200,true,teastore,default.teastore.serviceaccount.identity.linkerd.cluster.local,teastore-auth.teastore.svc.cluster.local:8080,,,,,,,,teastore,,teastore-auth
1614827804.188,response_latency_ms_count,,,10.1.40.98:4191,linkerd-proxy,teastore,,teastore-auth-5c8f77dbb8-trzs6,,613209,,,,,teastore-auth,,linkerd,inbound,,5c8f77dbb8,200,true,teastore,default.teastore.serviceaccount.identity.linkerd.cluster.local,teastore-auth.teastore.svc.cluster.local:8080,,,,,,,,teastore,,teastore-auth
1614827637.443,response_latency_ms_count,,,10.1.40.99:4191,linkerd-proxy,teastore,,teastore-image-77b5d74b7d-d27bk,,764300,,,,,teastore-image,,linkerd,inbound,,77b5d74b7d,200,true,teastore,default.teastore.serviceaccount.identity.linkerd.cluster.local,teastore-image.teastore.svc.cluster.local:8080,,,,,,,,teastore,,teastore-image
1614827647.443,response_latency_ms_count,,,10.1.40.99:4191,linkerd-proxy,teastore,,teastore-image-77b5d74b7d-d27bk,,764591,,,,,teastore-image,,linkerd,inbound,,77b5d74b7d,200,true,teastore,default.teastore.serviceaccount.identity.linkerd.cluster.local,teastore-image.teastore.svc.cluster.local:8080,,,,,,,,teastore,,teastore-image
1614827657.443,response_latency_ms_count,,,10.1.40.99:4191,linkerd-proxy,teastore,,teastore-image-77b5d74b7d-d27bk,,764972,,,,,teastore-image,,linkerd,inbound,,77b5d74b7d,200,true,teastore,default.teastore.serviceaccount.identity.linkerd.cluster.local,teastore-image.teastore.svc.cluster.local:8080,,,,,,,,teastore,,teastore-image
1614827667.443,response_latency_ms_count,,,10.1.40.99:4191,linkerd-proxy,teastore,,teastore-image-77b5d74b7d-d27bk,,765466,,,,,teastore-image,,linkerd,inbound,,77b5d74b7d,200,true,teastore,default.teastore.serviceaccount.identity.linkerd.cluster.local,teastore-image.teastore.svc.cluster.local:8080,,,,,,,,teastore,,teastore-image
1614827677.443,response_latency_ms_count,,,10.1.40.99:4191,linkerd-proxy,teastore,,teastore-image-77b5d74b7d-d27bk,,766001,,,,,teastore-image,,linkerd,inbound,,77b5d74b7d,200,true,teastore,default.teastore.serviceaccount.identity.linkerd.cluster.local,teastore-image.teastore.svc.cluster.local:8080,,,,,,,,teastore,,teastore-image
1614827687.443,response_latency_ms_count,,,10.1.40.99:4191,linkerd-proxy,teastore,,teastore-image-77b5d74b7d-d27bk,,766672,,,,,teastore-image,,linkerd,inbound,,77b5d74b7d,200,true,teastore,default.teastore.serviceaccount.identity.linkerd.cluster.local,teastore-image.teastore.svc.cluster.local:8080,,,,,,,,teastore,,teastore-image
1614827697.443,response_latency_ms_count,,,10.1.40.99:4191,linkerd-proxy,teastore,,teastore-image-77b5d74b7d-d27bk,,767326,,,,,teastore-image,,linkerd,inbound,,77b5d74b7d,200,true,teastore,default.teastore.serviceaccount.identity.linkerd.cluster.local,teastore-image.teastore.svc.cluster.local:8080,,,,,,,,teastore,,teastore-image
1614827707.443,response_latency_ms_count,,,10.1.40.99:4191,linkerd-proxy,teastore,,teastore-image-77b5d74b7d-d27bk,,767943,,,,,teastore-image,,linkerd,inbound,,77b5d74b7d,200,true,teastore,default.teastore.serviceaccount.identity.linkerd.cluster.local,teastore-image.teastore.svc.cluster.local:8080,,,,,,,,teastore,,teastore-image
1614827717.443,response_latency_ms_count,,,10.1.40.99:4191,linkerd-proxy,teastore,,teastore-image-77b5d74b7d-d27bk,,768736,,,,,teastore-image,,linkerd,inbound,,77b5d74b7d,200,true,teastore,default.teastore.serviceaccount.identity.linkerd.cluster.local,teastore-image.teastore.svc.cluster.local:8080,,,,,,,,teastore,,teastore-image
1614827727.443,response_latency_ms_count,,,10.1.40.99:4191,linkerd-proxy,teastore,,teastore-image-77b5d74b7d-d27bk,,769332,,,,,teastore-image,,linkerd,inbound,,77b5d74b7d,200,true,teastore,default.teastore.serviceaccount.identity.linkerd.cluster.local,teastore-image.teastore.svc.cluster.local:8080,,,,,,,,teastore,,teastore-image
1614827737.443,response_latency_ms_count,,,10.1.40.99:4191,linkerd-proxy,teastore,,teastore-image-77b5d74b7d-d27bk,,769917,,,,,teastore-image,,linkerd,inbound,,77b5d74b7d,200,true,teastore,default.teastore.serviceaccount.identity.linkerd.cluster.local,teastore-image.teastore.svc.cluster.local:8080,,,,,,,,teastore,,teastore-image
1614827747.443,response_latency_ms_count,,,10.1.40.99:4191,linkerd-proxy,teastore,,teastore-image-77b5d74b7d-d27bk,,770712,,,,,teastore-image,,linkerd,inbound,,77b5d74b7d,200,true,teastore,default.teastore.serviceaccount.identity.linkerd.cluster.local,teastore-image.teastore.svc.cluster.local:8080,,,,,,,,teastore,,teastore-image
1614827757.443,response_latency_ms_count,,,10.1.40.99:4191,linkerd-proxy,teastore,,teastore-image-77b5d74b7d-d27bk,,771411,,,,,teastore-image,,linkerd,inbound,,77b5d74b7d,200,true,teastore,default.teastore.serviceaccount.identity.linkerd.cluster.local,teastore-image.teastore.svc.cluster.local:8080,,,,,,,,teastore,,teastore-image
1614827767.443,response_latency_ms_count,,,10.1.40.99:4191,linkerd-proxy,teastore,,teastore-image-77b5d74b7d-d27bk,,772053,,,,,teastore-image,,linkerd,inbound,,77b5d74b7d,200,true,teastore,default.teastore.serviceaccount.identity.linkerd.cluster.local,teastore-image.teastore.svc.cluster.local:8080,,,,,,,,teastore,,teastore-image
1614827777.443,response_latency_ms_count,,,10.1.40.99:4191,linkerd-proxy,teastore,,teastore-image-77b5d74b7d-d27bk,,772852,,,,,teastore-image,,linkerd,inbound,,77b5d74b7d,200,true,teastore,default.teastore.serviceaccount.identity.linkerd.cluster.local,teastore-image.teastore.svc.cluster.local:8080,,,,,,,,teastore,,teastore-image
1614827787.444,response_latency_ms_count,,,10.1.40.99:4191,linkerd-proxy,teastore,,teastore-image-77b5d74b7d-d27bk,,773740,,,,,teastore-image,,linkerd,inbound,,77b5d74b7d,200,true,teastore,default.teastore.serviceaccount.identity.linkerd.cluster.local,teastore-image.teastore.svc.cluster.local:8080,,,,,,,,teastore,,teastore-image
1614827797.443,response_latency_ms_count,,,10.1.40.99:4191,linkerd-proxy,teastore,,teastore-image-77b5d74b7d-d27bk,,774569,,,,,teastore-image,,linkerd,inbound,,77b5d74b7d,200,true,teastore,default.teastore.serviceaccount.identity.linkerd.cluster.local,teastore-image.teastore.svc.cluster.local:8080,,,,,,,,teastore,,teastore-image
1614827807.445,response_latency_ms_count,,,10.1.40.99:4191,linkerd-proxy,teastore,,teastore-image-77b5d74b7d-d27bk,,775397,,,,,teastore-image,,linkerd,inbound,,77b5d74b7d,200,true,teastore,default.teastore.serviceaccount.identity.linkerd.cluster.local,teastore-image.teastore.svc.cluster.local:8080,,,,,,,,teastore,,teastore-image
1614827634.188,response_latency_ms_count,,,10.1.40.98:4191,linkerd-proxy,teastore,,teastore-auth-5c8f77dbb8-trzs6,,44212,,,,,teastore-auth,,linkerd,outbound,,5c8f77dbb8,404,true,teastore,,teastore-persistence.teastore.svc.cluster.local:8080,linkerd,teastore-persistence,teastore,teastore-persistence-d9666cc75-zcrs7,d9666cc75,default,default.teastore.serviceaccount.identity.linkerd.cluster.local,teastore,teastore-persistence,teastore-auth
1614827644.188,response_latency_ms_count,,,10.1.40.98:4191,linkerd-proxy,teastore,,teastore-auth-5c8f77dbb8-trzs6,,44226,,,,,teastore-auth,,linkerd,outbound,,5c8f77dbb8,404,true,teastore,,teastore-persistence.teastore.svc.cluster.local:8080,linkerd,teastore-persistence,teastore,teastore-persistence-d9666cc75-zcrs7,d9666cc75,default,default.teastore.serviceaccount.identity.linkerd.cluster.local,teastore,teastore-persistence,teastore-auth
1614827654.188,response_latency_ms_count,,,10.1.40.98:4191,linkerd-proxy,teastore,,teastore-auth-5c8f77dbb8-trzs6,,44245,,,,,teastore-auth,,linkerd,outbound,,5c8f77dbb8,404,true,teastore,,teastore-persistence.teastore.svc.cluster.local:8080,linkerd,teastore-persistence,teastore,teastore-persistence-d9666cc75-zcrs7,d9666cc75,default,default.teastore.serviceaccount.identity.linkerd.cluster.local,teastore,teastore-persistence,teastore-auth
1614827664.188,response_latency_ms_count,,,10.1.40.98:4191,linkerd-proxy,teastore,,teastore-auth-5c8f77dbb8-trzs6,,44268,,,,,teastore-auth,,linkerd,outbound,,5c8f77dbb8,404,true,teastore,,teastore-persistence.teastore.svc.cluster.local:8080,linkerd,teastore-persistence,teastore,teastore-persistence-d9666cc75-zcrs7,d9666cc75,default,default.teastore.serviceaccount.identity.linkerd.cluster.local,teastore,teastore-persistence,teastore-auth
1614827674.188,response_latency_ms_count,,,10.1.40.98:4191,linkerd-proxy,teastore,,teastore-auth-5c8f77dbb8-trzs6,,44292,,,,,teastore-auth,,linkerd,outbound,,5c8f77dbb8,404,true,teastore,,teastore-persistence.teastore.svc.cluster.local:8080,linkerd,teastore-persistence,teastore,teastore-persistence-d9666cc75-zcrs7,d9666cc75,default,default.teastore.serviceaccount.identity.linkerd.cluster.local,teastore,teastore-persistence,teastore-auth
1614827684.188,response_latency_ms_count,,,10.1.40.98:4191,linkerd-proxy,teastore,,teastore-auth-5c8f77dbb8-trzs6,,44367,,,,,teastore-auth,,linkerd,outbound,,5c8f77dbb8,404,true,teastore,,teastore-persistence.teastore.svc.cluster.local:8080,linkerd,teastore-persistence,teastore,teastore-persistence-d9666cc75-zcrs7,d9666cc75,default,default.teastore.serviceaccount.identity.linkerd.cluster.local,teastore,teastore-persistence,teastore-auth
1614827694.188,response_latency_ms_count,,,10.1.40.98:4191,linkerd-proxy,teastore,,teastore-auth-5c8f77dbb8-trzs6,,44404,,,,,teastore-auth,,linkerd,outbound,,5c8f77dbb8,404,true,teastore,,teastore-persistence.teastore.svc.cluster.local:8080,linkerd,teastore-persistence,teastore,teastore-persistence-d9666cc75-zcrs7,d9666cc75,default,default.teastore.serviceaccount.identity.linkerd.cluster.local,teastore,teastore-persistence,teastore-auth
1614827704.188,response_latency_ms_count,,,10.1.40.98:4191,linkerd-proxy,teastore,,teastore-auth-5c8f77dbb8-trzs6,,44444,,,,,teastore-auth,,linkerd,outbound,,5c8f77dbb8,404,true,teastore,,teastore-persistence.teastore.svc.cluster.local:8080,linkerd,teastore-persistence,teastore,teastore-persistence-d9666cc75-zcrs7,d9666cc75,default,default.teastore.serviceaccount.identity.linkerd.cluster.local,teastore,teastore-persistence,teastore-auth
1614827714.188,response_latency_ms_count,,,10.1.40.98:4191,linkerd-proxy,teastore,,teastore-auth-5c8f77dbb8-trzs6,,44483,,,,,teastore-auth,,linkerd,outbound,,5c8f77dbb8,404,true,teastore,,teastore-persistence.teastore.svc.cluster.local:8080,linkerd,teastore-persistence,teastore,teastore-persistence-d9666cc75-zcrs7,d9666cc75,default,default.teastore.serviceaccount.identity.linkerd.cluster.local,teastore,teastore-persistence,teastore-auth
1614827724.188,response_latency_ms_count,,,10.1.40.98:4191,linkerd-proxy,teastore,,teastore-auth-5c8f77dbb8-trzs6,,44519,,,,,teastore-auth,,linkerd,outbound,,5c8f77dbb8,404,true,teastore,,teastore-persistence.teastore.svc.cluster.local:8080,linkerd,teastore-persistence,teastore,teastore-persistence-d9666cc75-zcrs7,d9666cc75,default,default.teastore.serviceaccount.identity.linkerd.cluster.local,teastore,teastore-persistence,teastore-auth
1614827734.188,response_latency_ms_count,,,10.1.40.98:4191,linkerd-proxy,teastore,,teastore-auth-5c8f77dbb8-trzs6,,44561,,,,,teastore-auth,,linkerd,outbound,,5c8f77dbb8,404,true,teastore,,teastore-persistence.teastore.svc.cluster.local:8080,linkerd,teastore-persistence,teastore,teastore-persistence-d9666cc75-zcrs7,d9666cc75,default,default.teastore.serviceaccount.identity.linkerd.cluster.local,teastore,teastore-persistence,teastore-auth
1614827744.188,response_latency_ms_count,,,10.1.40.98:4191,linkerd-proxy,teastore,,teastore-auth-5c8f77dbb8-trzs6,,44598,,,,,teastore-auth,,linkerd,outbound,,5c8f77dbb8,404,true,teastore,,teastore-persistence.teastore.svc.cluster.local:8080,linkerd,teastore-persistence,teastore,teastore-persistence-d9666cc75-zcrs7,d9666cc75,default,default.teastore.serviceaccount.identity.linkerd.cluster.local,teastore,teastore-persistence,teastore-auth
1614827754.188,response_latency_ms_count,,,10.1.40.98:4191,linkerd-proxy,teastore,,teastore-auth-5c8f77dbb8-trzs6,,44639,,,,,teastore-auth,,linkerd,outbound,,5c8f77dbb8,404,true,teastore,,teastore-persistence.teastore.svc.cluster.local:8080,linkerd,teastore-persistence,teastore,teastore-persistence-d9666cc75-zcrs7,d9666cc75,default,default.teastore.serviceaccount.identity.linkerd.cluster.local,teastore,teastore-persistence,teastore-auth
1614827764.188,response_latency_ms_count,,,10.1.40.98:4191,linkerd-proxy,teastore,,teastore-auth-5c8f77dbb8-trzs6,,44674,,,,,teastore-auth,,linkerd,outbound,,5c8f77dbb8,404,true,teastore,,teastore-persistence.teastore.svc.cluster.local:8080,linkerd,teastore-persistence,teastore,teastore-persistence-d9666cc75-zcrs7,d9666cc75,default,default.teastore.serviceaccount.identity.linkerd.cluster.local,teastore,teastore-persistence,teastore-auth
1614827774.188,response_latency_ms_count,,,10.1.40.98:4191,linkerd-proxy,teastore,,teastore-auth-5c8f77dbb8-trzs6,,44704,,,,,teastore-auth,,linkerd,outbound,,5c8f77dbb8,404,true,teastore,,teastore-persistence.teastore.svc.cluster.local:8080,linkerd,teastore-persistence,teastore,teastore-persistence-d9666cc75-zcrs7,d9666cc75,default,default.teastore.serviceaccount.identity.linkerd.cluster.local,teastore,teastore-persistence,teastore-auth
1614827784.188,response_latency_ms_count,,,10.1.40.98:4191,linkerd-proxy,teastore,,teastore-auth-5c8f77dbb8-trzs6,,44748,,,,,teastore-auth,,linkerd,outbound,,5c8f77dbb8,404,true,teastore,,teastore-persistence.teastore.svc.cluster.local:8080,linkerd,teastore-persistence,teastore,teastore-persistence-d9666cc75-zcrs7,d9666cc75,default,default.teastore.serviceaccount.identity.linkerd.cluster.local,teastore,teastore-persistence,teastore-auth
1614827794.188,response_latency_ms_count,,,10.1.40.98:4191,linkerd-proxy,teastore,,teastore-auth-5c8f77dbb8-trzs6,,44765,,,,,teastore-auth,,linkerd,outbound,,5c8f77dbb8,404,true,teastore,,teastore-persistence.teastore.svc.cluster.local:8080,linkerd,teastore-persistence,teastore,teastore-persistence-d9666cc75-zcrs7,d9666cc75,default,default.teastore.serviceaccount.identity.linkerd.cluster.local,teastore,teastore-persistence,teastore-auth
1614827804.188,response_latency_ms_count,,,10.1.40.98:4191,linkerd-proxy,teastore,,teastore-auth-5c8f77dbb8-trzs6,,44779,,,,,teastore-auth,,linkerd,outbound,,5c8f77dbb8,404,true,teastore,,teastore-persistence.teastore.svc.cluster.local:8080,linkerd,teastore-persistence,teastore,teastore-persistence-d9666cc75-zcrs7,d9666cc75,default,default.teastore.serviceaccount.identity.linkerd.cluster.local,teastore,teastore-persistence,teastore-auth
1614827634.966,response_latency_ms_count,,,10.1.40.97:4191,linkerd-proxy,teastore,,teastore-persistence-d9666cc75-zcrs7,,44213,,,,,teastore-persistence,,linkerd,inbound,,d9666cc75,404,true,teastore,default.teastore.serviceaccount.identity.linkerd.cluster.local,teastore-persistence.teastore.svc.cluster.local:8080,,,,,,,,teastore,,teastore-persistence
1614827644.966,response_latency_ms_count,,,10.1.40.97:4191,linkerd-proxy,teastore,,teastore-persistence-d9666cc75-zcrs7,,44227,,,,,teastore-persistence,,linkerd,inbound,,d9666cc75,404,true,teastore,default.teastore.serviceaccount.identity.linkerd.cluster.local,teastore-persistence.teastore.svc.cluster.local:8080,,,,,,,,teastore,,teastore-persistence
1614827654.966,response_latency_ms_count,,,10.1.40.97:4191,linkerd-proxy,teastore,,teastore-persistence-d9666cc75-zcrs7,,44246,,,,,teastore-persistence,,linkerd,inbound,,d9666cc75,404,true,teastore,default.teastore.serviceaccount.identity.linkerd.cluster.local,teastore-persistence.teastore.svc.cluster.local:8080,,,,,,,,teastore,,teastore-persistence
1614827664.966,response_latency_ms_count,,,10.1.40.97:4191,linkerd-proxy,teastore,,teastore-persistence-d9666cc75-zcrs7,,44269,,,,,teastore-persistence,,linkerd,inbound,,d9666cc75,404,true,teastore,default.teastore.serviceaccount.identity.linkerd.cluster.local,teastore-persistence.teastore.svc.cluster.local:8080,,,,,,,,teastore,,teastore-persistence
1614827674.966,response_latency_ms_count,,,10.1.40.97:4191,linkerd-proxy,teastore,,teastore-persistence-d9666cc75-zcrs7,,44296,,,,,teastore-persistence,,linkerd,inbound,,d9666cc75,404,true,teastore,default.teastore.serviceaccount.identity.linkerd.cluster.local,teastore-persistence.teastore.svc.cluster.local:8080,,,,,,,,teastore,,teastore-persistence
1614827684.966,response_latency_ms_count,,,10.1.40.97:4191,linkerd-proxy,teastore,,teastore-persistence-d9666cc75-zcrs7,,44370,,,,,teastore-persistence,,linkerd,inbound,,d9666cc75,404,true,teastore,default.teastore.serviceaccount.identity.linkerd.cluster.local,teastore-persistence.teastore.svc.cluster.local:8080,,,,,,,,teastore,,teastore-persistence
1614827694.966,response_latency_ms_count,,,10.1.40.97:4191,linkerd-proxy,teastore,,teastore-persistence-d9666cc75-zcrs7,,44408,,,,,teastore-persistence,,linkerd,inbound,,d9666cc75,404,true,teastore,default.teastore.serviceaccount.identity.linkerd.cluster.local,teastore-persistence.teastore.svc.cluster.local:8080,,,,,,,,teastore,,teastore-persistence
1614827704.966,response_latency_ms_count,,,10.1.40.97:4191,linkerd-proxy,teastore,,teastore-persistence-d9666cc75-zcrs7,,44448,,,,,teastore-persistence,,linkerd,inbound,,d9666cc75,404,true,teastore,default.teastore.serviceaccount.identity.linkerd.cluster.local,teastore-persistence.teastore.svc.cluster.local:8080,,,,,,,,teastore,,teastore-persistence
1614827714.966,response_latency_ms_count,,,10.1.40.97:4191,linkerd-proxy,teastore,,teastore-persistence-d9666cc75-zcrs7,,44486,,,,,teastore-persistence,,linkerd,inbound,,d9666cc75,404,true,teastore,default.teastore.serviceaccount.identity.linkerd.cluster.local,teastore-persistence.teastore.svc.cluster.local:8080,,,,,,,,teastore,,teastore-persistence
1614827724.966,response_latency_ms_count,,,10.1.40.97:4191,linkerd-proxy,teastore,,teastore-persistence-d9666cc75-zcrs7,,44522,,,,,teastore-persistence,,linkerd,inbound,,d9666cc75,404,true,teastore,default.teastore.serviceaccount.identity.linkerd.cluster.local,teastore-persistence.teastore.svc.cluster.local:8080,,,,,,,,teastore,,teastore-persistence
1614827734.966,response_latency_ms_count,,,10.1.40.97:4191,linkerd-proxy,teastore,,teastore-persistence-d9666cc75-zcrs7,,44563,,,,,teastore-persistence,,linkerd,inbound,,d9666cc75,404,true,teastore,default.teastore.serviceaccount.identity.linkerd.cluster.local,teastore-persistence.teastore.svc.cluster.local:8080,,,,,,,,teastore,,teastore-persistence
1614827744.966,response_latency_ms_count,,,10.1.40.97:4191,linkerd-proxy,teastore,,teastore-persistence-d9666cc75-zcrs7,,44600,,,,,teastore-persistence,,linkerd,inbound,,d9666cc75,404,true,teastore,default.teastore.serviceaccount.identity.linkerd.cluster.local,teastore-persistence.teastore.svc.cluster.local:8080,,,,,,,,teastore,,teastore-persistence
1614827754.966,response_latency_ms_count,,,10.1.40.97:4191,linkerd-proxy,teastore,,teastore-persistence-d9666cc75-zcrs7,,44642,,,,,teastore-persistence,,linkerd,inbound,,d9666cc75,404,true,teastore,default.teastore.serviceaccount.identity.linkerd.cluster.local,teastore-persistence.teastore.svc.cluster.local:8080,,,,,,,,teastore,,teastore-persistence
1614827764.966,response_latency_ms_count,,,10.1.40.97:4191,linkerd-proxy,teastore,,teastore-persistence-d9666cc75-zcrs7,,44676,,,,,teastore-persistence,,linkerd,inbound,,d9666cc75,404,true,teastore,default.teastore.serviceaccount.identity.linkerd.cluster.local,teastore-persistence.teastore.svc.cluster.local:8080,,,,,,,,teastore,,teastore-persistence
1614827774.966,response_latency_ms_count,,,10.1.40.97:4191,linkerd-proxy,teastore,,teastore-persistence-d9666cc75-zcrs7,,44710,,,,,teastore-persistence,,linkerd,inbound,,d9666cc75,404,true,teastore,default.teastore.serviceaccount.identity.linkerd.cluster.local,teastore-persistence.teastore.svc.cluster.local:8080,,,,,,,,teastore,,teastore-persistence
1614827784.966,response_latency_ms_count,,,10.1.40.97:4191,linkerd-proxy,teastore,,teastore-persistence-d9666cc75-zcrs7,,44748,,,,,teastore-persistence,,linkerd,inbound,,d9666cc75,404,true,teastore,default.teastore.serviceaccount.identity.linkerd.cluster.local,teastore-persistence.teastore.svc.cluster.local:8080,,,,,,,,teastore,,teastore-persistence
1614827794.966,response_latency_ms_count,,,10.1.40.97:4191,linkerd-proxy,teastore,,teastore-persistence-d9666cc75-zcrs7,,44767,,,,,teastore-persistence,,linkerd,inbound,,d9666cc75,404,true,teastore,default.teastore.serviceaccount.identity.linkerd.cluster.local,teastore-persistence.teastore.svc.cluster.local:8080,,,,,,,,teastore,,teastore-persistence
1614827804.966,response_latency_ms_count,,,10.1.40.97:4191,linkerd-proxy,teastore,,teastore-persistence-d9666cc75-zcrs7,,44781,,,,,teastore-persistence,,linkerd,inbound,,d9666cc75,404,true,teastore,default.teastore.serviceaccount.identity.linkerd.cluster.local,teastore-persistence.teastore.svc.cluster.local:8080,,,,,,,,teastore,,teastore-persistence
1614827631.064,response_latency_ms_count,,,10.1.40.100:4191,linkerd-proxy,teastore,,teastore-recommender-597fccb746-dbm6l,,149253,,,,,teastore-recommender,,linkerd,inbound,,597fccb746,200,true,teastore,default.teastore.serviceaccount.identity.linkerd.cluster.local,teastore-recommender.teastore.svc.cluster.local:8080,,,,,,,,teastore,,teastore-recommender
1614827641.064,response_latency_ms_count,,,10.1.40.100:4191,linkerd-proxy,teastore,,teastore-recommender-597fccb746-dbm6l,,149297,,,,,teastore-recommender,,linkerd,inbound,,597fccb746,200,true,teastore,default.teastore.serviceaccount.identity.linkerd.cluster.local,teastore-recommender.teastore.svc.cluster.local:8080,,,,,,,,teastore,,teastore-recommender
1614827651.064,response_latency_ms_count,,,10.1.40.100:4191,linkerd-proxy,teastore,,teastore-recommender-597fccb746-dbm6l,,149367,,,,,teastore-recommender,,linkerd,inbound,,597fccb746,200,true,teastore,default.teastore.serviceaccount.identity.linkerd.cluster.local,teastore-recommender.teastore.svc.cluster.local:8080,,,,,,,,teastore,,teastore-recommender
1614827661.064,response_latency_ms_count,,,10.1.40.100:4191,linkerd-proxy,teastore,,teastore-recommender-597fccb746-dbm6l,,149450,,,,,teastore-recommender,,linkerd,inbound,,597fccb746,200,true,teastore,default.teastore.serviceaccount.identity.linkerd.cluster.local,teastore-recommender.teastore.svc.cluster.local:8080,,,,,,,,teastore,,teastore-recommender
1614827671.064,response_latency_ms_count,,,10.1.40.100:4191,linkerd-proxy,teastore,,teastore-recommender-597fccb746-dbm6l,,149550,,,,,teastore-recommender,,linkerd,inbound,,597fccb746,200,true,teastore,default.teastore.serviceaccount.identity.linkerd.cluster.local,teastore-recommender.teastore.svc.cluster.local:8080,,,,,,,,teastore,,teastore-recommender
1614827681.064,response_latency_ms_count,,,10.1.40.100:4191,linkerd-proxy,teastore,,teastore-recommender-597fccb746-dbm6l,,149668,,,,,teastore-recommender,,linkerd,inbound,,597fccb746,200,true,teastore,default.teastore.serviceaccount.identity.linkerd.cluster.local,teastore-recommender.teastore.svc.cluster.local:8080,,,,,,,,teastore,,teastore-recommender
1614827691.064,response_latency_ms_count,,,10.1.40.100:4191,linkerd-proxy,teastore,,teastore-recommender-597fccb746-dbm6l,,149792,,,,,teastore-recommender,,linkerd,inbound,,597fccb746,200,true,teastore,default.teastore.serviceaccount.identity.linkerd.cluster.local,teastore-recommender.teastore.svc.cluster.local:8080,,,,,,,,teastore,,teastore-recommender
1614827701.064,response_latency_ms_count,,,10.1.40.100:4191,linkerd-proxy,teastore,,teastore-recommender-597fccb746-dbm6l,,149905,,,,,teastore-recommender,,linkerd,inbound,,597fccb746,200,true,teastore,default.teastore.serviceaccount.identity.linkerd.cluster.local,teastore-recommender.teastore.svc.cluster.local:8080,,,,,,,,teastore,,teastore-recommender
1614827711.064,response_latency_ms_count,,,10.1.40.100:4191,linkerd-proxy,teastore,,teastore-recommender-597fccb746-dbm6l,,150083,,,,,teastore-recommender,,linkerd,inbound,,597fccb746,200,true,teastore,default.teastore.serviceaccount.identity.linkerd.cluster.local,teastore-recommender.teastore.svc.cluster.local:8080,,,,,,,,teastore,,teastore-recommender
1614827721.064,response_latency_ms_count,,,10.1.40.100:4191,linkerd-proxy,teastore,,teastore-recommender-597fccb746-dbm6l,,150207,,,,,teastore-recommender,,linkerd,inbound,,597fccb746,200,true,teastore,default.teastore.serviceaccount.identity.linkerd.cluster.local,teastore-recommender.teastore.svc.cluster.local:8080,,,,,,,,teastore,,teastore-recommender
1614827731.064,response_latency_ms_count,,,10.1.40.100:4191,linkerd-proxy,teastore,,teastore-recommender-597fccb746-dbm6l,,150317,,,,,teastore-recommender,,linkerd,inbound,,597fccb746,200,true,teastore,default.teastore.serviceaccount.identity.linkerd.cluster.local,teastore-recommender.teastore.svc.cluster.local:8080,,,,,,,,teastore,,teastore-recommender
1614827741.064,response_latency_ms_count,,,10.1.40.100:4191,linkerd-proxy,teastore,,teastore-recommender-597fccb746-dbm6l,,150512,,,,,teastore-recommender,,linkerd,inbound,,597fccb746,200,true,teastore,default.teastore.serviceaccount.identity.linkerd.cluster.local,teastore-recommender.teastore.svc.cluster.local:8080,,,,,,,,teastore,,teastore-recommender
1614827751.064,response_latency_ms_count,,,10.1.40.100:4191,linkerd-proxy,teastore,,teastore-recommender-597fccb746-dbm6l,,150660,,,,,teastore-recommender,,linkerd,inbound,,597fccb746,200,true,teastore,default.teastore.serviceaccount.identity.linkerd.cluster.local,teastore-recommender.teastore.svc.cluster.local:8080,,,,,,,,teastore,,teastore-recommender
1614827761.064,response_latency_ms_count,,,10.1.40.100:4191,linkerd-proxy,teastore,,teastore-recommender-597fccb746-dbm6l,,150807,,,,,teastore-recommender,,linkerd,inbound,,597fccb746,200,true,teastore,default.teastore.serviceaccount.identity.linkerd.cluster.local,teastore-recommender.teastore.svc.cluster.local:8080,,,,,,,,teastore,,teastore-recommender
1614827771.064,response_latency_ms_count,,,10.1.40.100:4191,linkerd-proxy,teastore,,teastore-recommender-597fccb746-dbm6l,,150930,,,,,teastore-recommender,,linkerd,inbound,,597fccb746,200,true,teastore,default.teastore.serviceaccount.identity.linkerd.cluster.local,teastore-recommender.teastore.svc.cluster.local:8080,,,,,,,,teastore,,teastore-recommender
1614827781.064,response_latency_ms_count,,,10.1.40.100:4191,linkerd-proxy,teastore,,teastore-recommender-597fccb746-dbm6l,,151135,,,,,teastore-recommender,,linkerd,inbound,,597fccb746,200,true,teastore,default.teastore.serviceaccount.identity.linkerd.cluster.local,teastore-recommender.teastore.svc.cluster.local:8080,,,,,,,,teastore,,teastore-recommender
1614827791.064,response_latency_ms_count,,,10.1.40.100:4191,linkerd-proxy,teastore,,teastore-recommender-597fccb746-dbm6l,,151342,,,,,teastore-recommender,,linkerd,inbound,,597fccb746,200,true,teastore,default.teastore.serviceaccount.identity.linkerd.cluster.local,teastore-recommender.teastore.svc.cluster.local:8080,,,,,,,,teastore,,teastore-recommender
1614827801.064,response_latency_ms_count,,,10.1.40.100:4191,linkerd-proxy,teastore,,teastore-recommender-597fccb746-dbm6l,,151539,,,,,teastore-recommender,,linkerd,inbound,,597fccb746,200,true,teastore,default.teastore.serviceaccount.identity.linkerd.cluster.local,teastore-recommender.teastore.svc.cluster.local:8080,,,,,,,,teastore,,teastore-recommender
1614827634.188,response_latency_ms_count,,,10.1.40.98:4191,linkerd-proxy,teastore,,teastore-auth-5c8f77dbb8-trzs6,,71685,,,,,teastore-auth,,linkerd,outbound,,5c8f77dbb8,200,true,teastore,,teastore-persistence.teastore.svc.cluster.local:8080,linkerd,teastore-persistence,teastore,teastore-persistence-d9666cc75-zcrs7,d9666cc75,default,default.teastore.serviceaccount.identity.linkerd.cluster.local,teastore,teastore-persistence,teastore-auth
1614827644.188,response_latency_ms_count,,,10.1.40.98:4191,linkerd-proxy,teastore,,teastore-auth-5c8f77dbb8-trzs6,,71713,,,,,teastore-auth,,linkerd,outbound,,5c8f77dbb8,200,true,teastore,,teastore-persistence.teastore.svc.cluster.local:8080,linkerd,teastore-persistence,teastore,teastore-persistence-d9666cc75-zcrs7,d9666cc75,default,default.teastore.serviceaccount.identity.linkerd.cluster.local,teastore,teastore-persistence,teastore-auth
1614827654.188,response_latency_ms_count,,,10.1.40.98:4191,linkerd-proxy,teastore,,teastore-auth-5c8f77dbb8-trzs6,,71747,,,,,teastore-auth,,linkerd,outbound,,5c8f77dbb8,200,true,teastore,,teastore-persistence.teastore.svc.cluster.local:8080,linkerd,teastore-persistence,teastore,teastore-persistence-d9666cc75-zcrs7,d9666cc75,default,default.teastore.serviceaccount.identity.linkerd.cluster.local,teastore,teastore-persistence,teastore-auth
1614827664.188,response_latency_ms_count,,,10.1.40.98:4191,linkerd-proxy,teastore,,teastore-auth-5c8f77dbb8-trzs6,,71790,,,,,teastore-auth,,linkerd,outbound,,5c8f77dbb8,200,true,teastore,,teastore-persistence.teastore.svc.cluster.local:8080,linkerd,teastore-persistence,teastore,teastore-persistence-d9666cc75-zcrs7,d9666cc75,default,default.teastore.serviceaccount.identity.linkerd.cluster.local,teastore,teastore-persistence,teastore-auth
1614827674.188,response_latency_ms_count,,,10.1.40.98:4191,linkerd-proxy,teastore,,teastore-auth-5c8f77dbb8-trzs6,,71844,,,,,teastore-auth,,linkerd,outbound,,5c8f77dbb8,200,true,teastore,,teastore-persistence.teastore.svc.cluster.local:8080,linkerd,teastore-persistence,teastore,teastore-persistence-d9666cc75-zcrs7,d9666cc75,default,default.teastore.serviceaccount.identity.linkerd.cluster.local,teastore,teastore-persistence,teastore-auth
1614827684.188,response_latency_ms_count,,,10.1.40.98:4191,linkerd-proxy,teastore,,teastore-auth-5c8f77dbb8-trzs6,,71904,,,,,teastore-auth,,linkerd,outbound,,5c8f77dbb8,200,true,teastore,,teastore-persistence.teastore.svc.cluster.local:8080,linkerd,teastore-persistence,teastore,teastore-persistence-d9666cc75-zcrs7,d9666cc75,default,default.teastore.serviceaccount.identity.linkerd.cluster.local,teastore,teastore-persistence,teastore-auth
1614827694.188,response_latency_ms_count,,,10.1.40.98:4191,linkerd-proxy,teastore,,teastore-auth-5c8f77dbb8-trzs6,,71965,,,,,teastore-auth,,linkerd,outbound,,5c8f77dbb8,200,true,teastore,,teastore-persistence.teastore.svc.cluster.local:8080,linkerd,teastore-persistence,teastore,teastore-persistence-d9666cc75-zcrs7,d9666cc75,default,default.teastore.serviceaccount.identity.linkerd.cluster.local,teastore,teastore-persistence,teastore-auth
1614827704.188,response_latency_ms_count,,,10.1.40.98:4191,linkerd-proxy,teastore,,teastore-auth-5c8f77dbb8-trzs6,,72016,,,,,teastore-auth,,linkerd,outbound,,5c8f77dbb8,200,true,teastore,,teastore-persistence.teastore.svc.cluster.local:8080,linkerd,teastore-persistence,teastore,teastore-persistence-d9666cc75-zcrs7,d9666cc75,default,default.teastore.serviceaccount.identity.linkerd.cluster.local,teastore,teastore-persistence,teastore-auth
1614827714.188,response_latency_ms_count,,,10.1.40.98:4191,linkerd-proxy,teastore,,teastore-auth-5c8f77dbb8-trzs6,,72071,,,,,teastore-auth,,linkerd,outbound,,5c8f77dbb8,200,true,teastore,,teastore-persistence.teastore.svc.cluster.local:8080,linkerd,teastore-persistence,teastore,teastore-persistence-d9666cc75-zcrs7,d9666cc75,default,default.teastore.serviceaccount.identity.linkerd.cluster.local,teastore,teastore-persistence,teastore-auth
1614827724.188,response_latency_ms_count,,,10.1.40.98:4191,linkerd-proxy,teastore,,teastore-auth-5c8f77dbb8-trzs6,,72130,,,,,teastore-auth,,linkerd,outbound,,5c8f77dbb8,200,true,teastore,,teastore-persistence.teastore.svc.cluster.local:8080,linkerd,teastore-persistence,teastore,teastore-persistence-d9666cc75-zcrs7,d9666cc75,default,default.teastore.serviceaccount.identity.linkerd.cluster.local,teastore,teastore-persistence,teastore-auth
1614827734.188,response_latency_ms_count,,,10.1.40.98:4191,linkerd-proxy,teastore,,teastore-auth-5c8f77dbb8-trzs6,,72207,,,,,teastore-auth,,linkerd,outbound,,5c8f77dbb8,200,true,teastore,,teastore-persistence.teastore.svc.cluster.local:8080,linkerd,teastore-persistence,teastore,teastore-persistence-d9666cc75-zcrs7,d9666cc75,default,default.teastore.serviceaccount.identity.linkerd.cluster.local,teastore,teastore-persistence,teastore-auth
1614827744.188,response_latency_ms_count,,,10.1.40.98:4191,linkerd-proxy,teastore,,teastore-auth-5c8f77dbb8-trzs6,,72324,,,,,teastore-auth,,linkerd,outbound,,5c8f77dbb8,200,true,teastore,,teastore-persistence.teastore.svc.cluster.local:8080,linkerd,teastore-persistence,teastore,teastore-persistence-d9666cc75-zcrs7,d9666cc75,default,default.teastore.serviceaccount.identity.linkerd.cluster.local,teastore,teastore-persistence,teastore-auth
1614827754.188,response_latency_ms_count,,,10.1.40.98:4191,linkerd-proxy,teastore,,teastore-auth-5c8f77dbb8-trzs6,,72399,,,,,teastore-auth,,linkerd,outbound,,5c8f77dbb8,200,true,teastore,,teastore-persistence.teastore.svc.cluster.local:8080,linkerd,teastore-persistence,teastore,teastore-persistence-d9666cc75-zcrs7,d9666cc75,default,default.teastore.serviceaccount.identity.linkerd.cluster.local,teastore,teastore-persistence,teastore-auth
1614827764.188,response_latency_ms_count,,,10.1.40.98:4191,linkerd-proxy,teastore,,teastore-auth-5c8f77dbb8-trzs6,,72460,,,,,teastore-auth,,linkerd,outbound,,5c8f77dbb8,200,true,teastore,,teastore-persistence.teastore.svc.cluster.local:8080,linkerd,teastore-persistence,teastore,teastore-persistence-d9666cc75-zcrs7,d9666cc75,default,default.teastore.serviceaccount.identity.linkerd.cluster.local,teastore,teastore-persistence,teastore-auth
1614827774.188,response_latency_ms_count,,,10.1.40.98:4191,linkerd-proxy,teastore,,teastore-auth-5c8f77dbb8-trzs6,,72520,,,,,teastore-auth,,linkerd,outbound,,5c8f77dbb8,200,true,teastore,,teastore-persistence.teastore.svc.cluster.local:8080,linkerd,teastore-persistence,teastore,teastore-persistence-d9666cc75-zcrs7,d9666cc75,default,default.teastore.serviceaccount.identity.linkerd.cluster.local,teastore,teastore-persistence,teastore-auth
1614827784.188,response_latency_ms_count,,,10.1.40.98:4191,linkerd-proxy,teastore,,teastore-auth-5c8f77dbb8-trzs6,,72640,,,,,teastore-auth,,linkerd,outbound,,5c8f77dbb8,200,true,teastore,,teastore-persistence.teastore.svc.cluster.local:8080,linkerd,teastore-persistence,teastore,teastore-persistence-d9666cc75-zcrs7,d9666cc75,default,default.teastore.serviceaccount.identity.linkerd.cluster.local,teastore,teastore-persistence,teastore-auth
1614827794.188,response_latency_ms_count,,,10.1.40.98:4191,linkerd-proxy,teastore,,teastore-auth-5c8f77dbb8-trzs6,,72735,,,,,teastore-auth,,linkerd,outbound,,5c8f77dbb8,200,true,teastore,,teastore-persistence.teastore.svc.cluster.local:8080,linkerd,teastore-persistence,teastore,teastore-persistence-d9666cc75-zcrs7,d9666cc75,default,default.teastore.serviceaccount.identity.linkerd.cluster.local,teastore,teastore-persistence,teastore-auth
1614827804.188,response_latency_ms_count,,,10.1.40.98:4191,linkerd-proxy,teastore,,teastore-auth-5c8f77dbb8-trzs6,,72833,,,,,teastore-auth,,linkerd,outbound,,5c8f77dbb8,200,true,teastore,,teastore-persistence.teastore.svc.cluster.local:8080,linkerd,teastore-persistence,teastore,teastore-persistence-d9666cc75-zcrs7,d9666cc75,default,default.teastore.serviceaccount.identity.linkerd.cluster.local,teastore,teastore-persistence,teastore-auth
1614827640.101,response_latency_ms_count,,,10.1.37.198:4191,linkerd-proxy,linkerd,,linkerd-prometheus-5bccd64d4d-jzwmt,,152,,,,,linkerd-prometheus,prometheus,linkerd,outbound,,5bccd64d4d,200,true,linkerd,,10.1.40.183:4191,linkerd,teastore-webui,teastore,teastore-webui-c7dd56456-mvfrs,c7dd56456,default,default.teastore.serviceaccount.identity.linkerd.cluster.local,,,
1614827650.102,response_latency_ms_count,,,10.1.37.198:4191,linkerd-proxy,linkerd,,linkerd-prometheus-5bccd64d4d-jzwmt,,152,,,,,linkerd-prometheus,prometheus,linkerd,outbound,,5bccd64d4d,200,true,linkerd,,10.1.40.183:4191,linkerd,teastore-webui,teastore,teastore-webui-c7dd56456-mvfrs,c7dd56456,default,default.teastore.serviceaccount.identity.linkerd.cluster.local,,,
1614827660.102,response_latency_ms_count,,,10.1.37.198:4191,linkerd-proxy,linkerd,,linkerd-prometheus-5bccd64d4d-jzwmt,,152,,,,,linkerd-prometheus,prometheus,linkerd,outbound,,5bccd64d4d,200,true,linkerd,,10.1.40.183:4191,linkerd,teastore-webui,teastore,teastore-webui-c7dd56456-mvfrs,c7dd56456,default,default.teastore.serviceaccount.identity.linkerd.cluster.local,,,
1614827670.101,response_latency_ms_count,,,10.1.37.198:4191,linkerd-proxy,linkerd,,linkerd-prometheus-5bccd64d4d-jzwmt,,152,,,,,linkerd-prometheus,prometheus,linkerd,outbound,,5bccd64d4d,200,true,linkerd,,10.1.40.183:4191,linkerd,teastore-webui,teastore,teastore-webui-c7dd56456-mvfrs,c7dd56456,default,default.teastore.serviceaccount.identity.linkerd.cluster.local,,,
1614827680.101,response_latency_ms_count,,,10.1.37.198:4191,linkerd-proxy,linkerd,,linkerd-prometheus-5bccd64d4d-jzwmt,,152,,,,,linkerd-prometheus,prometheus,linkerd,outbound,,5bccd64d4d,200,true,linkerd,,10.1.40.183:4191,linkerd,teastore-webui,teastore,teastore-webui-c7dd56456-mvfrs,c7dd56456,default,default.teastore.serviceaccount.identity.linkerd.cluster.local,,,
1614827690.101,response_latency_ms_count,,,10.1.37.198:4191,linkerd-proxy,linkerd,,linkerd-prometheus-5bccd64d4d-jzwmt,,152,,,,,linkerd-prometheus,prometheus,linkerd,outbound,,5bccd64d4d,200,true,linkerd,,10.1.40.183:4191,linkerd,teastore-webui,teastore,teastore-webui-c7dd56456-mvfrs,c7dd56456,default,default.teastore.serviceaccount.identity.linkerd.cluster.local,,,
1614827700.102,response_latency_ms_count,,,10.1.37.198:4191,linkerd-proxy,linkerd,,linkerd-prometheus-5bccd64d4d-jzwmt,,152,,,,,linkerd-prometheus,prometheus,linkerd,outbound,,5bccd64d4d,200,true,linkerd,,10.1.40.183:4191,linkerd,teastore-webui,teastore,teastore-webui-c7dd56456-mvfrs,c7dd56456,default,default.teastore.serviceaccount.identity.linkerd.cluster.local,,,
1614827710.101,response_latency_ms_count,,,10.1.37.198:4191,linkerd-proxy,linkerd,,linkerd-prometheus-5bccd64d4d-jzwmt,,152,,,,,linkerd-prometheus,prometheus,linkerd,outbound,,5bccd64d4d,200,true,linkerd,,10.1.40.183:4191,linkerd,teastore-webui,teastore,teastore-webui-c7dd56456-mvfrs,c7dd56456,default,default.teastore.serviceaccount.identity.linkerd.cluster.local,,,
1614827720.101,response_latency_ms_count,,,10.1.37.198:4191,linkerd-proxy,linkerd,,linkerd-prometheus-5bccd64d4d-jzwmt,,152,,,,,linkerd-prometheus,prometheus,linkerd,outbound,,5bccd64d4d,200,true,linkerd,,10.1.40.183:4191,linkerd,teastore-webui,teastore,teastore-webui-c7dd56456-mvfrs,c7dd56456,default,default.teastore.serviceaccount.identity.linkerd.cluster.local,,,
1614827730.101,response_latency_ms_count,,,10.1.37.198:4191,linkerd-proxy,linkerd,,linkerd-prometheus-5bccd64d4d-jzwmt,,152,,,,,linkerd-prometheus,prometheus,linkerd,outbound,,5bccd64d4d,200,true,linkerd,,10.1.40.183:4191,linkerd,teastore-webui,teastore,teastore-webui-c7dd56456-mvfrs,c7dd56456,default,default.teastore.serviceaccount.identity.linkerd.cluster.local,,,
1614827740.101,response_latency_ms_count,,,10.1.37.198:4191,linkerd-proxy,linkerd,,linkerd-prometheus-5bccd64d4d-jzwmt,,152,,,,,linkerd-prometheus,prometheus,linkerd,outbound,,5bccd64d4d,200,true,linkerd,,10.1.40.183:4191,linkerd,teastore-webui,teastore,teastore-webui-c7dd56456-mvfrs,c7dd56456,default,default.teastore.serviceaccount.identity.linkerd.cluster.local,,,
1614827750.101,response_latency_ms_count,,,10.1.37.198:4191,linkerd-proxy,linkerd,,linkerd-prometheus-5bccd64d4d-jzwmt,,152,,,,,linkerd-prometheus,prometheus,linkerd,outbound,,5bccd64d4d,200,true,linkerd,,10.1.40.183:4191,linkerd,teastore-webui,teastore,teastore-webui-c7dd56456-mvfrs,c7dd56456,default,default.teastore.serviceaccount.identity.linkerd.cluster.local,,,
1614827760.101,response_latency_ms_count,,,10.1.37.198:4191,linkerd-proxy,linkerd,,linkerd-prometheus-5bccd64d4d-jzwmt,,152,,,,,linkerd-prometheus,prometheus,linkerd,outbound,,5bccd64d4d,200,true,linkerd,,10.1.40.183:4191,linkerd,teastore-webui,teastore,teastore-webui-c7dd56456-mvfrs,c7dd56456,default,default.teastore.serviceaccount.identity.linkerd.cluster.local,,,
1614827770.101,response_latency_ms_count,,,10.1.37.198:4191,linkerd-proxy,linkerd,,linkerd-prometheus-5bccd64d4d-jzwmt,,152,,,,,linkerd-prometheus,prometheus,linkerd,outbound,,5bccd64d4d,200,true,linkerd,,10.1.40.183:4191,linkerd,teastore-webui,teastore,teastore-webui-c7dd56456-mvfrs,c7dd56456,default,default.teastore.serviceaccount.identity.linkerd.cluster.local,,,
1614827780.101,response_latency_ms_count,,,10.1.37.198:4191,linkerd-proxy,linkerd,,linkerd-prometheus-5bccd64d4d-jzwmt,,152,,,,,linkerd-prometheus,prometheus,linkerd,outbound,,5bccd64d4d,200,true,linkerd,,10.1.40.183:4191,linkerd,teastore-webui,teastore,teastore-webui-c7dd56456-mvfrs,c7dd56456,default,default.teastore.serviceaccount.identity.linkerd.cluster.local,,,
1614827790.101,response_latency_ms_count,,,10.1.37.198:4191,linkerd-proxy,linkerd,,linkerd-prometheus-5bccd64d4d-jzwmt,,152,,,,,linkerd-prometheus,prometheus,linkerd,outbound,,5bccd64d4d,200,true,linkerd,,10.1.40.183:4191,linkerd,teastore-webui,teastore,teastore-webui-c7dd56456-mvfrs,c7dd56456,default,default.teastore.serviceaccount.identity.linkerd.cluster.local,,,
1614827800.101,response_latency_ms_count,,,10.1.37.198:4191,linkerd-proxy,linkerd,,linkerd-prometheus-5bccd64d4d-jzwmt,,152,,,,,linkerd-prometheus,prometheus,linkerd,outbound,,5bccd64d4d,200,true,linkerd,,10.1.40.183:4191,linkerd,teastore-webui,teastore,teastore-webui-c7dd56456-mvfrs,c7dd56456,default,default.teastore.serviceaccount.identity.linkerd.cluster.local,,,
1614827640.101,response_latency_ms_count,,,10.1.37.198:4191,linkerd-proxy,linkerd,,linkerd-prometheus-5bccd64d4d-jzwmt,,120,,,,,linkerd-prometheus,prometheus,linkerd,outbound,,5bccd64d4d,200,true,linkerd,,10.1.40.184:4191,linkerd,teastore-webui,teastore,teastore-webui-c7dd56456-xzw72,c7dd56456,default,default.teastore.serviceaccount.identity.linkerd.cluster.local,,,
1614827650.102,response_latency_ms_count,,,10.1.37.198:4191,linkerd-proxy,linkerd,,linkerd-prometheus-5bccd64d4d-jzwmt,,120,,,,,linkerd-prometheus,prometheus,linkerd,outbound,,5bccd64d4d,200,true,linkerd,,10.1.40.184:4191,linkerd,teastore-webui,teastore,teastore-webui-c7dd56456-xzw72,c7dd56456,default,default.teastore.serviceaccount.identity.linkerd.cluster.local,,,
1614827660.102,response_latency_ms_count,,,10.1.37.198:4191,linkerd-proxy,linkerd,,linkerd-prometheus-5bccd64d4d-jzwmt,,120,,,,,linkerd-prometheus,prometheus,linkerd,outbound,,5bccd64d4d,200,true,linkerd,,10.1.40.184:4191,linkerd,teastore-webui,teastore,teastore-webui-c7dd56456-xzw72,c7dd56456,default,default.teastore.serviceaccount.identity.linkerd.cluster.local,,,
1614827670.101,response_latency_ms_count,,,10.1.37.198:4191,linkerd-proxy,linkerd,,linkerd-prometheus-5bccd64d4d-jzwmt,,120,,,,,linkerd-prometheus,prometheus,linkerd,outbound,,5bccd64d4d,200,true,linkerd,,10.1.40.184:4191,linkerd,teastore-webui,teastore,teastore-webui-c7dd56456-xzw72,c7dd56456,default,default.teastore.serviceaccount.identity.linkerd.cluster.local,,,
1614827680.101,response_latency_ms_count,,,10.1.37.198:4191,linkerd-proxy,linkerd,,linkerd-prometheus-5bccd64d4d-jzwmt,,120,,,,,linkerd-prometheus,prometheus,linkerd,outbound,,5bccd64d4d,200,true,linkerd,,10.1.40.184:4191,linkerd,teastore-webui,teastore,teastore-webui-c7dd56456-xzw72,c7dd56456,default,default.teastore.serviceaccount.identity.linkerd.cluster.local,,,
1614827690.101,response_latency_ms_count,,,10.1.37.198:4191,linkerd-proxy,linkerd,,linkerd-prometheus-5bccd64d4d-jzwmt,,120,,,,,linkerd-prometheus,prometheus,linkerd,outbound,,5bccd64d4d,200,true,linkerd,,10.1.40.184:4191,linkerd,teastore-webui,teastore,teastore-webui-c7dd56456-xzw72,c7dd56456,default,default.teastore.serviceaccount.identity.linkerd.cluster.local,,,
1614827700.102,response_latency_ms_count,,,10.1.37.198:4191,linkerd-proxy,linkerd,,linkerd-prometheus-5bccd64d4d-jzwmt,,120,,,,,linkerd-prometheus,prometheus,linkerd,outbound,,5bccd64d4d,200,true,linkerd,,10.1.40.184:4191,linkerd,teastore-webui,teastore,teastore-webui-c7dd56456-xzw72,c7dd56456,default,default.teastore.serviceaccount.identity.linkerd.cluster.local,,,
1614827710.101,response_latency_ms_count,,,10.1.37.198:4191,linkerd-proxy,linkerd,,linkerd-prometheus-5bccd64d4d-jzwmt,,120,,,,,linkerd-prometheus,prometheus,linkerd,outbound,,5bccd64d4d,200,true,linkerd,,10.1.40.184:4191,linkerd,teastore-webui,teastore,teastore-webui-c7dd56456-xzw72,c7dd56456,default,default.teastore.serviceaccount.identity.linkerd.cluster.local,,,
1614827720.101,response_latency_ms_count,,,10.1.37.198:4191,linkerd-proxy,linkerd,,linkerd-prometheus-5bccd64d4d-jzwmt,,120,,,,,linkerd-prometheus,prometheus,linkerd,outbound,,5bccd64d4d,200,true,linkerd,,10.1.40.184:4191,linkerd,teastore-webui,teastore,teastore-webui-c7dd56456-xzw72,c7dd56456,default,default.teastore.serviceaccount.identity.linkerd.cluster.local,,,
1614827730.101,response_latency_ms_count,,,10.1.37.198:4191,linkerd-proxy,linkerd,,linkerd-prometheus-5bccd64d4d-jzwmt,,120,,,,,linkerd-prometheus,prometheus,linkerd,outbound,,5bccd64d4d,200,true,linkerd,,10.1.40.184:4191,linkerd,teastore-webui,teastore,teastore-webui-c7dd56456-xzw72,c7dd56456,default,default.teastore.serviceaccount.identity.linkerd.cluster.local,,,
1614827740.101,response_latency_ms_count,,,10.1.37.198:4191,linkerd-proxy,linkerd,,linkerd-prometheus-5bccd64d4d-jzwmt,,120,,,,,linkerd-prometheus,prometheus,linkerd,outbound,,5bccd64d4d,200,true,linkerd,,10.1.40.184:4191,linkerd,teastore-webui,teastore,teastore-webui-c7dd56456-xzw72,c7dd56456,default,default.teastore.serviceaccount.identity.linkerd.cluster.local,,,
1614827750.101,response_latency_ms_count,,,10.1.37.198:4191,linkerd-proxy,linkerd,,linkerd-prometheus-5bccd64d4d-jzwmt,,120,,,,,linkerd-prometheus,prometheus,linkerd,outbound,,5bccd64d4d,200,true,linkerd,,10.1.40.184:4191,linkerd,teastore-webui,teastore,teastore-webui-c7dd56456-xzw72,c7dd56456,default,default.teastore.serviceaccount.identity.linkerd.cluster.local,,,
1614827760.101,response_latency_ms_count,,,10.1.37.198:4191,linkerd-proxy,linkerd,,linkerd-prometheus-5bccd64d4d-jzwmt,,120,,,,,linkerd-prometheus,prometheus,linkerd,outbound,,5bccd64d4d,200,true,linkerd,,10.1.40.184:4191,linkerd,teastore-webui,teastore,teastore-webui-c7dd56456-xzw72,c7dd56456,default,default.teastore.serviceaccount.identity.linkerd.cluster.local,,,
1614827770.101,response_latency_ms_count,,,10.1.37.198:4191,linkerd-proxy,linkerd,,linkerd-prometheus-5bccd64d4d-jzwmt,,120,,,,,linkerd-prometheus,prometheus,linkerd,outbound,,5bccd64d4d,200,true,linkerd,,10.1.40.184:4191,linkerd,teastore-webui,teastore,teastore-webui-c7dd56456-xzw72,c7dd56456,default,default.teastore.serviceaccount.identity.linkerd.cluster.local,,,
1614827780.101,response_latency_ms_count,,,10.1.37.198:4191,linkerd-proxy,linkerd,,linkerd-prometheus-5bccd64d4d-jzwmt,,120,,,,,linkerd-prometheus,prometheus,linkerd,outbound,,5bccd64d4d,200,true,linkerd,,10.1.40.184:4191,linkerd,teastore-webui,teastore,teastore-webui-c7dd56456-xzw72,c7dd56456,default,default.teastore.serviceaccount.identity.linkerd.cluster.local,,,
1614827790.101,response_latency_ms_count,,,10.1.37.198:4191,linkerd-proxy,linkerd,,linkerd-prometheus-5bccd64d4d-jzwmt,,120,,,,,linkerd-prometheus,prometheus,linkerd,outbound,,5bccd64d4d,200,true,linkerd,,10.1.40.184:4191,linkerd,teastore-webui,teastore,teastore-webui-c7dd56456-xzw72,c7dd56456,default,default.teastore.serviceaccount.identity.linkerd.cluster.local,,,
1614827800.101,response_latency_ms_count,,,10.1.37.198:4191,linkerd-proxy,linkerd,,linkerd-prometheus-5bccd64d4d-jzwmt,,120,,,,,linkerd-prometheus,prometheus,linkerd,outbound,,5bccd64d4d,200,true,linkerd,,10.1.40.184:4191,linkerd,teastore-webui,teastore,teastore-webui-c7dd56456-xzw72,c7dd56456,default,default.teastore.serviceaccount.identity.linkerd.cluster.local,,,
1614827640.101,response_latency_ms_count,,,10.1.37.198:4191,linkerd-proxy,linkerd,,linkerd-prometheus-5bccd64d4d-jzwmt,,90,,,,,linkerd-prometheus,prometheus,linkerd,outbound,,5bccd64d4d,200,true,linkerd,,10.1.40.185:4191,linkerd,teastore-webui,teastore,teastore-webui-c7dd56456-r2x59,c7dd56456,default,default.teastore.serviceaccount.identity.linkerd.cluster.local,,,
1614827650.102,response_latency_ms_count,,,10.1.37.198:4191,linkerd-proxy,linkerd,,linkerd-prometheus-5bccd64d4d-jzwmt,,90,,,,,linkerd-prometheus,prometheus,linkerd,outbound,,5bccd64d4d,200,true,linkerd,,10.1.40.185:4191,linkerd,teastore-webui,teastore,teastore-webui-c7dd56456-r2x59,c7dd56456,default,default.teastore.serviceaccount.identity.linkerd.cluster.local,,,
1614827660.102,response_latency_ms_count,,,10.1.37.198:4191,linkerd-proxy,linkerd,,linkerd-prometheus-5bccd64d4d-jzwmt,,90,,,,,linkerd-prometheus,prometheus,linkerd,outbound,,5bccd64d4d,200,true,linkerd,,10.1.40.185:4191,linkerd,teastore-webui,teastore,teastore-webui-c7dd56456-r2x59,c7dd56456,default,default.teastore.serviceaccount.identity.linkerd.cluster.local,,,
1614827670.101,response_latency_ms_count,,,10.1.37.198:4191,linkerd-proxy,linkerd,,linkerd-prometheus-5bccd64d4d-jzwmt,,90,,,,,linkerd-prometheus,prometheus,linkerd,outbound,,5bccd64d4d,200,true,linkerd,,10.1.40.185:4191,linkerd,teastore-webui,teastore,teastore-webui-c7dd56456-r2x59,c7dd56456,default,default.teastore.serviceaccount.identity.linkerd.cluster.local,,,
1614827680.101,response_latency_ms_count,,,10.1.37.198:4191,linkerd-proxy,linkerd,,linkerd-prometheus-5bccd64d4d-jzwmt,,90,,,,,linkerd-prometheus,prometheus,linkerd,outbound,,5bccd64d4d,200,true,linkerd,,10.1.40.185:4191,linkerd,teastore-webui,teastore,teastore-webui-c7dd56456-r2x59,c7dd56456,default,default.teastore.serviceaccount.identity.linkerd.cluster.local,,,
1614827690.101,response_latency_ms_count,,,10.1.37.198:4191,linkerd-proxy,linkerd,,linkerd-prometheus-5bccd64d4d-jzwmt,,90,,,,,linkerd-prometheus,prometheus,linkerd,outbound,,5bccd64d4d,200,true,linkerd,,10.1.40.185:4191,linkerd,teastore-webui,teastore,teastore-webui-c7dd56456-r2x59,c7dd56456,default,default.teastore.serviceaccount.identity.linkerd.cluster.local,,,
1614827700.102,response_latency_ms_count,,,10.1.37.198:4191,linkerd-proxy,linkerd,,linkerd-prometheus-5bccd64d4d-jzwmt,,90,,,,,linkerd-prometheus,prometheus,linkerd,outbound,,5bccd64d4d,200,true,linkerd,,10.1.40.185:4191,linkerd,teastore-webui,teastore,teastore-webui-c7dd56456-r2x59,c7dd56456,default,default.teastore.serviceaccount.identity.linkerd.cluster.local,,,
1614827710.101,response_latency_ms_count,,,10.1.37.198:4191,linkerd-proxy,linkerd,,linkerd-prometheus-5bccd64d4d-jzwmt,,90,,,,,linkerd-prometheus,prometheus,linkerd,outbound,,5bccd64d4d,200,true,linkerd,,10.1.40.185:4191,linkerd,teastore-webui,teastore,teastore-webui-c7dd56456-r2x59,c7dd56456,default,default.teastore.serviceaccount.identity.linkerd.cluster.local,,,
1614827720.101,response_latency_ms_count,,,10.1.37.198:4191,linkerd-proxy,linkerd,,linkerd-prometheus-5bccd64d4d-jzwmt,,90,,,,,linkerd-prometheus,prometheus,linkerd,outbound,,5bccd64d4d,200,true,linkerd,,10.1.40.185:4191,linkerd,teastore-webui,teastore,teastore-webui-c7dd56456-r2x59,c7dd56456,default,default.teastore.serviceaccount.identity.linkerd.cluster.local,,,
1614827730.101,response_latency_ms_count,,,10.1.37.198:4191,linkerd-proxy,linkerd,,linkerd-prometheus-5bccd64d4d-jzwmt,,90,,,,,linkerd-prometheus,prometheus,linkerd,outbound,,5bccd64d4d,200,true,linkerd,,10.1.40.185:4191,linkerd,teastore-webui,teastore,teastore-webui-c7dd56456-r2x59,c7dd56456,default,default.teastore.serviceaccount.identity.linkerd.cluster.local,,,
1614827740.101,response_latency_ms_count,,,10.1.37.198:4191,linkerd-proxy,linkerd,,linkerd-prometheus-5bccd64d4d-jzwmt,,90,,,,,linkerd-prometheus,prometheus,linkerd,outbound,,5bccd64d4d,200,true,linkerd,,10.1.40.185:4191,linkerd,teastore-webui,teastore,teastore-webui-c7dd56456-r2x59,c7dd56456,default,default.teastore.serviceaccount.identity.linkerd.cluster.local,,,
1614827750.101,response_latency_ms_count,,,10.1.37.198:4191,linkerd-proxy,linkerd,,linkerd-prometheus-5bccd64d4d-jzwmt,,90,,,,,linkerd-prometheus,prometheus,linkerd,outbound,,5bccd64d4d,200,true,linkerd,,10.1.40.185:4191,linkerd,teastore-webui,teastore,teastore-webui-c7dd56456-r2x59,c7dd56456,default,default.teastore.serviceaccount.identity.linkerd.cluster.local,,,
1614827760.101,response_latency_ms_count,,,10.1.37.198:4191,linkerd-proxy,linkerd,,linkerd-prometheus-5bccd64d4d-jzwmt,,90,,,,,linkerd-prometheus,prometheus,linkerd,outbound,,5bccd64d4d,200,true,linkerd,,10.1.40.185:4191,linkerd,teastore-webui,teastore,teastore-webui-c7dd56456-r2x59,c7dd56456,default,default.teastore.serviceaccount.identity.linkerd.cluster.local,,,
1614827770.101,response_latency_ms_count,,,10.1.37.198:4191,linkerd-proxy,linkerd,,linkerd-prometheus-5bccd64d4d-jzwmt,,90,,,,,linkerd-prometheus,prometheus,linkerd,outbound,,5bccd64d4d,200,true,linkerd,,10.1.40.185:4191,linkerd,teastore-webui,teastore,teastore-webui-c7dd56456-r2x59,c7dd56456,default,default.teastore.serviceaccount.identity.linkerd.cluster.local,,,
1614827780.101,response_latency_ms_count,,,10.1.37.198:4191,linkerd-proxy,linkerd,,linkerd-prometheus-5bccd64d4d-jzwmt,,90,,,,,linkerd-prometheus,prometheus,linkerd,outbound,,5bccd64d4d,200,true,linkerd,,10.1.40.185:4191,linkerd,teastore-webui,teastore,teastore-webui-c7dd56456-r2x59,c7dd56456,default,default.teastore.serviceaccount.identity.linkerd.cluster.local,,,
1614827790.101,response_latency_ms_count,,,10.1.37.198:4191,linkerd-proxy,linkerd,,linkerd-prometheus-5bccd64d4d-jzwmt,,90,,,,,linkerd-prometheus,prometheus,linkerd,outbound,,5bccd64d4d,200,true,linkerd,,10.1.40.185:4191,linkerd,teastore-webui,teastore,teastore-webui-c7dd56456-r2x59,c7dd56456,default,default.teastore.serviceaccount.identity.linkerd.cluster.local,,,
1614827800.101,response_latency_ms_count,,,10.1.37.198:4191,linkerd-proxy,linkerd,,linkerd-prometheus-5bccd64d4d-jzwmt,,90,,,,,linkerd-prometheus,prometheus,linkerd,outbound,,5bccd64d4d,200,true,linkerd,,10.1.40.185:4191,linkerd,teastore-webui,teastore,teastore-webui-c7dd56456-r2x59,c7dd56456,default,default.teastore.serviceaccount.identity.linkerd.cluster.local,,,
1614827640.101,response_latency_ms_count,,,10.1.37.198:4191,linkerd-proxy,linkerd,,linkerd-prometheus-5bccd64d4d-jzwmt,,60,,,,,linkerd-prometheus,prometheus,linkerd,outbound,,5bccd64d4d,200,true,linkerd,,10.1.40.186:4191,linkerd,teastore-webui,teastore,teastore-webui-c7dd56456-2lnlx,c7dd56456,default,default.teastore.serviceaccount.identity.linkerd.cluster.local,,,
1614827650.102,response_latency_ms_count,,,10.1.37.198:4191,linkerd-proxy,linkerd,,linkerd-prometheus-5bccd64d4d-jzwmt,,60,,,,,linkerd-prometheus,prometheus,linkerd,outbound,,5bccd64d4d,200,true,linkerd,,10.1.40.186:4191,linkerd,teastore-webui,teastore,teastore-webui-c7dd56456-2lnlx,c7dd56456,default,default.teastore.serviceaccount.identity.linkerd.cluster.local,,,
1614827660.102,response_latency_ms_count,,,10.1.37.198:4191,linkerd-proxy,linkerd,,linkerd-prometheus-5bccd64d4d-jzwmt,,60,,,,,linkerd-prometheus,prometheus,linkerd,outbound,,5bccd64d4d,200,true,linkerd,,10.1.40.186:4191,linkerd,teastore-webui,teastore,teastore-webui-c7dd56456-2lnlx,c7dd56456,default,default.teastore.serviceaccount.identity.linkerd.cluster.local,,,
1614827670.101,response_latency_ms_count,,,10.1.37.198:4191,linkerd-proxy,linkerd,,linkerd-prometheus-5bccd64d4d-jzwmt,,60,,,,,linkerd-prometheus,prometheus,linkerd,outbound,,5bccd64d4d,200,true,linkerd,,10.1.40.186:4191,linkerd,teastore-webui,teastore,teastore-webui-c7dd56456-2lnlx,c7dd56456,default,default.teastore.serviceaccount.identity.linkerd.cluster.local,,,
1614827680.101,response_latency_ms_count,,,10.1.37.198:4191,linkerd-proxy,linkerd,,linkerd-prometheus-5bccd64d4d-jzwmt,,60,,,,,linkerd-prometheus,prometheus,linkerd,outbound,,5bccd64d4d,200,true,linkerd,,10.1.40.186:4191,linkerd,teastore-webui,teastore,teastore-webui-c7dd56456-2lnlx,c7dd56456,default,default.teastore.serviceaccount.identity.linkerd.cluster.local,,,
1614827690.101,response_latency_ms_count,,,10.1.37.198:4191,linkerd-proxy,linkerd,,linkerd-prometheus-5bccd64d4d-jzwmt,,60,,,,,linkerd-prometheus,prometheus,linkerd,outbound,,5bccd64d4d,200,true,linkerd,,10.1.40.186:4191,linkerd,teastore-webui,teastore,teastore-webui-c7dd56456-2lnlx,c7dd56456,default,default.teastore.serviceaccount.identity.linkerd.cluster.local,,,
1614827700.102,response_latency_ms_count,,,10.1.37.198:4191,linkerd-proxy,linkerd,,linkerd-prometheus-5bccd64d4d-jzwmt,,60,,,,,linkerd-prometheus,prometheus,linkerd,outbound,,5bccd64d4d,200,true,linkerd,,10.1.40.186:4191,linkerd,teastore-webui,teastore,teastore-webui-c7dd56456-2lnlx,c7dd56456,default,default.teastore.serviceaccount.identity.linkerd.cluster.local,,,
1614827710.101,response_latency_ms_count,,,10.1.37.198:4191,linkerd-proxy,linkerd,,linkerd-prometheus-5bccd64d4d-jzwmt,,60,,,,,linkerd-prometheus,prometheus,linkerd,outbound,,5bccd64d4d,200,true,linkerd,,10.1.40.186:4191,linkerd,teastore-webui,teastore,teastore-webui-c7dd56456-2lnlx,c7dd56456,default,default.teastore.serviceaccount.identity.linkerd.cluster.local,,,
1614827720.101,response_latency_ms_count,,,10.1.37.198:4191,linkerd-proxy,linkerd,,linkerd-prometheus-5bccd64d4d-jzwmt,,60,,,,,linkerd-prometheus,prometheus,linkerd,outbound,,5bccd64d4d,200,true,linkerd,,10.1.40.186:4191,linkerd,teastore-webui,teastore,teastore-webui-c7dd56456-2lnlx,c7dd56456,default,default.teastore.serviceaccount.identity.linkerd.cluster.local,,,
1614827730.101,response_latency_ms_count,,,10.1.37.198:4191,linkerd-proxy,linkerd,,linkerd-prometheus-5bccd64d4d-jzwmt,,60,,,,,linkerd-prometheus,prometheus,linkerd,outbound,,5bccd64d4d,200,true,linkerd,,10.1.40.186:4191,linkerd,teastore-webui,teastore,teastore-webui-c7dd56456-2lnlx,c7dd56456,default,default.teastore.serviceaccount.identity.linkerd.cluster.local,,,
1614827740.101,response_latency_ms_count,,,10.1.37.198:4191,linkerd-proxy,linkerd,,linkerd-prometheus-5bccd64d4d-jzwmt,,60,,,,,linkerd-prometheus,prometheus,linkerd,outbound,,5bccd64d4d,200,true,linkerd,,10.1.40.186:4191,linkerd,teastore-webui,teastore,teastore-webui-c7dd56456-2lnlx,c7dd56456,default,default.teastore.serviceaccount.identity.linkerd.cluster.local,,,
1614827750.101,response_latency_ms_count,,,10.1.37.198:4191,linkerd-proxy,linkerd,,linkerd-prometheus-5bccd64d4d-jzwmt,,60,,,,,linkerd-prometheus,prometheus,linkerd,outbound,,5bccd64d4d,200,true,linkerd,,10.1.40.186:4191,linkerd,teastore-webui,teastore,teastore-webui-c7dd56456-2lnlx,c7dd56456,default,default.teastore.serviceaccount.identity.linkerd.cluster.local,,,
1614827760.101,response_latency_ms_count,,,10.1.37.198:4191,linkerd-proxy,linkerd,,linkerd-prometheus-5bccd64d4d-jzwmt,,60,,,,,linkerd-prometheus,prometheus,linkerd,outbound,,5bccd64d4d,200,true,linkerd,,10.1.40.186:4191,linkerd,teastore-webui,teastore,teastore-webui-c7dd56456-2lnlx,c7dd56456,default,default.teastore.serviceaccount.identity.linkerd.cluster.local,,,
1614827770.101,response_latency_ms_count,,,10.1.37.198:4191,linkerd-proxy,linkerd,,linkerd-prometheus-5bccd64d4d-jzwmt,,60,,,,,linkerd-prometheus,prometheus,linkerd,outbound,,5bccd64d4d,200,true,linkerd,,10.1.40.186:4191,linkerd,teastore-webui,teastore,teastore-webui-c7dd56456-2lnlx,c7dd56456,default,default.teastore.serviceaccount.identity.linkerd.cluster.local,,,
1614827780.101,response_latency_ms_count,,,10.1.37.198:4191,linkerd-proxy,linkerd,,linkerd-prometheus-5bccd64d4d-jzwmt,,60,,,,,linkerd-prometheus,prometheus,linkerd,outbound,,5bccd64d4d,200,true,linkerd,,10.1.40.186:4191,linkerd,teastore-webui,teastore,teastore-webui-c7dd56456-2lnlx,c7dd56456,default,default.teastore.serviceaccount.identity.linkerd.cluster.local,,,
1614827790.101,response_latency_ms_count,,,10.1.37.198:4191,linkerd-proxy,linkerd,,linkerd-prometheus-5bccd64d4d-jzwmt,,60,,,,,linkerd-prometheus,prometheus,linkerd,outbound,,5bccd64d4d,200,true,linkerd,,10.1.40.186:4191,linkerd,teastore-webui,teastore,teastore-webui-c7dd56456-2lnlx,c7dd56456,default,default.teastore.serviceaccount.identity.linkerd.cluster.local,,,
1614827800.101,response_latency_ms_count,,,10.1.37.198:4191,linkerd-proxy,linkerd,,linkerd-prometheus-5bccd64d4d-jzwmt,,60,,,,,linkerd-prometheus,prometheus,linkerd,outbound,,5bccd64d4d,200,true,linkerd,,10.1.40.186:4191,linkerd,teastore-webui,teastore,teastore-webui-c7dd56456-2lnlx,c7dd56456,default,default.teastore.serviceaccount.identity.linkerd.cluster.local,,,
1614827640.101,response_latency_ms_count,,,10.1.37.198:4191,linkerd-proxy,linkerd,,linkerd-prometheus-5bccd64d4d-jzwmt,,30,,,,,linkerd-prometheus,prometheus,linkerd,outbound,,5bccd64d4d,200,true,linkerd,,10.1.40.187:4191,linkerd,teastore-webui,teastore,teastore-webui-c7dd56456-4lvsk,c7dd56456,default,default.teastore.serviceaccount.identity.linkerd.cluster.local,,,
1614827650.102,response_latency_ms_count,,,10.1.37.198:4191,linkerd-proxy,linkerd,,linkerd-prometheus-5bccd64d4d-jzwmt,,30,,,,,linkerd-prometheus,prometheus,linkerd,outbound,,5bccd64d4d,200,true,linkerd,,10.1.40.187:4191,linkerd,teastore-webui,teastore,teastore-webui-c7dd56456-4lvsk,c7dd56456,default,default.teastore.serviceaccount.identity.linkerd.cluster.local,,,
1614827660.102,response_latency_ms_count,,,10.1.37.198:4191,linkerd-proxy,linkerd,,linkerd-prometheus-5bccd64d4d-jzwmt,,30,,,,,linkerd-prometheus,prometheus,linkerd,outbound,,5bccd64d4d,200,true,linkerd,,10.1.40.187:4191,linkerd,teastore-webui,teastore,teastore-webui-c7dd56456-4lvsk,c7dd56456,default,default.teastore.serviceaccount.identity.linkerd.cluster.local,,,
1614827670.101,response_latency_ms_count,,,10.1.37.198:4191,linkerd-proxy,linkerd,,linkerd-prometheus-5bccd64d4d-jzwmt,,30,,,,,linkerd-prometheus,prometheus,linkerd,outbound,,5bccd64d4d,200,true,linkerd,,10.1.40.187:4191,linkerd,teastore-webui,teastore,teastore-webui-c7dd56456-4lvsk,c7dd56456,default,default.teastore.serviceaccount.identity.linkerd.cluster.local,,,
1614827680.101,response_latency_ms_count,,,10.1.37.198:4191,linkerd-proxy,linkerd,,linkerd-prometheus-5bccd64d4d-jzwmt,,30,,,,,linkerd-prometheus,prometheus,linkerd,outbound,,5bccd64d4d,200,true,linkerd,,10.1.40.187:4191,linkerd,teastore-webui,teastore,teastore-webui-c7dd56456-4lvsk,c7dd56456,default,default.teastore.serviceaccount.identity.linkerd.cluster.local,,,
1614827690.101,response_latency_ms_count,,,10.1.37.198:4191,linkerd-proxy,linkerd,,linkerd-prometheus-5bccd64d4d-jzwmt,,30,,,,,linkerd-prometheus,prometheus,linkerd,outbound,,5bccd64d4d,200,true,linkerd,,10.1.40.187:4191,linkerd,teastore-webui,teastore,teastore-webui-c7dd56456-4lvsk,c7dd56456,default,default.teastore.serviceaccount.identity.linkerd.cluster.local,,,
1614827700.102,response_latency_ms_count,,,10.1.37.198:4191,linkerd-proxy,linkerd,,linkerd-prometheus-5bccd64d4d-jzwmt,,30,,,,,linkerd-prometheus,prometheus,linkerd,outbound,,5bccd64d4d,200,true,linkerd,,10.1.40.187:4191,linkerd,teastore-webui,teastore,teastore-webui-c7dd56456-4lvsk,c7dd56456,default,default.teastore.serviceaccount.identity.linkerd.cluster.local,,,
1614827710.101,response_latency_ms_count,,,10.1.37.198:4191,linkerd-proxy,linkerd,,linkerd-prometheus-5bccd64d4d-jzwmt,,30,,,,,linkerd-prometheus,prometheus,linkerd,outbound,,5bccd64d4d,200,true,linkerd,,10.1.40.187:4191,linkerd,teastore-webui,teastore,teastore-webui-c7dd56456-4lvsk,c7dd56456,default,default.teastore.serviceaccount.identity.linkerd.cluster.local,,,
1614827720.101,response_latency_ms_count,,,10.1.37.198:4191,linkerd-proxy,linkerd,,linkerd-prometheus-5bccd64d4d-jzwmt,,30,,,,,linkerd-prometheus,prometheus,linkerd,outbound,,5bccd64d4d,200,true,linkerd,,10.1.40.187:4191,linkerd,teastore-webui,teastore,teastore-webui-c7dd56456-4lvsk,c7dd56456,default,default.teastore.serviceaccount.identity.linkerd.cluster.local,,,
1614827730.101,response_latency_ms_count,,,10.1.37.198:4191,linkerd-proxy,linkerd,,linkerd-prometheus-5bccd64d4d-jzwmt,,30,,,,,linkerd-prometheus,prometheus,linkerd,outbound,,5bccd64d4d,200,true,linkerd,,10.1.40.187:4191,linkerd,teastore-webui,teastore,teastore-webui-c7dd56456-4lvsk,c7dd56456,default,default.teastore.serviceaccount.identity.linkerd.cluster.local,,,
1614827740.101,response_latency_ms_count,,,10.1.37.198:4191,linkerd-proxy,linkerd,,linkerd-prometheus-5bccd64d4d-jzwmt,,30,,,,,linkerd-prometheus,prometheus,linkerd,outbound,,5bccd64d4d,200,true,linkerd,,10.1.40.187:4191,linkerd,teastore-webui,teastore,teastore-webui-c7dd56456-4lvsk,c7dd56456,default,default.teastore.serviceaccount.identity.linkerd.cluster.local,,,
1614827750.101,response_latency_ms_count,,,10.1.37.198:4191,linkerd-proxy,linkerd,,linkerd-prometheus-5bccd64d4d-jzwmt,,30,,,,,linkerd-prometheus,prometheus,linkerd,outbound,,5bccd64d4d,200,true,linkerd,,10.1.40.187:4191,linkerd,teastore-webui,teastore,teastore-webui-c7dd56456-4lvsk,c7dd56456,default,default.teastore.serviceaccount.identity.linkerd.cluster.local,,,
1614827760.101,response_latency_ms_count,,,10.1.37.198:4191,linkerd-proxy,linkerd,,linkerd-prometheus-5bccd64d4d-jzwmt,,30,,,,,linkerd-prometheus,prometheus,linkerd,outbound,,5bccd64d4d,200,true,linkerd,,10.1.40.187:4191,linkerd,teastore-webui,teastore,teastore-webui-c7dd56456-4lvsk,c7dd56456,default,default.teastore.serviceaccount.identity.linkerd.cluster.local,,,
1614827770.101,response_latency_ms_count,,,10.1.37.198:4191,linkerd-proxy,linkerd,,linkerd-prometheus-5bccd64d4d-jzwmt,,30,,,,,linkerd-prometheus,prometheus,linkerd,outbound,,5bccd64d4d,200,true,linkerd,,10.1.40.187:4191,linkerd,teastore-webui,teastore,teastore-webui-c7dd56456-4lvsk,c7dd56456,default,default.teastore.serviceaccount.identity.linkerd.cluster.local,,,
1614827780.101,response_latency_ms_count,,,10.1.37.198:4191,linkerd-proxy,linkerd,,linkerd-prometheus-5bccd64d4d-jzwmt,,30,,,,,linkerd-prometheus,prometheus,linkerd,outbound,,5bccd64d4d,200,true,linkerd,,10.1.40.187:4191,linkerd,teastore-webui,teastore,teastore-webui-c7dd56456-4lvsk,c7dd56456,default,default.teastore.serviceaccount.identity.linkerd.cluster.local,,,
1614827790.101,response_latency_ms_count,,,10.1.37.198:4191,linkerd-proxy,linkerd,,linkerd-prometheus-5bccd64d4d-jzwmt,,30,,,,,linkerd-prometheus,prometheus,linkerd,outbound,,5bccd64d4d,200,true,linkerd,,10.1.40.187:4191,linkerd,teastore-webui,teastore,teastore-webui-c7dd56456-4lvsk,c7dd56456,default,default.teastore.serviceaccount.identity.linkerd.cluster.local,,,
1614827800.101,response_latency_ms_count,,,10.1.37.198:4191,linkerd-proxy,linkerd,,linkerd-prometheus-5bccd64d4d-jzwmt,,30,,,,,linkerd-prometheus,prometheus,linkerd,outbound,,5bccd64d4d,200,true,linkerd,,10.1.40.187:4191,linkerd,teastore-webui,teastore,teastore-webui-c7dd56456-4lvsk,c7dd56456,default,default.teastore.serviceaccount.identity.linkerd.cluster.local,,,
1614827640.101,response_latency_ms_count,,,10.1.37.198:4191,linkerd-proxy,linkerd,,linkerd-prometheus-5bccd64d4d-jzwmt,,42,,,,,linkerd-prometheus,prometheus,linkerd,outbound,,5bccd64d4d,200,true,linkerd,,10.1.40.188:4191,linkerd,teastore-webui,teastore,teastore-webui-55ff7b4665-lg2qq,55ff7b4665,default,default.teastore.serviceaccount.identity.linkerd.cluster.local,,,
1614827650.102,response_latency_ms_count,,,10.1.37.198:4191,linkerd-proxy,linkerd,,linkerd-prometheus-5bccd64d4d-jzwmt,,43,,,,,linkerd-prometheus,prometheus,linkerd,outbound,,5bccd64d4d,200,true,linkerd,,10.1.40.188:4191,linkerd,teastore-webui,teastore,teastore-webui-55ff7b4665-lg2qq,55ff7b4665,default,default.teastore.serviceaccount.identity.linkerd.cluster.local,,,
1614827660.102,response_latency_ms_count,,,10.1.37.198:4191,linkerd-proxy,linkerd,,linkerd-prometheus-5bccd64d4d-jzwmt,,44,,,,,linkerd-prometheus,prometheus,linkerd,outbound,,5bccd64d4d,200,true,linkerd,,10.1.40.188:4191,linkerd,teastore-webui,teastore,teastore-webui-55ff7b4665-lg2qq,55ff7b4665,default,default.teastore.serviceaccount.identity.linkerd.cluster.local,,,
1614827670.101,response_latency_ms_count,,,10.1.37.198:4191,linkerd-proxy,linkerd,,linkerd-prometheus-5bccd64d4d-jzwmt,,45,,,,,linkerd-prometheus,prometheus,linkerd,outbound,,5bccd64d4d,200,true,linkerd,,10.1.40.188:4191,linkerd,teastore-webui,teastore,teastore-webui-55ff7b4665-lg2qq,55ff7b4665,default,default.teastore.serviceaccount.identity.linkerd.cluster.local,,,
1614827680.101,response_latency_ms_count,,,10.1.37.198:4191,linkerd-proxy,linkerd,,linkerd-prometheus-5bccd64d4d-jzwmt,,46,,,,,linkerd-prometheus,prometheus,linkerd,outbound,,5bccd64d4d,200,true,linkerd,,10.1.40.188:4191,linkerd,teastore-webui,teastore,teastore-webui-55ff7b4665-lg2qq,55ff7b4665,default,default.teastore.serviceaccount.identity.linkerd.cluster.local,,,
1614827690.101,response_latency_ms_count,,,10.1.37.198:4191,linkerd-proxy,linkerd,,linkerd-prometheus-5bccd64d4d-jzwmt,,47,,,,,linkerd-prometheus,prometheus,linkerd,outbound,,5bccd64d4d,200,true,linkerd,,10.1.40.188:4191,linkerd,teastore-webui,teastore,teastore-webui-55ff7b4665-lg2qq,55ff7b4665,default,default.teastore.serviceaccount.identity.linkerd.cluster.local,,,
1614827700.102,response_latency_ms_count,,,10.1.37.198:4191,linkerd-proxy,linkerd,,linkerd-prometheus-5bccd64d4d-jzwmt,,48,,,,,linkerd-prometheus,prometheus,linkerd,outbound,,5bccd64d4d,200,true,linkerd,,10.1.40.188:4191,linkerd,teastore-webui,teastore,teastore-webui-55ff7b4665-lg2qq,55ff7b4665,default,default.teastore.serviceaccount.identity.linkerd.cluster.local,,,
1614827710.101,response_latency_ms_count,,,10.1.37.198:4191,linkerd-proxy,linkerd,,linkerd-prometheus-5bccd64d4d-jzwmt,,49,,,,,linkerd-prometheus,prometheus,linkerd,outbound,,5bccd64d4d,200,true,linkerd,,10.1.40.188:4191,linkerd,teastore-webui,teastore,teastore-webui-55ff7b4665-lg2qq,55ff7b4665,default,default.teastore.serviceaccount.identity.linkerd.cluster.local,,,
1614827720.101,response_latency_ms_count,,,10.1.37.198:4191,linkerd-proxy,linkerd,,linkerd-prometheus-5bccd64d4d-jzwmt,,50,,,,,linkerd-prometheus,prometheus,linkerd,outbound,,5bccd64d4d,200,true,linkerd,,10.1.40.188:4191,linkerd,teastore-webui,teastore,teastore-webui-55ff7b4665-lg2qq,55ff7b4665,default,default.teastore.serviceaccount.identity.linkerd.cluster.local,,,
1614827730.101,response_latency_ms_count,,,10.1.37.198:4191,linkerd-proxy,linkerd,,linkerd-prometheus-5bccd64d4d-jzwmt,,51,,,,,linkerd-prometheus,prometheus,linkerd,outbound,,5bccd64d4d,200,true,linkerd,,10.1.40.188:4191,linkerd,teastore-webui,teastore,teastore-webui-55ff7b4665-lg2qq,55ff7b4665,default,default.teastore.serviceaccount.identity.linkerd.cluster.local,,,
1614827740.101,response_latency_ms_count,,,10.1.37.198:4191,linkerd-proxy,linkerd,,linkerd-prometheus-5bccd64d4d-jzwmt,,52,,,,,linkerd-prometheus,prometheus,linkerd,outbound,,5bccd64d4d,200,true,linkerd,,10.1.40.188:4191,linkerd,teastore-webui,teastore,teastore-webui-55ff7b4665-lg2qq,55ff7b4665,default,default.teastore.serviceaccount.identity.linkerd.cluster.local,,,
1614827750.101,response_latency_ms_count,,,10.1.37.198:4191,linkerd-proxy,linkerd,,linkerd-prometheus-5bccd64d4d-jzwmt,,53,,,,,linkerd-prometheus,prometheus,linkerd,outbound,,5bccd64d4d,200,true,linkerd,,10.1.40.188:4191,linkerd,teastore-webui,teastore,teastore-webui-55ff7b4665-lg2qq,55ff7b4665,default,default.teastore.serviceaccount.identity.linkerd.cluster.local,,,
1614827760.101,response_latency_ms_count,,,10.1.37.198:4191,linkerd-proxy,linkerd,,linkerd-prometheus-5bccd64d4d-jzwmt,,54,,,,,linkerd-prometheus,prometheus,linkerd,outbound,,5bccd64d4d,200,true,linkerd,,10.1.40.188:4191,linkerd,teastore-webui,teastore,teastore-webui-55ff7b4665-lg2qq,55ff7b4665,default,default.teastore.serviceaccount.identity.linkerd.cluster.local,,,
1614827770.101,response_latency_ms_count,,,10.1.37.198:4191,linkerd-proxy,linkerd,,linkerd-prometheus-5bccd64d4d-jzwmt,,55,,,,,linkerd-prometheus,prometheus,linkerd,outbound,,5bccd64d4d,200,true,linkerd,,10.1.40.188:4191,linkerd,teastore-webui,teastore,teastore-webui-55ff7b4665-lg2qq,55ff7b4665,default,default.teastore.serviceaccount.identity.linkerd.cluster.local,,,
1614827780.101,response_latency_ms_count,,,10.1.37.198:4191,linkerd-proxy,linkerd,,linkerd-prometheus-5bccd64d4d-jzwmt,,56,,,,,linkerd-prometheus,prometheus,linkerd,outbound,,5bccd64d4d,200,true,linkerd,,10.1.40.188:4191,linkerd,teastore-webui,teastore,teastore-webui-55ff7b4665-lg2qq,55ff7b4665,default,default.teastore.serviceaccount.identity.linkerd.cluster.local,,,
1614827790.101,response_latency_ms_count,,,10.1.37.198:4191,linkerd-proxy,linkerd,,linkerd-prometheus-5bccd64d4d-jzwmt,,57,,,,,linkerd-prometheus,prometheus,linkerd,outbound,,5bccd64d4d,200,true,linkerd,,10.1.40.188:4191,linkerd,teastore-webui,teastore,teastore-webui-55ff7b4665-lg2qq,55ff7b4665,default,default.teastore.serviceaccount.identity.linkerd.cluster.local,,,
1614827800.101,response_latency_ms_count,,,10.1.37.198:4191,linkerd-proxy,linkerd,,linkerd-prometheus-5bccd64d4d-jzwmt,,58,,,,,linkerd-prometheus,prometheus,linkerd,outbound,,5bccd64d4d,200,true,linkerd,,10.1.40.188:4191,linkerd,teastore-webui,teastore,teastore-webui-55ff7b4665-lg2qq,55ff7b4665,default,default.teastore.serviceaccount.identity.linkerd.cluster.local,,,
1614827631.23,response_latency_ms_count,,,10.1.40.188:4191,linkerd-proxy,teastore,,teastore-webui-55ff7b4665-lg2qq,,778,,,,,teastore-webui,,linkerd,outbound,,55ff7b4665,200,true,teastore,,teastore-registry.teastore.svc.cluster.local:8080,linkerd,teastore-registry,teastore,teastore-registry-c8b58678f-v869d,c8b58678f,default,default.teastore.serviceaccount.identity.linkerd.cluster.local,teastore,teastore-registry,teastore-webui
1614827641.23,response_latency_ms_count,,,10.1.40.188:4191,linkerd-proxy,teastore,,teastore-webui-55ff7b4665-lg2qq,,799,,,,,teastore-webui,,linkerd,outbound,,55ff7b4665,200,true,teastore,,teastore-registry.teastore.svc.cluster.local:8080,linkerd,teastore-registry,teastore,teastore-registry-c8b58678f-v869d,c8b58678f,default,default.teastore.serviceaccount.identity.linkerd.cluster.local,teastore,teastore-registry,teastore-webui
1614827651.23,response_latency_ms_count,,,10.1.40.188:4191,linkerd-proxy,teastore,,teastore-webui-55ff7b4665-lg2qq,,818,,,,,teastore-webui,,linkerd,outbound,,55ff7b4665,200,true,teastore,,teastore-registry.teastore.svc.cluster.local:8080,linkerd,teastore-registry,teastore,teastore-registry-c8b58678f-v869d,c8b58678f,default,default.teastore.serviceaccount.identity.linkerd.cluster.local,teastore,teastore-registry,teastore-webui
1614827661.23,response_latency_ms_count,,,10.1.40.188:4191,linkerd-proxy,teastore,,teastore-webui-55ff7b4665-lg2qq,,838,,,,,teastore-webui,,linkerd,outbound,,55ff7b4665,200,true,teastore,,teastore-registry.teastore.svc.cluster.local:8080,linkerd,teastore-registry,teastore,teastore-registry-c8b58678f-v869d,c8b58678f,default,default.teastore.serviceaccount.identity.linkerd.cluster.local,teastore,teastore-registry,teastore-webui
1614827671.23,response_latency_ms_count,,,10.1.40.188:4191,linkerd-proxy,teastore,,teastore-webui-55ff7b4665-lg2qq,,858,,,,,teastore-webui,,linkerd,outbound,,55ff7b4665,200,true,teastore,,teastore-registry.teastore.svc.cluster.local:8080,linkerd,teastore-registry,teastore,teastore-registry-c8b58678f-v869d,c8b58678f,default,default.teastore.serviceaccount.identity.linkerd.cluster.local,teastore,teastore-registry,teastore-webui
1614827681.23,response_latency_ms_count,,,10.1.40.188:4191,linkerd-proxy,teastore,,teastore-webui-55ff7b4665-lg2qq,,878,,,,,teastore-webui,,linkerd,outbound,,55ff7b4665,200,true,teastore,,teastore-registry.teastore.svc.cluster.local:8080,linkerd,teastore-registry,teastore,teastore-registry-c8b58678f-v869d,c8b58678f,default,default.teastore.serviceaccount.identity.linkerd.cluster.local,teastore,teastore-registry,teastore-webui
1614827691.23,response_latency_ms_count,,,10.1.40.188:4191,linkerd-proxy,teastore,,teastore-webui-55ff7b4665-lg2qq,,894,,,,,teastore-webui,,linkerd,outbound,,55ff7b4665,200,true,teastore,,teastore-registry.teastore.svc.cluster.local:8080,linkerd,teastore-registry,teastore,teastore-registry-c8b58678f-v869d,c8b58678f,default,default.teastore.serviceaccount.identity.linkerd.cluster.local,teastore,teastore-registry,teastore-webui
1614827701.23,response_latency_ms_count,,,10.1.40.188:4191,linkerd-proxy,teastore,,teastore-webui-55ff7b4665-lg2qq,,918,,,,,teastore-webui,,linkerd,outbound,,55ff7b4665,200,true,teastore,,teastore-registry.teastore.svc.cluster.local:8080,linkerd,teastore-registry,teastore,teastore-registry-c8b58678f-v869d,c8b58678f,default,default.teastore.serviceaccount.identity.linkerd.cluster.local,teastore,teastore-registry,teastore-webui
1614827711.23,response_latency_ms_count,,,10.1.40.188:4191,linkerd-proxy,teastore,,teastore-webui-55ff7b4665-lg2qq,,937,,,,,teastore-webui,,linkerd,outbound,,55ff7b4665,200,true,teastore,,teastore-registry.teastore.svc.cluster.local:8080,linkerd,teastore-registry,teastore,teastore-registry-c8b58678f-v869d,c8b58678f,default,default.teastore.serviceaccount.identity.linkerd.cluster.local,teastore,teastore-registry,teastore-webui
1614827721.231,response_latency_ms_count,,,10.1.40.188:4191,linkerd-proxy,teastore,,teastore-webui-55ff7b4665-lg2qq,,955,,,,,teastore-webui,,linkerd,outbound,,55ff7b4665,200,true,teastore,,teastore-registry.teastore.svc.cluster.local:8080,linkerd,teastore-registry,teastore,teastore-registry-c8b58678f-v869d,c8b58678f,default,default.teastore.serviceaccount.identity.linkerd.cluster.local,teastore,teastore-registry,teastore-webui
1614827731.23,response_latency_ms_count,,,10.1.40.188:4191,linkerd-proxy,teastore,,teastore-webui-55ff7b4665-lg2qq,,972,,,,,teastore-webui,,linkerd,outbound,,55ff7b4665,200,true,teastore,,teastore-registry.teastore.svc.cluster.local:8080,linkerd,teastore-registry,teastore,teastore-registry-c8b58678f-v869d,c8b58678f,default,default.teastore.serviceaccount.identity.linkerd.cluster.local,teastore,teastore-registry,teastore-webui
1614827741.23,response_latency_ms_count,,,10.1.40.188:4191,linkerd-proxy,teastore,,teastore-webui-55ff7b4665-lg2qq,,991,,,,,teastore-webui,,linkerd,outbound,,55ff7b4665,200,true,teastore,,teastore-registry.teastore.svc.cluster.local:8080,linkerd,teastore-registry,teastore,teastore-registry-c8b58678f-v869d,c8b58678f,default,default.teastore.serviceaccount.identity.linkerd.cluster.local,teastore,teastore-registry,teastore-webui
1614827751.23,response_latency_ms_count,,,10.1.40.188:4191,linkerd-proxy,teastore,,teastore-webui-55ff7b4665-lg2qq,,1008,,,,,teastore-webui,,linkerd,outbound,,55ff7b4665,200,true,teastore,,teastore-registry.teastore.svc.cluster.local:8080,linkerd,teastore-registry,teastore,teastore-registry-c8b58678f-v869d,c8b58678f,default,default.teastore.serviceaccount.identity.linkerd.cluster.local,teastore,teastore-registry,teastore-webui
1614827761.23,response_latency_ms_count,,,10.1.40.188:4191,linkerd-proxy,teastore,,teastore-webui-55ff7b4665-lg2qq,,1024,,,,,teastore-webui,,linkerd,outbound,,55ff7b4665,200,true,teastore,,teastore-registry.teastore.svc.cluster.local:8080,linkerd,teastore-registry,teastore,teastore-registry-c8b58678f-v869d,c8b58678f,default,default.teastore.serviceaccount.identity.linkerd.cluster.local,teastore,teastore-registry,teastore-webui
1614827771.23,response_latency_ms_count,,,10.1.40.188:4191,linkerd-proxy,teastore,,teastore-webui-55ff7b4665-lg2qq,,1043,,,,,teastore-webui,,linkerd,outbound,,55ff7b4665,200,true,teastore,,teastore-registry.teastore.svc.cluster.local:8080,linkerd,teastore-registry,teastore,teastore-registry-c8b58678f-v869d,c8b58678f,default,default.teastore.serviceaccount.identity.linkerd.cluster.local,teastore,teastore-registry,teastore-webui
1614827781.23,response_latency_ms_count,,,10.1.40.188:4191,linkerd-proxy,teastore,,teastore-webui-55ff7b4665-lg2qq,,1055,,,,,teastore-webui,,linkerd,outbound,,55ff7b4665,200,true,teastore,,teastore-registry.teastore.svc.cluster.local:8080,linkerd,teastore-registry,teastore,teastore-registry-c8b58678f-v869d,c8b58678f,default,default.teastore.serviceaccount.identity.linkerd.cluster.local,teastore,teastore-registry,teastore-webui
1614827791.23,response_latency_ms_count,,,10.1.40.188:4191,linkerd-proxy,teastore,,teastore-webui-55ff7b4665-lg2qq,,1065,,,,,teastore-webui,,linkerd,outbound,,55ff7b4665,200,true,teastore,,teastore-registry.teastore.svc.cluster.local:8080,linkerd,teastore-registry,teastore,teastore-registry-c8b58678f-v869d,c8b58678f,default,default.teastore.serviceaccount.identity.linkerd.cluster.local,teastore,teastore-registry,teastore-webui
1614827801.23,response_latency_ms_count,,,10.1.40.188:4191,linkerd-proxy,teastore,,teastore-webui-55ff7b4665-lg2qq,,1074,,,,,teastore-webui,,linkerd,outbound,,55ff7b4665,200,true,teastore,,teastore-registry.teastore.svc.cluster.local:8080,linkerd,teastore-registry,teastore,teastore-registry-c8b58678f-v869d,c8b58678f,default,default.teastore.serviceaccount.identity.linkerd.cluster.local,teastore,teastore-registry,teastore-webui
1614827631.23,response_latency_ms_count,,,10.1.40.188:4191,linkerd-proxy,teastore,,teastore-webui-55ff7b4665-lg2qq,,1,,,,,teastore-webui,,linkerd,outbound,,55ff7b4665,201,true,teastore,,teastore-registry.teastore.svc.cluster.local:8080,linkerd,teastore-registry,teastore,teastore-registry-c8b58678f-v869d,c8b58678f,default,default.teastore.serviceaccount.identity.linkerd.cluster.local,teastore,teastore-registry,teastore-webui
1614827641.23,response_latency_ms_count,,,10.1.40.188:4191,linkerd-proxy,teastore,,teastore-webui-55ff7b4665-lg2qq,,1,,,,,teastore-webui,,linkerd,outbound,,55ff7b4665,201,true,teastore,,teastore-registry.teastore.svc.cluster.local:8080,linkerd,teastore-registry,teastore,teastore-registry-c8b58678f-v869d,c8b58678f,default,default.teastore.serviceaccount.identity.linkerd.cluster.local,teastore,teastore-registry,teastore-webui
1614827651.23,response_latency_ms_count,,,10.1.40.188:4191,linkerd-proxy,teastore,,teastore-webui-55ff7b4665-lg2qq,,1,,,,,teastore-webui,,linkerd,outbound,,55ff7b4665,201,true,teastore,,teastore-registry.teastore.svc.cluster.local:8080,linkerd,teastore-registry,teastore,teastore-registry-c8b58678f-v869d,c8b58678f,default,default.teastore.serviceaccount.identity.linkerd.cluster.local,teastore,teastore-registry,teastore-webui
1614827661.23,response_latency_ms_count,,,10.1.40.188:4191,linkerd-proxy,teastore,,teastore-webui-55ff7b4665-lg2qq,,1,,,,,teastore-webui,,linkerd,outbound,,55ff7b4665,201,true,teastore,,teastore-registry.teastore.svc.cluster.local:8080,linkerd,teastore-registry,teastore,teastore-registry-c8b58678f-v869d,c8b58678f,default,default.teastore.serviceaccount.identity.linkerd.cluster.local,teastore,teastore-registry,teastore-webui
1614827671.23,response_latency_ms_count,,,10.1.40.188:4191,linkerd-proxy,teastore,,teastore-webui-55ff7b4665-lg2qq,,1,,,,,teastore-webui,,linkerd,outbound,,55ff7b4665,201,true,teastore,,teastore-registry.teastore.svc.cluster.local:8080,linkerd,teastore-registry,teastore,teastore-registry-c8b58678f-v869d,c8b58678f,default,default.teastore.serviceaccount.identity.linkerd.cluster.local,teastore,teastore-registry,teastore-webui
1614827681.23,response_latency_ms_count,,,10.1.40.188:4191,linkerd-proxy,teastore,,teastore-webui-55ff7b4665-lg2qq,,1,,,,,teastore-webui,,linkerd,outbound,,55ff7b4665,201,true,teastore,,teastore-registry.teastore.svc.cluster.local:8080,linkerd,teastore-registry,teastore,teastore-registry-c8b58678f-v869d,c8b58678f,default,default.teastore.serviceaccount.identity.linkerd.cluster.local,teastore,teastore-registry,teastore-webui
1614827691.23,response_latency_ms_count,,,10.1.40.188:4191,linkerd-proxy,teastore,,teastore-webui-55ff7b4665-lg2qq,,1,,,,,teastore-webui,,linkerd,outbound,,55ff7b4665,201,true,teastore,,teastore-registry.teastore.svc.cluster.local:8080,linkerd,teastore-registry,teastore,teastore-registry-c8b58678f-v869d,c8b58678f,default,default.teastore.serviceaccount.identity.linkerd.cluster.local,teastore,teastore-registry,teastore-webui
1614827701.23,response_latency_ms_count,,,10.1.40.188:4191,linkerd-proxy,teastore,,teastore-webui-55ff7b4665-lg2qq,,1,,,,,teastore-webui,,linkerd,outbound,,55ff7b4665,201,true,teastore,,teastore-registry.teastore.svc.cluster.local:8080,linkerd,teastore-registry,teastore,teastore-registry-c8b58678f-v869d,c8b58678f,default,default.teastore.serviceaccount.identity.linkerd.cluster.local,teastore,teastore-registry,teastore-webui
1614827711.23,response_latency_ms_count,,,10.1.40.188:4191,linkerd-proxy,teastore,,teastore-webui-55ff7b4665-lg2qq,,1,,,,,teastore-webui,,linkerd,outbound,,55ff7b4665,201,true,teastore,,teastore-registry.teastore.svc.cluster.local:8080,linkerd,teastore-registry,teastore,teastore-registry-c8b58678f-v869d,c8b58678f,default,default.teastore.serviceaccount.identity.linkerd.cluster.local,teastore,teastore-registry,teastore-webui
1614827721.231,response_latency_ms_count,,,10.1.40.188:4191,linkerd-proxy,teastore,,teastore-webui-55ff7b4665-lg2qq,,1,,,,,teastore-webui,,linkerd,outbound,,55ff7b4665,201,true,teastore,,teastore-registry.teastore.svc.cluster.local:8080,linkerd,teastore-registry,teastore,teastore-registry-c8b58678f-v869d,c8b58678f,default,default.teastore.serviceaccount.identity.linkerd.cluster.local,teastore,teastore-registry,teastore-webui
1614827731.23,response_latency_ms_count,,,10.1.40.188:4191,linkerd-proxy,teastore,,teastore-webui-55ff7b4665-lg2qq,,1,,,,,teastore-webui,,linkerd,outbound,,55ff7b4665,201,true,teastore,,teastore-registry.teastore.svc.cluster.local:8080,linkerd,teastore-registry,teastore,teastore-registry-c8b58678f-v869d,c8b58678f,default,default.teastore.serviceaccount.identity.linkerd.cluster.local,teastore,teastore-registry,teastore-webui
1614827741.23,response_latency_ms_count,,,10.1.40.188:4191,linkerd-proxy,teastore,,teastore-webui-55ff7b4665-lg2qq,,1,,,,,teastore-webui,,linkerd,outbound,,55ff7b4665,201,true,teastore,,teastore-registry.teastore.svc.cluster.local:8080,linkerd,teastore-registry,teastore,teastore-registry-c8b58678f-v869d,c8b58678f,default,default.teastore.serviceaccount.identity.linkerd.cluster.local,teastore,teastore-registry,teastore-webui
1614827751.23,response_latency_ms_count,,,10.1.40.188:4191,linkerd-proxy,teastore,,teastore-webui-55ff7b4665-lg2qq,,1,,,,,teastore-webui,,linkerd,outbound,,55ff7b4665,201,true,teastore,,teastore-registry.teastore.svc.cluster.local:8080,linkerd,teastore-registry,teastore,teastore-registry-c8b58678f-v869d,c8b58678f,default,default.teastore.serviceaccount.identity.linkerd.cluster.local,teastore,teastore-registry,teastore-webui
1614827761.23,response_latency_ms_count,,,10.1.40.188:4191,linkerd-proxy,teastore,,teastore-webui-55ff7b4665-lg2qq,,1,,,,,teastore-webui,,linkerd,outbound,,55ff7b4665,201,true,teastore,,teastore-registry.teastore.svc.cluster.local:8080,linkerd,teastore-registry,teastore,teastore-registry-c8b58678f-v869d,c8b58678f,default,default.teastore.serviceaccount.identity.linkerd.cluster.local,teastore,teastore-registry,teastore-webui
1614827771.23,response_latency_ms_count,,,10.1.40.188:4191,linkerd-proxy,teastore,,teastore-webui-55ff7b4665-lg2qq,,1,,,,,teastore-webui,,linkerd,outbound,,55ff7b4665,201,true,teastore,,teastore-registry.teastore.svc.cluster.local:8080,linkerd,teastore-registry,teastore,teastore-registry-c8b58678f-v869d,c8b58678f,default,default.teastore.serviceaccount.identity.linkerd.cluster.local,teastore,teastore-registry,teastore-webui
1614827781.23,response_latency_ms_count,,,10.1.40.188:4191,linkerd-proxy,teastore,,teastore-webui-55ff7b4665-lg2qq,,1,,,,,teastore-webui,,linkerd,outbound,,55ff7b4665,201,true,teastore,,teastore-registry.teastore.svc.cluster.local:8080,linkerd,teastore-registry,teastore,teastore-registry-c8b58678f-v869d,c8b58678f,default,default.teastore.serviceaccount.identity.linkerd.cluster.local,teastore,teastore-registry,teastore-webui
1614827791.23,response_latency_ms_count,,,10.1.40.188:4191,linkerd-proxy,teastore,,teastore-webui-55ff7b4665-lg2qq,,1,,,,,teastore-webui,,linkerd,outbound,,55ff7b4665,201,true,teastore,,teastore-registry.teastore.svc.cluster.local:8080,linkerd,teastore-registry,teastore,teastore-registry-c8b58678f-v869d,c8b58678f,default,default.teastore.serviceaccount.identity.linkerd.cluster.local,teastore,teastore-registry,teastore-webui
1614827801.23,response_latency_ms_count,,,10.1.40.188:4191,linkerd-proxy,teastore,,teastore-webui-55ff7b4665-lg2qq,,1,,,,,teastore-webui,,linkerd,outbound,,55ff7b4665,201,true,teastore,,teastore-registry.teastore.svc.cluster.local:8080,linkerd,teastore-registry,teastore,teastore-registry-c8b58678f-v869d,c8b58678f,default,default.teastore.serviceaccount.identity.linkerd.cluster.local,teastore,teastore-registry,teastore-webui
1614827631.23,response_latency_ms_count,,,10.1.40.188:4191,linkerd-proxy,teastore,,teastore-webui-55ff7b4665-lg2qq,,2211,,,,,teastore-webui,,linkerd,inbound,no_tls_from_remote,55ff7b4665,200,no_identity,teastore,,localhost:30080,,,,,,,,teastore,,teastore-webui
1614827641.23,response_latency_ms_count,,,10.1.40.188:4191,linkerd-proxy,teastore,,teastore-webui-55ff7b4665-lg2qq,,2329,,,,,teastore-webui,,linkerd,inbound,no_tls_from_remote,55ff7b4665,200,no_identity,teastore,,localhost:30080,,,,,,,,teastore,,teastore-webui
1614827651.23,response_latency_ms_count,,,10.1.40.188:4191,linkerd-proxy,teastore,,teastore-webui-55ff7b4665-lg2qq,,2505,,,,,teastore-webui,,linkerd,inbound,no_tls_from_remote,55ff7b4665,200,no_identity,teastore,,localhost:30080,,,,,,,,teastore,,teastore-webui
1614827661.23,response_latency_ms_count,,,10.1.40.188:4191,linkerd-proxy,teastore,,teastore-webui-55ff7b4665-lg2qq,,2725,,,,,teastore-webui,,linkerd,inbound,no_tls_from_remote,55ff7b4665,200,no_identity,teastore,,localhost:30080,,,,,,,,teastore,,teastore-webui
1614827671.23,response_latency_ms_count,,,10.1.40.188:4191,linkerd-proxy,teastore,,teastore-webui-55ff7b4665-lg2qq,,2987,,,,,teastore-webui,,linkerd,inbound,no_tls_from_remote,55ff7b4665,200,no_identity,teastore,,localhost:30080,,,,,,,,teastore,,teastore-webui
1614827681.23,response_latency_ms_count,,,10.1.40.188:4191,linkerd-proxy,teastore,,teastore-webui-55ff7b4665-lg2qq,,3305,,,,,teastore-webui,,linkerd,inbound,no_tls_from_remote,55ff7b4665,200,no_identity,teastore,,localhost:30080,,,,,,,,teastore,,teastore-webui
1614827691.23,response_latency_ms_count,,,10.1.40.188:4191,linkerd-proxy,teastore,,teastore-webui-55ff7b4665-lg2qq,,3631,,,,,teastore-webui,,linkerd,inbound,no_tls_from_remote,55ff7b4665,200,no_identity,teastore,,localhost:30080,,,,,,,,teastore,,teastore-webui
1614827701.23,response_latency_ms_count,,,10.1.40.188:4191,linkerd-proxy,teastore,,teastore-webui-55ff7b4665-lg2qq,,3958,,,,,teastore-webui,,linkerd,inbound,no_tls_from_remote,55ff7b4665,200,no_identity,teastore,,localhost:30080,,,,,,,,teastore,,teastore-webui
1614827711.23,response_latency_ms_count,,,10.1.40.188:4191,linkerd-proxy,teastore,,teastore-webui-55ff7b4665-lg2qq,,4284,,,,,teastore-webui,,linkerd,inbound,no_tls_from_remote,55ff7b4665,200,no_identity,teastore,,localhost:30080,,,,,,,,teastore,,teastore-webui
1614827721.231,response_latency_ms_count,,,10.1.40.188:4191,linkerd-proxy,teastore,,teastore-webui-55ff7b4665-lg2qq,,4593,,,,,teastore-webui,,linkerd,inbound,no_tls_from_remote,55ff7b4665,200,no_identity,teastore,,localhost:30080,,,,,,,,teastore,,teastore-webui
1614827731.23,response_latency_ms_count,,,10.1.40.188:4191,linkerd-proxy,teastore,,teastore-webui-55ff7b4665-lg2qq,,4884,,,,,teastore-webui,,linkerd,inbound,no_tls_from_remote,55ff7b4665,200,no_identity,teastore,,localhost:30080,,,,,,,,teastore,,teastore-webui
1614827741.23,response_latency_ms_count,,,10.1.40.188:4191,linkerd-proxy,teastore,,teastore-webui-55ff7b4665-lg2qq,,5190,,,,,teastore-webui,,linkerd,inbound,no_tls_from_remote,55ff7b4665,200,no_identity,teastore,,localhost:30080,,,,,,,,teastore,,teastore-webui
1614827751.23,response_latency_ms_count,,,10.1.40.188:4191,linkerd-proxy,teastore,,teastore-webui-55ff7b4665-lg2qq,,5497,,,,,teastore-webui,,linkerd,inbound,no_tls_from_remote,55ff7b4665,200,no_identity,teastore,,localhost:30080,,,,,,,,teastore,,teastore-webui
1614827761.23,response_latency_ms_count,,,10.1.40.188:4191,linkerd-proxy,teastore,,teastore-webui-55ff7b4665-lg2qq,,5777,,,,,teastore-webui,,linkerd,inbound,no_tls_from_remote,55ff7b4665,200,no_identity,teastore,,localhost:30080,,,,,,,,teastore,,teastore-webui
1614827771.23,response_latency_ms_count,,,10.1.40.188:4191,linkerd-proxy,teastore,,teastore-webui-55ff7b4665-lg2qq,,6085,,,,,teastore-webui,,linkerd,inbound,no_tls_from_remote,55ff7b4665,200,no_identity,teastore,,localhost:30080,,,,,,,,teastore,,teastore-webui
1614827781.23,response_latency_ms_count,,,10.1.40.188:4191,linkerd-proxy,teastore,,teastore-webui-55ff7b4665-lg2qq,,6394,,,,,teastore-webui,,linkerd,inbound,no_tls_from_remote,55ff7b4665,200,no_identity,teastore,,localhost:30080,,,,,,,,teastore,,teastore-webui
1614827791.23,response_latency_ms_count,,,10.1.40.188:4191,linkerd-proxy,teastore,,teastore-webui-55ff7b4665-lg2qq,,6699,,,,,teastore-webui,,linkerd,inbound,no_tls_from_remote,55ff7b4665,200,no_identity,teastore,,localhost:30080,,,,,,,,teastore,,teastore-webui
1614827801.23,response_latency_ms_count,,,10.1.40.188:4191,linkerd-proxy,teastore,,teastore-webui-55ff7b4665-lg2qq,,6986,,,,,teastore-webui,,linkerd,inbound,no_tls_from_remote,55ff7b4665,200,no_identity,teastore,,localhost:30080,,,,,,,,teastore,,teastore-webui
1614827631.23,response_latency_ms_count,,,10.1.40.188:4191,linkerd-proxy,teastore,,teastore-webui-55ff7b4665-lg2qq,,14553,,,,,teastore-webui,,linkerd,outbound,,55ff7b4665,200,true,teastore,,teastore-persistence.teastore.svc.cluster.local:8080,linkerd,teastore-persistence,teastore,teastore-persistence-d9666cc75-zcrs7,d9666cc75,default,default.teastore.serviceaccount.identity.linkerd.cluster.local,teastore,teastore-persistence,teastore-webui
1614827641.23,response_latency_ms_count,,,10.1.40.188:4191,linkerd-proxy,teastore,,teastore-webui-55ff7b4665-lg2qq,,15228,,,,,teastore-webui,,linkerd,outbound,,55ff7b4665,200,true,teastore,,teastore-persistence.teastore.svc.cluster.local:8080,linkerd,teastore-persistence,teastore,teastore-persistence-d9666cc75-zcrs7,d9666cc75,default,default.teastore.serviceaccount.identity.linkerd.cluster.local,teastore,teastore-persistence,teastore-webui
1614827651.23,response_latency_ms_count,,,10.1.40.188:4191,linkerd-proxy,teastore,,teastore-webui-55ff7b4665-lg2qq,,16308,,,,,teastore-webui,,linkerd,outbound,,55ff7b4665,200,true,teastore,,teastore-persistence.teastore.svc.cluster.local:8080,linkerd,teastore-persistence,teastore,teastore-persistence-d9666cc75-zcrs7,d9666cc75,default,default.teastore.serviceaccount.identity.linkerd.cluster.local,teastore,teastore-persistence,teastore-webui
1614827661.23,response_latency_ms_count,,,10.1.40.188:4191,linkerd-proxy,teastore,,teastore-webui-55ff7b4665-lg2qq,,17626,,,,,teastore-webui,,linkerd,outbound,,55ff7b4665,200,true,teastore,,teastore-persistence.teastore.svc.cluster.local:8080,linkerd,teastore-persistence,teastore,teastore-persistence-d9666cc75-zcrs7,d9666cc75,default,default.teastore.serviceaccount.identity.linkerd.cluster.local,teastore,teastore-persistence,teastore-webui
1614827671.23,response_latency_ms_count,,,10.1.40.188:4191,linkerd-proxy,teastore,,teastore-webui-55ff7b4665-lg2qq,,19203,,,,,teastore-webui,,linkerd,outbound,,55ff7b4665,200,true,teastore,,teastore-persistence.teastore.svc.cluster.local:8080,linkerd,teastore-persistence,teastore,teastore-persistence-d9666cc75-zcrs7,d9666cc75,default,default.teastore.serviceaccount.identity.linkerd.cluster.local,teastore,teastore-persistence,teastore-webui
1614827681.23,response_latency_ms_count,,,10.1.40.188:4191,linkerd-proxy,teastore,,teastore-webui-55ff7b4665-lg2qq,,21020,,,,,teastore-webui,,linkerd,outbound,,55ff7b4665,200,true,teastore,,teastore-persistence.teastore.svc.cluster.local:8080,linkerd,teastore-persistence,teastore,teastore-persistence-d9666cc75-zcrs7,d9666cc75,default,default.teastore.serviceaccount.identity.linkerd.cluster.local,teastore,teastore-persistence,teastore-webui
1614827691.23,response_latency_ms_count,,,10.1.40.188:4191,linkerd-proxy,teastore,,teastore-webui-55ff7b4665-lg2qq,,22996,,,,,teastore-webui,,linkerd,outbound,,55ff7b4665,200,true,teastore,,teastore-persistence.teastore.svc.cluster.local:8080,linkerd,teastore-persistence,teastore,teastore-persistence-d9666cc75-zcrs7,d9666cc75,default,default.teastore.serviceaccount.identity.linkerd.cluster.local,teastore,teastore-persistence,teastore-webui
1614827701.23,response_latency_ms_count,,,10.1.40.188:4191,linkerd-proxy,teastore,,teastore-webui-55ff7b4665-lg2qq,,24713,,,,,teastore-webui,,linkerd,outbound,,55ff7b4665,200,true,teastore,,teastore-persistence.teastore.svc.cluster.local:8080,linkerd,teastore-persistence,teastore,teastore-persistence-d9666cc75-zcrs7,d9666cc75,default,default.teastore.serviceaccount.identity.linkerd.cluster.local,teastore,teastore-persistence,teastore-webui
1614827711.23,response_latency_ms_count,,,10.1.40.188:4191,linkerd-proxy,teastore,,teastore-webui-55ff7b4665-lg2qq,,26479,,,,,teastore-webui,,linkerd,outbound,,55ff7b4665,200,true,teastore,,teastore-persistence.teastore.svc.cluster.local:8080,linkerd,teastore-persistence,teastore,teastore-persistence-d9666cc75-zcrs7,d9666cc75,default,default.teastore.serviceaccount.identity.linkerd.cluster.local,teastore,teastore-persistence,teastore-webui
1614827721.231,response_latency_ms_count,,,10.1.40.188:4191,linkerd-proxy,teastore,,teastore-webui-55ff7b4665-lg2qq,,28290,,,,,teastore-webui,,linkerd,outbound,,55ff7b4665,200,true,teastore,,teastore-persistence.teastore.svc.cluster.local:8080,linkerd,teastore-persistence,teastore,teastore-persistence-d9666cc75-zcrs7,d9666cc75,default,default.teastore.serviceaccount.identity.linkerd.cluster.local,teastore,teastore-persistence,teastore-webui
1614827731.23,response_latency_ms_count,,,10.1.40.188:4191,linkerd-proxy,teastore,,teastore-webui-55ff7b4665-lg2qq,,29843,,,,,teastore-webui,,linkerd,outbound,,55ff7b4665,200,true,teastore,,teastore-persistence.teastore.svc.cluster.local:8080,linkerd,teastore-persistence,teastore,teastore-persistence-d9666cc75-zcrs7,d9666cc75,default,default.teastore.serviceaccount.identity.linkerd.cluster.local,teastore,teastore-persistence,teastore-webui
1614827741.23,response_latency_ms_count,,,10.1.40.188:4191,linkerd-proxy,teastore,,teastore-webui-55ff7b4665-lg2qq,,31625,,,,,teastore-webui,,linkerd,outbound,,55ff7b4665,200,true,teastore,,teastore-persistence.teastore.svc.cluster.local:8080,linkerd,teastore-persistence,teastore,teastore-persistence-d9666cc75-zcrs7,d9666cc75,default,default.teastore.serviceaccount.identity.linkerd.cluster.local,teastore,teastore-persistence,teastore-webui
1614827751.23,response_latency_ms_count,,,10.1.40.188:4191,linkerd-proxy,teastore,,teastore-webui-55ff7b4665-lg2qq,,33263,,,,,teastore-webui,,linkerd,outbound,,55ff7b4665,200,true,teastore,,teastore-persistence.teastore.svc.cluster.local:8080,linkerd,teastore-persistence,teastore,teastore-persistence-d9666cc75-zcrs7,d9666cc75,default,default.teastore.serviceaccount.identity.linkerd.cluster.local,teastore,teastore-persistence,teastore-webui
1614827761.23,response_latency_ms_count,,,10.1.40.188:4191,linkerd-proxy,teastore,,teastore-webui-55ff7b4665-lg2qq,,34992,,,,,teastore-webui,,linkerd,outbound,,55ff7b4665,200,true,teastore,,teastore-persistence.teastore.svc.cluster.local:8080,linkerd,teastore-persistence,teastore,teastore-persistence-d9666cc75-zcrs7,d9666cc75,default,default.teastore.serviceaccount.identity.linkerd.cluster.local,teastore,teastore-persistence,teastore-webui
1614827771.23,response_latency_ms_count,,,10.1.40.188:4191,linkerd-proxy,teastore,,teastore-webui-55ff7b4665-lg2qq,,36651,,,,,teastore-webui,,linkerd,outbound,,55ff7b4665,200,true,teastore,,teastore-persistence.teastore.svc.cluster.local:8080,linkerd,teastore-persistence,teastore,teastore-persistence-d9666cc75-zcrs7,d9666cc75,default,default.teastore.serviceaccount.identity.linkerd.cluster.local,teastore,teastore-persistence,teastore-webui
1614827781.23,response_latency_ms_count,,,10.1.40.188:4191,linkerd-proxy,teastore,,teastore-webui-55ff7b4665-lg2qq,,38516,,,,,teastore-webui,,linkerd,outbound,,55ff7b4665,200,true,teastore,,teastore-persistence.teastore.svc.cluster.local:8080,linkerd,teastore-persistence,teastore,teastore-persistence-d9666cc75-zcrs7,d9666cc75,default,default.teastore.serviceaccount.identity.linkerd.cluster.local,teastore,teastore-persistence,teastore-webui
1614827791.23,response_latency_ms_count,,,10.1.40.188:4191,linkerd-proxy,teastore,,teastore-webui-55ff7b4665-lg2qq,,40296,,,,,teastore-webui,,linkerd,outbound,,55ff7b4665,200,true,teastore,,teastore-persistence.teastore.svc.cluster.local:8080,linkerd,teastore-persistence,teastore,teastore-persistence-d9666cc75-zcrs7,d9666cc75,default,default.teastore.serviceaccount.identity.linkerd.cluster.local,teastore,teastore-persistence,teastore-webui
1614827801.23,response_latency_ms_count,,,10.1.40.188:4191,linkerd-proxy,teastore,,teastore-webui-55ff7b4665-lg2qq,,42180,,,,,teastore-webui,,linkerd,outbound,,55ff7b4665,200,true,teastore,,teastore-persistence.teastore.svc.cluster.local:8080,linkerd,teastore-persistence,teastore,teastore-persistence-d9666cc75-zcrs7,d9666cc75,default,default.teastore.serviceaccount.identity.linkerd.cluster.local,teastore,teastore-persistence,teastore-webui
1614827631.23,response_latency_ms_count,,,10.1.40.188:4191,linkerd-proxy,teastore,,teastore-webui-55ff7b4665-lg2qq,,3377,,,,,teastore-webui,,linkerd,outbound,,55ff7b4665,200,true,teastore,,teastore-auth.teastore.svc.cluster.local:8080,linkerd,teastore-auth,teastore,teastore-auth-5c8f77dbb8-trzs6,5c8f77dbb8,default,default.teastore.serviceaccount.identity.linkerd.cluster.local,teastore,teastore-auth,teastore-webui
1614827641.23,response_latency_ms_count,,,10.1.40.188:4191,linkerd-proxy,teastore,,teastore-webui-55ff7b4665-lg2qq,,3542,,,,,teastore-webui,,linkerd,outbound,,55ff7b4665,200,true,teastore,,teastore-auth.teastore.svc.cluster.local:8080,linkerd,teastore-auth,teastore,teastore-auth-5c8f77dbb8-trzs6,5c8f77dbb8,default,default.teastore.serviceaccount.identity.linkerd.cluster.local,teastore,teastore-auth,teastore-webui
1614827651.23,response_latency_ms_count,,,10.1.40.188:4191,linkerd-proxy,teastore,,teastore-webui-55ff7b4665-lg2qq,,3793,,,,,teastore-webui,,linkerd,outbound,,55ff7b4665,200,true,teastore,,teastore-auth.teastore.svc.cluster.local:8080,linkerd,teastore-auth,teastore,teastore-auth-5c8f77dbb8-trzs6,5c8f77dbb8,default,default.teastore.serviceaccount.identity.linkerd.cluster.local,teastore,teastore-auth,teastore-webui
1614827661.23,response_latency_ms_count,,,10.1.40.188:4191,linkerd-proxy,teastore,,teastore-webui-55ff7b4665-lg2qq,,4103,,,,,teastore-webui,,linkerd,outbound,,55ff7b4665,200,true,teastore,,teastore-auth.teastore.svc.cluster.local:8080,linkerd,teastore-auth,teastore,teastore-auth-5c8f77dbb8-trzs6,5c8f77dbb8,default,default.teastore.serviceaccount.identity.linkerd.cluster.local,teastore,teastore-auth,teastore-webui
1614827671.23,response_latency_ms_count,,,10.1.40.188:4191,linkerd-proxy,teastore,,teastore-webui-55ff7b4665-lg2qq,,4475,,,,,teastore-webui,,linkerd,outbound,,55ff7b4665,200,true,teastore,,teastore-auth.teastore.svc.cluster.local:8080,linkerd,teastore-auth,teastore,teastore-auth-5c8f77dbb8-trzs6,5c8f77dbb8,default,default.teastore.serviceaccount.identity.linkerd.cluster.local,teastore,teastore-auth,teastore-webui
1614827681.23,response_latency_ms_count,,,10.1.40.188:4191,linkerd-proxy,teastore,,teastore-webui-55ff7b4665-lg2qq,,4923,,,,,teastore-webui,,linkerd,outbound,,55ff7b4665,200,true,teastore,,teastore-auth.teastore.svc.cluster.local:8080,linkerd,teastore-auth,teastore,teastore-auth-5c8f77dbb8-trzs6,5c8f77dbb8,default,default.teastore.serviceaccount.identity.linkerd.cluster.local,teastore,teastore-auth,teastore-webui
1614827691.23,response_latency_ms_count,,,10.1.40.188:4191,linkerd-proxy,teastore,,teastore-webui-55ff7b4665-lg2qq,,5382,,,,,teastore-webui,,linkerd,outbound,,55ff7b4665,200,true,teastore,,teastore-auth.teastore.svc.cluster.local:8080,linkerd,teastore-auth,teastore,teastore-auth-5c8f77dbb8-trzs6,5c8f77dbb8,default,default.teastore.serviceaccount.identity.linkerd.cluster.local,teastore,teastore-auth,teastore-webui
1614827701.23,response_latency_ms_count,,,10.1.40.188:4191,linkerd-proxy,teastore,,teastore-webui-55ff7b4665-lg2qq,,5839,,,,,teastore-webui,,linkerd,outbound,,55ff7b4665,200,true,teastore,,teastore-auth.teastore.svc.cluster.local:8080,linkerd,teastore-auth,teastore,teastore-auth-5c8f77dbb8-trzs6,5c8f77dbb8,default,default.teastore.serviceaccount.identity.linkerd.cluster.local,teastore,teastore-auth,teastore-webui
1614827711.23,response_latency_ms_count,,,10.1.40.188:4191,linkerd-proxy,teastore,,teastore-webui-55ff7b4665-lg2qq,,6296,,,,,teastore-webui,,linkerd,outbound,,55ff7b4665,200,true,teastore,,teastore-auth.teastore.svc.cluster.local:8080,linkerd,teastore-auth,teastore,teastore-auth-5c8f77dbb8-trzs6,5c8f77dbb8,default,default.teastore.serviceaccount.identity.linkerd.cluster.local,teastore,teastore-auth,teastore-webui
1614827721.231,response_latency_ms_count,,,10.1.40.188:4191,linkerd-proxy,teastore,,teastore-webui-55ff7b4665-lg2qq,,6731,,,,,teastore-webui,,linkerd,outbound,,55ff7b4665,200,true,teastore,,teastore-auth.teastore.svc.cluster.local:8080,linkerd,teastore-auth,teastore,teastore-auth-5c8f77dbb8-trzs6,5c8f77dbb8,default,default.teastore.serviceaccount.identity.linkerd.cluster.local,teastore,teastore-auth,teastore-webui
1614827731.23,response_latency_ms_count,,,10.1.40.188:4191,linkerd-proxy,teastore,,teastore-webui-55ff7b4665-lg2qq,,7154,,,,,teastore-webui,,linkerd,outbound,,55ff7b4665,200,true,teastore,,teastore-auth.teastore.svc.cluster.local:8080,linkerd,teastore-auth,teastore,teastore-auth-5c8f77dbb8-trzs6,5c8f77dbb8,default,default.teastore.serviceaccount.identity.linkerd.cluster.local,teastore,teastore-auth,teastore-webui
1614827741.23,response_latency_ms_count,,,10.1.40.188:4191,linkerd-proxy,teastore,,teastore-webui-55ff7b4665-lg2qq,,7576,,,,,teastore-webui,,linkerd,outbound,,55ff7b4665,200,true,teastore,,teastore-auth.teastore.svc.cluster.local:8080,linkerd,teastore-auth,teastore,teastore-auth-5c8f77dbb8-trzs6,5c8f77dbb8,default,default.teastore.serviceaccount.identity.linkerd.cluster.local,teastore,teastore-auth,teastore-webui
1614827751.23,response_latency_ms_count,,,10.1.40.188:4191,linkerd-proxy,teastore,,teastore-webui-55ff7b4665-lg2qq,,8007,,,,,teastore-webui,,linkerd,outbound,,55ff7b4665,200,true,teastore,,teastore-auth.teastore.svc.cluster.local:8080,linkerd,teastore-auth,teastore,teastore-auth-5c8f77dbb8-trzs6,5c8f77dbb8,default,default.teastore.serviceaccount.identity.linkerd.cluster.local,teastore,teastore-auth,teastore-webui
1614827761.23,response_latency_ms_count,,,10.1.40.188:4191,linkerd-proxy,teastore,,teastore-webui-55ff7b4665-lg2qq,,8441,,,,,teastore-webui,,linkerd,outbound,,55ff7b4665,200,true,teastore,,teastore-auth.teastore.svc.cluster.local:8080,linkerd,teastore-auth,teastore,teastore-auth-5c8f77dbb8-trzs6,5c8f77dbb8,default,default.teastore.serviceaccount.identity.linkerd.cluster.local,teastore,teastore-auth,teastore-webui
1614827771.23,response_latency_ms_count,,,10.1.40.188:4191,linkerd-proxy,teastore,,teastore-webui-55ff7b4665-lg2qq,,8855,,,,,teastore-webui,,linkerd,outbound,,55ff7b4665,200,true,teastore,,teastore-auth.teastore.svc.cluster.local:8080,linkerd,teastore-auth,teastore,teastore-auth-5c8f77dbb8-trzs6,5c8f77dbb8,default,default.teastore.serviceaccount.identity.linkerd.cluster.local,teastore,teastore-auth,teastore-webui
1614827781.23,response_latency_ms_count,,,10.1.40.188:4191,linkerd-proxy,teastore,,teastore-webui-55ff7b4665-lg2qq,,9273,,,,,teastore-webui,,linkerd,outbound,,55ff7b4665,200,true,teastore,,teastore-auth.teastore.svc.cluster.local:8080,linkerd,teastore-auth,teastore,teastore-auth-5c8f77dbb8-trzs6,5c8f77dbb8,default,default.teastore.serviceaccount.identity.linkerd.cluster.local,teastore,teastore-auth,teastore-webui
1614827791.23,response_latency_ms_count,,,10.1.40.188:4191,linkerd-proxy,teastore,,teastore-webui-55ff7b4665-lg2qq,,9704,,,,,teastore-webui,,linkerd,outbound,,55ff7b4665,200,true,teastore,,teastore-auth.teastore.svc.cluster.local:8080,linkerd,teastore-auth,teastore,teastore-auth-5c8f77dbb8-trzs6,5c8f77dbb8,default,default.teastore.serviceaccount.identity.linkerd.cluster.local,teastore,teastore-auth,teastore-webui
1614827801.23,response_latency_ms_count,,,10.1.40.188:4191,linkerd-proxy,teastore,,teastore-webui-55ff7b4665-lg2qq,,10096,,,,,teastore-webui,,linkerd,outbound,,55ff7b4665,200,true,teastore,,teastore-auth.teastore.svc.cluster.local:8080,linkerd,teastore-auth,teastore,teastore-auth-5c8f77dbb8-trzs6,5c8f77dbb8,default,default.teastore.serviceaccount.identity.linkerd.cluster.local,teastore,teastore-auth,teastore-webui
1614827631.23,response_latency_ms_count,,,10.1.40.188:4191,linkerd-proxy,teastore,,teastore-webui-55ff7b4665-lg2qq,,4765,,,,,teastore-webui,,linkerd,outbound,,55ff7b4665,200,true,teastore,,teastore-image.teastore.svc.cluster.local:8080,linkerd,teastore-image,teastore,teastore-image-77b5d74b7d-d27bk,77b5d74b7d,default,default.teastore.serviceaccount.identity.linkerd.cluster.local,teastore,teastore-image,teastore-webui
1614827641.23,response_latency_ms_count,,,10.1.40.188:4191,linkerd-proxy,teastore,,teastore-webui-55ff7b4665-lg2qq,,4973,,,,,teastore-webui,,linkerd,outbound,,55ff7b4665,200,true,teastore,,teastore-image.teastore.svc.cluster.local:8080,linkerd,teastore-image,teastore,teastore-image-77b5d74b7d-d27bk,77b5d74b7d,default,default.teastore.serviceaccount.identity.linkerd.cluster.local,teastore,teastore-image,teastore-webui
1614827651.23,response_latency_ms_count,,,10.1.40.188:4191,linkerd-proxy,teastore,,teastore-webui-55ff7b4665-lg2qq,,5296,,,,,teastore-webui,,linkerd,outbound,,55ff7b4665,200,true,teastore,,teastore-image.teastore.svc.cluster.local:8080,linkerd,teastore-image,teastore,teastore-image-77b5d74b7d-d27bk,77b5d74b7d,default,default.teastore.serviceaccount.identity.linkerd.cluster.local,teastore,teastore-image,teastore-webui
1614827661.23,response_latency_ms_count,,,10.1.40.188:4191,linkerd-proxy,teastore,,teastore-webui-55ff7b4665-lg2qq,,5686,,,,,teastore-webui,,linkerd,outbound,,55ff7b4665,200,true,teastore,,teastore-image.teastore.svc.cluster.local:8080,linkerd,teastore-image,teastore,teastore-image-77b5d74b7d-d27bk,77b5d74b7d,default,default.teastore.serviceaccount.identity.linkerd.cluster.local,teastore,teastore-image,teastore-webui
1614827671.23,response_latency_ms_count,,,10.1.40.188:4191,linkerd-proxy,teastore,,teastore-webui-55ff7b4665-lg2qq,,6153,,,,,teastore-webui,,linkerd,outbound,,55ff7b4665,200,true,teastore,,teastore-image.teastore.svc.cluster.local:8080,linkerd,teastore-image,teastore,teastore-image-77b5d74b7d-d27bk,77b5d74b7d,default,default.teastore.serviceaccount.identity.linkerd.cluster.local,teastore,teastore-image,teastore-webui
1614827681.23,response_latency_ms_count,,,10.1.40.188:4191,linkerd-proxy,teastore,,teastore-webui-55ff7b4665-lg2qq,,6711,,,,,teastore-webui,,linkerd,outbound,,55ff7b4665,200,true,teastore,,teastore-image.teastore.svc.cluster.local:8080,linkerd,teastore-image,teastore,teastore-image-77b5d74b7d-d27bk,77b5d74b7d,default,default.teastore.serviceaccount.identity.linkerd.cluster.local,teastore,teastore-image,teastore-webui
1614827691.23,response_latency_ms_count,,,10.1.40.188:4191,linkerd-proxy,teastore,,teastore-webui-55ff7b4665-lg2qq,,7308,,,,,teastore-webui,,linkerd,outbound,,55ff7b4665,200,true,teastore,,teastore-image.teastore.svc.cluster.local:8080,linkerd,teastore-image,teastore,teastore-image-77b5d74b7d-d27bk,77b5d74b7d,default,default.teastore.serviceaccount.identity.linkerd.cluster.local,teastore,teastore-image,teastore-webui
1614827701.23,response_latency_ms_count,,,10.1.40.188:4191,linkerd-proxy,teastore,,teastore-webui-55ff7b4665-lg2qq,,7832,,,,,teastore-webui,,linkerd,outbound,,55ff7b4665,200,true,teastore,,teastore-image.teastore.svc.cluster.local:8080,linkerd,teastore-image,teastore,teastore-image-77b5d74b7d-d27bk,77b5d74b7d,default,default.teastore.serviceaccount.identity.linkerd.cluster.local,teastore,teastore-image,teastore-webui
1614827711.23,response_latency_ms_count,,,10.1.40.188:4191,linkerd-proxy,teastore,,teastore-webui-55ff7b4665-lg2qq,,8392,,,,,teastore-webui,,linkerd,outbound,,55ff7b4665,200,true,teastore,,teastore-image.teastore.svc.cluster.local:8080,linkerd,teastore-image,teastore,teastore-image-77b5d74b7d-d27bk,77b5d74b7d,default,default.teastore.serviceaccount.identity.linkerd.cluster.local,teastore,teastore-image,teastore-webui
1614827721.231,response_latency_ms_count,,,10.1.40.188:4191,linkerd-proxy,teastore,,teastore-webui-55ff7b4665-lg2qq,,8938,,,,,teastore-webui,,linkerd,outbound,,55ff7b4665,200,true,teastore,,teastore-image.teastore.svc.cluster.local:8080,linkerd,teastore-image,teastore,teastore-image-77b5d74b7d-d27bk,77b5d74b7d,default,default.teastore.serviceaccount.identity.linkerd.cluster.local,teastore,teastore-image,teastore-webui
1614827731.23,response_latency_ms_count,,,10.1.40.188:4191,linkerd-proxy,teastore,,teastore-webui-55ff7b4665-lg2qq,,9439,,,,,teastore-webui,,linkerd,outbound,,55ff7b4665,200,true,teastore,,teastore-image.teastore.svc.cluster.local:8080,linkerd,teastore-image,teastore,teastore-image-77b5d74b7d-d27bk,77b5d74b7d,default,default.teastore.serviceaccount.identity.linkerd.cluster.local,teastore,teastore-image,teastore-webui
1614827741.23,response_latency_ms_count,,,10.1.40.188:4191,linkerd-proxy,teastore,,teastore-webui-55ff7b4665-lg2qq,,9964,,,,,teastore-webui,,linkerd,outbound,,55ff7b4665,200,true,teastore,,teastore-image.teastore.svc.cluster.local:8080,linkerd,teastore-image,teastore,teastore-image-77b5d74b7d-d27bk,77b5d74b7d,default,default.teastore.serviceaccount.identity.linkerd.cluster.local,teastore,teastore-image,teastore-webui
1614827751.23,response_latency_ms_count,,,10.1.40.188:4191,linkerd-proxy,teastore,,teastore-webui-55ff7b4665-lg2qq,,10472,,,,,teastore-webui,,linkerd,outbound,,55ff7b4665,200,true,teastore,,teastore-image.teastore.svc.cluster.local:8080,linkerd,teastore-image,teastore,teastore-image-77b5d74b7d-d27bk,77b5d74b7d,default,default.teastore.serviceaccount.identity.linkerd.cluster.local,teastore,teastore-image,teastore-webui
1614827761.23,response_latency_ms_count,,,10.1.40.188:4191,linkerd-proxy,teastore,,teastore-webui-55ff7b4665-lg2qq,,10977,,,,,teastore-webui,,linkerd,outbound,,55ff7b4665,200,true,teastore,,teastore-image.teastore.svc.cluster.local:8080,linkerd,teastore-image,teastore,teastore-image-77b5d74b7d-d27bk,77b5d74b7d,default,default.teastore.serviceaccount.identity.linkerd.cluster.local,teastore,teastore-image,teastore-webui
1614827771.23,response_latency_ms_count,,,10.1.40.188:4191,linkerd-proxy,teastore,,teastore-webui-55ff7b4665-lg2qq,,11517,,,,,teastore-webui,,linkerd,outbound,,55ff7b4665,200,true,teastore,,teastore-image.teastore.svc.cluster.local:8080,linkerd,teastore-image,teastore,teastore-image-77b5d74b7d-d27bk,77b5d74b7d,default,default.teastore.serviceaccount.identity.linkerd.cluster.local,teastore,teastore-image,teastore-webui
1614827781.23,response_latency_ms_count,,,10.1.40.188:4191,linkerd-proxy,teastore,,teastore-webui-55ff7b4665-lg2qq,,12058,,,,,teastore-webui,,linkerd,outbound,,55ff7b4665,200,true,teastore,,teastore-image.teastore.svc.cluster.local:8080,linkerd,teastore-image,teastore,teastore-image-77b5d74b7d-d27bk,77b5d74b7d,default,default.teastore.serviceaccount.identity.linkerd.cluster.local,teastore,teastore-image,teastore-webui
1614827791.23,response_latency_ms_count,,,10.1.40.188:4191,linkerd-proxy,teastore,,teastore-webui-55ff7b4665-lg2qq,,12587,,,,,teastore-webui,,linkerd,outbound,,55ff7b4665,200,true,teastore,,teastore-image.teastore.svc.cluster.local:8080,linkerd,teastore-image,teastore,teastore-image-77b5d74b7d-d27bk,77b5d74b7d,default,default.teastore.serviceaccount.identity.linkerd.cluster.local,teastore,teastore-image,teastore-webui
1614827801.23,response_latency_ms_count,,,10.1.40.188:4191,linkerd-proxy,teastore,,teastore-webui-55ff7b4665-lg2qq,,13126,,,,,teastore-webui,,linkerd,outbound,,55ff7b4665,200,true,teastore,,teastore-image.teastore.svc.cluster.local:8080,linkerd,teastore-image,teastore,teastore-image-77b5d74b7d-d27bk,77b5d74b7d,default,default.teastore.serviceaccount.identity.linkerd.cluster.local,teastore,teastore-image,teastore-webui
1614827631.23,response_latency_ms_count,,,10.1.40.188:4191,linkerd-proxy,teastore,,teastore-webui-55ff7b4665-lg2qq,,3,,,,,teastore-webui,,linkerd,inbound,no_tls_from_remote,55ff7b4665,500,no_identity,teastore,,localhost:30080,,,,,,,,teastore,,teastore-webui
1614827641.23,response_latency_ms_count,,,10.1.40.188:4191,linkerd-proxy,teastore,,teastore-webui-55ff7b4665-lg2qq,,3,,,,,teastore-webui,,linkerd,inbound,no_tls_from_remote,55ff7b4665,500,no_identity,teastore,,localhost:30080,,,,,,,,teastore,,teastore-webui
1614827651.23,response_latency_ms_count,,,10.1.40.188:4191,linkerd-proxy,teastore,,teastore-webui-55ff7b4665-lg2qq,,3,,,,,teastore-webui,,linkerd,inbound,no_tls_from_remote,55ff7b4665,500,no_identity,teastore,,localhost:30080,,,,,,,,teastore,,teastore-webui
1614827661.23,response_latency_ms_count,,,10.1.40.188:4191,linkerd-proxy,teastore,,teastore-webui-55ff7b4665-lg2qq,,3,,,,,teastore-webui,,linkerd,inbound,no_tls_from_remote,55ff7b4665,500,no_identity,teastore,,localhost:30080,,,,,,,,teastore,,teastore-webui
1614827671.23,response_latency_ms_count,,,10.1.40.188:4191,linkerd-proxy,teastore,,teastore-webui-55ff7b4665-lg2qq,,3,,,,,teastore-webui,,linkerd,inbound,no_tls_from_remote,55ff7b4665,500,no_identity,teastore,,localhost:30080,,,,,,,,teastore,,teastore-webui
1614827681.23,response_latency_ms_count,,,10.1.40.188:4191,linkerd-proxy,teastore,,teastore-webui-55ff7b4665-lg2qq,,3,,,,,teastore-webui,,linkerd,inbound,no_tls_from_remote,55ff7b4665,500,no_identity,teastore,,localhost:30080,,,,,,,,teastore,,teastore-webui
1614827691.23,response_latency_ms_count,,,10.1.40.188:4191,linkerd-proxy,teastore,,teastore-webui-55ff7b4665-lg2qq,,3,,,,,teastore-webui,,linkerd,inbound,no_tls_from_remote,55ff7b4665,500,no_identity,teastore,,localhost:30080,,,,,,,,teastore,,teastore-webui
1614827701.23,response_latency_ms_count,,,10.1.40.188:4191,linkerd-proxy,teastore,,teastore-webui-55ff7b4665-lg2qq,,3,,,,,teastore-webui,,linkerd,inbound,no_tls_from_remote,55ff7b4665,500,no_identity,teastore,,localhost:30080,,,,,,,,teastore,,teastore-webui
1614827711.23,response_latency_ms_count,,,10.1.40.188:4191,linkerd-proxy,teastore,,teastore-webui-55ff7b4665-lg2qq,,3,,,,,teastore-webui,,linkerd,inbound,no_tls_from_remote,55ff7b4665,500,no_identity,teastore,,localhost:30080,,,,,,,,teastore,,teastore-webui
1614827721.231,response_latency_ms_count,,,10.1.40.188:4191,linkerd-proxy,teastore,,teastore-webui-55ff7b4665-lg2qq,,3,,,,,teastore-webui,,linkerd,inbound,no_tls_from_remote,55ff7b4665,500,no_identity,teastore,,localhost:30080,,,,,,,,teastore,,teastore-webui
1614827731.23,response_latency_ms_count,,,10.1.40.188:4191,linkerd-proxy,teastore,,teastore-webui-55ff7b4665-lg2qq,,3,,,,,teastore-webui,,linkerd,inbound,no_tls_from_remote,55ff7b4665,500,no_identity,teastore,,localhost:30080,,,,,,,,teastore,,teastore-webui
1614827741.23,response_latency_ms_count,,,10.1.40.188:4191,linkerd-proxy,teastore,,teastore-webui-55ff7b4665-lg2qq,,3,,,,,teastore-webui,,linkerd,inbound,no_tls_from_remote,55ff7b4665,500,no_identity,teastore,,localhost:30080,,,,,,,,teastore,,teastore-webui
1614827751.23,response_latency_ms_count,,,10.1.40.188:4191,linkerd-proxy,teastore,,teastore-webui-55ff7b4665-lg2qq,,3,,,,,teastore-webui,,linkerd,inbound,no_tls_from_remote,55ff7b4665,500,no_identity,teastore,,localhost:30080,,,,,,,,teastore,,teastore-webui
1614827761.23,response_latency_ms_count,,,10.1.40.188:4191,linkerd-proxy,teastore,,teastore-webui-55ff7b4665-lg2qq,,3,,,,,teastore-webui,,linkerd,inbound,no_tls_from_remote,55ff7b4665,500,no_identity,teastore,,localhost:30080,,,,,,,,teastore,,teastore-webui
1614827771.23,response_latency_ms_count,,,10.1.40.188:4191,linkerd-proxy,teastore,,teastore-webui-55ff7b4665-lg2qq,,3,,,,,teastore-webui,,linkerd,inbound,no_tls_from_remote,55ff7b4665,500,no_identity,teastore,,localhost:30080,,,,,,,,teastore,,teastore-webui
1614827781.23,response_latency_ms_count,,,10.1.40.188:4191,linkerd-proxy,teastore,,teastore-webui-55ff7b4665-lg2qq,,3,,,,,teastore-webui,,linkerd,inbound,no_tls_from_remote,55ff7b4665,500,no_identity,teastore,,localhost:30080,,,,,,,,teastore,,teastore-webui
1614827791.23,response_latency_ms_count,,,10.1.40.188:4191,linkerd-proxy,teastore,,teastore-webui-55ff7b4665-lg2qq,,3,,,,,teastore-webui,,linkerd,inbound,no_tls_from_remote,55ff7b4665,500,no_identity,teastore,,localhost:30080,,,,,,,,teastore,,teastore-webui
1614827801.23,response_latency_ms_count,,,10.1.40.188:4191,linkerd-proxy,teastore,,teastore-webui-55ff7b4665-lg2qq,,3,,,,,teastore-webui,,linkerd,inbound,no_tls_from_remote,55ff7b4665,500,no_identity,teastore,,localhost:30080,,,,,,,,teastore,,teastore-webui
1614827631.23,response_latency_ms_count,,,10.1.40.188:4191,linkerd-proxy,teastore,,teastore-webui-55ff7b4665-lg2qq,,812,,,,,teastore-webui,,linkerd,inbound,no_tls_from_remote,55ff7b4665,302,no_identity,teastore,,localhost:30080,,,,,,,,teastore,,teastore-webui
1614827641.23,response_latency_ms_count,,,10.1.40.188:4191,linkerd-proxy,teastore,,teastore-webui-55ff7b4665-lg2qq,,853,,,,,teastore-webui,,linkerd,inbound,no_tls_from_remote,55ff7b4665,302,no_identity,teastore,,localhost:30080,,,,,,,,teastore,,teastore-webui
1614827651.23,response_latency_ms_count,,,10.1.40.188:4191,linkerd-proxy,teastore,,teastore-webui-55ff7b4665-lg2qq,,932,,,,,teastore-webui,,linkerd,inbound,no_tls_from_remote,55ff7b4665,302,no_identity,teastore,,localhost:30080,,,,,,,,teastore,,teastore-webui
1614827661.23,response_latency_ms_count,,,10.1.40.188:4191,linkerd-proxy,teastore,,teastore-webui-55ff7b4665-lg2qq,,1032,,,,,teastore-webui,,linkerd,inbound,no_tls_from_remote,55ff7b4665,302,no_identity,teastore,,localhost:30080,,,,,,,,teastore,,teastore-webui
1614827671.23,response_latency_ms_count,,,10.1.40.188:4191,linkerd-proxy,teastore,,teastore-webui-55ff7b4665-lg2qq,,1149,,,,,teastore-webui,,linkerd,inbound,no_tls_from_remote,55ff7b4665,302,no_identity,teastore,,localhost:30080,,,,,,,,teastore,,teastore-webui
1614827681.23,response_latency_ms_count,,,10.1.40.188:4191,linkerd-proxy,teastore,,teastore-webui-55ff7b4665-lg2qq,,1287,,,,,teastore-webui,,linkerd,inbound,no_tls_from_remote,55ff7b4665,302,no_identity,teastore,,localhost:30080,,,,,,,,teastore,,teastore-webui
1614827691.23,response_latency_ms_count,,,10.1.40.188:4191,linkerd-proxy,teastore,,teastore-webui-55ff7b4665-lg2qq,,1431,,,,,teastore-webui,,linkerd,inbound,no_tls_from_remote,55ff7b4665,302,no_identity,teastore,,localhost:30080,,,,,,,,teastore,,teastore-webui
1614827701.23,response_latency_ms_count,,,10.1.40.188:4191,linkerd-proxy,teastore,,teastore-webui-55ff7b4665-lg2qq,,1589,,,,,teastore-webui,,linkerd,inbound,no_tls_from_remote,55ff7b4665,302,no_identity,teastore,,localhost:30080,,,,,,,,teastore,,teastore-webui
1614827711.23,response_latency_ms_count,,,10.1.40.188:4191,linkerd-proxy,teastore,,teastore-webui-55ff7b4665-lg2qq,,1729,,,,,teastore-webui,,linkerd,inbound,no_tls_from_remote,55ff7b4665,302,no_identity,teastore,,localhost:30080,,,,,,,,teastore,,teastore-webui
1614827721.231,response_latency_ms_count,,,10.1.40.188:4191,linkerd-proxy,teastore,,teastore-webui-55ff7b4665-lg2qq,,1882,,,,,teastore-webui,,linkerd,inbound,no_tls_from_remote,55ff7b4665,302,no_identity,teastore,,localhost:30080,,,,,,,,teastore,,teastore-webui
1614827731.23,response_latency_ms_count,,,10.1.40.188:4191,linkerd-proxy,teastore,,teastore-webui-55ff7b4665-lg2qq,,2019,,,,,teastore-webui,,linkerd,inbound,no_tls_from_remote,55ff7b4665,302,no_identity,teastore,,localhost:30080,,,,,,,,teastore,,teastore-webui
1614827741.23,response_latency_ms_count,,,10.1.40.188:4191,linkerd-proxy,teastore,,teastore-webui-55ff7b4665-lg2qq,,2159,,,,,teastore-webui,,linkerd,inbound,no_tls_from_remote,55ff7b4665,302,no_identity,teastore,,localhost:30080,,,,,,,,teastore,,teastore-webui
1614827751.23,response_latency_ms_count,,,10.1.40.188:4191,linkerd-proxy,teastore,,teastore-webui-55ff7b4665-lg2qq,,2291,,,,,teastore-webui,,linkerd,inbound,no_tls_from_remote,55ff7b4665,302,no_identity,teastore,,localhost:30080,,,,,,,,teastore,,teastore-webui
1614827761.23,response_latency_ms_count,,,10.1.40.188:4191,linkerd-proxy,teastore,,teastore-webui-55ff7b4665-lg2qq,,2435,,,,,teastore-webui,,linkerd,inbound,no_tls_from_remote,55ff7b4665,302,no_identity,teastore,,localhost:30080,,,,,,,,teastore,,teastore-webui
1614827771.23,response_latency_ms_count,,,10.1.40.188:4191,linkerd-proxy,teastore,,teastore-webui-55ff7b4665-lg2qq,,2566,,,,,teastore-webui,,linkerd,inbound,no_tls_from_remote,55ff7b4665,302,no_identity,teastore,,localhost:30080,,,,,,,,teastore,,teastore-webui
1614827781.23,response_latency_ms_count,,,10.1.40.188:4191,linkerd-proxy,teastore,,teastore-webui-55ff7b4665-lg2qq,,2698,,,,,teastore-webui,,linkerd,inbound,no_tls_from_remote,55ff7b4665,302,no_identity,teastore,,localhost:30080,,,,,,,,teastore,,teastore-webui
1614827791.23,response_latency_ms_count,,,10.1.40.188:4191,linkerd-proxy,teastore,,teastore-webui-55ff7b4665-lg2qq,,2842,,,,,teastore-webui,,linkerd,inbound,no_tls_from_remote,55ff7b4665,302,no_identity,teastore,,localhost:30080,,,,,,,,teastore,,teastore-webui
1614827801.23,response_latency_ms_count,,,10.1.40.188:4191,linkerd-proxy,teastore,,teastore-webui-55ff7b4665-lg2qq,,2991,,,,,teastore-webui,,linkerd,inbound,no_tls_from_remote,55ff7b4665,302,no_identity,teastore,,localhost:30080,,,,,,,,teastore,,teastore-webui
1614827631.23,response_latency_ms_count,,,10.1.40.188:4191,linkerd-proxy,teastore,,teastore-webui-55ff7b4665-lg2qq,,914,,,,,teastore-webui,,linkerd,outbound,,55ff7b4665,200,true,teastore,,teastore-recommender.teastore.svc.cluster.local:8080,linkerd,teastore-recommender,teastore,teastore-recommender-597fccb746-dbm6l,597fccb746,default,default.teastore.serviceaccount.identity.linkerd.cluster.local,teastore,teastore-recommender,teastore-webui
1614827641.23,response_latency_ms_count,,,10.1.40.188:4191,linkerd-proxy,teastore,,teastore-webui-55ff7b4665-lg2qq,,959,,,,,teastore-webui,,linkerd,outbound,,55ff7b4665,200,true,teastore,,teastore-recommender.teastore.svc.cluster.local:8080,linkerd,teastore-recommender,teastore,teastore-recommender-597fccb746-dbm6l,597fccb746,default,default.teastore.serviceaccount.identity.linkerd.cluster.local,teastore,teastore-recommender,teastore-webui
1614827651.23,response_latency_ms_count,,,10.1.40.188:4191,linkerd-proxy,teastore,,teastore-webui-55ff7b4665-lg2qq,,1028,,,,,teastore-webui,,linkerd,outbound,,55ff7b4665,200,true,teastore,,teastore-recommender.teastore.svc.cluster.local:8080,linkerd,teastore-recommender,teastore,teastore-recommender-597fccb746-dbm6l,597fccb746,default,default.teastore.serviceaccount.identity.linkerd.cluster.local,teastore,teastore-recommender,teastore-webui
1614827661.23,response_latency_ms_count,,,10.1.40.188:4191,linkerd-proxy,teastore,,teastore-webui-55ff7b4665-lg2qq,,1112,,,,,teastore-webui,,linkerd,outbound,,55ff7b4665,200,true,teastore,,teastore-recommender.teastore.svc.cluster.local:8080,linkerd,teastore-recommender,teastore,teastore-recommender-597fccb746-dbm6l,597fccb746,default,default.teastore.serviceaccount.identity.linkerd.cluster.local,teastore,teastore-recommender,teastore-webui
1614827671.23,response_latency_ms_count,,,10.1.40.188:4191,linkerd-proxy,teastore,,teastore-webui-55ff7b4665-lg2qq,,1214,,,,,teastore-webui,,linkerd,outbound,,55ff7b4665,200,true,teastore,,teastore-recommender.teastore.svc.cluster.local:8080,linkerd,teastore-recommender,teastore,teastore-recommender-597fccb746-dbm6l,597fccb746,default,default.teastore.serviceaccount.identity.linkerd.cluster.local,teastore,teastore-recommender,teastore-webui
1614827681.23,response_latency_ms_count,,,10.1.40.188:4191,linkerd-proxy,teastore,,teastore-webui-55ff7b4665-lg2qq,,1333,,,,,teastore-webui,,linkerd,outbound,,55ff7b4665,200,true,teastore,,teastore-recommender.teastore.svc.cluster.local:8080,linkerd,teastore-recommender,teastore,teastore-recommender-597fccb746-dbm6l,597fccb746,default,default.teastore.serviceaccount.identity.linkerd.cluster.local,teastore,teastore-recommender,teastore-webui
1614827691.23,response_latency_ms_count,,,10.1.40.188:4191,linkerd-proxy,teastore,,teastore-webui-55ff7b4665-lg2qq,,1454,,,,,teastore-webui,,linkerd,outbound,,55ff7b4665,200,true,teastore,,teastore-recommender.teastore.svc.cluster.local:8080,linkerd,teastore-recommender,teastore,teastore-recommender-597fccb746-dbm6l,597fccb746,default,default.teastore.serviceaccount.identity.linkerd.cluster.local,teastore,teastore-recommender,teastore-webui
1614827701.23,response_latency_ms_count,,,10.1.40.188:4191,linkerd-proxy,teastore,,teastore-webui-55ff7b4665-lg2qq,,1569,,,,,teastore-webui,,linkerd,outbound,,55ff7b4665,200,true,teastore,,teastore-recommender.teastore.svc.cluster.local:8080,linkerd,teastore-recommender,teastore,teastore-recommender-597fccb746-dbm6l,597fccb746,default,default.teastore.serviceaccount.identity.linkerd.cluster.local,teastore,teastore-recommender,teastore-webui
1614827711.23,response_latency_ms_count,,,10.1.40.188:4191,linkerd-proxy,teastore,,teastore-webui-55ff7b4665-lg2qq,,1675,,,,,teastore-webui,,linkerd,outbound,,55ff7b4665,200,true,teastore,,teastore-recommender.teastore.svc.cluster.local:8080,linkerd,teastore-recommender,teastore,teastore-recommender-597fccb746-dbm6l,597fccb746,default,default.teastore.serviceaccount.identity.linkerd.cluster.local,teastore,teastore-recommender,teastore-webui
1614827721.231,response_latency_ms_count,,,10.1.40.188:4191,linkerd-proxy,teastore,,teastore-webui-55ff7b4665-lg2qq,,1788,,,,,teastore-webui,,linkerd,outbound,,55ff7b4665,200,true,teastore,,teastore-recommender.teastore.svc.cluster.local:8080,linkerd,teastore-recommender,teastore,teastore-recommender-597fccb746-dbm6l,597fccb746,default,default.teastore.serviceaccount.identity.linkerd.cluster.local,teastore,teastore-recommender,teastore-webui
1614827731.23,response_latency_ms_count,,,10.1.40.188:4191,linkerd-proxy,teastore,,teastore-webui-55ff7b4665-lg2qq,,1891,,,,,teastore-webui,,linkerd,outbound,,55ff7b4665,200,true,teastore,,teastore-recommender.teastore.svc.cluster.local:8080,linkerd,teastore-recommender,teastore,teastore-recommender-597fccb746-dbm6l,597fccb746,default,default.teastore.serviceaccount.identity.linkerd.cluster.local,teastore,teastore-recommender,teastore-webui
1614827741.23,response_latency_ms_count,,,10.1.40.188:4191,linkerd-proxy,teastore,,teastore-webui-55ff7b4665-lg2qq,,1999,,,,,teastore-webui,,linkerd,outbound,,55ff7b4665,200,true,teastore,,teastore-recommender.teastore.svc.cluster.local:8080,linkerd,teastore-recommender,teastore,teastore-recommender-597fccb746-dbm6l,597fccb746,default,default.teastore.serviceaccount.identity.linkerd.cluster.local,teastore,teastore-recommender,teastore-webui
1614827751.23,response_latency_ms_count,,,10.1.40.188:4191,linkerd-proxy,teastore,,teastore-webui-55ff7b4665-lg2qq,,2111,,,,,teastore-webui,,linkerd,outbound,,55ff7b4665,200,true,teastore,,teastore-recommender.teastore.svc.cluster.local:8080,linkerd,teastore-recommender,teastore,teastore-recommender-597fccb746-dbm6l,597fccb746,default,default.teastore.serviceaccount.identity.linkerd.cluster.local,teastore,teastore-recommender,teastore-webui
1614827761.23,response_latency_ms_count,,,10.1.40.188:4191,linkerd-proxy,teastore,,teastore-webui-55ff7b4665-lg2qq,,2227,,,,,teastore-webui,,linkerd,outbound,,55ff7b4665,200,true,teastore,,teastore-recommender.teastore.svc.cluster.local:8080,linkerd,teastore-recommender,teastore,teastore-recommender-597fccb746-dbm6l,597fccb746,default,default.teastore.serviceaccount.identity.linkerd.cluster.local,teastore,teastore-recommender,teastore-webui
1614827771.23,response_latency_ms_count,,,10.1.40.188:4191,linkerd-proxy,teastore,,teastore-webui-55ff7b4665-lg2qq,,2332,,,,,teastore-webui,,linkerd,outbound,,55ff7b4665,200,true,teastore,,teastore-recommender.teastore.svc.cluster.local:8080,linkerd,teastore-recommender,teastore,teastore-recommender-597fccb746-dbm6l,597fccb746,default,default.teastore.serviceaccount.identity.linkerd.cluster.local,teastore,teastore-recommender,teastore-webui
1614827781.23,response_latency_ms_count,,,10.1.40.188:4191,linkerd-proxy,teastore,,teastore-webui-55ff7b4665-lg2qq,,2448,,,,,teastore-webui,,linkerd,outbound,,55ff7b4665,200,true,teastore,,teastore-recommender.teastore.svc.cluster.local:8080,linkerd,teastore-recommender,teastore,teastore-recommender-597fccb746-dbm6l,597fccb746,default,default.teastore.serviceaccount.identity.linkerd.cluster.local,teastore,teastore-recommender,teastore-webui
1614827791.23,response_latency_ms_count,,,10.1.40.188:4191,linkerd-proxy,teastore,,teastore-webui-55ff7b4665-lg2qq,,2559,,,,,teastore-webui,,linkerd,outbound,,55ff7b4665,200,true,teastore,,teastore-recommender.teastore.svc.cluster.local:8080,linkerd,teastore-recommender,teastore,teastore-recommender-597fccb746-dbm6l,597fccb746,default,default.teastore.serviceaccount.identity.linkerd.cluster.local,teastore,teastore-recommender,teastore-webui
1614827801.23,response_latency_ms_count,,,10.1.40.188:4191,linkerd-proxy,teastore,,teastore-webui-55ff7b4665-lg2qq,,2684,,,,,teastore-webui,,linkerd,outbound,,55ff7b4665,200,true,teastore,,teastore-recommender.teastore.svc.cluster.local:8080,linkerd,teastore-recommender,teastore,teastore-recommender-597fccb746-dbm6l,597fccb746,default,default.teastore.serviceaccount.identity.linkerd.cluster.local,teastore,teastore-recommender,teastore-webui
1614827640.101,response_latency_ms_count,,,10.1.37.198:4191,linkerd-proxy,linkerd,,linkerd-prometheus-5bccd64d4d-jzwmt,,13,,,,,linkerd-prometheus,prometheus,linkerd,outbound,,5bccd64d4d,200,true,linkerd,,10.1.40.189:4191,linkerd,teastore-webui,teastore,teastore-webui-55ff7b4665-zpx46,55ff7b4665,default,default.teastore.serviceaccount.identity.linkerd.cluster.local,,,
1614827650.102,response_latency_ms_count,,,10.1.37.198:4191,linkerd-proxy,linkerd,,linkerd-prometheus-5bccd64d4d-jzwmt,,14,,,,,linkerd-prometheus,prometheus,linkerd,outbound,,5bccd64d4d,200,true,linkerd,,10.1.40.189:4191,linkerd,teastore-webui,teastore,teastore-webui-55ff7b4665-zpx46,55ff7b4665,default,default.teastore.serviceaccount.identity.linkerd.cluster.local,,,
1614827660.102,response_latency_ms_count,,,10.1.37.198:4191,linkerd-proxy,linkerd,,linkerd-prometheus-5bccd64d4d-jzwmt,,15,,,,,linkerd-prometheus,prometheus,linkerd,outbound,,5bccd64d4d,200,true,linkerd,,10.1.40.189:4191,linkerd,teastore-webui,teastore,teastore-webui-55ff7b4665-zpx46,55ff7b4665,default,default.teastore.serviceaccount.identity.linkerd.cluster.local,,,
1614827670.101,response_latency_ms_count,,,10.1.37.198:4191,linkerd-proxy,linkerd,,linkerd-prometheus-5bccd64d4d-jzwmt,,16,,,,,linkerd-prometheus,prometheus,linkerd,outbound,,5bccd64d4d,200,true,linkerd,,10.1.40.189:4191,linkerd,teastore-webui,teastore,teastore-webui-55ff7b4665-zpx46,55ff7b4665,default,default.teastore.serviceaccount.identity.linkerd.cluster.local,,,
1614827680.101,response_latency_ms_count,,,10.1.37.198:4191,linkerd-proxy,linkerd,,linkerd-prometheus-5bccd64d4d-jzwmt,,17,,,,,linkerd-prometheus,prometheus,linkerd,outbound,,5bccd64d4d,200,true,linkerd,,10.1.40.189:4191,linkerd,teastore-webui,teastore,teastore-webui-55ff7b4665-zpx46,55ff7b4665,default,default.teastore.serviceaccount.identity.linkerd.cluster.local,,,
1614827690.101,response_latency_ms_count,,,10.1.37.198:4191,linkerd-proxy,linkerd,,linkerd-prometheus-5bccd64d4d-jzwmt,,18,,,,,linkerd-prometheus,prometheus,linkerd,outbound,,5bccd64d4d,200,true,linkerd,,10.1.40.189:4191,linkerd,teastore-webui,teastore,teastore-webui-55ff7b4665-zpx46,55ff7b4665,default,default.teastore.serviceaccount.identity.linkerd.cluster.local,,,
1614827700.102,response_latency_ms_count,,,10.1.37.198:4191,linkerd-proxy,linkerd,,linkerd-prometheus-5bccd64d4d-jzwmt,,19,,,,,linkerd-prometheus,prometheus,linkerd,outbound,,5bccd64d4d,200,true,linkerd,,10.1.40.189:4191,linkerd,teastore-webui,teastore,teastore-webui-55ff7b4665-zpx46,55ff7b4665,default,default.teastore.serviceaccount.identity.linkerd.cluster.local,,,
1614827710.101,response_latency_ms_count,,,10.1.37.198:4191,linkerd-proxy,linkerd,,linkerd-prometheus-5bccd64d4d-jzwmt,,20,,,,,linkerd-prometheus,prometheus,linkerd,outbound,,5bccd64d4d,200,true,linkerd,,10.1.40.189:4191,linkerd,teastore-webui,teastore,teastore-webui-55ff7b4665-zpx46,55ff7b4665,default,default.teastore.serviceaccount.identity.linkerd.cluster.local,,,
1614827720.101,response_latency_ms_count,,,10.1.37.198:4191,linkerd-proxy,linkerd,,linkerd-prometheus-5bccd64d4d-jzwmt,,21,,,,,linkerd-prometheus,prometheus,linkerd,outbound,,5bccd64d4d,200,true,linkerd,,10.1.40.189:4191,linkerd,teastore-webui,teastore,teastore-webui-55ff7b4665-zpx46,55ff7b4665,default,default.teastore.serviceaccount.identity.linkerd.cluster.local,,,
1614827730.101,response_latency_ms_count,,,10.1.37.198:4191,linkerd-proxy,linkerd,,linkerd-prometheus-5bccd64d4d-jzwmt,,22,,,,,linkerd-prometheus,prometheus,linkerd,outbound,,5bccd64d4d,200,true,linkerd,,10.1.40.189:4191,linkerd,teastore-webui,teastore,teastore-webui-55ff7b4665-zpx46,55ff7b4665,default,default.teastore.serviceaccount.identity.linkerd.cluster.local,,,
1614827740.101,response_latency_ms_count,,,10.1.37.198:4191,linkerd-proxy,linkerd,,linkerd-prometheus-5bccd64d4d-jzwmt,,23,,,,,linkerd-prometheus,prometheus,linkerd,outbound,,5bccd64d4d,200,true,linkerd,,10.1.40.189:4191,linkerd,teastore-webui,teastore,teastore-webui-55ff7b4665-zpx46,55ff7b4665,default,default.teastore.serviceaccount.identity.linkerd.cluster.local,,,
1614827750.101,response_latency_ms_count,,,10.1.37.198:4191,linkerd-proxy,linkerd,,linkerd-prometheus-5bccd64d4d-jzwmt,,24,,,,,linkerd-prometheus,prometheus,linkerd,outbound,,5bccd64d4d,200,true,linkerd,,10.1.40.189:4191,linkerd,teastore-webui,teastore,teastore-webui-55ff7b4665-zpx46,55ff7b4665,default,default.teastore.serviceaccount.identity.linkerd.cluster.local,,,
1614827760.101,response_latency_ms_count,,,10.1.37.198:4191,linkerd-proxy,linkerd,,linkerd-prometheus-5bccd64d4d-jzwmt,,25,,,,,linkerd-prometheus,prometheus,linkerd,outbound,,5bccd64d4d,200,true,linkerd,,10.1.40.189:4191,linkerd,teastore-webui,teastore,teastore-webui-55ff7b4665-zpx46,55ff7b4665,default,default.teastore.serviceaccount.identity.linkerd.cluster.local,,,
1614827770.101,response_latency_ms_count,,,10.1.37.198:4191,linkerd-proxy,linkerd,,linkerd-prometheus-5bccd64d4d-jzwmt,,26,,,,,linkerd-prometheus,prometheus,linkerd,outbound,,5bccd64d4d,200,true,linkerd,,10.1.40.189:4191,linkerd,teastore-webui,teastore,teastore-webui-55ff7b4665-zpx46,55ff7b4665,default,default.teastore.serviceaccount.identity.linkerd.cluster.local,,,
1614827780.101,response_latency_ms_count,,,10.1.37.198:4191,linkerd-proxy,linkerd,,linkerd-prometheus-5bccd64d4d-jzwmt,,27,,,,,linkerd-prometheus,prometheus,linkerd,outbound,,5bccd64d4d,200,true,linkerd,,10.1.40.189:4191,linkerd,teastore-webui,teastore,teastore-webui-55ff7b4665-zpx46,55ff7b4665,default,default.teastore.serviceaccount.identity.linkerd.cluster.local,,,
1614827790.101,response_latency_ms_count,,,10.1.37.198:4191,linkerd-proxy,linkerd,,linkerd-prometheus-5bccd64d4d-jzwmt,,28,,,,,linkerd-prometheus,prometheus,linkerd,outbound,,5bccd64d4d,200,true,linkerd,,10.1.40.189:4191,linkerd,teastore-webui,teastore,teastore-webui-55ff7b4665-zpx46,55ff7b4665,default,default.teastore.serviceaccount.identity.linkerd.cluster.local,,,
1614827800.101,response_latency_ms_count,,,10.1.37.198:4191,linkerd-proxy,linkerd,,linkerd-prometheus-5bccd64d4d-jzwmt,,29,,,,,linkerd-prometheus,prometheus,linkerd,outbound,,5bccd64d4d,200,true,linkerd,,10.1.40.189:4191,linkerd,teastore-webui,teastore,teastore-webui-55ff7b4665-zpx46,55ff7b4665,default,default.teastore.serviceaccount.identity.linkerd.cluster.local,,,
1614827631.718,response_latency_ms_count,,,10.1.40.189:4191,linkerd-proxy,teastore,,teastore-webui-55ff7b4665-zpx46,,174,,,,,teastore-webui,,linkerd,outbound,,55ff7b4665,200,true,teastore,,teastore-registry.teastore.svc.cluster.local:8080,linkerd,teastore-registry,teastore,teastore-registry-c8b58678f-v869d,c8b58678f,default,default.teastore.serviceaccount.identity.linkerd.cluster.local,teastore,teastore-registry,teastore-webui
1614827641.718,response_latency_ms_count,,,10.1.40.189:4191,linkerd-proxy,teastore,,teastore-webui-55ff7b4665-zpx46,,194,,,,,teastore-webui,,linkerd,outbound,,55ff7b4665,200,true,teastore,,teastore-registry.teastore.svc.cluster.local:8080,linkerd,teastore-registry,teastore,teastore-registry-c8b58678f-v869d,c8b58678f,default,default.teastore.serviceaccount.identity.linkerd.cluster.local,teastore,teastore-registry,teastore-webui
1614827651.718,response_latency_ms_count,,,10.1.40.189:4191,linkerd-proxy,teastore,,teastore-webui-55ff7b4665-zpx46,,214,,,,,teastore-webui,,linkerd,outbound,,55ff7b4665,200,true,teastore,,teastore-registry.teastore.svc.cluster.local:8080,linkerd,teastore-registry,teastore,teastore-registry-c8b58678f-v869d,c8b58678f,default,default.teastore.serviceaccount.identity.linkerd.cluster.local,teastore,teastore-registry,teastore-webui
1614827661.717,response_latency_ms_count,,,10.1.40.189:4191,linkerd-proxy,teastore,,teastore-webui-55ff7b4665-zpx46,,234,,,,,teastore-webui,,linkerd,outbound,,55ff7b4665,200,true,teastore,,teastore-registry.teastore.svc.cluster.local:8080,linkerd,teastore-registry,teastore,teastore-registry-c8b58678f-v869d,c8b58678f,default,default.teastore.serviceaccount.identity.linkerd.cluster.local,teastore,teastore-registry,teastore-webui
1614827671.718,response_latency_ms_count,,,10.1.40.189:4191,linkerd-proxy,teastore,,teastore-webui-55ff7b4665-zpx46,,254,,,,,teastore-webui,,linkerd,outbound,,55ff7b4665,200,true,teastore,,teastore-registry.teastore.svc.cluster.local:8080,linkerd,teastore-registry,teastore,teastore-registry-c8b58678f-v869d,c8b58678f,default,default.teastore.serviceaccount.identity.linkerd.cluster.local,teastore,teastore-registry,teastore-webui
1614827681.717,response_latency_ms_count,,,10.1.40.189:4191,linkerd-proxy,teastore,,teastore-webui-55ff7b4665-zpx46,,274,,,,,teastore-webui,,linkerd,outbound,,55ff7b4665,200,true,teastore,,teastore-registry.teastore.svc.cluster.local:8080,linkerd,teastore-registry,teastore,teastore-registry-c8b58678f-v869d,c8b58678f,default,default.teastore.serviceaccount.identity.linkerd.cluster.local,teastore,teastore-registry,teastore-webui
1614827691.718,response_latency_ms_count,,,10.1.40.189:4191,linkerd-proxy,teastore,,teastore-webui-55ff7b4665-zpx46,,293,,,,,teastore-webui,,linkerd,outbound,,55ff7b4665,200,true,teastore,,teastore-registry.teastore.svc.cluster.local:8080,linkerd,teastore-registry,teastore,teastore-registry-c8b58678f-v869d,c8b58678f,default,default.teastore.serviceaccount.identity.linkerd.cluster.local,teastore,teastore-registry,teastore-webui
1614827701.718,response_latency_ms_count,,,10.1.40.189:4191,linkerd-proxy,teastore,,teastore-webui-55ff7b4665-zpx46,,314,,,,,teastore-webui,,linkerd,outbound,,55ff7b4665,200,true,teastore,,teastore-registry.teastore.svc.cluster.local:8080,linkerd,teastore-registry,teastore,teastore-registry-c8b58678f-v869d,c8b58678f,default,default.teastore.serviceaccount.identity.linkerd.cluster.local,teastore,teastore-registry,teastore-webui
1614827711.717,response_latency_ms_count,,,10.1.40.189:4191,linkerd-proxy,teastore,,teastore-webui-55ff7b4665-zpx46,,331,,,,,teastore-webui,,linkerd,outbound,,55ff7b4665,200,true,teastore,,teastore-registry.teastore.svc.cluster.local:8080,linkerd,teastore-registry,teastore,teastore-registry-c8b58678f-v869d,c8b58678f,default,default.teastore.serviceaccount.identity.linkerd.cluster.local,teastore,teastore-registry,teastore-webui
1614827721.718,response_latency_ms_count,,,10.1.40.189:4191,linkerd-proxy,teastore,,teastore-webui-55ff7b4665-zpx46,,354,,,,,teastore-webui,,linkerd,outbound,,55ff7b4665,200,true,teastore,,teastore-registry.teastore.svc.cluster.local:8080,linkerd,teastore-registry,teastore,teastore-registry-c8b58678f-v869d,c8b58678f,default,default.teastore.serviceaccount.identity.linkerd.cluster.local,teastore,teastore-registry,teastore-webui
1614827731.718,response_latency_ms_count,,,10.1.40.189:4191,linkerd-proxy,teastore,,teastore-webui-55ff7b4665-zpx46,,373,,,,,teastore-webui,,linkerd,outbound,,55ff7b4665,200,true,teastore,,teastore-registry.teastore.svc.cluster.local:8080,linkerd,teastore-registry,teastore,teastore-registry-c8b58678f-v869d,c8b58678f,default,default.teastore.serviceaccount.identity.linkerd.cluster.local,teastore,teastore-registry,teastore-webui
1614827741.718,response_latency_ms_count,,,10.1.40.189:4191,linkerd-proxy,teastore,,teastore-webui-55ff7b4665-zpx46,,386,,,,,teastore-webui,,linkerd,outbound,,55ff7b4665,200,true,teastore,,teastore-registry.teastore.svc.cluster.local:8080,linkerd,teastore-registry,teastore,teastore-registry-c8b58678f-v869d,c8b58678f,default,default.teastore.serviceaccount.identity.linkerd.cluster.local,teastore,teastore-registry,teastore-webui
1614827751.718,response_latency_ms_count,,,10.1.40.189:4191,linkerd-proxy,teastore,,teastore-webui-55ff7b4665-zpx46,,404,,,,,teastore-webui,,linkerd,outbound,,55ff7b4665,200,true,teastore,,teastore-registry.teastore.svc.cluster.local:8080,linkerd,teastore-registry,teastore,teastore-registry-c8b58678f-v869d,c8b58678f,default,default.teastore.serviceaccount.identity.linkerd.cluster.local,teastore,teastore-registry,teastore-webui
1614827761.718,response_latency_ms_count,,,10.1.40.189:4191,linkerd-proxy,teastore,,teastore-webui-55ff7b4665-zpx46,,434,,,,,teastore-webui,,linkerd,outbound,,55ff7b4665,200,true,teastore,,teastore-registry.teastore.svc.cluster.local:8080,linkerd,teastore-registry,teastore,teastore-registry-c8b58678f-v869d,c8b58678f,default,default.teastore.serviceaccount.identity.linkerd.cluster.local,teastore,teastore-registry,teastore-webui
1614827771.718,response_latency_ms_count,,,10.1.40.189:4191,linkerd-proxy,teastore,,teastore-webui-55ff7b4665-zpx46,,451,,,,,teastore-webui,,linkerd,outbound,,55ff7b4665,200,true,teastore,,teastore-registry.teastore.svc.cluster.local:8080,linkerd,teastore-registry,teastore,teastore-registry-c8b58678f-v869d,c8b58678f,default,default.teastore.serviceaccount.identity.linkerd.cluster.local,teastore,teastore-registry,teastore-webui
1614827781.718,response_latency_ms_count,,,10.1.40.189:4191,linkerd-proxy,teastore,,teastore-webui-55ff7b4665-zpx46,,463,,,,,teastore-webui,,linkerd,outbound,,55ff7b4665,200,true,teastore,,teastore-registry.teastore.svc.cluster.local:8080,linkerd,teastore-registry,teastore,teastore-registry-c8b58678f-v869d,c8b58678f,default,default.teastore.serviceaccount.identity.linkerd.cluster.local,teastore,teastore-registry,teastore-webui
1614827791.718,response_latency_ms_count,,,10.1.40.189:4191,linkerd-proxy,teastore,,teastore-webui-55ff7b4665-zpx46,,472,,,,,teastore-webui,,linkerd,outbound,,55ff7b4665,200,true,teastore,,teastore-registry.teastore.svc.cluster.local:8080,linkerd,teastore-registry,teastore,teastore-registry-c8b58678f-v869d,c8b58678f,default,default.teastore.serviceaccount.identity.linkerd.cluster.local,teastore,teastore-registry,teastore-webui
1614827801.717,response_latency_ms_count,,,10.1.40.189:4191,linkerd-proxy,teastore,,teastore-webui-55ff7b4665-zpx46,,484,,,,,teastore-webui,,linkerd,outbound,,55ff7b4665,200,true,teastore,,teastore-registry.teastore.svc.cluster.local:8080,linkerd,teastore-registry,teastore,teastore-registry-c8b58678f-v869d,c8b58678f,default,default.teastore.serviceaccount.identity.linkerd.cluster.local,teastore,teastore-registry,teastore-webui
1614827631.718,response_latency_ms_count,,,10.1.40.189:4191,linkerd-proxy,teastore,,teastore-webui-55ff7b4665-zpx46,,1,,,,,teastore-webui,,linkerd,inbound,no_tls_from_remote,55ff7b4665,200,no_identity,teastore,,localhost:30080,,,,,,,,teastore,,teastore-webui
1614827641.718,response_latency_ms_count,,,10.1.40.189:4191,linkerd-proxy,teastore,,teastore-webui-55ff7b4665-zpx46,,1,,,,,teastore-webui,,linkerd,inbound,no_tls_from_remote,55ff7b4665,200,no_identity,teastore,,localhost:30080,,,,,,,,teastore,,teastore-webui
1614827651.718,response_latency_ms_count,,,10.1.40.189:4191,linkerd-proxy,teastore,,teastore-webui-55ff7b4665-zpx46,,1,,,,,teastore-webui,,linkerd,inbound,no_tls_from_remote,55ff7b4665,200,no_identity,teastore,,localhost:30080,,,,,,,,teastore,,teastore-webui
1614827661.717,response_latency_ms_count,,,10.1.40.189:4191,linkerd-proxy,teastore,,teastore-webui-55ff7b4665-zpx46,,1,,,,,teastore-webui,,linkerd,inbound,no_tls_from_remote,55ff7b4665,200,no_identity,teastore,,localhost:30080,,,,,,,,teastore,,teastore-webui
1614827671.718,response_latency_ms_count,,,10.1.40.189:4191,linkerd-proxy,teastore,,teastore-webui-55ff7b4665-zpx46,,41,,,,,teastore-webui,,linkerd,inbound,no_tls_from_remote,55ff7b4665,200,no_identity,teastore,,localhost:30080,,,,,,,,teastore,,teastore-webui
1614827681.717,response_latency_ms_count,,,10.1.40.189:4191,linkerd-proxy,teastore,,teastore-webui-55ff7b4665-zpx46,,91,,,,,teastore-webui,,linkerd,inbound,no_tls_from_remote,55ff7b4665,200,no_identity,teastore,,localhost:30080,,,,,,,,teastore,,teastore-webui
1614827691.718,response_latency_ms_count,,,10.1.40.189:4191,linkerd-proxy,teastore,,teastore-webui-55ff7b4665-zpx46,,165,,,,,teastore-webui,,linkerd,inbound,no_tls_from_remote,55ff7b4665,200,no_identity,teastore,,localhost:30080,,,,,,,,teastore,,teastore-webui
1614827701.718,response_latency_ms_count,,,10.1.40.189:4191,linkerd-proxy,teastore,,teastore-webui-55ff7b4665-zpx46,,191,,,,,teastore-webui,,linkerd,inbound,no_tls_from_remote,55ff7b4665,200,no_identity,teastore,,localhost:30080,,,,,,,,teastore,,teastore-webui
1614827711.717,response_latency_ms_count,,,10.1.40.189:4191,linkerd-proxy,teastore,,teastore-webui-55ff7b4665-zpx46,,288,,,,,teastore-webui,,linkerd,inbound,no_tls_from_remote,55ff7b4665,200,no_identity,teastore,,localhost:30080,,,,,,,,teastore,,teastore-webui
1614827721.718,response_latency_ms_count,,,10.1.40.189:4191,linkerd-proxy,teastore,,teastore-webui-55ff7b4665-zpx46,,320,,,,,teastore-webui,,linkerd,inbound,no_tls_from_remote,55ff7b4665,200,no_identity,teastore,,localhost:30080,,,,,,,,teastore,,teastore-webui
1614827731.718,response_latency_ms_count,,,10.1.40.189:4191,linkerd-proxy,teastore,,teastore-webui-55ff7b4665-zpx46,,440,,,,,teastore-webui,,linkerd,inbound,no_tls_from_remote,55ff7b4665,200,no_identity,teastore,,localhost:30080,,,,,,,,teastore,,teastore-webui
1614827741.718,response_latency_ms_count,,,10.1.40.189:4191,linkerd-proxy,teastore,,teastore-webui-55ff7b4665-zpx46,,488,,,,,teastore-webui,,linkerd,inbound,no_tls_from_remote,55ff7b4665,200,no_identity,teastore,,localhost:30080,,,,,,,,teastore,,teastore-webui
1614827751.718,response_latency_ms_count,,,10.1.40.189:4191,linkerd-proxy,teastore,,teastore-webui-55ff7b4665-zpx46,,567,,,,,teastore-webui,,linkerd,inbound,no_tls_from_remote,55ff7b4665,200,no_identity,teastore,,localhost:30080,,,,,,,,teastore,,teastore-webui
1614827761.718,response_latency_ms_count,,,10.1.40.189:4191,linkerd-proxy,teastore,,teastore-webui-55ff7b4665-zpx46,,624,,,,,teastore-webui,,linkerd,inbound,no_tls_from_remote,55ff7b4665,200,no_identity,teastore,,localhost:30080,,,,,,,,teastore,,teastore-webui
1614827771.718,response_latency_ms_count,,,10.1.40.189:4191,linkerd-proxy,teastore,,teastore-webui-55ff7b4665-zpx46,,798,,,,,teastore-webui,,linkerd,inbound,no_tls_from_remote,55ff7b4665,200,no_identity,teastore,,localhost:30080,,,,,,,,teastore,,teastore-webui
1614827781.718,response_latency_ms_count,,,10.1.40.189:4191,linkerd-proxy,teastore,,teastore-webui-55ff7b4665-zpx46,,943,,,,,teastore-webui,,linkerd,inbound,no_tls_from_remote,55ff7b4665,200,no_identity,teastore,,localhost:30080,,,,,,,,teastore,,teastore-webui
1614827791.718,response_latency_ms_count,,,10.1.40.189:4191,linkerd-proxy,teastore,,teastore-webui-55ff7b4665-zpx46,,1080,,,,,teastore-webui,,linkerd,inbound,no_tls_from_remote,55ff7b4665,200,no_identity,teastore,,localhost:30080,,,,,,,,teastore,,teastore-webui
1614827801.717,response_latency_ms_count,,,10.1.40.189:4191,linkerd-proxy,teastore,,teastore-webui-55ff7b4665-zpx46,,1219,,,,,teastore-webui,,linkerd,inbound,no_tls_from_remote,55ff7b4665,200,no_identity,teastore,,localhost:30080,,,,,,,,teastore,,teastore-webui
1614827641.718,response_latency_ms_count,,,10.1.40.189:4191,linkerd-proxy,teastore,,teastore-webui-55ff7b4665-zpx46,,11,,,,,teastore-webui,,linkerd,outbound,,55ff7b4665,200,true,teastore,,teastore-persistence.teastore.svc.cluster.local:8080,linkerd,teastore-persistence,teastore,teastore-persistence-d9666cc75-zcrs7,d9666cc75,default,default.teastore.serviceaccount.identity.linkerd.cluster.local,teastore,teastore-persistence,teastore-webui
1614827651.718,response_latency_ms_count,,,10.1.40.189:4191,linkerd-proxy,teastore,,teastore-webui-55ff7b4665-zpx46,,20,,,,,teastore-webui,,linkerd,outbound,,55ff7b4665,200,true,teastore,,teastore-persistence.teastore.svc.cluster.local:8080,linkerd,teastore-persistence,teastore,teastore-persistence-d9666cc75-zcrs7,d9666cc75,default,default.teastore.serviceaccount.identity.linkerd.cluster.local,teastore,teastore-persistence,teastore-webui
1614827661.717,response_latency_ms_count,,,10.1.40.189:4191,linkerd-proxy,teastore,,teastore-webui-55ff7b4665-zpx46,,30,,,,,teastore-webui,,linkerd,outbound,,55ff7b4665,200,true,teastore,,teastore-persistence.teastore.svc.cluster.local:8080,linkerd,teastore-persistence,teastore,teastore-persistence-d9666cc75-zcrs7,d9666cc75,default,default.teastore.serviceaccount.identity.linkerd.cluster.local,teastore,teastore-persistence,teastore-webui
1614827671.718,response_latency_ms_count,,,10.1.40.189:4191,linkerd-proxy,teastore,,teastore-webui-55ff7b4665-zpx46,,82,,,,,teastore-webui,,linkerd,outbound,,55ff7b4665,200,true,teastore,,teastore-persistence.teastore.svc.cluster.local:8080,linkerd,teastore-persistence,teastore,teastore-persistence-d9666cc75-zcrs7,d9666cc75,default,default.teastore.serviceaccount.identity.linkerd.cluster.local,teastore,teastore-persistence,teastore-webui
1614827681.717,response_latency_ms_count,,,10.1.40.189:4191,linkerd-proxy,teastore,,teastore-webui-55ff7b4665-zpx46,,116,,,,,teastore-webui,,linkerd,outbound,,55ff7b4665,200,true,teastore,,teastore-persistence.teastore.svc.cluster.local:8080,linkerd,teastore-persistence,teastore,teastore-persistence-d9666cc75-zcrs7,d9666cc75,default,default.teastore.serviceaccount.identity.linkerd.cluster.local,teastore,teastore-persistence,teastore-webui
1614827691.718,response_latency_ms_count,,,10.1.40.189:4191,linkerd-proxy,teastore,,teastore-webui-55ff7b4665-zpx46,,377,,,,,teastore-webui,,linkerd,outbound,,55ff7b4665,200,true,teastore,,teastore-persistence.teastore.svc.cluster.local:8080,linkerd,teastore-persistence,teastore,teastore-persistence-d9666cc75-zcrs7,d9666cc75,default,default.teastore.serviceaccount.identity.linkerd.cluster.local,teastore,teastore-persistence,teastore-webui
1614827701.718,response_latency_ms_count,,,10.1.40.189:4191,linkerd-proxy,teastore,,teastore-webui-55ff7b4665-zpx46,,441,,,,,teastore-webui,,linkerd,outbound,,55ff7b4665,200,true,teastore,,teastore-persistence.teastore.svc.cluster.local:8080,linkerd,teastore-persistence,teastore,teastore-persistence-d9666cc75-zcrs7,d9666cc75,default,default.teastore.serviceaccount.identity.linkerd.cluster.local,teastore,teastore-persistence,teastore-webui
1614827711.717,response_latency_ms_count,,,10.1.40.189:4191,linkerd-proxy,teastore,,teastore-webui-55ff7b4665-zpx46,,861,,,,,teastore-webui,,linkerd,outbound,,55ff7b4665,200,true,teastore,,teastore-persistence.teastore.svc.cluster.local:8080,linkerd,teastore-persistence,teastore,teastore-persistence-d9666cc75-zcrs7,d9666cc75,default,default.teastore.serviceaccount.identity.linkerd.cluster.local,teastore,teastore-persistence,teastore-webui
1614827721.718,response_latency_ms_count,,,10.1.40.189:4191,linkerd-proxy,teastore,,teastore-webui-55ff7b4665-zpx46,,1520,,,,,teastore-webui,,linkerd,outbound,,55ff7b4665,200,true,teastore,,teastore-persistence.teastore.svc.cluster.local:8080,linkerd,teastore-persistence,teastore,teastore-persistence-d9666cc75-zcrs7,d9666cc75,default,default.teastore.serviceaccount.identity.linkerd.cluster.local,teastore,teastore-persistence,teastore-webui
1614827731.718,response_latency_ms_count,,,10.1.40.189:4191,linkerd-proxy,teastore,,teastore-webui-55ff7b4665-zpx46,,1691,,,,,teastore-webui,,linkerd,outbound,,55ff7b4665,200,true,teastore,,teastore-persistence.teastore.svc.cluster.local:8080,linkerd,teastore-persistence,teastore,teastore-persistence-d9666cc75-zcrs7,d9666cc75,default,default.teastore.serviceaccount.identity.linkerd.cluster.local,teastore,teastore-persistence,teastore-webui
1614827741.718,response_latency_ms_count,,,10.1.40.189:4191,linkerd-proxy,teastore,,teastore-webui-55ff7b4665-zpx46,,2503,,,,,teastore-webui,,linkerd,outbound,,55ff7b4665,200,true,teastore,,teastore-persistence.teastore.svc.cluster.local:8080,linkerd,teastore-persistence,teastore,teastore-persistence-d9666cc75-zcrs7,d9666cc75,default,default.teastore.serviceaccount.identity.linkerd.cluster.local,teastore,teastore-persistence,teastore-webui
1614827751.718,response_latency_ms_count,,,10.1.40.189:4191,linkerd-proxy,teastore,,teastore-webui-55ff7b4665-zpx46,,3361,,,,,teastore-webui,,linkerd,outbound,,55ff7b4665,200,true,teastore,,teastore-persistence.teastore.svc.cluster.local:8080,linkerd,teastore-persistence,teastore,teastore-persistence-d9666cc75-zcrs7,d9666cc75,default,default.teastore.serviceaccount.identity.linkerd.cluster.local,teastore,teastore-persistence,teastore-webui
1614827761.718,response_latency_ms_count,,,10.1.40.189:4191,linkerd-proxy,teastore,,teastore-webui-55ff7b4665-zpx46,,3814,,,,,teastore-webui,,linkerd,outbound,,55ff7b4665,200,true,teastore,,teastore-persistence.teastore.svc.cluster.local:8080,linkerd,teastore-persistence,teastore,teastore-persistence-d9666cc75-zcrs7,d9666cc75,default,default.teastore.serviceaccount.identity.linkerd.cluster.local,teastore,teastore-persistence,teastore-webui
1614827771.718,response_latency_ms_count,,,10.1.40.189:4191,linkerd-proxy,teastore,,teastore-webui-55ff7b4665-zpx46,,4384,,,,,teastore-webui,,linkerd,outbound,,55ff7b4665,200,true,teastore,,teastore-persistence.teastore.svc.cluster.local:8080,linkerd,teastore-persistence,teastore,teastore-persistence-d9666cc75-zcrs7,d9666cc75,default,default.teastore.serviceaccount.identity.linkerd.cluster.local,teastore,teastore-persistence,teastore-webui
1614827781.718,response_latency_ms_count,,,10.1.40.189:4191,linkerd-proxy,teastore,,teastore-webui-55ff7b4665-zpx46,,5476,,,,,teastore-webui,,linkerd,outbound,,55ff7b4665,200,true,teastore,,teastore-persistence.teastore.svc.cluster.local:8080,linkerd,teastore-persistence,teastore,teastore-persistence-d9666cc75-zcrs7,d9666cc75,default,default.teastore.serviceaccount.identity.linkerd.cluster.local,teastore,teastore-persistence,teastore-webui
1614827791.718,response_latency_ms_count,,,10.1.40.189:4191,linkerd-proxy,teastore,,teastore-webui-55ff7b4665-zpx46,,6828,,,,,teastore-webui,,linkerd,outbound,,55ff7b4665,200,true,teastore,,teastore-persistence.teastore.svc.cluster.local:8080,linkerd,teastore-persistence,teastore,teastore-persistence-d9666cc75-zcrs7,d9666cc75,default,default.teastore.serviceaccount.identity.linkerd.cluster.local,teastore,teastore-persistence,teastore-webui
1614827801.717,response_latency_ms_count,,,10.1.40.189:4191,linkerd-proxy,teastore,,teastore-webui-55ff7b4665-zpx46,,7976,,,,,teastore-webui,,linkerd,outbound,,55ff7b4665,200,true,teastore,,teastore-persistence.teastore.svc.cluster.local:8080,linkerd,teastore-persistence,teastore,teastore-persistence-d9666cc75-zcrs7,d9666cc75,default,default.teastore.serviceaccount.identity.linkerd.cluster.local,teastore,teastore-persistence,teastore-webui
1614827641.718,response_latency_ms_count,,,10.1.40.189:4191,linkerd-proxy,teastore,,teastore-webui-55ff7b4665-zpx46,,11,,,,,teastore-webui,,linkerd,outbound,,55ff7b4665,200,true,teastore,,teastore-auth.teastore.svc.cluster.local:8080,linkerd,teastore-auth,teastore,teastore-auth-5c8f77dbb8-trzs6,5c8f77dbb8,default,default.teastore.serviceaccount.identity.linkerd.cluster.local,teastore,teastore-auth,teastore-webui
1614827651.718,response_latency_ms_count,,,10.1.40.189:4191,linkerd-proxy,teastore,,teastore-webui-55ff7b4665-zpx46,,20,,,,,teastore-webui,,linkerd,outbound,,55ff7b4665,200,true,teastore,,teastore-auth.teastore.svc.cluster.local:8080,linkerd,teastore-auth,teastore,teastore-auth-5c8f77dbb8-trzs6,5c8f77dbb8,default,default.teastore.serviceaccount.identity.linkerd.cluster.local,teastore,teastore-auth,teastore-webui
1614827661.717,response_latency_ms_count,,,10.1.40.189:4191,linkerd-proxy,teastore,,teastore-webui-55ff7b4665-zpx46,,30,,,,,teastore-webui,,linkerd,outbound,,55ff7b4665,200,true,teastore,,teastore-auth.teastore.svc.cluster.local:8080,linkerd,teastore-auth,teastore,teastore-auth-5c8f77dbb8-trzs6,5c8f77dbb8,default,default.teastore.serviceaccount.identity.linkerd.cluster.local,teastore,teastore-auth,teastore-webui
1614827671.718,response_latency_ms_count,,,10.1.40.189:4191,linkerd-proxy,teastore,,teastore-webui-55ff7b4665-zpx46,,82,,,,,teastore-webui,,linkerd,outbound,,55ff7b4665,200,true,teastore,,teastore-auth.teastore.svc.cluster.local:8080,linkerd,teastore-auth,teastore,teastore-auth-5c8f77dbb8-trzs6,5c8f77dbb8,default,default.teastore.serviceaccount.identity.linkerd.cluster.local,teastore,teastore-auth,teastore-webui
1614827681.717,response_latency_ms_count,,,10.1.40.189:4191,linkerd-proxy,teastore,,teastore-webui-55ff7b4665-zpx46,,147,,,,,teastore-webui,,linkerd,outbound,,55ff7b4665,200,true,teastore,,teastore-auth.teastore.svc.cluster.local:8080,linkerd,teastore-auth,teastore,teastore-auth-5c8f77dbb8-trzs6,5c8f77dbb8,default,default.teastore.serviceaccount.identity.linkerd.cluster.local,teastore,teastore-auth,teastore-webui
1614827691.718,response_latency_ms_count,,,10.1.40.189:4191,linkerd-proxy,teastore,,teastore-webui-55ff7b4665-zpx46,,272,,,,,teastore-webui,,linkerd,outbound,,55ff7b4665,200,true,teastore,,teastore-auth.teastore.svc.cluster.local:8080,linkerd,teastore-auth,teastore,teastore-auth-5c8f77dbb8-trzs6,5c8f77dbb8,default,default.teastore.serviceaccount.identity.linkerd.cluster.local,teastore,teastore-auth,teastore-webui
1614827701.718,response_latency_ms_count,,,10.1.40.189:4191,linkerd-proxy,teastore,,teastore-webui-55ff7b4665-zpx46,,316,,,,,teastore-webui,,linkerd,outbound,,55ff7b4665,200,true,teastore,,teastore-auth.teastore.svc.cluster.local:8080,linkerd,teastore-auth,teastore,teastore-auth-5c8f77dbb8-trzs6,5c8f77dbb8,default,default.teastore.serviceaccount.identity.linkerd.cluster.local,teastore,teastore-auth,teastore-webui
1614827711.717,response_latency_ms_count,,,10.1.40.189:4191,linkerd-proxy,teastore,,teastore-webui-55ff7b4665-zpx46,,431,,,,,teastore-webui,,linkerd,outbound,,55ff7b4665,200,true,teastore,,teastore-auth.teastore.svc.cluster.local:8080,linkerd,teastore-auth,teastore,teastore-auth-5c8f77dbb8-trzs6,5c8f77dbb8,default,default.teastore.serviceaccount.identity.linkerd.cluster.local,teastore,teastore-auth,teastore-webui
1614827721.718,response_latency_ms_count,,,10.1.40.189:4191,linkerd-proxy,teastore,,teastore-webui-55ff7b4665-zpx46,,480,,,,,teastore-webui,,linkerd,outbound,,55ff7b4665,200,true,teastore,,teastore-auth.teastore.svc.cluster.local:8080,linkerd,teastore-auth,teastore,teastore-auth-5c8f77dbb8-trzs6,5c8f77dbb8,default,default.teastore.serviceaccount.identity.linkerd.cluster.local,teastore,teastore-auth,teastore-webui
1614827731.718,response_latency_ms_count,,,10.1.40.189:4191,linkerd-proxy,teastore,,teastore-webui-55ff7b4665-zpx46,,536,,,,,teastore-webui,,linkerd,outbound,,55ff7b4665,200,true,teastore,,teastore-auth.teastore.svc.cluster.local:8080,linkerd,teastore-auth,teastore,teastore-auth-5c8f77dbb8-trzs6,5c8f77dbb8,default,default.teastore.serviceaccount.identity.linkerd.cluster.local,teastore,teastore-auth,teastore-webui
1614827741.718,response_latency_ms_count,,,10.1.40.189:4191,linkerd-proxy,teastore,,teastore-webui-55ff7b4665-zpx46,,773,,,,,teastore-webui,,linkerd,outbound,,55ff7b4665,200,true,teastore,,teastore-auth.teastore.svc.cluster.local:8080,linkerd,teastore-auth,teastore,teastore-auth-5c8f77dbb8-trzs6,5c8f77dbb8,default,default.teastore.serviceaccount.identity.linkerd.cluster.local,teastore,teastore-auth,teastore-webui
1614827751.718,response_latency_ms_count,,,10.1.40.189:4191,linkerd-proxy,teastore,,teastore-webui-55ff7b4665-zpx46,,893,,,,,teastore-webui,,linkerd,outbound,,55ff7b4665,200,true,teastore,,teastore-auth.teastore.svc.cluster.local:8080,linkerd,teastore-auth,teastore,teastore-auth-5c8f77dbb8-trzs6,5c8f77dbb8,default,default.teastore.serviceaccount.identity.linkerd.cluster.local,teastore,teastore-auth,teastore-webui
1614827761.718,response_latency_ms_count,,,10.1.40.189:4191,linkerd-proxy,teastore,,teastore-webui-55ff7b4665-zpx46,,993,,,,,teastore-webui,,linkerd,outbound,,55ff7b4665,200,true,teastore,,teastore-auth.teastore.svc.cluster.local:8080,linkerd,teastore-auth,teastore,teastore-auth-5c8f77dbb8-trzs6,5c8f77dbb8,default,default.teastore.serviceaccount.identity.linkerd.cluster.local,teastore,teastore-auth,teastore-webui
1614827771.718,response_latency_ms_count,,,10.1.40.189:4191,linkerd-proxy,teastore,,teastore-webui-55ff7b4665-zpx46,,1099,,,,,teastore-webui,,linkerd,outbound,,55ff7b4665,200,true,teastore,,teastore-auth.teastore.svc.cluster.local:8080,linkerd,teastore-auth,teastore,teastore-auth-5c8f77dbb8-trzs6,5c8f77dbb8,default,default.teastore.serviceaccount.identity.linkerd.cluster.local,teastore,teastore-auth,teastore-webui
1614827781.718,response_latency_ms_count,,,10.1.40.189:4191,linkerd-proxy,teastore,,teastore-webui-55ff7b4665-zpx46,,1337,,,,,teastore-webui,,linkerd,outbound,,55ff7b4665,200,true,teastore,,teastore-auth.teastore.svc.cluster.local:8080,linkerd,teastore-auth,teastore,teastore-auth-5c8f77dbb8-trzs6,5c8f77dbb8,default,default.teastore.serviceaccount.identity.linkerd.cluster.local,teastore,teastore-auth,teastore-webui
1614827791.718,response_latency_ms_count,,,10.1.40.189:4191,linkerd-proxy,teastore,,teastore-webui-55ff7b4665-zpx46,,1538,,,,,teastore-webui,,linkerd,outbound,,55ff7b4665,200,true,teastore,,teastore-auth.teastore.svc.cluster.local:8080,linkerd,teastore-auth,teastore,teastore-auth-5c8f77dbb8-trzs6,5c8f77dbb8,default,default.teastore.serviceaccount.identity.linkerd.cluster.local,teastore,teastore-auth,teastore-webui
1614827801.717,response_latency_ms_count,,,10.1.40.189:4191,linkerd-proxy,teastore,,teastore-webui-55ff7b4665-zpx46,,1715,,,,,teastore-webui,,linkerd,outbound,,55ff7b4665,200,true,teastore,,teastore-auth.teastore.svc.cluster.local:8080,linkerd,teastore-auth,teastore,teastore-auth-5c8f77dbb8-trzs6,5c8f77dbb8,default,default.teastore.serviceaccount.identity.linkerd.cluster.local,teastore,teastore-auth,teastore-webui
1614827641.718,response_latency_ms_count,,,10.1.40.189:4191,linkerd-proxy,teastore,,teastore-webui-55ff7b4665-zpx46,,10,,,,,teastore-webui,,linkerd,outbound,,55ff7b4665,200,true,teastore,,teastore-image.teastore.svc.cluster.local:8080,linkerd,teastore-image,teastore,teastore-image-77b5d74b7d-d27bk,77b5d74b7d,default,default.teastore.serviceaccount.identity.linkerd.cluster.local,teastore,teastore-image,teastore-webui
1614827651.718,response_latency_ms_count,,,10.1.40.189:4191,linkerd-proxy,teastore,,teastore-webui-55ff7b4665-zpx46,,19,,,,,teastore-webui,,linkerd,outbound,,55ff7b4665,200,true,teastore,,teastore-image.teastore.svc.cluster.local:8080,linkerd,teastore-image,teastore,teastore-image-77b5d74b7d-d27bk,77b5d74b7d,default,default.teastore.serviceaccount.identity.linkerd.cluster.local,teastore,teastore-image,teastore-webui
1614827661.717,response_latency_ms_count,,,10.1.40.189:4191,linkerd-proxy,teastore,,teastore-webui-55ff7b4665-zpx46,,29,,,,,teastore-webui,,linkerd,outbound,,55ff7b4665,200,true,teastore,,teastore-image.teastore.svc.cluster.local:8080,linkerd,teastore-image,teastore,teastore-image-77b5d74b7d-d27bk,77b5d74b7d,default,default.teastore.serviceaccount.identity.linkerd.cluster.local,teastore,teastore-image,teastore-webui
1614827671.718,response_latency_ms_count,,,10.1.40.189:4191,linkerd-proxy,teastore,,teastore-webui-55ff7b4665-zpx46,,81,,,,,teastore-webui,,linkerd,outbound,,55ff7b4665,200,true,teastore,,teastore-image.teastore.svc.cluster.local:8080,linkerd,teastore-image,teastore,teastore-image-77b5d74b7d-d27bk,77b5d74b7d,default,default.teastore.serviceaccount.identity.linkerd.cluster.local,teastore,teastore-image,teastore-webui
1614827681.717,response_latency_ms_count,,,10.1.40.189:4191,linkerd-proxy,teastore,,teastore-webui-55ff7b4665-zpx46,,110,,,,,teastore-webui,,linkerd,outbound,,55ff7b4665,200,true,teastore,,teastore-image.teastore.svc.cluster.local:8080,linkerd,teastore-image,teastore,teastore-image-77b5d74b7d-d27bk,77b5d74b7d,default,default.teastore.serviceaccount.identity.linkerd.cluster.local,teastore,teastore-image,teastore-webui
1614827691.718,response_latency_ms_count,,,10.1.40.189:4191,linkerd-proxy,teastore,,teastore-webui-55ff7b4665-zpx46,,270,,,,,teastore-webui,,linkerd,outbound,,55ff7b4665,200,true,teastore,,teastore-image.teastore.svc.cluster.local:8080,linkerd,teastore-image,teastore,teastore-image-77b5d74b7d-d27bk,77b5d74b7d,default,default.teastore.serviceaccount.identity.linkerd.cluster.local,teastore,teastore-image,teastore-webui
1614827701.718,response_latency_ms_count,,,10.1.40.189:4191,linkerd-proxy,teastore,,teastore-webui-55ff7b4665-zpx46,,314,,,,,teastore-webui,,linkerd,outbound,,55ff7b4665,200,true,teastore,,teastore-image.teastore.svc.cluster.local:8080,linkerd,teastore-image,teastore,teastore-image-77b5d74b7d-d27bk,77b5d74b7d,default,default.teastore.serviceaccount.identity.linkerd.cluster.local,teastore,teastore-image,teastore-webui
1614827711.717,response_latency_ms_count,,,10.1.40.189:4191,linkerd-proxy,teastore,,teastore-webui-55ff7b4665-zpx46,,359,,,,,teastore-webui,,linkerd,outbound,,55ff7b4665,200,true,teastore,,teastore-image.teastore.svc.cluster.local:8080,linkerd,teastore-image,teastore,teastore-image-77b5d74b7d-d27bk,77b5d74b7d,default,default.teastore.serviceaccount.identity.linkerd.cluster.local,teastore,teastore-image,teastore-webui
1614827721.718,response_latency_ms_count,,,10.1.40.189:4191,linkerd-proxy,teastore,,teastore-webui-55ff7b4665-zpx46,,638,,,,,teastore-webui,,linkerd,outbound,,55ff7b4665,200,true,teastore,,teastore-image.teastore.svc.cluster.local:8080,linkerd,teastore-image,teastore,teastore-image-77b5d74b7d-d27bk,77b5d74b7d,default,default.teastore.serviceaccount.identity.linkerd.cluster.local,teastore,teastore-image,teastore-webui
1614827731.718,response_latency_ms_count,,,10.1.40.189:4191,linkerd-proxy,teastore,,teastore-webui-55ff7b4665-zpx46,,707,,,,,teastore-webui,,linkerd,outbound,,55ff7b4665,200,true,teastore,,teastore-image.teastore.svc.cluster.local:8080,linkerd,teastore-image,teastore,teastore-image-77b5d74b7d-d27bk,77b5d74b7d,default,default.teastore.serviceaccount.identity.linkerd.cluster.local,teastore,teastore-image,teastore-webui
1614827741.718,response_latency_ms_count,,,10.1.40.189:4191,linkerd-proxy,teastore,,teastore-webui-55ff7b4665-zpx46,,866,,,,,teastore-webui,,linkerd,outbound,,55ff7b4665,200,true,teastore,,teastore-image.teastore.svc.cluster.local:8080,linkerd,teastore-image,teastore,teastore-image-77b5d74b7d-d27bk,77b5d74b7d,default,default.teastore.serviceaccount.identity.linkerd.cluster.local,teastore,teastore-image,teastore-webui
1614827751.718,response_latency_ms_count,,,10.1.40.189:4191,linkerd-proxy,teastore,,teastore-webui-55ff7b4665-zpx46,,1108,,,,,teastore-webui,,linkerd,outbound,,55ff7b4665,200,true,teastore,,teastore-image.teastore.svc.cluster.local:8080,linkerd,teastore-image,teastore,teastore-image-77b5d74b7d-d27bk,77b5d74b7d,default,default.teastore.serviceaccount.identity.linkerd.cluster.local,teastore,teastore-image,teastore-webui
1614827761.718,response_latency_ms_count,,,10.1.40.189:4191,linkerd-proxy,teastore,,teastore-webui-55ff7b4665-zpx46,,1236,,,,,teastore-webui,,linkerd,outbound,,55ff7b4665,200,true,teastore,,teastore-image.teastore.svc.cluster.local:8080,linkerd,teastore-image,teastore,teastore-image-77b5d74b7d-d27bk,77b5d74b7d,default,default.teastore.serviceaccount.identity.linkerd.cluster.local,teastore,teastore-image,teastore-webui
1614827771.718,response_latency_ms_count,,,10.1.40.189:4191,linkerd-proxy,teastore,,teastore-webui-55ff7b4665-zpx46,,1471,,,,,teastore-webui,,linkerd,outbound,,55ff7b4665,200,true,teastore,,teastore-image.teastore.svc.cluster.local:8080,linkerd,teastore-image,teastore,teastore-image-77b5d74b7d-d27bk,77b5d74b7d,default,default.teastore.serviceaccount.identity.linkerd.cluster.local,teastore,teastore-image,teastore-webui
1614827781.718,response_latency_ms_count,,,10.1.40.189:4191,linkerd-proxy,teastore,,teastore-webui-55ff7b4665-zpx46,,1745,,,,,teastore-webui,,linkerd,outbound,,55ff7b4665,200,true,teastore,,teastore-image.teastore.svc.cluster.local:8080,linkerd,teastore-image,teastore,teastore-image-77b5d74b7d-d27bk,77b5d74b7d,default,default.teastore.serviceaccount.identity.linkerd.cluster.local,teastore,teastore-image,teastore-webui
1614827791.718,response_latency_ms_count,,,10.1.40.189:4191,linkerd-proxy,teastore,,teastore-webui-55ff7b4665-zpx46,,2076,,,,,teastore-webui,,linkerd,outbound,,55ff7b4665,200,true,teastore,,teastore-image.teastore.svc.cluster.local:8080,linkerd,teastore-image,teastore,teastore-image-77b5d74b7d-d27bk,77b5d74b7d,default,default.teastore.serviceaccount.identity.linkerd.cluster.local,teastore,teastore-image,teastore-webui
1614827801.717,response_latency_ms_count,,,10.1.40.189:4191,linkerd-proxy,teastore,,teastore-webui-55ff7b4665-zpx46,,2377,,,,,teastore-webui,,linkerd,outbound,,55ff7b4665,200,true,teastore,,teastore-image.teastore.svc.cluster.local:8080,linkerd,teastore-image,teastore,teastore-image-77b5d74b7d-d27bk,77b5d74b7d,default,default.teastore.serviceaccount.identity.linkerd.cluster.local,teastore,teastore-image,teastore-webui
1614827671.718,response_latency_ms_count,,,10.1.40.189:4191,linkerd-proxy,teastore,,teastore-webui-55ff7b4665-zpx46,,1,,,,,teastore-webui,,linkerd,inbound,no_tls_from_remote,55ff7b4665,500,no_identity,teastore,,localhost:30080,,,,,,,,teastore,,teastore-webui
1614827681.717,response_latency_ms_count,,,10.1.40.189:4191,linkerd-proxy,teastore,,teastore-webui-55ff7b4665-zpx46,,1,,,,,teastore-webui,,linkerd,inbound,no_tls_from_remote,55ff7b4665,500,no_identity,teastore,,localhost:30080,,,,,,,,teastore,,teastore-webui
1614827691.718,response_latency_ms_count,,,10.1.40.189:4191,linkerd-proxy,teastore,,teastore-webui-55ff7b4665-zpx46,,1,,,,,teastore-webui,,linkerd,inbound,no_tls_from_remote,55ff7b4665,500,no_identity,teastore,,localhost:30080,,,,,,,,teastore,,teastore-webui
1614827701.718,response_latency_ms_count,,,10.1.40.189:4191,linkerd-proxy,teastore,,teastore-webui-55ff7b4665-zpx46,,1,,,,,teastore-webui,,linkerd,inbound,no_tls_from_remote,55ff7b4665,500,no_identity,teastore,,localhost:30080,,,,,,,,teastore,,teastore-webui
1614827711.717,response_latency_ms_count,,,10.1.40.189:4191,linkerd-proxy,teastore,,teastore-webui-55ff7b4665-zpx46,,1,,,,,teastore-webui,,linkerd,inbound,no_tls_from_remote,55ff7b4665,500,no_identity,teastore,,localhost:30080,,,,,,,,teastore,,teastore-webui
1614827721.718,response_latency_ms_count,,,10.1.40.189:4191,linkerd-proxy,teastore,,teastore-webui-55ff7b4665-zpx46,,1,,,,,teastore-webui,,linkerd,inbound,no_tls_from_remote,55ff7b4665,500,no_identity,teastore,,localhost:30080,,,,,,,,teastore,,teastore-webui
1614827731.718,response_latency_ms_count,,,10.1.40.189:4191,linkerd-proxy,teastore,,teastore-webui-55ff7b4665-zpx46,,1,,,,,teastore-webui,,linkerd,inbound,no_tls_from_remote,55ff7b4665,500,no_identity,teastore,,localhost:30080,,,,,,,,teastore,,teastore-webui
1614827741.718,response_latency_ms_count,,,10.1.40.189:4191,linkerd-proxy,teastore,,teastore-webui-55ff7b4665-zpx46,,4,,,,,teastore-webui,,linkerd,inbound,no_tls_from_remote,55ff7b4665,500,no_identity,teastore,,localhost:30080,,,,,,,,teastore,,teastore-webui
1614827751.718,response_latency_ms_count,,,10.1.40.189:4191,linkerd-proxy,teastore,,teastore-webui-55ff7b4665-zpx46,,4,,,,,teastore-webui,,linkerd,inbound,no_tls_from_remote,55ff7b4665,500,no_identity,teastore,,localhost:30080,,,,,,,,teastore,,teastore-webui
1614827761.718,response_latency_ms_count,,,10.1.40.189:4191,linkerd-proxy,teastore,,teastore-webui-55ff7b4665-zpx46,,4,,,,,teastore-webui,,linkerd,inbound,no_tls_from_remote,55ff7b4665,500,no_identity,teastore,,localhost:30080,,,,,,,,teastore,,teastore-webui
1614827771.718,response_latency_ms_count,,,10.1.40.189:4191,linkerd-proxy,teastore,,teastore-webui-55ff7b4665-zpx46,,4,,,,,teastore-webui,,linkerd,inbound,no_tls_from_remote,55ff7b4665,500,no_identity,teastore,,localhost:30080,,,,,,,,teastore,,teastore-webui
1614827781.718,response_latency_ms_count,,,10.1.40.189:4191,linkerd-proxy,teastore,,teastore-webui-55ff7b4665-zpx46,,4,,,,,teastore-webui,,linkerd,inbound,no_tls_from_remote,55ff7b4665,500,no_identity,teastore,,localhost:30080,,,,,,,,teastore,,teastore-webui
1614827791.718,response_latency_ms_count,,,10.1.40.189:4191,linkerd-proxy,teastore,,teastore-webui-55ff7b4665-zpx46,,4,,,,,teastore-webui,,linkerd,inbound,no_tls_from_remote,55ff7b4665,500,no_identity,teastore,,localhost:30080,,,,,,,,teastore,,teastore-webui
1614827801.717,response_latency_ms_count,,,10.1.40.189:4191,linkerd-proxy,teastore,,teastore-webui-55ff7b4665-zpx46,,4,,,,,teastore-webui,,linkerd,inbound,no_tls_from_remote,55ff7b4665,500,no_identity,teastore,,localhost:30080,,,,,,,,teastore,,teastore-webui
1614827681.717,response_latency_ms_count,,,10.1.40.189:4191,linkerd-proxy,teastore,,teastore-webui-55ff7b4665-zpx46,,29,,,,,teastore-webui,,linkerd,inbound,no_tls_from_remote,55ff7b4665,302,no_identity,teastore,,localhost:30080,,,,,,,,teastore,,teastore-webui
1614827691.718,response_latency_ms_count,,,10.1.40.189:4191,linkerd-proxy,teastore,,teastore-webui-55ff7b4665-zpx46,,54,,,,,teastore-webui,,linkerd,inbound,no_tls_from_remote,55ff7b4665,302,no_identity,teastore,,localhost:30080,,,,,,,,teastore,,teastore-webui
1614827701.718,response_latency_ms_count,,,10.1.40.189:4191,linkerd-proxy,teastore,,teastore-webui-55ff7b4665-zpx46,,63,,,,,teastore-webui,,linkerd,inbound,no_tls_from_remote,55ff7b4665,302,no_identity,teastore,,localhost:30080,,,,,,,,teastore,,teastore-webui
1614827711.717,response_latency_ms_count,,,10.1.40.189:4191,linkerd-proxy,teastore,,teastore-webui-55ff7b4665-zpx46,,72,,,,,teastore-webui,,linkerd,inbound,no_tls_from_remote,55ff7b4665,302,no_identity,teastore,,localhost:30080,,,,,,,,teastore,,teastore-webui
1614827721.718,response_latency_ms_count,,,10.1.40.189:4191,linkerd-proxy,teastore,,teastore-webui-55ff7b4665-zpx46,,80,,,,,teastore-webui,,linkerd,inbound,no_tls_from_remote,55ff7b4665,302,no_identity,teastore,,localhost:30080,,,,,,,,teastore,,teastore-webui
1614827731.718,response_latency_ms_count,,,10.1.40.189:4191,linkerd-proxy,teastore,,teastore-webui-55ff7b4665-zpx46,,89,,,,,teastore-webui,,linkerd,inbound,no_tls_from_remote,55ff7b4665,302,no_identity,teastore,,localhost:30080,,,,,,,,teastore,,teastore-webui
1614827741.718,response_latency_ms_count,,,10.1.40.189:4191,linkerd-proxy,teastore,,teastore-webui-55ff7b4665-zpx46,,185,,,,,teastore-webui,,linkerd,inbound,no_tls_from_remote,55ff7b4665,302,no_identity,teastore,,localhost:30080,,,,,,,,teastore,,teastore-webui
1614827751.718,response_latency_ms_count,,,10.1.40.189:4191,linkerd-proxy,teastore,,teastore-webui-55ff7b4665-zpx46,,221,,,,,teastore-webui,,linkerd,inbound,no_tls_from_remote,55ff7b4665,302,no_identity,teastore,,localhost:30080,,,,,,,,teastore,,teastore-webui
1614827761.718,response_latency_ms_count,,,10.1.40.189:4191,linkerd-proxy,teastore,,teastore-webui-55ff7b4665-zpx46,,245,,,,,teastore-webui,,linkerd,inbound,no_tls_from_remote,55ff7b4665,302,no_identity,teastore,,localhost:30080,,,,,,,,teastore,,teastore-webui
1614827771.718,response_latency_ms_count,,,10.1.40.189:4191,linkerd-proxy,teastore,,teastore-webui-55ff7b4665-zpx46,,291,,,,,teastore-webui,,linkerd,inbound,no_tls_from_remote,55ff7b4665,302,no_identity,teastore,,localhost:30080,,,,,,,,teastore,,teastore-webui
1614827781.718,response_latency_ms_count,,,10.1.40.189:4191,linkerd-proxy,teastore,,teastore-webui-55ff7b4665-zpx46,,338,,,,,teastore-webui,,linkerd,inbound,no_tls_from_remote,55ff7b4665,302,no_identity,teastore,,localhost:30080,,,,,,,,teastore,,teastore-webui
1614827791.718,response_latency_ms_count,,,10.1.40.189:4191,linkerd-proxy,teastore,,teastore-webui-55ff7b4665-zpx46,,411,,,,,teastore-webui,,linkerd,inbound,no_tls_from_remote,55ff7b4665,302,no_identity,teastore,,localhost:30080,,,,,,,,teastore,,teastore-webui
1614827801.717,response_latency_ms_count,,,10.1.40.189:4191,linkerd-proxy,teastore,,teastore-webui-55ff7b4665-zpx46,,455,,,,,teastore-webui,,linkerd,inbound,no_tls_from_remote,55ff7b4665,302,no_identity,teastore,,localhost:30080,,,,,,,,teastore,,teastore-webui
1614827711.717,response_latency_ms_count,,,10.1.40.189:4191,linkerd-proxy,teastore,,teastore-webui-55ff7b4665-zpx46,,70,,,,,teastore-webui,,linkerd,outbound,,55ff7b4665,200,true,teastore,,teastore-recommender.teastore.svc.cluster.local:8080,linkerd,teastore-recommender,teastore,teastore-recommender-597fccb746-dbm6l,597fccb746,default,default.teastore.serviceaccount.identity.linkerd.cluster.local,teastore,teastore-recommender,teastore-webui
1614827721.718,response_latency_ms_count,,,10.1.40.189:4191,linkerd-proxy,teastore,,teastore-webui-55ff7b4665-zpx46,,80,,,,,teastore-webui,,linkerd,outbound,,55ff7b4665,200,true,teastore,,teastore-recommender.teastore.svc.cluster.local:8080,linkerd,teastore-recommender,teastore,teastore-recommender-597fccb746-dbm6l,597fccb746,default,default.teastore.serviceaccount.identity.linkerd.cluster.local,teastore,teastore-recommender,teastore-webui
1614827731.718,response_latency_ms_count,,,10.1.40.189:4191,linkerd-proxy,teastore,,teastore-webui-55ff7b4665-zpx46,,89,,,,,teastore-webui,,linkerd,outbound,,55ff7b4665,200,true,teastore,,teastore-recommender.teastore.svc.cluster.local:8080,linkerd,teastore-recommender,teastore,teastore-recommender-597fccb746-dbm6l,597fccb746,default,default.teastore.serviceaccount.identity.linkerd.cluster.local,teastore,teastore-recommender,teastore-webui
1614827741.718,response_latency_ms_count,,,10.1.40.189:4191,linkerd-proxy,teastore,,teastore-webui-55ff7b4665-zpx46,,178,,,,,teastore-webui,,linkerd,outbound,,55ff7b4665,200,true,teastore,,teastore-recommender.teastore.svc.cluster.local:8080,linkerd,teastore-recommender,teastore,teastore-recommender-597fccb746-dbm6l,597fccb746,default,default.teastore.serviceaccount.identity.linkerd.cluster.local,teastore,teastore-recommender,teastore-webui
1614827751.718,response_latency_ms_count,,,10.1.40.189:4191,linkerd-proxy,teastore,,teastore-webui-55ff7b4665-zpx46,,214,,,,,teastore-webui,,linkerd,outbound,,55ff7b4665,200,true,teastore,,teastore-recommender.teastore.svc.cluster.local:8080,linkerd,teastore-recommender,teastore,teastore-recommender-597fccb746-dbm6l,597fccb746,default,default.teastore.serviceaccount.identity.linkerd.cluster.local,teastore,teastore-recommender,teastore-webui
1614827761.718,response_latency_ms_count,,,10.1.40.189:4191,linkerd-proxy,teastore,,teastore-webui-55ff7b4665-zpx46,,245,,,,,teastore-webui,,linkerd,outbound,,55ff7b4665,200,true,teastore,,teastore-recommender.teastore.svc.cluster.local:8080,linkerd,teastore-recommender,teastore,teastore-recommender-597fccb746-dbm6l,597fccb746,default,default.teastore.serviceaccount.identity.linkerd.cluster.local,teastore,teastore-recommender,teastore-webui
1614827771.718,response_latency_ms_count,,,10.1.40.189:4191,linkerd-proxy,teastore,,teastore-webui-55ff7b4665-zpx46,,262,,,,,teastore-webui,,linkerd,outbound,,55ff7b4665,200,true,teastore,,teastore-recommender.teastore.svc.cluster.local:8080,linkerd,teastore-recommender,teastore,teastore-recommender-597fccb746-dbm6l,597fccb746,default,default.teastore.serviceaccount.identity.linkerd.cluster.local,teastore,teastore-recommender,teastore-webui
1614827781.718,response_latency_ms_count,,,10.1.40.189:4191,linkerd-proxy,teastore,,teastore-webui-55ff7b4665-zpx46,,350,,,,,teastore-webui,,linkerd,outbound,,55ff7b4665,200,true,teastore,,teastore-recommender.teastore.svc.cluster.local:8080,linkerd,teastore-recommender,teastore,teastore-recommender-597fccb746-dbm6l,597fccb746,default,default.teastore.serviceaccount.identity.linkerd.cluster.local,teastore,teastore-recommender,teastore-webui
1614827791.718,response_latency_ms_count,,,10.1.40.189:4191,linkerd-proxy,teastore,,teastore-webui-55ff7b4665-zpx46,,446,,,,,teastore-webui,,linkerd,outbound,,55ff7b4665,200,true,teastore,,teastore-recommender.teastore.svc.cluster.local:8080,linkerd,teastore-recommender,teastore,teastore-recommender-597fccb746-dbm6l,597fccb746,default,default.teastore.serviceaccount.identity.linkerd.cluster.local,teastore,teastore-recommender,teastore-webui
1614827801.717,response_latency_ms_count,,,10.1.40.189:4191,linkerd-proxy,teastore,,teastore-webui-55ff7b4665-zpx46,,519,,,,,teastore-webui,,linkerd,outbound,,55ff7b4665,200,true,teastore,,teastore-recommender.teastore.svc.cluster.local:8080,linkerd,teastore-recommender,teastore,teastore-recommender-597fccb746-dbm6l,597fccb746,default,default.teastore.serviceaccount.identity.linkerd.cluster.local,teastore,teastore-recommender,teastore-webui
