timestamp,__name__,container,endpoint,instance,job,namespace,node,pod,service,value,id,image,metrics_path,name,deployment,control_plane_component,control_plane_ns,direction,no_tls_reason,pod_template_hash,status_code,tls,workload_ns,authority,client_id,dst_control_plane_ns,dst_deployment,dst_namespace,dst_pod,dst_pod_template_hash,dst_serviceaccount,server_id,dst_statefulset,stage,dst_service
1613778592.288,kube_pod_container_resource_requests_memory_bytes,alertmanager,http,10.1.7.232:8080,kube-state-metrics,default,docker-desktop,alertmanager-prometheus-kube-prometheus-alertmanager-0,prometheus-kube-state-metrics,209715200,,,,,,,,,,,,,,,,,,,,,,,,,
1613778622.288,kube_pod_container_resource_requests_memory_bytes,alertmanager,http,10.1.7.232:8080,kube-state-metrics,default,docker-desktop,alertmanager-prometheus-kube-prometheus-alertmanager-0,prometheus-kube-state-metrics,209715200,,,,,,,,,,,,,,,,,,,,,,,,,
1613778592.288,kube_pod_container_resource_requests_memory_bytes,cart,http,10.1.7.232:8080,kube-state-metrics,robot-shop,docker-desktop,cart-6d995f7dc6-56fjs,prometheus-kube-state-metrics,52428800,,,,,,,,,,,,,,,,,,,,,,,,,
1613778622.288,kube_pod_container_resource_requests_memory_bytes,cart,http,10.1.7.232:8080,kube-state-metrics,robot-shop,docker-desktop,cart-6d995f7dc6-56fjs,prometheus-kube-state-metrics,52428800,,,,,,,,,,,,,,,,,,,,,,,,,
1613778592.288,kube_pod_container_resource_requests_memory_bytes,catalogue,http,10.1.7.232:8080,kube-state-metrics,robot-shop,docker-desktop,catalogue-586db9967-5jtnh,prometheus-kube-state-metrics,52428800,,,,,,,,,,,,,,,,,,,,,,,,,
1613778622.288,kube_pod_container_resource_requests_memory_bytes,catalogue,http,10.1.7.232:8080,kube-state-metrics,robot-shop,docker-desktop,catalogue-586db9967-5jtnh,prometheus-kube-state-metrics,52428800,,,,,,,,,,,,,,,,,,,,,,,,,
1613778592.288,kube_pod_container_resource_requests_memory_bytes,config-reloader,http,10.1.7.232:8080,kube-state-metrics,default,docker-desktop,alertmanager-prometheus-kube-prometheus-alertmanager-0,prometheus-kube-state-metrics,52428800,,,,,,,,,,,,,,,,,,,,,,,,,
1613778622.288,kube_pod_container_resource_requests_memory_bytes,config-reloader,http,10.1.7.232:8080,kube-state-metrics,default,docker-desktop,alertmanager-prometheus-kube-prometheus-alertmanager-0,prometheus-kube-state-metrics,52428800,,,,,,,,,,,,,,,,,,,,,,,,,
1613778592.288,kube_pod_container_resource_requests_memory_bytes,config-reloader,http,10.1.7.232:8080,kube-state-metrics,default,docker-desktop,prometheus-prometheus-kube-prometheus-prometheus-0,prometheus-kube-state-metrics,52428800,,,,,,,,,,,,,,,,,,,,,,,,,
1613778622.288,kube_pod_container_resource_requests_memory_bytes,config-reloader,http,10.1.7.232:8080,kube-state-metrics,default,docker-desktop,prometheus-prometheus-kube-prometheus-prometheus-0,prometheus-kube-state-metrics,52428800,,,,,,,,,,,,,,,,,,,,,,,,,
1613778592.288,kube_pod_container_resource_requests_memory_bytes,coredns,http,10.1.7.232:8080,kube-state-metrics,kube-system,docker-desktop,coredns-f9fd979d6-4b2l5,prometheus-kube-state-metrics,73400320,,,,,,,,,,,,,,,,,,,,,,,,,
1613778622.288,kube_pod_container_resource_requests_memory_bytes,coredns,http,10.1.7.232:8080,kube-state-metrics,kube-system,docker-desktop,coredns-f9fd979d6-4b2l5,prometheus-kube-state-metrics,73400320,,,,,,,,,,,,,,,,,,,,,,,,,
1613778592.288,kube_pod_container_resource_requests_memory_bytes,coredns,http,10.1.7.232:8080,kube-state-metrics,kube-system,docker-desktop,coredns-f9fd979d6-gsfph,prometheus-kube-state-metrics,73400320,,,,,,,,,,,,,,,,,,,,,,,,,
1613778622.288,kube_pod_container_resource_requests_memory_bytes,coredns,http,10.1.7.232:8080,kube-state-metrics,kube-system,docker-desktop,coredns-f9fd979d6-gsfph,prometheus-kube-state-metrics,73400320,,,,,,,,,,,,,,,,,,,,,,,,,
1613778592.288,kube_pod_container_resource_requests_memory_bytes,dispatch,http,10.1.7.232:8080,kube-state-metrics,robot-shop,docker-desktop,dispatch-6464b86c7f-kkzz9,prometheus-kube-state-metrics,52428800,,,,,,,,,,,,,,,,,,,,,,,,,
1613778622.288,kube_pod_container_resource_requests_memory_bytes,dispatch,http,10.1.7.232:8080,kube-state-metrics,robot-shop,docker-desktop,dispatch-6464b86c7f-kkzz9,prometheus-kube-state-metrics,52428800,,,,,,,,,,,,,,,,,,,,,,,,,
1613778592.288,kube_pod_container_resource_requests_memory_bytes,mongodb,http,10.1.7.232:8080,kube-state-metrics,robot-shop,docker-desktop,mongodb-7fcc49887c-c86gw,prometheus-kube-state-metrics,104857600,,,,,,,,,,,,,,,,,,,,,,,,,
1613778622.288,kube_pod_container_resource_requests_memory_bytes,mongodb,http,10.1.7.232:8080,kube-state-metrics,robot-shop,docker-desktop,mongodb-7fcc49887c-c86gw,prometheus-kube-state-metrics,104857600,,,,,,,,,,,,,,,,,,,,,,,,,
1613778592.288,kube_pod_container_resource_requests_memory_bytes,mysql,http,10.1.7.232:8080,kube-state-metrics,robot-shop,docker-desktop,mysql-6fbdd859fd-zs86n,prometheus-kube-state-metrics,734003200,,,,,,,,,,,,,,,,,,,,,,,,,
1613778622.288,kube_pod_container_resource_requests_memory_bytes,mysql,http,10.1.7.232:8080,kube-state-metrics,robot-shop,docker-desktop,mysql-6fbdd859fd-zs86n,prometheus-kube-state-metrics,734003200,,,,,,,,,,,,,,,,,,,,,,,,,
1613778592.288,kube_pod_container_resource_requests_memory_bytes,payment,http,10.1.7.232:8080,kube-state-metrics,robot-shop,docker-desktop,payment-76c66c7d5f-2kcf5,prometheus-kube-state-metrics,52428800,,,,,,,,,,,,,,,,,,,,,,,,,
1613778622.288,kube_pod_container_resource_requests_memory_bytes,payment,http,10.1.7.232:8080,kube-state-metrics,robot-shop,docker-desktop,payment-76c66c7d5f-2kcf5,prometheus-kube-state-metrics,52428800,,,,,,,,,,,,,,,,,,,,,,,,,
1613778592.288,kube_pod_container_resource_requests_memory_bytes,rabbitmq,http,10.1.7.232:8080,kube-state-metrics,robot-shop,docker-desktop,rabbitmq-86f8d8c475-stzdn,prometheus-kube-state-metrics,268435456,,,,,,,,,,,,,,,,,,,,,,,,,
1613778622.288,kube_pod_container_resource_requests_memory_bytes,rabbitmq,http,10.1.7.232:8080,kube-state-metrics,robot-shop,docker-desktop,rabbitmq-86f8d8c475-stzdn,prometheus-kube-state-metrics,268435456,,,,,,,,,,,,,,,,,,,,,,,,,
1613778592.288,kube_pod_container_resource_requests_memory_bytes,ratings,http,10.1.7.232:8080,kube-state-metrics,robot-shop,docker-desktop,ratings-688d98cd8f-fvxpt,prometheus-kube-state-metrics,52428800,,,,,,,,,,,,,,,,,,,,,,,,,
1613778622.288,kube_pod_container_resource_requests_memory_bytes,ratings,http,10.1.7.232:8080,kube-state-metrics,robot-shop,docker-desktop,ratings-688d98cd8f-fvxpt,prometheus-kube-state-metrics,52428800,,,,,,,,,,,,,,,,,,,,,,,,,
1613778592.288,kube_pod_container_resource_requests_memory_bytes,redis,http,10.1.7.232:8080,kube-state-metrics,robot-shop,docker-desktop,redis-0,prometheus-kube-state-metrics,52428800,,,,,,,,,,,,,,,,,,,,,,,,,
1613778622.288,kube_pod_container_resource_requests_memory_bytes,redis,http,10.1.7.232:8080,kube-state-metrics,robot-shop,docker-desktop,redis-0,prometheus-kube-state-metrics,52428800,,,,,,,,,,,,,,,,,,,,,,,,,
1613778592.288,kube_pod_container_resource_requests_memory_bytes,shipping,http,10.1.7.232:8080,kube-state-metrics,robot-shop,docker-desktop,shipping-5cd699998d-n4jtr,prometheus-kube-state-metrics,52428800,,,,,,,,,,,,,,,,,,,,,,,,,
1613778622.288,kube_pod_container_resource_requests_memory_bytes,shipping,http,10.1.7.232:8080,kube-state-metrics,robot-shop,docker-desktop,shipping-5cd699998d-n4jtr,prometheus-kube-state-metrics,52428800,,,,,,,,,,,,,,,,,,,,,,,,,
1613778592.288,kube_pod_container_resource_requests_memory_bytes,user,http,10.1.7.232:8080,kube-state-metrics,robot-shop,docker-desktop,user-6757745759-ggdcp,prometheus-kube-state-metrics,52428800,,,,,,,,,,,,,,,,,,,,,,,,,
1613778622.288,kube_pod_container_resource_requests_memory_bytes,user,http,10.1.7.232:8080,kube-state-metrics,robot-shop,docker-desktop,user-6757745759-ggdcp,prometheus-kube-state-metrics,52428800,,,,,,,,,,,,,,,,,,,,,,,,,
1613778592.288,kube_pod_container_resource_requests_memory_bytes,web,http,10.1.7.232:8080,kube-state-metrics,robot-shop,docker-desktop,web-686969bf8f-52hlc,prometheus-kube-state-metrics,52428800,,,,,,,,,,,,,,,,,,,,,,,,,
1613778622.288,kube_pod_container_resource_requests_memory_bytes,web,http,10.1.7.232:8080,kube-state-metrics,robot-shop,docker-desktop,web-686969bf8f-52hlc,prometheus-kube-state-metrics,52428800,,,,,,,,,,,,,,,,,,,,,,,,,
1613778592.288,kube_pod_container_resource_limits_memory_bytes,cart,http,10.1.7.232:8080,kube-state-metrics,robot-shop,docker-desktop,cart-6d995f7dc6-56fjs,prometheus-kube-state-metrics,157286400,,,,,,,,,,,,,,,,,,,,,,,,,
1613778622.288,kube_pod_container_resource_limits_memory_bytes,cart,http,10.1.7.232:8080,kube-state-metrics,robot-shop,docker-desktop,cart-6d995f7dc6-56fjs,prometheus-kube-state-metrics,157286400,,,,,,,,,,,,,,,,,,,,,,,,,
1613778592.288,kube_pod_container_resource_limits_memory_bytes,catalogue,http,10.1.7.232:8080,kube-state-metrics,robot-shop,docker-desktop,catalogue-586db9967-5jtnh,prometheus-kube-state-metrics,157286400,,,,,,,,,,,,,,,,,,,,,,,,,
1613778622.288,kube_pod_container_resource_limits_memory_bytes,catalogue,http,10.1.7.232:8080,kube-state-metrics,robot-shop,docker-desktop,catalogue-586db9967-5jtnh,prometheus-kube-state-metrics,157286400,,,,,,,,,,,,,,,,,,,,,,,,,
1613778592.288,kube_pod_container_resource_limits_memory_bytes,config-reloader,http,10.1.7.232:8080,kube-state-metrics,default,docker-desktop,alertmanager-prometheus-kube-prometheus-alertmanager-0,prometheus-kube-state-metrics,52428800,,,,,,,,,,,,,,,,,,,,,,,,,
1613778622.288,kube_pod_container_resource_limits_memory_bytes,config-reloader,http,10.1.7.232:8080,kube-state-metrics,default,docker-desktop,alertmanager-prometheus-kube-prometheus-alertmanager-0,prometheus-kube-state-metrics,52428800,,,,,,,,,,,,,,,,,,,,,,,,,
1613778592.288,kube_pod_container_resource_limits_memory_bytes,config-reloader,http,10.1.7.232:8080,kube-state-metrics,default,docker-desktop,prometheus-prometheus-kube-prometheus-prometheus-0,prometheus-kube-state-metrics,52428800,,,,,,,,,,,,,,,,,,,,,,,,,
1613778622.288,kube_pod_container_resource_limits_memory_bytes,config-reloader,http,10.1.7.232:8080,kube-state-metrics,default,docker-desktop,prometheus-prometheus-kube-prometheus-prometheus-0,prometheus-kube-state-metrics,52428800,,,,,,,,,,,,,,,,,,,,,,,,,
1613778592.288,kube_pod_container_resource_limits_memory_bytes,coredns,http,10.1.7.232:8080,kube-state-metrics,kube-system,docker-desktop,coredns-f9fd979d6-4b2l5,prometheus-kube-state-metrics,178257920,,,,,,,,,,,,,,,,,,,,,,,,,
1613778622.288,kube_pod_container_resource_limits_memory_bytes,coredns,http,10.1.7.232:8080,kube-state-metrics,kube-system,docker-desktop,coredns-f9fd979d6-4b2l5,prometheus-kube-state-metrics,178257920,,,,,,,,,,,,,,,,,,,,,,,,,
1613778592.288,kube_pod_container_resource_limits_memory_bytes,coredns,http,10.1.7.232:8080,kube-state-metrics,kube-system,docker-desktop,coredns-f9fd979d6-gsfph,prometheus-kube-state-metrics,178257920,,,,,,,,,,,,,,,,,,,,,,,,,
1613778622.288,kube_pod_container_resource_limits_memory_bytes,coredns,http,10.1.7.232:8080,kube-state-metrics,kube-system,docker-desktop,coredns-f9fd979d6-gsfph,prometheus-kube-state-metrics,178257920,,,,,,,,,,,,,,,,,,,,,,,,,
1613778592.288,kube_pod_container_resource_limits_memory_bytes,dispatch,http,10.1.7.232:8080,kube-state-metrics,robot-shop,docker-desktop,dispatch-6464b86c7f-kkzz9,prometheus-kube-state-metrics,157286400,,,,,,,,,,,,,,,,,,,,,,,,,
1613778622.288,kube_pod_container_resource_limits_memory_bytes,dispatch,http,10.1.7.232:8080,kube-state-metrics,robot-shop,docker-desktop,dispatch-6464b86c7f-kkzz9,prometheus-kube-state-metrics,157286400,,,,,,,,,,,,,,,,,,,,,,,,,
1613778592.288,kube_pod_container_resource_limits_memory_bytes,mongodb,http,10.1.7.232:8080,kube-state-metrics,robot-shop,docker-desktop,mongodb-7fcc49887c-c86gw,prometheus-kube-state-metrics,209715200,,,,,,,,,,,,,,,,,,,,,,,,,
1613778622.288,kube_pod_container_resource_limits_memory_bytes,mongodb,http,10.1.7.232:8080,kube-state-metrics,robot-shop,docker-desktop,mongodb-7fcc49887c-c86gw,prometheus-kube-state-metrics,209715200,,,,,,,,,,,,,,,,,,,,,,,,,
1613778592.288,kube_pod_container_resource_limits_memory_bytes,mysql,http,10.1.7.232:8080,kube-state-metrics,robot-shop,docker-desktop,mysql-6fbdd859fd-zs86n,prometheus-kube-state-metrics,1073741824,,,,,,,,,,,,,,,,,,,,,,,,,
1613778622.288,kube_pod_container_resource_limits_memory_bytes,mysql,http,10.1.7.232:8080,kube-state-metrics,robot-shop,docker-desktop,mysql-6fbdd859fd-zs86n,prometheus-kube-state-metrics,1073741824,,,,,,,,,,,,,,,,,,,,,,,,,
1613778592.288,kube_pod_container_resource_limits_memory_bytes,payment,http,10.1.7.232:8080,kube-state-metrics,robot-shop,docker-desktop,payment-76c66c7d5f-2kcf5,prometheus-kube-state-metrics,157286400,,,,,,,,,,,,,,,,,,,,,,,,,
1613778622.288,kube_pod_container_resource_limits_memory_bytes,payment,http,10.1.7.232:8080,kube-state-metrics,robot-shop,docker-desktop,payment-76c66c7d5f-2kcf5,prometheus-kube-state-metrics,157286400,,,,,,,,,,,,,,,,,,,,,,,,,
1613778592.288,kube_pod_container_resource_limits_memory_bytes,rabbitmq,http,10.1.7.232:8080,kube-state-metrics,robot-shop,docker-desktop,rabbitmq-86f8d8c475-stzdn,prometheus-kube-state-metrics,536870912,,,,,,,,,,,,,,,,,,,,,,,,,
1613778622.288,kube_pod_container_resource_limits_memory_bytes,rabbitmq,http,10.1.7.232:8080,kube-state-metrics,robot-shop,docker-desktop,rabbitmq-86f8d8c475-stzdn,prometheus-kube-state-metrics,536870912,,,,,,,,,,,,,,,,,,,,,,,,,
1613778592.288,kube_pod_container_resource_limits_memory_bytes,ratings,http,10.1.7.232:8080,kube-state-metrics,robot-shop,docker-desktop,ratings-688d98cd8f-fvxpt,prometheus-kube-state-metrics,157286400,,,,,,,,,,,,,,,,,,,,,,,,,
1613778622.288,kube_pod_container_resource_limits_memory_bytes,ratings,http,10.1.7.232:8080,kube-state-metrics,robot-shop,docker-desktop,ratings-688d98cd8f-fvxpt,prometheus-kube-state-metrics,157286400,,,,,,,,,,,,,,,,,,,,,,,,,
1613778592.288,kube_pod_container_resource_limits_memory_bytes,redis,http,10.1.7.232:8080,kube-state-metrics,robot-shop,docker-desktop,redis-0,prometheus-kube-state-metrics,104857600,,,,,,,,,,,,,,,,,,,,,,,,,
1613778622.288,kube_pod_container_resource_limits_memory_bytes,redis,http,10.1.7.232:8080,kube-state-metrics,robot-shop,docker-desktop,redis-0,prometheus-kube-state-metrics,104857600,,,,,,,,,,,,,,,,,,,,,,,,,
1613778592.288,kube_pod_container_resource_limits_memory_bytes,shipping,http,10.1.7.232:8080,kube-state-metrics,robot-shop,docker-desktop,shipping-5cd699998d-n4jtr,prometheus-kube-state-metrics,629145600,,,,,,,,,,,,,,,,,,,,,,,,,
1613778622.288,kube_pod_container_resource_limits_memory_bytes,shipping,http,10.1.7.232:8080,kube-state-metrics,robot-shop,docker-desktop,shipping-5cd699998d-n4jtr,prometheus-kube-state-metrics,629145600,,,,,,,,,,,,,,,,,,,,,,,,,
1613778592.288,kube_pod_container_resource_limits_memory_bytes,user,http,10.1.7.232:8080,kube-state-metrics,robot-shop,docker-desktop,user-6757745759-ggdcp,prometheus-kube-state-metrics,157286400,,,,,,,,,,,,,,,,,,,,,,,,,
1613778622.288,kube_pod_container_resource_limits_memory_bytes,user,http,10.1.7.232:8080,kube-state-metrics,robot-shop,docker-desktop,user-6757745759-ggdcp,prometheus-kube-state-metrics,157286400,,,,,,,,,,,,,,,,,,,,,,,,,
1613778592.288,kube_pod_container_resource_limits_memory_bytes,web,http,10.1.7.232:8080,kube-state-metrics,robot-shop,docker-desktop,web-686969bf8f-52hlc,prometheus-kube-state-metrics,157286400,,,,,,,,,,,,,,,,,,,,,,,,,
1613778622.288,kube_pod_container_resource_limits_memory_bytes,web,http,10.1.7.232:8080,kube-state-metrics,robot-shop,docker-desktop,web-686969bf8f-52hlc,prometheus-kube-state-metrics,157286400,,,,,,,,,,,,,,,,,,,,,,,,,
1613778592.288,kube_pod_container_resource_limits_cpu_cores,cart,http,10.1.7.232:8080,kube-state-metrics,robot-shop,docker-desktop,cart-6d995f7dc6-56fjs,prometheus-kube-state-metrics,0.35,,,,,,,,,,,,,,,,,,,,,,,,,
1613778622.288,kube_pod_container_resource_limits_cpu_cores,cart,http,10.1.7.232:8080,kube-state-metrics,robot-shop,docker-desktop,cart-6d995f7dc6-56fjs,prometheus-kube-state-metrics,0.35,,,,,,,,,,,,,,,,,,,,,,,,,
1613778592.288,kube_pod_container_resource_limits_cpu_cores,catalogue,http,10.1.7.232:8080,kube-state-metrics,robot-shop,docker-desktop,catalogue-586db9967-5jtnh,prometheus-kube-state-metrics,0.35,,,,,,,,,,,,,,,,,,,,,,,,,
1613778622.288,kube_pod_container_resource_limits_cpu_cores,catalogue,http,10.1.7.232:8080,kube-state-metrics,robot-shop,docker-desktop,catalogue-586db9967-5jtnh,prometheus-kube-state-metrics,0.35,,,,,,,,,,,,,,,,,,,,,,,,,
1613778592.288,kube_pod_container_resource_limits_cpu_cores,config-reloader,http,10.1.7.232:8080,kube-state-metrics,default,docker-desktop,alertmanager-prometheus-kube-prometheus-alertmanager-0,prometheus-kube-state-metrics,0.1,,,,,,,,,,,,,,,,,,,,,,,,,
1613778622.288,kube_pod_container_resource_limits_cpu_cores,config-reloader,http,10.1.7.232:8080,kube-state-metrics,default,docker-desktop,alertmanager-prometheus-kube-prometheus-alertmanager-0,prometheus-kube-state-metrics,0.1,,,,,,,,,,,,,,,,,,,,,,,,,
1613778592.288,kube_pod_container_resource_limits_cpu_cores,config-reloader,http,10.1.7.232:8080,kube-state-metrics,default,docker-desktop,prometheus-prometheus-kube-prometheus-prometheus-0,prometheus-kube-state-metrics,0.1,,,,,,,,,,,,,,,,,,,,,,,,,
1613778622.288,kube_pod_container_resource_limits_cpu_cores,config-reloader,http,10.1.7.232:8080,kube-state-metrics,default,docker-desktop,prometheus-prometheus-kube-prometheus-prometheus-0,prometheus-kube-state-metrics,0.1,,,,,,,,,,,,,,,,,,,,,,,,,
1613778592.288,kube_pod_container_resource_limits_cpu_cores,dispatch,http,10.1.7.232:8080,kube-state-metrics,robot-shop,docker-desktop,dispatch-6464b86c7f-kkzz9,prometheus-kube-state-metrics,0.35,,,,,,,,,,,,,,,,,,,,,,,,,
1613778622.288,kube_pod_container_resource_limits_cpu_cores,dispatch,http,10.1.7.232:8080,kube-state-metrics,robot-shop,docker-desktop,dispatch-6464b86c7f-kkzz9,prometheus-kube-state-metrics,0.35,,,,,,,,,,,,,,,,,,,,,,,,,
1613778592.288,kube_pod_container_resource_limits_cpu_cores,mongodb,http,10.1.7.232:8080,kube-state-metrics,robot-shop,docker-desktop,mongodb-7fcc49887c-c86gw,prometheus-kube-state-metrics,0.2,,,,,,,,,,,,,,,,,,,,,,,,,
1613778622.288,kube_pod_container_resource_limits_cpu_cores,mongodb,http,10.1.7.232:8080,kube-state-metrics,robot-shop,docker-desktop,mongodb-7fcc49887c-c86gw,prometheus-kube-state-metrics,0.2,,,,,,,,,,,,,,,,,,,,,,,,,
1613778592.288,kube_pod_container_resource_limits_cpu_cores,mysql,http,10.1.7.232:8080,kube-state-metrics,robot-shop,docker-desktop,mysql-6fbdd859fd-zs86n,prometheus-kube-state-metrics,0.2,,,,,,,,,,,,,,,,,,,,,,,,,
1613778622.288,kube_pod_container_resource_limits_cpu_cores,mysql,http,10.1.7.232:8080,kube-state-metrics,robot-shop,docker-desktop,mysql-6fbdd859fd-zs86n,prometheus-kube-state-metrics,0.2,,,,,,,,,,,,,,,,,,,,,,,,,
1613778592.288,kube_pod_container_resource_limits_cpu_cores,payment,http,10.1.7.232:8080,kube-state-metrics,robot-shop,docker-desktop,payment-76c66c7d5f-2kcf5,prometheus-kube-state-metrics,0.35,,,,,,,,,,,,,,,,,,,,,,,,,
1613778622.288,kube_pod_container_resource_limits_cpu_cores,payment,http,10.1.7.232:8080,kube-state-metrics,robot-shop,docker-desktop,payment-76c66c7d5f-2kcf5,prometheus-kube-state-metrics,0.35,,,,,,,,,,,,,,,,,,,,,,,,,
1613778592.288,kube_pod_container_resource_limits_cpu_cores,rabbitmq,http,10.1.7.232:8080,kube-state-metrics,robot-shop,docker-desktop,rabbitmq-86f8d8c475-stzdn,prometheus-kube-state-metrics,0.2,,,,,,,,,,,,,,,,,,,,,,,,,
1613778622.288,kube_pod_container_resource_limits_cpu_cores,rabbitmq,http,10.1.7.232:8080,kube-state-metrics,robot-shop,docker-desktop,rabbitmq-86f8d8c475-stzdn,prometheus-kube-state-metrics,0.2,,,,,,,,,,,,,,,,,,,,,,,,,
1613778592.288,kube_pod_container_resource_limits_cpu_cores,ratings,http,10.1.7.232:8080,kube-state-metrics,robot-shop,docker-desktop,ratings-688d98cd8f-fvxpt,prometheus-kube-state-metrics,0.35,,,,,,,,,,,,,,,,,,,,,,,,,
1613778622.288,kube_pod_container_resource_limits_cpu_cores,ratings,http,10.1.7.232:8080,kube-state-metrics,robot-shop,docker-desktop,ratings-688d98cd8f-fvxpt,prometheus-kube-state-metrics,0.35,,,,,,,,,,,,,,,,,,,,,,,,,
1613778592.288,kube_pod_container_resource_limits_cpu_cores,redis,http,10.1.7.232:8080,kube-state-metrics,robot-shop,docker-desktop,redis-0,prometheus-kube-state-metrics,0.2,,,,,,,,,,,,,,,,,,,,,,,,,
1613778622.288,kube_pod_container_resource_limits_cpu_cores,redis,http,10.1.7.232:8080,kube-state-metrics,robot-shop,docker-desktop,redis-0,prometheus-kube-state-metrics,0.2,,,,,,,,,,,,,,,,,,,,,,,,,
1613778592.288,kube_pod_container_resource_limits_cpu_cores,shipping,http,10.1.7.232:8080,kube-state-metrics,robot-shop,docker-desktop,shipping-5cd699998d-n4jtr,prometheus-kube-state-metrics,0.35,,,,,,,,,,,,,,,,,,,,,,,,,
1613778622.288,kube_pod_container_resource_limits_cpu_cores,shipping,http,10.1.7.232:8080,kube-state-metrics,robot-shop,docker-desktop,shipping-5cd699998d-n4jtr,prometheus-kube-state-metrics,0.35,,,,,,,,,,,,,,,,,,,,,,,,,
1613778592.288,kube_pod_container_resource_limits_cpu_cores,user,http,10.1.7.232:8080,kube-state-metrics,robot-shop,docker-desktop,user-6757745759-ggdcp,prometheus-kube-state-metrics,0.35,,,,,,,,,,,,,,,,,,,,,,,,,
1613778622.288,kube_pod_container_resource_limits_cpu_cores,user,http,10.1.7.232:8080,kube-state-metrics,robot-shop,docker-desktop,user-6757745759-ggdcp,prometheus-kube-state-metrics,0.35,,,,,,,,,,,,,,,,,,,,,,,,,
1613778592.288,kube_pod_container_resource_limits_cpu_cores,web,http,10.1.7.232:8080,kube-state-metrics,robot-shop,docker-desktop,web-686969bf8f-52hlc,prometheus-kube-state-metrics,0.35,,,,,,,,,,,,,,,,,,,,,,,,,
1613778622.288,kube_pod_container_resource_limits_cpu_cores,web,http,10.1.7.232:8080,kube-state-metrics,robot-shop,docker-desktop,web-686969bf8f-52hlc,prometheus-kube-state-metrics,0.35,,,,,,,,,,,,,,,,,,,,,,,,,
1613778592.288,kube_pod_container_resource_requests_cpu_cores,cart,http,10.1.7.232:8080,kube-state-metrics,robot-shop,docker-desktop,cart-6d995f7dc6-56fjs,prometheus-kube-state-metrics,0.1,,,,,,,,,,,,,,,,,,,,,,,,,
1613778622.288,kube_pod_container_resource_requests_cpu_cores,cart,http,10.1.7.232:8080,kube-state-metrics,robot-shop,docker-desktop,cart-6d995f7dc6-56fjs,prometheus-kube-state-metrics,0.1,,,,,,,,,,,,,,,,,,,,,,,,,
1613778592.288,kube_pod_container_resource_requests_cpu_cores,catalogue,http,10.1.7.232:8080,kube-state-metrics,robot-shop,docker-desktop,catalogue-586db9967-5jtnh,prometheus-kube-state-metrics,0.1,,,,,,,,,,,,,,,,,,,,,,,,,
1613778622.288,kube_pod_container_resource_requests_cpu_cores,catalogue,http,10.1.7.232:8080,kube-state-metrics,robot-shop,docker-desktop,catalogue-586db9967-5jtnh,prometheus-kube-state-metrics,0.1,,,,,,,,,,,,,,,,,,,,,,,,,
1613778592.288,kube_pod_container_resource_requests_cpu_cores,config-reloader,http,10.1.7.232:8080,kube-state-metrics,default,docker-desktop,alertmanager-prometheus-kube-prometheus-alertmanager-0,prometheus-kube-state-metrics,0.1,,,,,,,,,,,,,,,,,,,,,,,,,
1613778622.288,kube_pod_container_resource_requests_cpu_cores,config-reloader,http,10.1.7.232:8080,kube-state-metrics,default,docker-desktop,alertmanager-prometheus-kube-prometheus-alertmanager-0,prometheus-kube-state-metrics,0.1,,,,,,,,,,,,,,,,,,,,,,,,,
1613778592.288,kube_pod_container_resource_requests_cpu_cores,config-reloader,http,10.1.7.232:8080,kube-state-metrics,default,docker-desktop,prometheus-prometheus-kube-prometheus-prometheus-0,prometheus-kube-state-metrics,0.1,,,,,,,,,,,,,,,,,,,,,,,,,
1613778622.288,kube_pod_container_resource_requests_cpu_cores,config-reloader,http,10.1.7.232:8080,kube-state-metrics,default,docker-desktop,prometheus-prometheus-kube-prometheus-prometheus-0,prometheus-kube-state-metrics,0.1,,,,,,,,,,,,,,,,,,,,,,,,,
1613778592.288,kube_pod_container_resource_requests_cpu_cores,coredns,http,10.1.7.232:8080,kube-state-metrics,kube-system,docker-desktop,coredns-f9fd979d6-4b2l5,prometheus-kube-state-metrics,0.1,,,,,,,,,,,,,,,,,,,,,,,,,
1613778622.288,kube_pod_container_resource_requests_cpu_cores,coredns,http,10.1.7.232:8080,kube-state-metrics,kube-system,docker-desktop,coredns-f9fd979d6-4b2l5,prometheus-kube-state-metrics,0.1,,,,,,,,,,,,,,,,,,,,,,,,,
1613778592.288,kube_pod_container_resource_requests_cpu_cores,coredns,http,10.1.7.232:8080,kube-state-metrics,kube-system,docker-desktop,coredns-f9fd979d6-gsfph,prometheus-kube-state-metrics,0.1,,,,,,,,,,,,,,,,,,,,,,,,,
1613778622.288,kube_pod_container_resource_requests_cpu_cores,coredns,http,10.1.7.232:8080,kube-state-metrics,kube-system,docker-desktop,coredns-f9fd979d6-gsfph,prometheus-kube-state-metrics,0.1,,,,,,,,,,,,,,,,,,,,,,,,,
1613778592.288,kube_pod_container_resource_requests_cpu_cores,dispatch,http,10.1.7.232:8080,kube-state-metrics,robot-shop,docker-desktop,dispatch-6464b86c7f-kkzz9,prometheus-kube-state-metrics,0.1,,,,,,,,,,,,,,,,,,,,,,,,,
1613778622.288,kube_pod_container_resource_requests_cpu_cores,dispatch,http,10.1.7.232:8080,kube-state-metrics,robot-shop,docker-desktop,dispatch-6464b86c7f-kkzz9,prometheus-kube-state-metrics,0.1,,,,,,,,,,,,,,,,,,,,,,,,,
1613778592.288,kube_pod_container_resource_requests_cpu_cores,kube-apiserver,http,10.1.7.232:8080,kube-state-metrics,kube-system,docker-desktop,kube-apiserver-docker-desktop,prometheus-kube-state-metrics,0.25,,,,,,,,,,,,,,,,,,,,,,,,,
1613778622.288,kube_pod_container_resource_requests_cpu_cores,kube-apiserver,http,10.1.7.232:8080,kube-state-metrics,kube-system,docker-desktop,kube-apiserver-docker-desktop,prometheus-kube-state-metrics,0.25,,,,,,,,,,,,,,,,,,,,,,,,,
1613778592.288,kube_pod_container_resource_requests_cpu_cores,kube-controller-manager,http,10.1.7.232:8080,kube-state-metrics,kube-system,docker-desktop,kube-controller-manager-docker-desktop,prometheus-kube-state-metrics,0.2,,,,,,,,,,,,,,,,,,,,,,,,,
1613778622.288,kube_pod_container_resource_requests_cpu_cores,kube-controller-manager,http,10.1.7.232:8080,kube-state-metrics,kube-system,docker-desktop,kube-controller-manager-docker-desktop,prometheus-kube-state-metrics,0.2,,,,,,,,,,,,,,,,,,,,,,,,,
1613778592.288,kube_pod_container_resource_requests_cpu_cores,kube-scheduler,http,10.1.7.232:8080,kube-state-metrics,kube-system,docker-desktop,kube-scheduler-docker-desktop,prometheus-kube-state-metrics,0.1,,,,,,,,,,,,,,,,,,,,,,,,,
1613778622.288,kube_pod_container_resource_requests_cpu_cores,kube-scheduler,http,10.1.7.232:8080,kube-state-metrics,kube-system,docker-desktop,kube-scheduler-docker-desktop,prometheus-kube-state-metrics,0.1,,,,,,,,,,,,,,,,,,,,,,,,,
1613778592.288,kube_pod_container_resource_requests_cpu_cores,mongodb,http,10.1.7.232:8080,kube-state-metrics,robot-shop,docker-desktop,mongodb-7fcc49887c-c86gw,prometheus-kube-state-metrics,0.1,,,,,,,,,,,,,,,,,,,,,,,,,
1613778622.288,kube_pod_container_resource_requests_cpu_cores,mongodb,http,10.1.7.232:8080,kube-state-metrics,robot-shop,docker-desktop,mongodb-7fcc49887c-c86gw,prometheus-kube-state-metrics,0.1,,,,,,,,,,,,,,,,,,,,,,,,,
1613778592.288,kube_pod_container_resource_requests_cpu_cores,mysql,http,10.1.7.232:8080,kube-state-metrics,robot-shop,docker-desktop,mysql-6fbdd859fd-zs86n,prometheus-kube-state-metrics,0.1,,,,,,,,,,,,,,,,,,,,,,,,,
1613778622.288,kube_pod_container_resource_requests_cpu_cores,mysql,http,10.1.7.232:8080,kube-state-metrics,robot-shop,docker-desktop,mysql-6fbdd859fd-zs86n,prometheus-kube-state-metrics,0.1,,,,,,,,,,,,,,,,,,,,,,,,,
1613778592.288,kube_pod_container_resource_requests_cpu_cores,payment,http,10.1.7.232:8080,kube-state-metrics,robot-shop,docker-desktop,payment-76c66c7d5f-2kcf5,prometheus-kube-state-metrics,0.1,,,,,,,,,,,,,,,,,,,,,,,,,
1613778622.288,kube_pod_container_resource_requests_cpu_cores,payment,http,10.1.7.232:8080,kube-state-metrics,robot-shop,docker-desktop,payment-76c66c7d5f-2kcf5,prometheus-kube-state-metrics,0.1,,,,,,,,,,,,,,,,,,,,,,,,,
1613778592.288,kube_pod_container_resource_requests_cpu_cores,rabbitmq,http,10.1.7.232:8080,kube-state-metrics,robot-shop,docker-desktop,rabbitmq-86f8d8c475-stzdn,prometheus-kube-state-metrics,0.1,,,,,,,,,,,,,,,,,,,,,,,,,
1613778622.288,kube_pod_container_resource_requests_cpu_cores,rabbitmq,http,10.1.7.232:8080,kube-state-metrics,robot-shop,docker-desktop,rabbitmq-86f8d8c475-stzdn,prometheus-kube-state-metrics,0.1,,,,,,,,,,,,,,,,,,,,,,,,,
1613778592.288,kube_pod_container_resource_requests_cpu_cores,ratings,http,10.1.7.232:8080,kube-state-metrics,robot-shop,docker-desktop,ratings-688d98cd8f-fvxpt,prometheus-kube-state-metrics,0.1,,,,,,,,,,,,,,,,,,,,,,,,,
1613778622.288,kube_pod_container_resource_requests_cpu_cores,ratings,http,10.1.7.232:8080,kube-state-metrics,robot-shop,docker-desktop,ratings-688d98cd8f-fvxpt,prometheus-kube-state-metrics,0.1,,,,,,,,,,,,,,,,,,,,,,,,,
1613778592.288,kube_pod_container_resource_requests_cpu_cores,redis,http,10.1.7.232:8080,kube-state-metrics,robot-shop,docker-desktop,redis-0,prometheus-kube-state-metrics,0.1,,,,,,,,,,,,,,,,,,,,,,,,,
1613778622.288,kube_pod_container_resource_requests_cpu_cores,redis,http,10.1.7.232:8080,kube-state-metrics,robot-shop,docker-desktop,redis-0,prometheus-kube-state-metrics,0.1,,,,,,,,,,,,,,,,,,,,,,,,,
1613778592.288,kube_pod_container_resource_requests_cpu_cores,shipping,http,10.1.7.232:8080,kube-state-metrics,robot-shop,docker-desktop,shipping-5cd699998d-n4jtr,prometheus-kube-state-metrics,0.1,,,,,,,,,,,,,,,,,,,,,,,,,
1613778622.288,kube_pod_container_resource_requests_cpu_cores,shipping,http,10.1.7.232:8080,kube-state-metrics,robot-shop,docker-desktop,shipping-5cd699998d-n4jtr,prometheus-kube-state-metrics,0.1,,,,,,,,,,,,,,,,,,,,,,,,,
1613778592.288,kube_pod_container_resource_requests_cpu_cores,user,http,10.1.7.232:8080,kube-state-metrics,robot-shop,docker-desktop,user-6757745759-ggdcp,prometheus-kube-state-metrics,0.1,,,,,,,,,,,,,,,,,,,,,,,,,
1613778622.288,kube_pod_container_resource_requests_cpu_cores,user,http,10.1.7.232:8080,kube-state-metrics,robot-shop,docker-desktop,user-6757745759-ggdcp,prometheus-kube-state-metrics,0.1,,,,,,,,,,,,,,,,,,,,,,,,,
1613778592.288,kube_pod_container_resource_requests_cpu_cores,web,http,10.1.7.232:8080,kube-state-metrics,robot-shop,docker-desktop,web-686969bf8f-52hlc,prometheus-kube-state-metrics,0.1,,,,,,,,,,,,,,,,,,,,,,,,,
1613778622.288,kube_pod_container_resource_requests_cpu_cores,web,http,10.1.7.232:8080,kube-state-metrics,robot-shop,docker-desktop,web-686969bf8f-52hlc,prometheus-kube-state-metrics,0.1,,,,,,,,,,,,,,,,,,,,,,,,,
1613778606.973,container_cpu_cfs_throttled_seconds_total,cart,https-metrics,192.168.65.3:10250,kubelet,robot-shop,docker-desktop,cart-6d995f7dc6-56fjs,prometheus-kube-prometheus-kubelet,12.2121802,/kubepods/kubepods/burstable/pod60e7f11c-b6bf-49a6-b2e4-54c18875e7a6/069eb4d75d276c2ef086ef0596764d31089f4ce504f79afcc285156fa38cfdf5,sha256:bf5efcded352621eec6051df00489ec225270ab074e9c731b3dbebb3270a4782,/metrics/cadvisor,k8s_cart_cart-6d995f7dc6-56fjs_robot-shop_60e7f11c-b6bf-49a6-b2e4-54c18875e7a6_0,,,,,,,,,,,,,,,,,,,,,
1613778600.882,container_cpu_cfs_throttled_seconds_total,catalogue,https-metrics,192.168.65.3:10250,kubelet,robot-shop,docker-desktop,catalogue-586db9967-5jtnh,prometheus-kube-prometheus-kubelet,7.9581229,/kubepods/kubepods/burstable/pod187bd685-ae72-47a8-ae5f-985059b707e8/dfb722f527e984dc9e687201de05295138c3f6d2c0d05cf85a57f8f50a702fd5,sha256:a293fd6d3230e848ec1b06ed14e03c2c311e56be0e8d257c3442c54a3b7f62ee,/metrics/cadvisor,k8s_catalogue_catalogue-586db9967-5jtnh_robot-shop_187bd685-ae72-47a8-ae5f-985059b707e8_0,,,,,,,,,,,,,,,,,,,,,
1613778611.268,container_cpu_cfs_throttled_seconds_total,config-reloader,https-metrics,192.168.65.3:10250,kubelet,default,docker-desktop,prometheus-prometheus-kube-prometheus-prometheus-0,prometheus-kube-prometheus-kubelet,79.5077791,/kubepods/kubepods/burstable/pod2e96bfc4-3c10-4d82-8559-96ee02c50c31/12211e76a1f430c5bf38e511cf274f735ad5bc6b07aa5467f2c77f8e91e81747,sha256:73bc771f8028b1accae9e696fb577750cc9ff09feea8a3a30b590d4a4c2766d2,/metrics/cadvisor,k8s_config-reloader_prometheus-prometheus-kube-prometheus-prometheus-0_default_2e96bfc4-3c10-4d82-8559-96ee02c50c31_5,,,,,,,,,,,,,,,,,,,,,
1613778597.665,container_cpu_cfs_throttled_seconds_total,config-reloader,https-metrics,192.168.65.3:10250,kubelet,default,docker-desktop,alertmanager-prometheus-kube-prometheus-alertmanager-0,prometheus-kube-prometheus-kubelet,1.8703612,/kubepods/kubepods/burstable/pod414fed11-6938-47e9-8069-d32074624822/f0c0fc5f823683a93246c0398a62f46022cb0598a305ba820bd48de8d80385ac,sha256:73bc771f8028b1accae9e696fb577750cc9ff09feea8a3a30b590d4a4c2766d2,/metrics/cadvisor,k8s_config-reloader_alertmanager-prometheus-kube-prometheus-alertmanager-0_default_414fed11-6938-47e9-8069-d32074624822_5,,,,,,,,,,,,,,,,,,,,,
1613778600.704,container_cpu_cfs_throttled_seconds_total,dispatch,https-metrics,192.168.65.3:10250,kubelet,robot-shop,docker-desktop,dispatch-6464b86c7f-kkzz9,prometheus-kube-prometheus-kubelet,0,/kubepods/kubepods/burstable/pod2a81da63-13e4-418d-b8ff-f9ce5b9e1022/46f7696824964193d259244879f198d5ca2ced4e4241dbf7e597eab5cc1957cf,sha256:6c8d68a0ec465a1c2e22722f5809f3453650b9cb992f5aba28a792a5fb0adda8,/metrics/cadvisor,k8s_dispatch_dispatch-6464b86c7f-kkzz9_robot-shop_2a81da63-13e4-418d-b8ff-f9ce5b9e1022_0,,,,,,,,,,,,,,,,,,,,,
1613778607.14,container_cpu_cfs_throttled_seconds_total,mongodb,https-metrics,192.168.65.3:10250,kubelet,robot-shop,docker-desktop,mongodb-7fcc49887c-c86gw,prometheus-kube-prometheus-kubelet,8.5285604,/kubepods/kubepods/burstable/pod1cc75685-8efe-4a7f-8417-5099f48c4543/8362efe10be29047cf1f33f72240fd771e23dcc4c2b2a9d323689f3fc6883076,sha256:42ae93d2b866e3de4537eb40814a84c1efe3c482c6bf85507ca1ad95c5a7b6af,/metrics/cadvisor,k8s_mongodb_mongodb-7fcc49887c-c86gw_robot-shop_1cc75685-8efe-4a7f-8417-5099f48c4543_0,,,,,,,,,,,,,,,,,,,,,
1613778597.23,container_cpu_cfs_throttled_seconds_total,mysql,https-metrics,192.168.65.3:10250,kubelet,robot-shop,docker-desktop,mysql-6fbdd859fd-zs86n,prometheus-kube-prometheus-kubelet,21352.1044593,/kubepods/kubepods/burstable/pod8c093283-face-42bf-a21e-beb105b0ef06/288fb6a95b1c80759c3e854d9cb2b55ac201f43022f95775d134a631c1078fc2,sha256:f6eb684aeb24711d8ffa8c4e0726cfccf2a23e1c8b3ae3438b7c6b9c4accfed3,/metrics/cadvisor,k8s_mysql_mysql-6fbdd859fd-zs86n_robot-shop_8c093283-face-42bf-a21e-beb105b0ef06_0,,,,,,,,,,,,,,,,,,,,,
1613778614.169,container_cpu_cfs_throttled_seconds_total,payment,https-metrics,192.168.65.3:10250,kubelet,robot-shop,docker-desktop,payment-76c66c7d5f-2kcf5,prometheus-kube-prometheus-kubelet,3.2458256,/kubepods/kubepods/burstable/podc1fd130f-ff5b-4513-b341-3bf8ca6ad629/2421940010ff49fc0672cb9f322c38f4e2ddd6b1f9595f5868058591e402cd4d,sha256:a6f35425547117f0e464078ffd271041a950de8d7aaecb2f518d16026210a806,/metrics/cadvisor,k8s_payment_payment-76c66c7d5f-2kcf5_robot-shop_c1fd130f-ff5b-4513-b341-3bf8ca6ad629_0,,,,,,,,,,,,,,,,,,,,,
1613778600.39,container_cpu_cfs_throttled_seconds_total,rabbitmq,https-metrics,192.168.65.3:10250,kubelet,robot-shop,docker-desktop,rabbitmq-86f8d8c475-stzdn,prometheus-kube-prometheus-kubelet,6212.9041789,/kubepods/kubepods/burstable/pod0cf15d0d-65f0-44fe-a22f-efbb757762a5/004f9401277efbb77eff757275576c735b342e865756a3bcae56ab442705c3ca,sha256:f6219c413094ec0fbaa87f134dbfb3bc4a28b057e1d76b6c7061b8ee73d43490,/metrics/cadvisor,k8s_rabbitmq_rabbitmq-86f8d8c475-stzdn_robot-shop_0cf15d0d-65f0-44fe-a22f-efbb757762a5_0,,,,,,,,,,,,,,,,,,,,,
1613778605.229,container_cpu_cfs_throttled_seconds_total,ratings,https-metrics,192.168.65.3:10250,kubelet,robot-shop,docker-desktop,ratings-688d98cd8f-fvxpt,prometheus-kube-prometheus-kubelet,1.3639736,/kubepods/kubepods/burstable/pod5ce2e053-dfbd-482b-97dc-de698edea847/052f065e552e25a1ebb3a25ebfd2e37a5b38adf1f9c7744b84b252c931180ecb,sha256:e6cdc826bae5679bab118b0001168dfbf5c2965e3a48c23363ebcae7c322fd1f,/metrics/cadvisor,k8s_ratings_ratings-688d98cd8f-fvxpt_robot-shop_5ce2e053-dfbd-482b-97dc-de698edea847_1,,,,,,,,,,,,,,,,,,,,,
1613778604.918,container_cpu_cfs_throttled_seconds_total,redis,https-metrics,192.168.65.3:10250,kubelet,robot-shop,docker-desktop,redis-0,prometheus-kube-prometheus-kubelet,1.2449743,/kubepods/kubepods/burstable/pod30b45112-9be0-45a5-ad45-27c36ece495a/e07c9652bd7a64d2dd4fe52cc4b5499b3fa0c70dab2a3cdee85c8963640e7190,sha256:1e70071f4af45af2cc9e1d1300c675c1ce37ee25a8a5cef1f375db5ed461dbab,/metrics/cadvisor,k8s_redis_redis-0_robot-shop_30b45112-9be0-45a5-ad45-27c36ece495a_0,,,,,,,,,,,,,,,,,,,,,
1613778611.647,container_cpu_cfs_throttled_seconds_total,shipping,https-metrics,192.168.65.3:10250,kubelet,robot-shop,docker-desktop,shipping-5cd699998d-n4jtr,prometheus-kube-prometheus-kubelet,0,/kubepods/kubepods/burstable/pod45b007d0-ea85-466d-bc7a-0db8db160bc0/8edc4c06b549de34f793526317fac823d3b617a14ad9b9bd6734cb950b44639c,sha256:67f6d261aeeb4569bd34e59d2e65738ec37cc20cf9ed2c08039b330497f3a993,/metrics/cadvisor,k8s_shipping_shipping-5cd699998d-n4jtr_robot-shop_45b007d0-ea85-466d-bc7a-0db8db160bc0_1,,,,,,,,,,,,,,,,,,,,,
1613778608.375,container_cpu_cfs_throttled_seconds_total,user,https-metrics,192.168.65.3:10250,kubelet,robot-shop,docker-desktop,user-6757745759-ggdcp,prometheus-kube-prometheus-kubelet,5.6851988,/kubepods/kubepods/burstable/podd9b675a5-f3b9-4d8b-97db-e9bfa126a717/32d218bdd2491a6b5e126d90a23d8368ac322e3ada2d8e20928e754afd08fdc1,sha256:0ca4c9d27584b4722d9c11ccd423a88921066a80d1b4819023d8e0aefdcad8f3,/metrics/cadvisor,k8s_user_user-6757745759-ggdcp_robot-shop_d9b675a5-f3b9-4d8b-97db-e9bfa126a717_0,,,,,,,,,,,,,,,,,,,,,
1613778585.088,container_cpu_cfs_throttled_seconds_total,web,https-metrics,192.168.65.3:10250,kubelet,robot-shop,docker-desktop,web-686969bf8f-52hlc,prometheus-kube-prometheus-kubelet,0,/kubepods/kubepods/burstable/podf4b18538-675a-4373-b6d3-b11f526a1a9d/7c5813798d2a4bfa98d088493761668ed98bf63dfe49eef3c117178d6048d12a,sha256:739c435c261250fbdc8401d647a1b769bb4f3c3eed676b60a997b53e04514f1f,/metrics/cadvisor,k8s_web_web-686969bf8f-52hlc_robot-shop_f4b18538-675a-4373-b6d3-b11f526a1a9d_0,,,,,,,,,,,,,,,,,,,,,
1613778613.102,container_cpu_cfs_throttled_seconds_total,web,https-metrics,192.168.65.3:10250,kubelet,robot-shop,docker-desktop,web-686969bf8f-52hlc,prometheus-kube-prometheus-kubelet,0,/kubepods/kubepods/burstable/podf4b18538-675a-4373-b6d3-b11f526a1a9d/7c5813798d2a4bfa98d088493761668ed98bf63dfe49eef3c117178d6048d12a,sha256:739c435c261250fbdc8401d647a1b769bb4f3c3eed676b60a997b53e04514f1f,/metrics/cadvisor,k8s_web_web-686969bf8f-52hlc_robot-shop_f4b18538-675a-4373-b6d3-b11f526a1a9d_0,,,,,,,,,,,,,,,,,,,,,
1613778592.288,kube_deployment_spec_replicas,kube-state-metrics,http,10.1.7.232:8080,kube-state-metrics,robot-shop,,prometheus-kube-state-metrics-95d956569-9dl7x,prometheus-kube-state-metrics,1,,,,,cart,,,,,,,,,,,,,,,,,,,,
1613778622.288,kube_deployment_spec_replicas,kube-state-metrics,http,10.1.7.232:8080,kube-state-metrics,robot-shop,,prometheus-kube-state-metrics-95d956569-9dl7x,prometheus-kube-state-metrics,1,,,,,cart,,,,,,,,,,,,,,,,,,,,
1613778592.288,kube_deployment_spec_replicas,kube-state-metrics,http,10.1.7.232:8080,kube-state-metrics,robot-shop,,prometheus-kube-state-metrics-95d956569-9dl7x,prometheus-kube-state-metrics,1,,,,,catalogue,,,,,,,,,,,,,,,,,,,,
1613778622.288,kube_deployment_spec_replicas,kube-state-metrics,http,10.1.7.232:8080,kube-state-metrics,robot-shop,,prometheus-kube-state-metrics-95d956569-9dl7x,prometheus-kube-state-metrics,1,,,,,catalogue,,,,,,,,,,,,,,,,,,,,
1613778592.288,kube_deployment_spec_replicas,kube-state-metrics,http,10.1.7.232:8080,kube-state-metrics,kube-system,,prometheus-kube-state-metrics-95d956569-9dl7x,prometheus-kube-state-metrics,2,,,,,coredns,,,,,,,,,,,,,,,,,,,,
1613778622.288,kube_deployment_spec_replicas,kube-state-metrics,http,10.1.7.232:8080,kube-state-metrics,kube-system,,prometheus-kube-state-metrics-95d956569-9dl7x,prometheus-kube-state-metrics,2,,,,,coredns,,,,,,,,,,,,,,,,,,,,
1613778592.288,kube_deployment_spec_replicas,kube-state-metrics,http,10.1.7.232:8080,kube-state-metrics,robot-shop,,prometheus-kube-state-metrics-95d956569-9dl7x,prometheus-kube-state-metrics,1,,,,,dispatch,,,,,,,,,,,,,,,,,,,,
1613778622.288,kube_deployment_spec_replicas,kube-state-metrics,http,10.1.7.232:8080,kube-state-metrics,robot-shop,,prometheus-kube-state-metrics-95d956569-9dl7x,prometheus-kube-state-metrics,1,,,,,dispatch,,,,,,,,,,,,,,,,,,,,
1613778592.288,kube_deployment_spec_replicas,kube-state-metrics,http,10.1.7.232:8080,kube-state-metrics,linkerd,,prometheus-kube-state-metrics-95d956569-9dl7x,prometheus-kube-state-metrics,1,,,,,linkerd-controller,,,,,,,,,,,,,,,,,,,,
1613778622.288,kube_deployment_spec_replicas,kube-state-metrics,http,10.1.7.232:8080,kube-state-metrics,linkerd,,prometheus-kube-state-metrics-95d956569-9dl7x,prometheus-kube-state-metrics,1,,,,,linkerd-controller,,,,,,,,,,,,,,,,,,,,
1613778592.288,kube_deployment_spec_replicas,kube-state-metrics,http,10.1.7.232:8080,kube-state-metrics,linkerd,,prometheus-kube-state-metrics-95d956569-9dl7x,prometheus-kube-state-metrics,1,,,,,linkerd-destination,,,,,,,,,,,,,,,,,,,,
1613778622.288,kube_deployment_spec_replicas,kube-state-metrics,http,10.1.7.232:8080,kube-state-metrics,linkerd,,prometheus-kube-state-metrics-95d956569-9dl7x,prometheus-kube-state-metrics,1,,,,,linkerd-destination,,,,,,,,,,,,,,,,,,,,
1613778592.288,kube_deployment_spec_replicas,kube-state-metrics,http,10.1.7.232:8080,kube-state-metrics,linkerd,,prometheus-kube-state-metrics-95d956569-9dl7x,prometheus-kube-state-metrics,1,,,,,linkerd-grafana,,,,,,,,,,,,,,,,,,,,
1613778622.288,kube_deployment_spec_replicas,kube-state-metrics,http,10.1.7.232:8080,kube-state-metrics,linkerd,,prometheus-kube-state-metrics-95d956569-9dl7x,prometheus-kube-state-metrics,1,,,,,linkerd-grafana,,,,,,,,,,,,,,,,,,,,
1613778592.288,kube_deployment_spec_replicas,kube-state-metrics,http,10.1.7.232:8080,kube-state-metrics,linkerd,,prometheus-kube-state-metrics-95d956569-9dl7x,prometheus-kube-state-metrics,1,,,,,linkerd-identity,,,,,,,,,,,,,,,,,,,,
1613778622.288,kube_deployment_spec_replicas,kube-state-metrics,http,10.1.7.232:8080,kube-state-metrics,linkerd,,prometheus-kube-state-metrics-95d956569-9dl7x,prometheus-kube-state-metrics,1,,,,,linkerd-identity,,,,,,,,,,,,,,,,,,,,
1613778592.288,kube_deployment_spec_replicas,kube-state-metrics,http,10.1.7.232:8080,kube-state-metrics,linkerd,,prometheus-kube-state-metrics-95d956569-9dl7x,prometheus-kube-state-metrics,1,,,,,linkerd-prometheus,,,,,,,,,,,,,,,,,,,,
1613778622.288,kube_deployment_spec_replicas,kube-state-metrics,http,10.1.7.232:8080,kube-state-metrics,linkerd,,prometheus-kube-state-metrics-95d956569-9dl7x,prometheus-kube-state-metrics,1,,,,,linkerd-prometheus,,,,,,,,,,,,,,,,,,,,
1613778592.288,kube_deployment_spec_replicas,kube-state-metrics,http,10.1.7.232:8080,kube-state-metrics,linkerd,,prometheus-kube-state-metrics-95d956569-9dl7x,prometheus-kube-state-metrics,1,,,,,linkerd-proxy-injector,,,,,,,,,,,,,,,,,,,,
1613778622.288,kube_deployment_spec_replicas,kube-state-metrics,http,10.1.7.232:8080,kube-state-metrics,linkerd,,prometheus-kube-state-metrics-95d956569-9dl7x,prometheus-kube-state-metrics,1,,,,,linkerd-proxy-injector,,,,,,,,,,,,,,,,,,,,
1613778592.288,kube_deployment_spec_replicas,kube-state-metrics,http,10.1.7.232:8080,kube-state-metrics,linkerd,,prometheus-kube-state-metrics-95d956569-9dl7x,prometheus-kube-state-metrics,1,,,,,linkerd-sp-validator,,,,,,,,,,,,,,,,,,,,
1613778622.288,kube_deployment_spec_replicas,kube-state-metrics,http,10.1.7.232:8080,kube-state-metrics,linkerd,,prometheus-kube-state-metrics-95d956569-9dl7x,prometheus-kube-state-metrics,1,,,,,linkerd-sp-validator,,,,,,,,,,,,,,,,,,,,
1613778592.288,kube_deployment_spec_replicas,kube-state-metrics,http,10.1.7.232:8080,kube-state-metrics,linkerd,,prometheus-kube-state-metrics-95d956569-9dl7x,prometheus-kube-state-metrics,1,,,,,linkerd-tap,,,,,,,,,,,,,,,,,,,,
1613778622.288,kube_deployment_spec_replicas,kube-state-metrics,http,10.1.7.232:8080,kube-state-metrics,linkerd,,prometheus-kube-state-metrics-95d956569-9dl7x,prometheus-kube-state-metrics,1,,,,,linkerd-tap,,,,,,,,,,,,,,,,,,,,
1613778592.288,kube_deployment_spec_replicas,kube-state-metrics,http,10.1.7.232:8080,kube-state-metrics,linkerd,,prometheus-kube-state-metrics-95d956569-9dl7x,prometheus-kube-state-metrics,1,,,,,linkerd-web,,,,,,,,,,,,,,,,,,,,
1613778622.288,kube_deployment_spec_replicas,kube-state-metrics,http,10.1.7.232:8080,kube-state-metrics,linkerd,,prometheus-kube-state-metrics-95d956569-9dl7x,prometheus-kube-state-metrics,1,,,,,linkerd-web,,,,,,,,,,,,,,,,,,,,
1613778592.288,kube_deployment_spec_replicas,kube-state-metrics,http,10.1.7.232:8080,kube-state-metrics,robot-shop,,prometheus-kube-state-metrics-95d956569-9dl7x,prometheus-kube-state-metrics,1,,,,,mongodb,,,,,,,,,,,,,,,,,,,,
1613778622.288,kube_deployment_spec_replicas,kube-state-metrics,http,10.1.7.232:8080,kube-state-metrics,robot-shop,,prometheus-kube-state-metrics-95d956569-9dl7x,prometheus-kube-state-metrics,1,,,,,mongodb,,,,,,,,,,,,,,,,,,,,
1613778592.288,kube_deployment_spec_replicas,kube-state-metrics,http,10.1.7.232:8080,kube-state-metrics,robot-shop,,prometheus-kube-state-metrics-95d956569-9dl7x,prometheus-kube-state-metrics,1,,,,,mysql,,,,,,,,,,,,,,,,,,,,
1613778622.288,kube_deployment_spec_replicas,kube-state-metrics,http,10.1.7.232:8080,kube-state-metrics,robot-shop,,prometheus-kube-state-metrics-95d956569-9dl7x,prometheus-kube-state-metrics,1,,,,,mysql,,,,,,,,,,,,,,,,,,,,
1613778592.288,kube_deployment_spec_replicas,kube-state-metrics,http,10.1.7.232:8080,kube-state-metrics,robot-shop,,prometheus-kube-state-metrics-95d956569-9dl7x,prometheus-kube-state-metrics,1,,,,,payment,,,,,,,,,,,,,,,,,,,,
1613778622.288,kube_deployment_spec_replicas,kube-state-metrics,http,10.1.7.232:8080,kube-state-metrics,robot-shop,,prometheus-kube-state-metrics-95d956569-9dl7x,prometheus-kube-state-metrics,1,,,,,payment,,,,,,,,,,,,,,,,,,,,
1613778592.288,kube_deployment_spec_replicas,kube-state-metrics,http,10.1.7.232:8080,kube-state-metrics,default,,prometheus-kube-state-metrics-95d956569-9dl7x,prometheus-kube-state-metrics,1,,,,,prometheus-grafana,,,,,,,,,,,,,,,,,,,,
1613778622.288,kube_deployment_spec_replicas,kube-state-metrics,http,10.1.7.232:8080,kube-state-metrics,default,,prometheus-kube-state-metrics-95d956569-9dl7x,prometheus-kube-state-metrics,1,,,,,prometheus-grafana,,,,,,,,,,,,,,,,,,,,
1613778592.288,kube_deployment_spec_replicas,kube-state-metrics,http,10.1.7.232:8080,kube-state-metrics,default,,prometheus-kube-state-metrics-95d956569-9dl7x,prometheus-kube-state-metrics,1,,,,,prometheus-kube-prometheus-operator,,,,,,,,,,,,,,,,,,,,
1613778622.288,kube_deployment_spec_replicas,kube-state-metrics,http,10.1.7.232:8080,kube-state-metrics,default,,prometheus-kube-state-metrics-95d956569-9dl7x,prometheus-kube-state-metrics,1,,,,,prometheus-kube-prometheus-operator,,,,,,,,,,,,,,,,,,,,
1613778592.288,kube_deployment_spec_replicas,kube-state-metrics,http,10.1.7.232:8080,kube-state-metrics,default,,prometheus-kube-state-metrics-95d956569-9dl7x,prometheus-kube-state-metrics,1,,,,,prometheus-kube-state-metrics,,,,,,,,,,,,,,,,,,,,
1613778622.288,kube_deployment_spec_replicas,kube-state-metrics,http,10.1.7.232:8080,kube-state-metrics,default,,prometheus-kube-state-metrics-95d956569-9dl7x,prometheus-kube-state-metrics,1,,,,,prometheus-kube-state-metrics,,,,,,,,,,,,,,,,,,,,
1613778592.288,kube_deployment_spec_replicas,kube-state-metrics,http,10.1.7.232:8080,kube-state-metrics,robot-shop,,prometheus-kube-state-metrics-95d956569-9dl7x,prometheus-kube-state-metrics,1,,,,,rabbitmq,,,,,,,,,,,,,,,,,,,,
1613778622.288,kube_deployment_spec_replicas,kube-state-metrics,http,10.1.7.232:8080,kube-state-metrics,robot-shop,,prometheus-kube-state-metrics-95d956569-9dl7x,prometheus-kube-state-metrics,1,,,,,rabbitmq,,,,,,,,,,,,,,,,,,,,
1613778592.288,kube_deployment_spec_replicas,kube-state-metrics,http,10.1.7.232:8080,kube-state-metrics,robot-shop,,prometheus-kube-state-metrics-95d956569-9dl7x,prometheus-kube-state-metrics,1,,,,,ratings,,,,,,,,,,,,,,,,,,,,
1613778622.288,kube_deployment_spec_replicas,kube-state-metrics,http,10.1.7.232:8080,kube-state-metrics,robot-shop,,prometheus-kube-state-metrics-95d956569-9dl7x,prometheus-kube-state-metrics,1,,,,,ratings,,,,,,,,,,,,,,,,,,,,
1613778592.288,kube_deployment_spec_replicas,kube-state-metrics,http,10.1.7.232:8080,kube-state-metrics,robot-shop,,prometheus-kube-state-metrics-95d956569-9dl7x,prometheus-kube-state-metrics,1,,,,,shipping,,,,,,,,,,,,,,,,,,,,
1613778622.288,kube_deployment_spec_replicas,kube-state-metrics,http,10.1.7.232:8080,kube-state-metrics,robot-shop,,prometheus-kube-state-metrics-95d956569-9dl7x,prometheus-kube-state-metrics,1,,,,,shipping,,,,,,,,,,,,,,,,,,,,
1613778592.288,kube_deployment_spec_replicas,kube-state-metrics,http,10.1.7.232:8080,kube-state-metrics,robot-shop,,prometheus-kube-state-metrics-95d956569-9dl7x,prometheus-kube-state-metrics,1,,,,,user,,,,,,,,,,,,,,,,,,,,
1613778622.288,kube_deployment_spec_replicas,kube-state-metrics,http,10.1.7.232:8080,kube-state-metrics,robot-shop,,prometheus-kube-state-metrics-95d956569-9dl7x,prometheus-kube-state-metrics,1,,,,,user,,,,,,,,,,,,,,,,,,,,
1613778592.288,kube_deployment_spec_replicas,kube-state-metrics,http,10.1.7.232:8080,kube-state-metrics,robot-shop,,prometheus-kube-state-metrics-95d956569-9dl7x,prometheus-kube-state-metrics,1,,,,,web,,,,,,,,,,,,,,,,,,,,
1613778622.288,kube_deployment_spec_replicas,kube-state-metrics,http,10.1.7.232:8080,kube-state-metrics,robot-shop,,prometheus-kube-state-metrics-95d956569-9dl7x,prometheus-kube-state-metrics,1,,,,,web,,,,,,,,,,,,,,,,,,,,
1613778591.012,response_latency_ms_sum,,,10.1.7.224:4191,linkerd-proxy,linkerd,,linkerd-prometheus-5bccd64d4d-jzwmt,,693565,,,,,linkerd-prometheus,prometheus,linkerd,inbound,no_tls_from_remote,5bccd64d4d,200,no_identity,linkerd,,,,,,,,,,,,
1613778601.012,response_latency_ms_sum,,,10.1.7.224:4191,linkerd-proxy,linkerd,,linkerd-prometheus-5bccd64d4d-jzwmt,,693566,,,,,linkerd-prometheus,prometheus,linkerd,inbound,no_tls_from_remote,5bccd64d4d,200,no_identity,linkerd,,,,,,,,,,,,
1613778611.011,response_latency_ms_sum,,,10.1.7.224:4191,linkerd-proxy,linkerd,,linkerd-prometheus-5bccd64d4d-jzwmt,,693566,,,,,linkerd-prometheus,prometheus,linkerd,inbound,no_tls_from_remote,5bccd64d4d,200,no_identity,linkerd,,,,,,,,,,,,
1613778621.012,response_latency_ms_sum,,,10.1.7.224:4191,linkerd-proxy,linkerd,,linkerd-prometheus-5bccd64d4d-jzwmt,,694576,,,,,linkerd-prometheus,prometheus,linkerd,inbound,no_tls_from_remote,5bccd64d4d,200,no_identity,linkerd,,,,,,,,,,,,
1613778631.011,response_latency_ms_sum,,,10.1.7.224:4191,linkerd-proxy,linkerd,,linkerd-prometheus-5bccd64d4d-jzwmt,,694576,,,,,linkerd-prometheus,prometheus,linkerd,inbound,no_tls_from_remote,5bccd64d4d,200,no_identity,linkerd,,,,,,,,,,,,
1613778641.011,response_latency_ms_sum,,,10.1.7.224:4191,linkerd-proxy,linkerd,,linkerd-prometheus-5bccd64d4d-jzwmt,,694576,,,,,linkerd-prometheus,prometheus,linkerd,inbound,no_tls_from_remote,5bccd64d4d,200,no_identity,linkerd,,,,,,,,,,,,
1613778591.012,response_latency_ms_sum,,,10.1.7.224:4191,linkerd-proxy,linkerd,,linkerd-prometheus-5bccd64d4d-jzwmt,,8,,,,,linkerd-prometheus,prometheus,linkerd,inbound,no_tls_from_remote,5bccd64d4d,503,no_identity,linkerd,,,,,,,,,,,,
1613778601.012,response_latency_ms_sum,,,10.1.7.224:4191,linkerd-proxy,linkerd,,linkerd-prometheus-5bccd64d4d-jzwmt,,8,,,,,linkerd-prometheus,prometheus,linkerd,inbound,no_tls_from_remote,5bccd64d4d,503,no_identity,linkerd,,,,,,,,,,,,
1613778611.011,response_latency_ms_sum,,,10.1.7.224:4191,linkerd-proxy,linkerd,,linkerd-prometheus-5bccd64d4d-jzwmt,,8,,,,,linkerd-prometheus,prometheus,linkerd,inbound,no_tls_from_remote,5bccd64d4d,503,no_identity,linkerd,,,,,,,,,,,,
1613778621.012,response_latency_ms_sum,,,10.1.7.224:4191,linkerd-proxy,linkerd,,linkerd-prometheus-5bccd64d4d-jzwmt,,8,,,,,linkerd-prometheus,prometheus,linkerd,inbound,no_tls_from_remote,5bccd64d4d,503,no_identity,linkerd,,,,,,,,,,,,
1613778631.011,response_latency_ms_sum,,,10.1.7.224:4191,linkerd-proxy,linkerd,,linkerd-prometheus-5bccd64d4d-jzwmt,,8,,,,,linkerd-prometheus,prometheus,linkerd,inbound,no_tls_from_remote,5bccd64d4d,503,no_identity,linkerd,,,,,,,,,,,,
1613778641.011,response_latency_ms_sum,,,10.1.7.224:4191,linkerd-proxy,linkerd,,linkerd-prometheus-5bccd64d4d-jzwmt,,8,,,,,linkerd-prometheus,prometheus,linkerd,inbound,no_tls_from_remote,5bccd64d4d,503,no_identity,linkerd,,,,,,,,,,,,
1613778588.136,response_latency_ms_sum,,,10.1.7.217:4191,linkerd-proxy,linkerd,,linkerd-destination-654f8848f5-4tr7b,,3247,,,,,linkerd-destination,destination,linkerd,inbound,no_tls_from_remote,654f8848f5,200,no_identity,linkerd,,,,,,,,,,,,
1613778598.136,response_latency_ms_sum,,,10.1.7.217:4191,linkerd-proxy,linkerd,,linkerd-destination-654f8848f5-4tr7b,,3247,,,,,linkerd-destination,destination,linkerd,inbound,no_tls_from_remote,654f8848f5,200,no_identity,linkerd,,,,,,,,,,,,
1613778608.136,response_latency_ms_sum,,,10.1.7.217:4191,linkerd-proxy,linkerd,,linkerd-destination-654f8848f5-4tr7b,,3247,,,,,linkerd-destination,destination,linkerd,inbound,no_tls_from_remote,654f8848f5,200,no_identity,linkerd,,,,,,,,,,,,
1613778618.136,response_latency_ms_sum,,,10.1.7.217:4191,linkerd-proxy,linkerd,,linkerd-destination-654f8848f5-4tr7b,,3249,,,,,linkerd-destination,destination,linkerd,inbound,no_tls_from_remote,654f8848f5,200,no_identity,linkerd,,,,,,,,,,,,
1613778628.136,response_latency_ms_sum,,,10.1.7.217:4191,linkerd-proxy,linkerd,,linkerd-destination-654f8848f5-4tr7b,,3249,,,,,linkerd-destination,destination,linkerd,inbound,no_tls_from_remote,654f8848f5,200,no_identity,linkerd,,,,,,,,,,,,
1613778638.136,response_latency_ms_sum,,,10.1.7.217:4191,linkerd-proxy,linkerd,,linkerd-destination-654f8848f5-4tr7b,,3249,,,,,linkerd-destination,destination,linkerd,inbound,no_tls_from_remote,654f8848f5,200,no_identity,linkerd,,,,,,,,,,,,
1613778588.136,response_latency_ms_sum,,,10.1.7.217:4191,linkerd-proxy,linkerd,,linkerd-destination-654f8848f5-4tr7b,,3232,,,,,linkerd-destination,destination,linkerd,inbound,,654f8848f5,200,true,linkerd,linkerd-dst-headless.linkerd.svc.cluster.local:8086,linkerd-prometheus.linkerd.serviceaccount.identity.linkerd.cluster.local,,,,,,,,,,
1613778598.136,response_latency_ms_sum,,,10.1.7.217:4191,linkerd-proxy,linkerd,,linkerd-destination-654f8848f5-4tr7b,,3232,,,,,linkerd-destination,destination,linkerd,inbound,,654f8848f5,200,true,linkerd,linkerd-dst-headless.linkerd.svc.cluster.local:8086,linkerd-prometheus.linkerd.serviceaccount.identity.linkerd.cluster.local,,,,,,,,,,
1613778608.136,response_latency_ms_sum,,,10.1.7.217:4191,linkerd-proxy,linkerd,,linkerd-destination-654f8848f5-4tr7b,,3232,,,,,linkerd-destination,destination,linkerd,inbound,,654f8848f5,200,true,linkerd,linkerd-dst-headless.linkerd.svc.cluster.local:8086,linkerd-prometheus.linkerd.serviceaccount.identity.linkerd.cluster.local,,,,,,,,,,
1613778618.136,response_latency_ms_sum,,,10.1.7.217:4191,linkerd-proxy,linkerd,,linkerd-destination-654f8848f5-4tr7b,,3232,,,,,linkerd-destination,destination,linkerd,inbound,,654f8848f5,200,true,linkerd,linkerd-dst-headless.linkerd.svc.cluster.local:8086,linkerd-prometheus.linkerd.serviceaccount.identity.linkerd.cluster.local,,,,,,,,,,
1613778628.136,response_latency_ms_sum,,,10.1.7.217:4191,linkerd-proxy,linkerd,,linkerd-destination-654f8848f5-4tr7b,,3232,,,,,linkerd-destination,destination,linkerd,inbound,,654f8848f5,200,true,linkerd,linkerd-dst-headless.linkerd.svc.cluster.local:8086,linkerd-prometheus.linkerd.serviceaccount.identity.linkerd.cluster.local,,,,,,,,,,
1613778638.136,response_latency_ms_sum,,,10.1.7.217:4191,linkerd-proxy,linkerd,,linkerd-destination-654f8848f5-4tr7b,,3232,,,,,linkerd-destination,destination,linkerd,inbound,,654f8848f5,200,true,linkerd,linkerd-dst-headless.linkerd.svc.cluster.local:8086,linkerd-prometheus.linkerd.serviceaccount.identity.linkerd.cluster.local,,,,,,,,,,
1613778588.259,response_latency_ms_sum,,,10.1.7.223:4191,linkerd-proxy,linkerd,,linkerd-grafana-ddd5c496f-cctr6,,2491,,,,,linkerd-grafana,grafana,linkerd,inbound,no_tls_from_remote,ddd5c496f,200,no_identity,linkerd,,,,,,,,,,,,
1613778598.259,response_latency_ms_sum,,,10.1.7.223:4191,linkerd-proxy,linkerd,,linkerd-grafana-ddd5c496f-cctr6,,2491,,,,,linkerd-grafana,grafana,linkerd,inbound,no_tls_from_remote,ddd5c496f,200,no_identity,linkerd,,,,,,,,,,,,
1613778608.259,response_latency_ms_sum,,,10.1.7.223:4191,linkerd-proxy,linkerd,,linkerd-grafana-ddd5c496f-cctr6,,2491,,,,,linkerd-grafana,grafana,linkerd,inbound,no_tls_from_remote,ddd5c496f,200,no_identity,linkerd,,,,,,,,,,,,
1613778618.259,response_latency_ms_sum,,,10.1.7.223:4191,linkerd-proxy,linkerd,,linkerd-grafana-ddd5c496f-cctr6,,2491,,,,,linkerd-grafana,grafana,linkerd,inbound,no_tls_from_remote,ddd5c496f,200,no_identity,linkerd,,,,,,,,,,,,
1613778628.259,response_latency_ms_sum,,,10.1.7.223:4191,linkerd-proxy,linkerd,,linkerd-grafana-ddd5c496f-cctr6,,2491,,,,,linkerd-grafana,grafana,linkerd,inbound,no_tls_from_remote,ddd5c496f,200,no_identity,linkerd,,,,,,,,,,,,
1613778638.259,response_latency_ms_sum,,,10.1.7.223:4191,linkerd-proxy,linkerd,,linkerd-grafana-ddd5c496f-cctr6,,2492,,,,,linkerd-grafana,grafana,linkerd,inbound,no_tls_from_remote,ddd5c496f,200,no_identity,linkerd,,,,,,,,,,,,
1613778588.705,response_latency_ms_sum,,,10.1.7.222:4191,linkerd-proxy,linkerd,,linkerd-tap-75785bb98d-dvlv2,,1789,,,,,linkerd-tap,tap,linkerd,inbound,no_tls_from_remote,75785bb98d,200,no_identity,linkerd,,,,,,,,,,,,
1613778598.705,response_latency_ms_sum,,,10.1.7.222:4191,linkerd-proxy,linkerd,,linkerd-tap-75785bb98d-dvlv2,,1789,,,,,linkerd-tap,tap,linkerd,inbound,no_tls_from_remote,75785bb98d,200,no_identity,linkerd,,,,,,,,,,,,
1613778608.705,response_latency_ms_sum,,,10.1.7.222:4191,linkerd-proxy,linkerd,,linkerd-tap-75785bb98d-dvlv2,,1789,,,,,linkerd-tap,tap,linkerd,inbound,no_tls_from_remote,75785bb98d,200,no_identity,linkerd,,,,,,,,,,,,
1613778618.705,response_latency_ms_sum,,,10.1.7.222:4191,linkerd-proxy,linkerd,,linkerd-tap-75785bb98d-dvlv2,,1789,,,,,linkerd-tap,tap,linkerd,inbound,no_tls_from_remote,75785bb98d,200,no_identity,linkerd,,,,,,,,,,,,
1613778628.705,response_latency_ms_sum,,,10.1.7.222:4191,linkerd-proxy,linkerd,,linkerd-tap-75785bb98d-dvlv2,,1789,,,,,linkerd-tap,tap,linkerd,inbound,no_tls_from_remote,75785bb98d,200,no_identity,linkerd,,,,,,,,,,,,
1613778638.705,response_latency_ms_sum,,,10.1.7.222:4191,linkerd-proxy,linkerd,,linkerd-tap-75785bb98d-dvlv2,,1790,,,,,linkerd-tap,tap,linkerd,inbound,no_tls_from_remote,75785bb98d,200,no_identity,linkerd,,,,,,,,,,,,
1613778589.695,response_latency_ms_sum,,,10.1.7.220:4191,linkerd-proxy,linkerd,,linkerd-sp-validator-77d978fbd9-zk8mm,,1439,,,,,linkerd-sp-validator,sp-validator,linkerd,inbound,no_tls_from_remote,77d978fbd9,200,no_identity,linkerd,,,,,,,,,,,,
1613778599.694,response_latency_ms_sum,,,10.1.7.220:4191,linkerd-proxy,linkerd,,linkerd-sp-validator-77d978fbd9-zk8mm,,1439,,,,,linkerd-sp-validator,sp-validator,linkerd,inbound,no_tls_from_remote,77d978fbd9,200,no_identity,linkerd,,,,,,,,,,,,
1613778609.695,response_latency_ms_sum,,,10.1.7.220:4191,linkerd-proxy,linkerd,,linkerd-sp-validator-77d978fbd9-zk8mm,,1439,,,,,linkerd-sp-validator,sp-validator,linkerd,inbound,no_tls_from_remote,77d978fbd9,200,no_identity,linkerd,,,,,,,,,,,,
1613778619.695,response_latency_ms_sum,,,10.1.7.220:4191,linkerd-proxy,linkerd,,linkerd-sp-validator-77d978fbd9-zk8mm,,1448,,,,,linkerd-sp-validator,sp-validator,linkerd,inbound,no_tls_from_remote,77d978fbd9,200,no_identity,linkerd,,,,,,,,,,,,
1613778629.695,response_latency_ms_sum,,,10.1.7.220:4191,linkerd-proxy,linkerd,,linkerd-sp-validator-77d978fbd9-zk8mm,,1448,,,,,linkerd-sp-validator,sp-validator,linkerd,inbound,no_tls_from_remote,77d978fbd9,200,no_identity,linkerd,,,,,,,,,,,,
1613778639.695,response_latency_ms_sum,,,10.1.7.220:4191,linkerd-proxy,linkerd,,linkerd-sp-validator-77d978fbd9-zk8mm,,1448,,,,,linkerd-sp-validator,sp-validator,linkerd,inbound,no_tls_from_remote,77d978fbd9,200,no_identity,linkerd,,,,,,,,,,,,
1613778590.094,response_latency_ms_sum,,,10.1.7.218:4191,linkerd-proxy,linkerd,,linkerd-proxy-injector-666c478cbb-z7nnc,,3020,,,,,linkerd-proxy-injector,proxy-injector,linkerd,inbound,no_tls_from_remote,666c478cbb,200,no_identity,linkerd,,,,,,,,,,,,
1613778600.094,response_latency_ms_sum,,,10.1.7.218:4191,linkerd-proxy,linkerd,,linkerd-proxy-injector-666c478cbb-z7nnc,,3021,,,,,linkerd-proxy-injector,proxy-injector,linkerd,inbound,no_tls_from_remote,666c478cbb,200,no_identity,linkerd,,,,,,,,,,,,
1613778610.095,response_latency_ms_sum,,,10.1.7.218:4191,linkerd-proxy,linkerd,,linkerd-proxy-injector-666c478cbb-z7nnc,,3022,,,,,linkerd-proxy-injector,proxy-injector,linkerd,inbound,no_tls_from_remote,666c478cbb,200,no_identity,linkerd,,,,,,,,,,,,
1613778620.094,response_latency_ms_sum,,,10.1.7.218:4191,linkerd-proxy,linkerd,,linkerd-proxy-injector-666c478cbb-z7nnc,,3022,,,,,linkerd-proxy-injector,proxy-injector,linkerd,inbound,no_tls_from_remote,666c478cbb,200,no_identity,linkerd,,,,,,,,,,,,
1613778630.094,response_latency_ms_sum,,,10.1.7.218:4191,linkerd-proxy,linkerd,,linkerd-proxy-injector-666c478cbb-z7nnc,,3022,,,,,linkerd-proxy-injector,proxy-injector,linkerd,inbound,no_tls_from_remote,666c478cbb,200,no_identity,linkerd,,,,,,,,,,,,
1613778640.094,response_latency_ms_sum,,,10.1.7.218:4191,linkerd-proxy,linkerd,,linkerd-proxy-injector-666c478cbb-z7nnc,,3022,,,,,linkerd-proxy-injector,proxy-injector,linkerd,inbound,no_tls_from_remote,666c478cbb,200,no_identity,linkerd,,,,,,,,,,,,
1613778591.012,response_latency_ms_sum,,,10.1.7.224:4191,linkerd-proxy,linkerd,,linkerd-prometheus-5bccd64d4d-jzwmt,,4307,,,,,linkerd-prometheus,prometheus,linkerd,outbound,,5bccd64d4d,200,true,linkerd,10.1.7.223:4191,,linkerd,linkerd-grafana,linkerd,linkerd-grafana-ddd5c496f-cctr6,ddd5c496f,linkerd-grafana,linkerd-grafana.linkerd.serviceaccount.identity.linkerd.cluster.local,,,
1613778601.012,response_latency_ms_sum,,,10.1.7.224:4191,linkerd-proxy,linkerd,,linkerd-prometheus-5bccd64d4d-jzwmt,,4308,,,,,linkerd-prometheus,prometheus,linkerd,outbound,,5bccd64d4d,200,true,linkerd,10.1.7.223:4191,,linkerd,linkerd-grafana,linkerd,linkerd-grafana-ddd5c496f-cctr6,ddd5c496f,linkerd-grafana,linkerd-grafana.linkerd.serviceaccount.identity.linkerd.cluster.local,,,
1613778611.011,response_latency_ms_sum,,,10.1.7.224:4191,linkerd-proxy,linkerd,,linkerd-prometheus-5bccd64d4d-jzwmt,,4309,,,,,linkerd-prometheus,prometheus,linkerd,outbound,,5bccd64d4d,200,true,linkerd,10.1.7.223:4191,,linkerd,linkerd-grafana,linkerd,linkerd-grafana-ddd5c496f-cctr6,ddd5c496f,linkerd-grafana,linkerd-grafana.linkerd.serviceaccount.identity.linkerd.cluster.local,,,
1613778621.012,response_latency_ms_sum,,,10.1.7.224:4191,linkerd-proxy,linkerd,,linkerd-prometheus-5bccd64d4d-jzwmt,,4310,,,,,linkerd-prometheus,prometheus,linkerd,outbound,,5bccd64d4d,200,true,linkerd,10.1.7.223:4191,,linkerd,linkerd-grafana,linkerd,linkerd-grafana-ddd5c496f-cctr6,ddd5c496f,linkerd-grafana,linkerd-grafana.linkerd.serviceaccount.identity.linkerd.cluster.local,,,
1613778631.011,response_latency_ms_sum,,,10.1.7.224:4191,linkerd-proxy,linkerd,,linkerd-prometheus-5bccd64d4d-jzwmt,,4312,,,,,linkerd-prometheus,prometheus,linkerd,outbound,,5bccd64d4d,200,true,linkerd,10.1.7.223:4191,,linkerd,linkerd-grafana,linkerd,linkerd-grafana-ddd5c496f-cctr6,ddd5c496f,linkerd-grafana,linkerd-grafana.linkerd.serviceaccount.identity.linkerd.cluster.local,,,
1613778641.011,response_latency_ms_sum,,,10.1.7.224:4191,linkerd-proxy,linkerd,,linkerd-prometheus-5bccd64d4d-jzwmt,,4315,,,,,linkerd-prometheus,prometheus,linkerd,outbound,,5bccd64d4d,200,true,linkerd,10.1.7.223:4191,,linkerd,linkerd-grafana,linkerd,linkerd-grafana-ddd5c496f-cctr6,ddd5c496f,linkerd-grafana,linkerd-grafana.linkerd.serviceaccount.identity.linkerd.cluster.local,,,
1613778591.012,response_latency_ms_sum,,,10.1.7.224:4191,linkerd-proxy,linkerd,,linkerd-prometheus-5bccd64d4d-jzwmt,,7246,,,,,linkerd-prometheus,prometheus,linkerd,outbound,,5bccd64d4d,200,true,linkerd,10.1.7.217:4191,,linkerd,linkerd-destination,linkerd,linkerd-destination-654f8848f5-4tr7b,654f8848f5,linkerd-destination,linkerd-destination.linkerd.serviceaccount.identity.linkerd.cluster.local,,,
1613778601.012,response_latency_ms_sum,,,10.1.7.224:4191,linkerd-proxy,linkerd,,linkerd-prometheus-5bccd64d4d-jzwmt,,7248,,,,,linkerd-prometheus,prometheus,linkerd,outbound,,5bccd64d4d,200,true,linkerd,10.1.7.217:4191,,linkerd,linkerd-destination,linkerd,linkerd-destination-654f8848f5-4tr7b,654f8848f5,linkerd-destination,linkerd-destination.linkerd.serviceaccount.identity.linkerd.cluster.local,,,
1613778611.011,response_latency_ms_sum,,,10.1.7.224:4191,linkerd-proxy,linkerd,,linkerd-prometheus-5bccd64d4d-jzwmt,,7250,,,,,linkerd-prometheus,prometheus,linkerd,outbound,,5bccd64d4d,200,true,linkerd,10.1.7.217:4191,,linkerd,linkerd-destination,linkerd,linkerd-destination-654f8848f5-4tr7b,654f8848f5,linkerd-destination,linkerd-destination.linkerd.serviceaccount.identity.linkerd.cluster.local,,,
1613778621.012,response_latency_ms_sum,,,10.1.7.224:4191,linkerd-proxy,linkerd,,linkerd-prometheus-5bccd64d4d-jzwmt,,7253,,,,,linkerd-prometheus,prometheus,linkerd,outbound,,5bccd64d4d,200,true,linkerd,10.1.7.217:4191,,linkerd,linkerd-destination,linkerd,linkerd-destination-654f8848f5-4tr7b,654f8848f5,linkerd-destination,linkerd-destination.linkerd.serviceaccount.identity.linkerd.cluster.local,,,
1613778631.011,response_latency_ms_sum,,,10.1.7.224:4191,linkerd-proxy,linkerd,,linkerd-prometheus-5bccd64d4d-jzwmt,,7255,,,,,linkerd-prometheus,prometheus,linkerd,outbound,,5bccd64d4d,200,true,linkerd,10.1.7.217:4191,,linkerd,linkerd-destination,linkerd,linkerd-destination-654f8848f5-4tr7b,654f8848f5,linkerd-destination,linkerd-destination.linkerd.serviceaccount.identity.linkerd.cluster.local,,,
1613778641.011,response_latency_ms_sum,,,10.1.7.224:4191,linkerd-proxy,linkerd,,linkerd-prometheus-5bccd64d4d-jzwmt,,7258,,,,,linkerd-prometheus,prometheus,linkerd,outbound,,5bccd64d4d,200,true,linkerd,10.1.7.217:4191,,linkerd,linkerd-destination,linkerd,linkerd-destination-654f8848f5-4tr7b,654f8848f5,linkerd-destination,linkerd-destination.linkerd.serviceaccount.identity.linkerd.cluster.local,,,
1613778591.012,response_latency_ms_sum,,,10.1.7.224:4191,linkerd-proxy,linkerd,,linkerd-prometheus-5bccd64d4d-jzwmt,,4494,,,,,linkerd-prometheus,prometheus,linkerd,outbound,,5bccd64d4d,200,true,linkerd,10.1.7.222:4191,,linkerd,linkerd-tap,linkerd,linkerd-tap-75785bb98d-dvlv2,75785bb98d,linkerd-tap,linkerd-tap.linkerd.serviceaccount.identity.linkerd.cluster.local,,,
1613778601.012,response_latency_ms_sum,,,10.1.7.224:4191,linkerd-proxy,linkerd,,linkerd-prometheus-5bccd64d4d-jzwmt,,4495,,,,,linkerd-prometheus,prometheus,linkerd,outbound,,5bccd64d4d,200,true,linkerd,10.1.7.222:4191,,linkerd,linkerd-tap,linkerd,linkerd-tap-75785bb98d-dvlv2,75785bb98d,linkerd-tap,linkerd-tap.linkerd.serviceaccount.identity.linkerd.cluster.local,,,
1613778611.011,response_latency_ms_sum,,,10.1.7.224:4191,linkerd-proxy,linkerd,,linkerd-prometheus-5bccd64d4d-jzwmt,,4496,,,,,linkerd-prometheus,prometheus,linkerd,outbound,,5bccd64d4d,200,true,linkerd,10.1.7.222:4191,,linkerd,linkerd-tap,linkerd,linkerd-tap-75785bb98d-dvlv2,75785bb98d,linkerd-tap,linkerd-tap.linkerd.serviceaccount.identity.linkerd.cluster.local,,,
1613778621.012,response_latency_ms_sum,,,10.1.7.224:4191,linkerd-proxy,linkerd,,linkerd-prometheus-5bccd64d4d-jzwmt,,4498,,,,,linkerd-prometheus,prometheus,linkerd,outbound,,5bccd64d4d,200,true,linkerd,10.1.7.222:4191,,linkerd,linkerd-tap,linkerd,linkerd-tap-75785bb98d-dvlv2,75785bb98d,linkerd-tap,linkerd-tap.linkerd.serviceaccount.identity.linkerd.cluster.local,,,
1613778631.011,response_latency_ms_sum,,,10.1.7.224:4191,linkerd-proxy,linkerd,,linkerd-prometheus-5bccd64d4d-jzwmt,,4499,,,,,linkerd-prometheus,prometheus,linkerd,outbound,,5bccd64d4d,200,true,linkerd,10.1.7.222:4191,,linkerd,linkerd-tap,linkerd,linkerd-tap-75785bb98d-dvlv2,75785bb98d,linkerd-tap,linkerd-tap.linkerd.serviceaccount.identity.linkerd.cluster.local,,,
1613778641.011,response_latency_ms_sum,,,10.1.7.224:4191,linkerd-proxy,linkerd,,linkerd-prometheus-5bccd64d4d-jzwmt,,4502,,,,,linkerd-prometheus,prometheus,linkerd,outbound,,5bccd64d4d,200,true,linkerd,10.1.7.222:4191,,linkerd,linkerd-tap,linkerd,linkerd-tap-75785bb98d-dvlv2,75785bb98d,linkerd-tap,linkerd-tap.linkerd.serviceaccount.identity.linkerd.cluster.local,,,
1613778591.012,response_latency_ms_sum,,,10.1.7.224:4191,linkerd-proxy,linkerd,,linkerd-prometheus-5bccd64d4d-jzwmt,,14251,,,,,linkerd-prometheus,prometheus,linkerd,outbound,,5bccd64d4d,200,true,linkerd,10.1.7.223:3000,,linkerd,linkerd-grafana,linkerd,linkerd-grafana-ddd5c496f-cctr6,ddd5c496f,linkerd-grafana,linkerd-grafana.linkerd.serviceaccount.identity.linkerd.cluster.local,,,
1613778601.012,response_latency_ms_sum,,,10.1.7.224:4191,linkerd-proxy,linkerd,,linkerd-prometheus-5bccd64d4d-jzwmt,,14255,,,,,linkerd-prometheus,prometheus,linkerd,outbound,,5bccd64d4d,200,true,linkerd,10.1.7.223:3000,,linkerd,linkerd-grafana,linkerd,linkerd-grafana-ddd5c496f-cctr6,ddd5c496f,linkerd-grafana,linkerd-grafana.linkerd.serviceaccount.identity.linkerd.cluster.local,,,
1613778611.011,response_latency_ms_sum,,,10.1.7.224:4191,linkerd-proxy,linkerd,,linkerd-prometheus-5bccd64d4d-jzwmt,,14258,,,,,linkerd-prometheus,prometheus,linkerd,outbound,,5bccd64d4d,200,true,linkerd,10.1.7.223:3000,,linkerd,linkerd-grafana,linkerd,linkerd-grafana-ddd5c496f-cctr6,ddd5c496f,linkerd-grafana,linkerd-grafana.linkerd.serviceaccount.identity.linkerd.cluster.local,,,
1613778621.012,response_latency_ms_sum,,,10.1.7.224:4191,linkerd-proxy,linkerd,,linkerd-prometheus-5bccd64d4d-jzwmt,,14266,,,,,linkerd-prometheus,prometheus,linkerd,outbound,,5bccd64d4d,200,true,linkerd,10.1.7.223:3000,,linkerd,linkerd-grafana,linkerd,linkerd-grafana-ddd5c496f-cctr6,ddd5c496f,linkerd-grafana,linkerd-grafana.linkerd.serviceaccount.identity.linkerd.cluster.local,,,
1613778631.011,response_latency_ms_sum,,,10.1.7.224:4191,linkerd-proxy,linkerd,,linkerd-prometheus-5bccd64d4d-jzwmt,,14270,,,,,linkerd-prometheus,prometheus,linkerd,outbound,,5bccd64d4d,200,true,linkerd,10.1.7.223:3000,,linkerd,linkerd-grafana,linkerd,linkerd-grafana-ddd5c496f-cctr6,ddd5c496f,linkerd-grafana,linkerd-grafana.linkerd.serviceaccount.identity.linkerd.cluster.local,,,
1613778641.011,response_latency_ms_sum,,,10.1.7.224:4191,linkerd-proxy,linkerd,,linkerd-prometheus-5bccd64d4d-jzwmt,,14277,,,,,linkerd-prometheus,prometheus,linkerd,outbound,,5bccd64d4d,200,true,linkerd,10.1.7.223:3000,,linkerd,linkerd-grafana,linkerd,linkerd-grafana-ddd5c496f-cctr6,ddd5c496f,linkerd-grafana,linkerd-grafana.linkerd.serviceaccount.identity.linkerd.cluster.local,,,
1613778591.012,response_latency_ms_sum,,,10.1.7.224:4191,linkerd-proxy,linkerd,,linkerd-prometheus-5bccd64d4d-jzwmt,,3772,,,,,linkerd-prometheus,prometheus,linkerd,outbound,,5bccd64d4d,200,true,linkerd,10.1.7.220:4191,,linkerd,linkerd-sp-validator,linkerd,linkerd-sp-validator-77d978fbd9-zk8mm,77d978fbd9,linkerd-sp-validator,linkerd-sp-validator.linkerd.serviceaccount.identity.linkerd.cluster.local,,,
1613778601.012,response_latency_ms_sum,,,10.1.7.224:4191,linkerd-proxy,linkerd,,linkerd-prometheus-5bccd64d4d-jzwmt,,3775,,,,,linkerd-prometheus,prometheus,linkerd,outbound,,5bccd64d4d,200,true,linkerd,10.1.7.220:4191,,linkerd,linkerd-sp-validator,linkerd,linkerd-sp-validator-77d978fbd9-zk8mm,77d978fbd9,linkerd-sp-validator,linkerd-sp-validator.linkerd.serviceaccount.identity.linkerd.cluster.local,,,
1613778611.011,response_latency_ms_sum,,,10.1.7.224:4191,linkerd-proxy,linkerd,,linkerd-prometheus-5bccd64d4d-jzwmt,,3776,,,,,linkerd-prometheus,prometheus,linkerd,outbound,,5bccd64d4d,200,true,linkerd,10.1.7.220:4191,,linkerd,linkerd-sp-validator,linkerd,linkerd-sp-validator-77d978fbd9-zk8mm,77d978fbd9,linkerd-sp-validator,linkerd-sp-validator.linkerd.serviceaccount.identity.linkerd.cluster.local,,,
1613778621.012,response_latency_ms_sum,,,10.1.7.224:4191,linkerd-proxy,linkerd,,linkerd-prometheus-5bccd64d4d-jzwmt,,3777,,,,,linkerd-prometheus,prometheus,linkerd,outbound,,5bccd64d4d,200,true,linkerd,10.1.7.220:4191,,linkerd,linkerd-sp-validator,linkerd,linkerd-sp-validator-77d978fbd9-zk8mm,77d978fbd9,linkerd-sp-validator,linkerd-sp-validator.linkerd.serviceaccount.identity.linkerd.cluster.local,,,
1613778631.011,response_latency_ms_sum,,,10.1.7.224:4191,linkerd-proxy,linkerd,,linkerd-prometheus-5bccd64d4d-jzwmt,,3778,,,,,linkerd-prometheus,prometheus,linkerd,outbound,,5bccd64d4d,200,true,linkerd,10.1.7.220:4191,,linkerd,linkerd-sp-validator,linkerd,linkerd-sp-validator-77d978fbd9-zk8mm,77d978fbd9,linkerd-sp-validator,linkerd-sp-validator.linkerd.serviceaccount.identity.linkerd.cluster.local,,,
1613778641.011,response_latency_ms_sum,,,10.1.7.224:4191,linkerd-proxy,linkerd,,linkerd-prometheus-5bccd64d4d-jzwmt,,3779,,,,,linkerd-prometheus,prometheus,linkerd,outbound,,5bccd64d4d,200,true,linkerd,10.1.7.220:4191,,linkerd,linkerd-sp-validator,linkerd,linkerd-sp-validator-77d978fbd9-zk8mm,77d978fbd9,linkerd-sp-validator,linkerd-sp-validator.linkerd.serviceaccount.identity.linkerd.cluster.local,,,
1613778591.012,response_latency_ms_sum,,,10.1.7.224:4191,linkerd-proxy,linkerd,,linkerd-prometheus-5bccd64d4d-jzwmt,,12005,,,,,linkerd-prometheus,prometheus,linkerd,outbound,,5bccd64d4d,200,true,linkerd,10.1.7.216:9994,,linkerd,linkerd-web,linkerd,linkerd-web-b48d9c89b-49fzh,b48d9c89b,linkerd-web,linkerd-web.linkerd.serviceaccount.identity.linkerd.cluster.local,,,
1613778601.012,response_latency_ms_sum,,,10.1.7.224:4191,linkerd-proxy,linkerd,,linkerd-prometheus-5bccd64d4d-jzwmt,,12007,,,,,linkerd-prometheus,prometheus,linkerd,outbound,,5bccd64d4d,200,true,linkerd,10.1.7.216:9994,,linkerd,linkerd-web,linkerd,linkerd-web-b48d9c89b-49fzh,b48d9c89b,linkerd-web,linkerd-web.linkerd.serviceaccount.identity.linkerd.cluster.local,,,
1613778611.011,response_latency_ms_sum,,,10.1.7.224:4191,linkerd-proxy,linkerd,,linkerd-prometheus-5bccd64d4d-jzwmt,,12008,,,,,linkerd-prometheus,prometheus,linkerd,outbound,,5bccd64d4d,200,true,linkerd,10.1.7.216:9994,,linkerd,linkerd-web,linkerd,linkerd-web-b48d9c89b-49fzh,b48d9c89b,linkerd-web,linkerd-web.linkerd.serviceaccount.identity.linkerd.cluster.local,,,
1613778621.012,response_latency_ms_sum,,,10.1.7.224:4191,linkerd-proxy,linkerd,,linkerd-prometheus-5bccd64d4d-jzwmt,,12011,,,,,linkerd-prometheus,prometheus,linkerd,outbound,,5bccd64d4d,200,true,linkerd,10.1.7.216:9994,,linkerd,linkerd-web,linkerd,linkerd-web-b48d9c89b-49fzh,b48d9c89b,linkerd-web,linkerd-web.linkerd.serviceaccount.identity.linkerd.cluster.local,,,
1613778631.011,response_latency_ms_sum,,,10.1.7.224:4191,linkerd-proxy,linkerd,,linkerd-prometheus-5bccd64d4d-jzwmt,,12019,,,,,linkerd-prometheus,prometheus,linkerd,outbound,,5bccd64d4d,200,true,linkerd,10.1.7.216:9994,,linkerd,linkerd-web,linkerd,linkerd-web-b48d9c89b-49fzh,b48d9c89b,linkerd-web,linkerd-web.linkerd.serviceaccount.identity.linkerd.cluster.local,,,
1613778641.011,response_latency_ms_sum,,,10.1.7.224:4191,linkerd-proxy,linkerd,,linkerd-prometheus-5bccd64d4d-jzwmt,,12026,,,,,linkerd-prometheus,prometheus,linkerd,outbound,,5bccd64d4d,200,true,linkerd,10.1.7.216:9994,,linkerd,linkerd-web,linkerd,linkerd-web-b48d9c89b-49fzh,b48d9c89b,linkerd-web,linkerd-web.linkerd.serviceaccount.identity.linkerd.cluster.local,,,
1613778591.012,response_latency_ms_sum,,,10.1.7.224:4191,linkerd-proxy,linkerd,,linkerd-prometheus-5bccd64d4d-jzwmt,,4325,,,,,linkerd-prometheus,prometheus,linkerd,outbound,,5bccd64d4d,200,true,linkerd,10.1.7.218:4191,,linkerd,linkerd-proxy-injector,linkerd,linkerd-proxy-injector-666c478cbb-z7nnc,666c478cbb,linkerd-proxy-injector,linkerd-proxy-injector.linkerd.serviceaccount.identity.linkerd.cluster.local,,,
1613778601.012,response_latency_ms_sum,,,10.1.7.224:4191,linkerd-proxy,linkerd,,linkerd-prometheus-5bccd64d4d-jzwmt,,4326,,,,,linkerd-prometheus,prometheus,linkerd,outbound,,5bccd64d4d,200,true,linkerd,10.1.7.218:4191,,linkerd,linkerd-proxy-injector,linkerd,linkerd-proxy-injector-666c478cbb-z7nnc,666c478cbb,linkerd-proxy-injector,linkerd-proxy-injector.linkerd.serviceaccount.identity.linkerd.cluster.local,,,
1613778611.011,response_latency_ms_sum,,,10.1.7.224:4191,linkerd-proxy,linkerd,,linkerd-prometheus-5bccd64d4d-jzwmt,,4327,,,,,linkerd-prometheus,prometheus,linkerd,outbound,,5bccd64d4d,200,true,linkerd,10.1.7.218:4191,,linkerd,linkerd-proxy-injector,linkerd,linkerd-proxy-injector-666c478cbb-z7nnc,666c478cbb,linkerd-proxy-injector,linkerd-proxy-injector.linkerd.serviceaccount.identity.linkerd.cluster.local,,,
1613778621.012,response_latency_ms_sum,,,10.1.7.224:4191,linkerd-proxy,linkerd,,linkerd-prometheus-5bccd64d4d-jzwmt,,4328,,,,,linkerd-prometheus,prometheus,linkerd,outbound,,5bccd64d4d,200,true,linkerd,10.1.7.218:4191,,linkerd,linkerd-proxy-injector,linkerd,linkerd-proxy-injector-666c478cbb-z7nnc,666c478cbb,linkerd-proxy-injector,linkerd-proxy-injector.linkerd.serviceaccount.identity.linkerd.cluster.local,,,
1613778631.011,response_latency_ms_sum,,,10.1.7.224:4191,linkerd-proxy,linkerd,,linkerd-prometheus-5bccd64d4d-jzwmt,,4329,,,,,linkerd-prometheus,prometheus,linkerd,outbound,,5bccd64d4d,200,true,linkerd,10.1.7.218:4191,,linkerd,linkerd-proxy-injector,linkerd,linkerd-proxy-injector-666c478cbb-z7nnc,666c478cbb,linkerd-proxy-injector,linkerd-proxy-injector.linkerd.serviceaccount.identity.linkerd.cluster.local,,,
1613778641.011,response_latency_ms_sum,,,10.1.7.224:4191,linkerd-proxy,linkerd,,linkerd-prometheus-5bccd64d4d-jzwmt,,4331,,,,,linkerd-prometheus,prometheus,linkerd,outbound,,5bccd64d4d,200,true,linkerd,10.1.7.218:4191,,linkerd,linkerd-proxy-injector,linkerd,linkerd-proxy-injector-666c478cbb-z7nnc,666c478cbb,linkerd-proxy-injector,linkerd-proxy-injector.linkerd.serviceaccount.identity.linkerd.cluster.local,,,
1613778591.012,response_latency_ms_sum,,,10.1.7.224:4191,linkerd-proxy,linkerd,,linkerd-prometheus-5bccd64d4d-jzwmt,,11228,,,,,linkerd-prometheus,prometheus,linkerd,outbound,,5bccd64d4d,200,true,linkerd,10.1.7.221:9995,,linkerd,linkerd-controller,linkerd,linkerd-controller-798d449c77-qk6j4,798d449c77,linkerd-controller,linkerd-controller.linkerd.serviceaccount.identity.linkerd.cluster.local,,,
1613778601.012,response_latency_ms_sum,,,10.1.7.224:4191,linkerd-proxy,linkerd,,linkerd-prometheus-5bccd64d4d-jzwmt,,11230,,,,,linkerd-prometheus,prometheus,linkerd,outbound,,5bccd64d4d,200,true,linkerd,10.1.7.221:9995,,linkerd,linkerd-controller,linkerd,linkerd-controller-798d449c77-qk6j4,798d449c77,linkerd-controller,linkerd-controller.linkerd.serviceaccount.identity.linkerd.cluster.local,,,
1613778611.011,response_latency_ms_sum,,,10.1.7.224:4191,linkerd-proxy,linkerd,,linkerd-prometheus-5bccd64d4d-jzwmt,,11236,,,,,linkerd-prometheus,prometheus,linkerd,outbound,,5bccd64d4d,200,true,linkerd,10.1.7.221:9995,,linkerd,linkerd-controller,linkerd,linkerd-controller-798d449c77-qk6j4,798d449c77,linkerd-controller,linkerd-controller.linkerd.serviceaccount.identity.linkerd.cluster.local,,,
1613778621.012,response_latency_ms_sum,,,10.1.7.224:4191,linkerd-proxy,linkerd,,linkerd-prometheus-5bccd64d4d-jzwmt,,11238,,,,,linkerd-prometheus,prometheus,linkerd,outbound,,5bccd64d4d,200,true,linkerd,10.1.7.221:9995,,linkerd,linkerd-controller,linkerd,linkerd-controller-798d449c77-qk6j4,798d449c77,linkerd-controller,linkerd-controller.linkerd.serviceaccount.identity.linkerd.cluster.local,,,
1613778631.011,response_latency_ms_sum,,,10.1.7.224:4191,linkerd-proxy,linkerd,,linkerd-prometheus-5bccd64d4d-jzwmt,,11242,,,,,linkerd-prometheus,prometheus,linkerd,outbound,,5bccd64d4d,200,true,linkerd,10.1.7.221:9995,,linkerd,linkerd-controller,linkerd,linkerd-controller-798d449c77-qk6j4,798d449c77,linkerd-controller,linkerd-controller.linkerd.serviceaccount.identity.linkerd.cluster.local,,,
1613778641.011,response_latency_ms_sum,,,10.1.7.224:4191,linkerd-proxy,linkerd,,linkerd-prometheus-5bccd64d4d-jzwmt,,11245,,,,,linkerd-prometheus,prometheus,linkerd,outbound,,5bccd64d4d,200,true,linkerd,10.1.7.221:9995,,linkerd,linkerd-controller,linkerd,linkerd-controller-798d449c77-qk6j4,798d449c77,linkerd-controller,linkerd-controller.linkerd.serviceaccount.identity.linkerd.cluster.local,,,
1613778594.192,response_latency_ms_sum,,,10.1.7.216:4191,linkerd-proxy,linkerd,,linkerd-web-b48d9c89b-49fzh,,809,,,,,linkerd-web,web,linkerd,inbound,no_tls_from_remote,b48d9c89b,200,no_identity,linkerd,,,,,,,,,,,,
1613778604.192,response_latency_ms_sum,,,10.1.7.216:4191,linkerd-proxy,linkerd,,linkerd-web-b48d9c89b-49fzh,,810,,,,,linkerd-web,web,linkerd,inbound,no_tls_from_remote,b48d9c89b,200,no_identity,linkerd,,,,,,,,,,,,
1613778614.192,response_latency_ms_sum,,,10.1.7.216:4191,linkerd-proxy,linkerd,,linkerd-web-b48d9c89b-49fzh,,810,,,,,linkerd-web,web,linkerd,inbound,no_tls_from_remote,b48d9c89b,200,no_identity,linkerd,,,,,,,,,,,,
1613778624.192,response_latency_ms_sum,,,10.1.7.216:4191,linkerd-proxy,linkerd,,linkerd-web-b48d9c89b-49fzh,,810,,,,,linkerd-web,web,linkerd,inbound,no_tls_from_remote,b48d9c89b,200,no_identity,linkerd,,,,,,,,,,,,
1613778634.192,response_latency_ms_sum,,,10.1.7.216:4191,linkerd-proxy,linkerd,,linkerd-web-b48d9c89b-49fzh,,810,,,,,linkerd-web,web,linkerd,inbound,no_tls_from_remote,b48d9c89b,200,no_identity,linkerd,,,,,,,,,,,,
1613778644.192,response_latency_ms_sum,,,10.1.7.216:4191,linkerd-proxy,linkerd,,linkerd-web-b48d9c89b-49fzh,,812,,,,,linkerd-web,web,linkerd,inbound,no_tls_from_remote,b48d9c89b,200,no_identity,linkerd,,,,,,,,,,,,
1613778594.192,response_latency_ms_sum,,,10.1.7.216:4191,linkerd-proxy,linkerd,,linkerd-web-b48d9c89b-49fzh,,10157,,,,,linkerd-web,web,linkerd,inbound,,b48d9c89b,200,true,linkerd,,linkerd-prometheus.linkerd.serviceaccount.identity.linkerd.cluster.local,,,,,,,,,,
1613778604.192,response_latency_ms_sum,,,10.1.7.216:4191,linkerd-proxy,linkerd,,linkerd-web-b48d9c89b-49fzh,,10159,,,,,linkerd-web,web,linkerd,inbound,,b48d9c89b,200,true,linkerd,,linkerd-prometheus.linkerd.serviceaccount.identity.linkerd.cluster.local,,,,,,,,,,
1613778614.192,response_latency_ms_sum,,,10.1.7.216:4191,linkerd-proxy,linkerd,,linkerd-web-b48d9c89b-49fzh,,10160,,,,,linkerd-web,web,linkerd,inbound,,b48d9c89b,200,true,linkerd,,linkerd-prometheus.linkerd.serviceaccount.identity.linkerd.cluster.local,,,,,,,,,,
1613778624.192,response_latency_ms_sum,,,10.1.7.216:4191,linkerd-proxy,linkerd,,linkerd-web-b48d9c89b-49fzh,,10162,,,,,linkerd-web,web,linkerd,inbound,,b48d9c89b,200,true,linkerd,,linkerd-prometheus.linkerd.serviceaccount.identity.linkerd.cluster.local,,,,,,,,,,
1613778634.192,response_latency_ms_sum,,,10.1.7.216:4191,linkerd-proxy,linkerd,,linkerd-web-b48d9c89b-49fzh,,10170,,,,,linkerd-web,web,linkerd,inbound,,b48d9c89b,200,true,linkerd,,linkerd-prometheus.linkerd.serviceaccount.identity.linkerd.cluster.local,,,,,,,,,,
1613778644.192,response_latency_ms_sum,,,10.1.7.216:4191,linkerd-proxy,linkerd,,linkerd-web-b48d9c89b-49fzh,,10176,,,,,linkerd-web,web,linkerd,inbound,,b48d9c89b,200,true,linkerd,,linkerd-prometheus.linkerd.serviceaccount.identity.linkerd.cluster.local,,,,,,,,,,
1613778585.484,response_latency_ms_sum,,,10.1.7.219:4191,linkerd-proxy,linkerd,,linkerd-identity-57f4bc9db9-gb7rk,,3043,,,,,linkerd-identity,identity,linkerd,inbound,no_tls_from_remote,57f4bc9db9,200,no_identity,linkerd,,,,,,,,,,,,
1613778595.484,response_latency_ms_sum,,,10.1.7.219:4191,linkerd-proxy,linkerd,,linkerd-identity-57f4bc9db9-gb7rk,,3044,,,,,linkerd-identity,identity,linkerd,inbound,no_tls_from_remote,57f4bc9db9,200,no_identity,linkerd,,,,,,,,,,,,
1613778605.484,response_latency_ms_sum,,,10.1.7.219:4191,linkerd-proxy,linkerd,,linkerd-identity-57f4bc9db9-gb7rk,,3044,,,,,linkerd-identity,identity,linkerd,inbound,no_tls_from_remote,57f4bc9db9,200,no_identity,linkerd,,,,,,,,,,,,
1613778615.484,response_latency_ms_sum,,,10.1.7.219:4191,linkerd-proxy,linkerd,,linkerd-identity-57f4bc9db9-gb7rk,,3044,,,,,linkerd-identity,identity,linkerd,inbound,no_tls_from_remote,57f4bc9db9,200,no_identity,linkerd,,,,,,,,,,,,
1613778625.484,response_latency_ms_sum,,,10.1.7.219:4191,linkerd-proxy,linkerd,,linkerd-identity-57f4bc9db9-gb7rk,,3045,,,,,linkerd-identity,identity,linkerd,inbound,no_tls_from_remote,57f4bc9db9,200,no_identity,linkerd,,,,,,,,,,,,
1613778635.484,response_latency_ms_sum,,,10.1.7.219:4191,linkerd-proxy,linkerd,,linkerd-identity-57f4bc9db9-gb7rk,,3045,,,,,linkerd-identity,identity,linkerd,inbound,no_tls_from_remote,57f4bc9db9,200,no_identity,linkerd,,,,,,,,,,,,
1613778585.484,response_latency_ms_sum,,,10.1.7.219:4191,linkerd-proxy,linkerd,,linkerd-identity-57f4bc9db9-gb7rk,,7818,,,,,linkerd-identity,identity,linkerd,inbound,no_peer_id_from_remote,57f4bc9db9,200,no_identity,linkerd,linkerd-identity-headless.linkerd.svc.cluster.local:8080,,,,,,,,,,,
1613778595.484,response_latency_ms_sum,,,10.1.7.219:4191,linkerd-proxy,linkerd,,linkerd-identity-57f4bc9db9-gb7rk,,7818,,,,,linkerd-identity,identity,linkerd,inbound,no_peer_id_from_remote,57f4bc9db9,200,no_identity,linkerd,linkerd-identity-headless.linkerd.svc.cluster.local:8080,,,,,,,,,,,
1613778605.484,response_latency_ms_sum,,,10.1.7.219:4191,linkerd-proxy,linkerd,,linkerd-identity-57f4bc9db9-gb7rk,,7818,,,,,linkerd-identity,identity,linkerd,inbound,no_peer_id_from_remote,57f4bc9db9,200,no_identity,linkerd,linkerd-identity-headless.linkerd.svc.cluster.local:8080,,,,,,,,,,,
1613778615.484,response_latency_ms_sum,,,10.1.7.219:4191,linkerd-proxy,linkerd,,linkerd-identity-57f4bc9db9-gb7rk,,7818,,,,,linkerd-identity,identity,linkerd,inbound,no_peer_id_from_remote,57f4bc9db9,200,no_identity,linkerd,linkerd-identity-headless.linkerd.svc.cluster.local:8080,,,,,,,,,,,
1613778625.484,response_latency_ms_sum,,,10.1.7.219:4191,linkerd-proxy,linkerd,,linkerd-identity-57f4bc9db9-gb7rk,,7818,,,,,linkerd-identity,identity,linkerd,inbound,no_peer_id_from_remote,57f4bc9db9,200,no_identity,linkerd,linkerd-identity-headless.linkerd.svc.cluster.local:8080,,,,,,,,,,,
1613778635.484,response_latency_ms_sum,,,10.1.7.219:4191,linkerd-proxy,linkerd,,linkerd-identity-57f4bc9db9-gb7rk,,7818,,,,,linkerd-identity,identity,linkerd,inbound,no_peer_id_from_remote,57f4bc9db9,200,no_identity,linkerd,linkerd-identity-headless.linkerd.svc.cluster.local:8080,,,,,,,,,,,
1613778585.484,response_latency_ms_sum,,,10.1.7.219:4191,linkerd-proxy,linkerd,,linkerd-identity-57f4bc9db9-gb7rk,,8543,,,,,linkerd-identity,identity,linkerd,inbound,no_peer_id_from_remote,57f4bc9db9,200,no_identity,linkerd,,,,,,,,,,,,
1613778595.484,response_latency_ms_sum,,,10.1.7.219:4191,linkerd-proxy,linkerd,,linkerd-identity-57f4bc9db9-gb7rk,,8546,,,,,linkerd-identity,identity,linkerd,inbound,no_peer_id_from_remote,57f4bc9db9,200,no_identity,linkerd,,,,,,,,,,,,
1613778605.484,response_latency_ms_sum,,,10.1.7.219:4191,linkerd-proxy,linkerd,,linkerd-identity-57f4bc9db9-gb7rk,,8547,,,,,linkerd-identity,identity,linkerd,inbound,no_peer_id_from_remote,57f4bc9db9,200,no_identity,linkerd,,,,,,,,,,,,
1613778615.484,response_latency_ms_sum,,,10.1.7.219:4191,linkerd-proxy,linkerd,,linkerd-identity-57f4bc9db9-gb7rk,,8552,,,,,linkerd-identity,identity,linkerd,inbound,no_peer_id_from_remote,57f4bc9db9,200,no_identity,linkerd,,,,,,,,,,,,
1613778625.484,response_latency_ms_sum,,,10.1.7.219:4191,linkerd-proxy,linkerd,,linkerd-identity-57f4bc9db9-gb7rk,,8557,,,,,linkerd-identity,identity,linkerd,inbound,no_peer_id_from_remote,57f4bc9db9,200,no_identity,linkerd,,,,,,,,,,,,
1613778635.484,response_latency_ms_sum,,,10.1.7.219:4191,linkerd-proxy,linkerd,,linkerd-identity-57f4bc9db9-gb7rk,,8560,,,,,linkerd-identity,identity,linkerd,inbound,no_peer_id_from_remote,57f4bc9db9,200,no_identity,linkerd,,,,,,,,,,,,
1613778585.866,response_latency_ms_sum,,,10.1.7.221:4191,linkerd-proxy,linkerd,,linkerd-controller-798d449c77-qk6j4,,1383,,,,,linkerd-controller,controller,linkerd,inbound,no_tls_from_remote,798d449c77,200,no_identity,linkerd,,,,,,,,,,,,
1613778595.869,response_latency_ms_sum,,,10.1.7.221:4191,linkerd-proxy,linkerd,,linkerd-controller-798d449c77-qk6j4,,1383,,,,,linkerd-controller,controller,linkerd,inbound,no_tls_from_remote,798d449c77,200,no_identity,linkerd,,,,,,,,,,,,
1613778605.866,response_latency_ms_sum,,,10.1.7.221:4191,linkerd-proxy,linkerd,,linkerd-controller-798d449c77-qk6j4,,1383,,,,,linkerd-controller,controller,linkerd,inbound,no_tls_from_remote,798d449c77,200,no_identity,linkerd,,,,,,,,,,,,
1613778615.866,response_latency_ms_sum,,,10.1.7.221:4191,linkerd-proxy,linkerd,,linkerd-controller-798d449c77-qk6j4,,1383,,,,,linkerd-controller,controller,linkerd,inbound,no_tls_from_remote,798d449c77,200,no_identity,linkerd,,,,,,,,,,,,
1613778625.866,response_latency_ms_sum,,,10.1.7.221:4191,linkerd-proxy,linkerd,,linkerd-controller-798d449c77-qk6j4,,1383,,,,,linkerd-controller,controller,linkerd,inbound,no_tls_from_remote,798d449c77,200,no_identity,linkerd,,,,,,,,,,,,
1613778635.866,response_latency_ms_sum,,,10.1.7.221:4191,linkerd-proxy,linkerd,,linkerd-controller-798d449c77-qk6j4,,1383,,,,,linkerd-controller,controller,linkerd,inbound,no_tls_from_remote,798d449c77,200,no_identity,linkerd,,,,,,,,,,,,
1613778585.866,response_latency_ms_sum,,,10.1.7.221:4191,linkerd-proxy,linkerd,,linkerd-controller-798d449c77-qk6j4,,9094,,,,,linkerd-controller,controller,linkerd,inbound,,798d449c77,200,true,linkerd,,linkerd-prometheus.linkerd.serviceaccount.identity.linkerd.cluster.local,,,,,,,,,,
1613778595.869,response_latency_ms_sum,,,10.1.7.221:4191,linkerd-proxy,linkerd,,linkerd-controller-798d449c77-qk6j4,,9097,,,,,linkerd-controller,controller,linkerd,inbound,,798d449c77,200,true,linkerd,,linkerd-prometheus.linkerd.serviceaccount.identity.linkerd.cluster.local,,,,,,,,,,
1613778605.866,response_latency_ms_sum,,,10.1.7.221:4191,linkerd-proxy,linkerd,,linkerd-controller-798d449c77-qk6j4,,9098,,,,,linkerd-controller,controller,linkerd,inbound,,798d449c77,200,true,linkerd,,linkerd-prometheus.linkerd.serviceaccount.identity.linkerd.cluster.local,,,,,,,,,,
1613778615.866,response_latency_ms_sum,,,10.1.7.221:4191,linkerd-proxy,linkerd,,linkerd-controller-798d449c77-qk6j4,,9103,,,,,linkerd-controller,controller,linkerd,inbound,,798d449c77,200,true,linkerd,,linkerd-prometheus.linkerd.serviceaccount.identity.linkerd.cluster.local,,,,,,,,,,
1613778625.866,response_latency_ms_sum,,,10.1.7.221:4191,linkerd-proxy,linkerd,,linkerd-controller-798d449c77-qk6j4,,9105,,,,,linkerd-controller,controller,linkerd,inbound,,798d449c77,200,true,linkerd,,linkerd-prometheus.linkerd.serviceaccount.identity.linkerd.cluster.local,,,,,,,,,,
1613778635.866,response_latency_ms_sum,,,10.1.7.221:4191,linkerd-proxy,linkerd,,linkerd-controller-798d449c77-qk6j4,,9108,,,,,linkerd-controller,controller,linkerd,inbound,,798d449c77,200,true,linkerd,,linkerd-prometheus.linkerd.serviceaccount.identity.linkerd.cluster.local,,,,,,,,,,
1613778588.136,response_latency_ms_sum,,,10.1.7.217:4191,linkerd-proxy,linkerd,,linkerd-destination-654f8848f5-4tr7b,,8433,,,,,linkerd-destination,destination,linkerd,inbound,,654f8848f5,200,true,linkerd,,linkerd-prometheus.linkerd.serviceaccount.identity.linkerd.cluster.local,,,,,,,,,,
1613778598.136,response_latency_ms_sum,,,10.1.7.217:4191,linkerd-proxy,linkerd,,linkerd-destination-654f8848f5-4tr7b,,8437,,,,,linkerd-destination,destination,linkerd,inbound,,654f8848f5,200,true,linkerd,,linkerd-prometheus.linkerd.serviceaccount.identity.linkerd.cluster.local,,,,,,,,,,
1613778608.136,response_latency_ms_sum,,,10.1.7.217:4191,linkerd-proxy,linkerd,,linkerd-destination-654f8848f5-4tr7b,,8438,,,,,linkerd-destination,destination,linkerd,inbound,,654f8848f5,200,true,linkerd,,linkerd-prometheus.linkerd.serviceaccount.identity.linkerd.cluster.local,,,,,,,,,,
1613778618.136,response_latency_ms_sum,,,10.1.7.217:4191,linkerd-proxy,linkerd,,linkerd-destination-654f8848f5-4tr7b,,8443,,,,,linkerd-destination,destination,linkerd,inbound,,654f8848f5,200,true,linkerd,,linkerd-prometheus.linkerd.serviceaccount.identity.linkerd.cluster.local,,,,,,,,,,
1613778628.136,response_latency_ms_sum,,,10.1.7.217:4191,linkerd-proxy,linkerd,,linkerd-destination-654f8848f5-4tr7b,,8447,,,,,linkerd-destination,destination,linkerd,inbound,,654f8848f5,200,true,linkerd,,linkerd-prometheus.linkerd.serviceaccount.identity.linkerd.cluster.local,,,,,,,,,,
1613778638.136,response_latency_ms_sum,,,10.1.7.217:4191,linkerd-proxy,linkerd,,linkerd-destination-654f8848f5-4tr7b,,8450,,,,,linkerd-destination,destination,linkerd,inbound,,654f8848f5,200,true,linkerd,,linkerd-prometheus.linkerd.serviceaccount.identity.linkerd.cluster.local,,,,,,,,,,
1613778588.259,response_latency_ms_sum,,,10.1.7.223:4191,linkerd-proxy,linkerd,,linkerd-grafana-ddd5c496f-cctr6,,11514,,,,,linkerd-grafana,grafana,linkerd,inbound,,ddd5c496f,200,true,linkerd,,linkerd-prometheus.linkerd.serviceaccount.identity.linkerd.cluster.local,,,,,,,,,,
1613778598.259,response_latency_ms_sum,,,10.1.7.223:4191,linkerd-proxy,linkerd,,linkerd-grafana-ddd5c496f-cctr6,,11517,,,,,linkerd-grafana,grafana,linkerd,inbound,,ddd5c496f,200,true,linkerd,,linkerd-prometheus.linkerd.serviceaccount.identity.linkerd.cluster.local,,,,,,,,,,
1613778608.259,response_latency_ms_sum,,,10.1.7.223:4191,linkerd-proxy,linkerd,,linkerd-grafana-ddd5c496f-cctr6,,11520,,,,,linkerd-grafana,grafana,linkerd,inbound,,ddd5c496f,200,true,linkerd,,linkerd-prometheus.linkerd.serviceaccount.identity.linkerd.cluster.local,,,,,,,,,,
1613778618.259,response_latency_ms_sum,,,10.1.7.223:4191,linkerd-proxy,linkerd,,linkerd-grafana-ddd5c496f-cctr6,,11522,,,,,linkerd-grafana,grafana,linkerd,inbound,,ddd5c496f,200,true,linkerd,,linkerd-prometheus.linkerd.serviceaccount.identity.linkerd.cluster.local,,,,,,,,,,
1613778628.259,response_latency_ms_sum,,,10.1.7.223:4191,linkerd-proxy,linkerd,,linkerd-grafana-ddd5c496f-cctr6,,11530,,,,,linkerd-grafana,grafana,linkerd,inbound,,ddd5c496f,200,true,linkerd,,linkerd-prometheus.linkerd.serviceaccount.identity.linkerd.cluster.local,,,,,,,,,,
1613778638.259,response_latency_ms_sum,,,10.1.7.223:4191,linkerd-proxy,linkerd,,linkerd-grafana-ddd5c496f-cctr6,,11533,,,,,linkerd-grafana,grafana,linkerd,inbound,,ddd5c496f,200,true,linkerd,,linkerd-prometheus.linkerd.serviceaccount.identity.linkerd.cluster.local,,,,,,,,,,
1613778588.705,response_latency_ms_sum,,,10.1.7.222:4191,linkerd-proxy,linkerd,,linkerd-tap-75785bb98d-dvlv2,,7212,,,,,linkerd-tap,tap,linkerd,inbound,,75785bb98d,200,true,linkerd,,linkerd-prometheus.linkerd.serviceaccount.identity.linkerd.cluster.local,,,,,,,,,,
1613778598.705,response_latency_ms_sum,,,10.1.7.222:4191,linkerd-proxy,linkerd,,linkerd-tap-75785bb98d-dvlv2,,7213,,,,,linkerd-tap,tap,linkerd,inbound,,75785bb98d,200,true,linkerd,,linkerd-prometheus.linkerd.serviceaccount.identity.linkerd.cluster.local,,,,,,,,,,
1613778608.705,response_latency_ms_sum,,,10.1.7.222:4191,linkerd-proxy,linkerd,,linkerd-tap-75785bb98d-dvlv2,,7216,,,,,linkerd-tap,tap,linkerd,inbound,,75785bb98d,200,true,linkerd,,linkerd-prometheus.linkerd.serviceaccount.identity.linkerd.cluster.local,,,,,,,,,,
1613778618.705,response_latency_ms_sum,,,10.1.7.222:4191,linkerd-proxy,linkerd,,linkerd-tap-75785bb98d-dvlv2,,7220,,,,,linkerd-tap,tap,linkerd,inbound,,75785bb98d,200,true,linkerd,,linkerd-prometheus.linkerd.serviceaccount.identity.linkerd.cluster.local,,,,,,,,,,
1613778628.705,response_latency_ms_sum,,,10.1.7.222:4191,linkerd-proxy,linkerd,,linkerd-tap-75785bb98d-dvlv2,,7222,,,,,linkerd-tap,tap,linkerd,inbound,,75785bb98d,200,true,linkerd,,linkerd-prometheus.linkerd.serviceaccount.identity.linkerd.cluster.local,,,,,,,,,,
1613778638.705,response_latency_ms_sum,,,10.1.7.222:4191,linkerd-proxy,linkerd,,linkerd-tap-75785bb98d-dvlv2,,7225,,,,,linkerd-tap,tap,linkerd,inbound,,75785bb98d,200,true,linkerd,,linkerd-prometheus.linkerd.serviceaccount.identity.linkerd.cluster.local,,,,,,,,,,
1613778589.695,response_latency_ms_sum,,,10.1.7.220:4191,linkerd-proxy,linkerd,,linkerd-sp-validator-77d978fbd9-zk8mm,,6225,,,,,linkerd-sp-validator,sp-validator,linkerd,inbound,,77d978fbd9,200,true,linkerd,,linkerd-prometheus.linkerd.serviceaccount.identity.linkerd.cluster.local,,,,,,,,,,
1613778599.694,response_latency_ms_sum,,,10.1.7.220:4191,linkerd-proxy,linkerd,,linkerd-sp-validator-77d978fbd9-zk8mm,,6226,,,,,linkerd-sp-validator,sp-validator,linkerd,inbound,,77d978fbd9,200,true,linkerd,,linkerd-prometheus.linkerd.serviceaccount.identity.linkerd.cluster.local,,,,,,,,,,
1613778609.695,response_latency_ms_sum,,,10.1.7.220:4191,linkerd-proxy,linkerd,,linkerd-sp-validator-77d978fbd9-zk8mm,,6227,,,,,linkerd-sp-validator,sp-validator,linkerd,inbound,,77d978fbd9,200,true,linkerd,,linkerd-prometheus.linkerd.serviceaccount.identity.linkerd.cluster.local,,,,,,,,,,
1613778619.695,response_latency_ms_sum,,,10.1.7.220:4191,linkerd-proxy,linkerd,,linkerd-sp-validator-77d978fbd9-zk8mm,,6228,,,,,linkerd-sp-validator,sp-validator,linkerd,inbound,,77d978fbd9,200,true,linkerd,,linkerd-prometheus.linkerd.serviceaccount.identity.linkerd.cluster.local,,,,,,,,,,
1613778629.695,response_latency_ms_sum,,,10.1.7.220:4191,linkerd-proxy,linkerd,,linkerd-sp-validator-77d978fbd9-zk8mm,,6230,,,,,linkerd-sp-validator,sp-validator,linkerd,inbound,,77d978fbd9,200,true,linkerd,,linkerd-prometheus.linkerd.serviceaccount.identity.linkerd.cluster.local,,,,,,,,,,
1613778639.695,response_latency_ms_sum,,,10.1.7.220:4191,linkerd-proxy,linkerd,,linkerd-sp-validator-77d978fbd9-zk8mm,,6233,,,,,linkerd-sp-validator,sp-validator,linkerd,inbound,,77d978fbd9,200,true,linkerd,,linkerd-prometheus.linkerd.serviceaccount.identity.linkerd.cluster.local,,,,,,,,,,
1613778590.094,response_latency_ms_sum,,,10.1.7.218:4191,linkerd-proxy,linkerd,,linkerd-proxy-injector-666c478cbb-z7nnc,,8828,,,,,linkerd-proxy-injector,proxy-injector,linkerd,inbound,,666c478cbb,200,true,linkerd,,linkerd-prometheus.linkerd.serviceaccount.identity.linkerd.cluster.local,,,,,,,,,,
1613778600.094,response_latency_ms_sum,,,10.1.7.218:4191,linkerd-proxy,linkerd,,linkerd-proxy-injector-666c478cbb-z7nnc,,8829,,,,,linkerd-proxy-injector,proxy-injector,linkerd,inbound,,666c478cbb,200,true,linkerd,,linkerd-prometheus.linkerd.serviceaccount.identity.linkerd.cluster.local,,,,,,,,,,
1613778610.095,response_latency_ms_sum,,,10.1.7.218:4191,linkerd-proxy,linkerd,,linkerd-proxy-injector-666c478cbb-z7nnc,,8831,,,,,linkerd-proxy-injector,proxy-injector,linkerd,inbound,,666c478cbb,200,true,linkerd,,linkerd-prometheus.linkerd.serviceaccount.identity.linkerd.cluster.local,,,,,,,,,,
1613778620.094,response_latency_ms_sum,,,10.1.7.218:4191,linkerd-proxy,linkerd,,linkerd-proxy-injector-666c478cbb-z7nnc,,8834,,,,,linkerd-proxy-injector,proxy-injector,linkerd,inbound,,666c478cbb,200,true,linkerd,,linkerd-prometheus.linkerd.serviceaccount.identity.linkerd.cluster.local,,,,,,,,,,
1613778630.094,response_latency_ms_sum,,,10.1.7.218:4191,linkerd-proxy,linkerd,,linkerd-proxy-injector-666c478cbb-z7nnc,,8836,,,,,linkerd-proxy-injector,proxy-injector,linkerd,inbound,,666c478cbb,200,true,linkerd,,linkerd-prometheus.linkerd.serviceaccount.identity.linkerd.cluster.local,,,,,,,,,,
1613778640.094,response_latency_ms_sum,,,10.1.7.218:4191,linkerd-proxy,linkerd,,linkerd-proxy-injector-666c478cbb-z7nnc,,8839,,,,,linkerd-proxy-injector,proxy-injector,linkerd,inbound,,666c478cbb,200,true,linkerd,,linkerd-prometheus.linkerd.serviceaccount.identity.linkerd.cluster.local,,,,,,,,,,
1613778591.012,response_latency_ms_sum,,,10.1.7.224:4191,linkerd-proxy,linkerd,,linkerd-prometheus-5bccd64d4d-jzwmt,,10873,,,,,linkerd-prometheus,prometheus,linkerd,outbound,,5bccd64d4d,200,true,linkerd,10.1.7.220:9997,,linkerd,linkerd-sp-validator,linkerd,linkerd-sp-validator-77d978fbd9-zk8mm,77d978fbd9,linkerd-sp-validator,linkerd-sp-validator.linkerd.serviceaccount.identity.linkerd.cluster.local,,,
1613778601.012,response_latency_ms_sum,,,10.1.7.224:4191,linkerd-proxy,linkerd,,linkerd-prometheus-5bccd64d4d-jzwmt,,10875,,,,,linkerd-prometheus,prometheus,linkerd,outbound,,5bccd64d4d,200,true,linkerd,10.1.7.220:9997,,linkerd,linkerd-sp-validator,linkerd,linkerd-sp-validator-77d978fbd9-zk8mm,77d978fbd9,linkerd-sp-validator,linkerd-sp-validator.linkerd.serviceaccount.identity.linkerd.cluster.local,,,
1613778611.011,response_latency_ms_sum,,,10.1.7.224:4191,linkerd-proxy,linkerd,,linkerd-prometheus-5bccd64d4d-jzwmt,,10877,,,,,linkerd-prometheus,prometheus,linkerd,outbound,,5bccd64d4d,200,true,linkerd,10.1.7.220:9997,,linkerd,linkerd-sp-validator,linkerd,linkerd-sp-validator-77d978fbd9-zk8mm,77d978fbd9,linkerd-sp-validator,linkerd-sp-validator.linkerd.serviceaccount.identity.linkerd.cluster.local,,,
1613778621.012,response_latency_ms_sum,,,10.1.7.224:4191,linkerd-proxy,linkerd,,linkerd-prometheus-5bccd64d4d-jzwmt,,10879,,,,,linkerd-prometheus,prometheus,linkerd,outbound,,5bccd64d4d,200,true,linkerd,10.1.7.220:9997,,linkerd,linkerd-sp-validator,linkerd,linkerd-sp-validator-77d978fbd9-zk8mm,77d978fbd9,linkerd-sp-validator,linkerd-sp-validator.linkerd.serviceaccount.identity.linkerd.cluster.local,,,
1613778631.011,response_latency_ms_sum,,,10.1.7.224:4191,linkerd-proxy,linkerd,,linkerd-prometheus-5bccd64d4d-jzwmt,,10882,,,,,linkerd-prometheus,prometheus,linkerd,outbound,,5bccd64d4d,200,true,linkerd,10.1.7.220:9997,,linkerd,linkerd-sp-validator,linkerd,linkerd-sp-validator-77d978fbd9-zk8mm,77d978fbd9,linkerd-sp-validator,linkerd-sp-validator.linkerd.serviceaccount.identity.linkerd.cluster.local,,,
1613778641.011,response_latency_ms_sum,,,10.1.7.224:4191,linkerd-proxy,linkerd,,linkerd-prometheus-5bccd64d4d-jzwmt,,10885,,,,,linkerd-prometheus,prometheus,linkerd,outbound,,5bccd64d4d,200,true,linkerd,10.1.7.220:9997,,linkerd,linkerd-sp-validator,linkerd,linkerd-sp-validator-77d978fbd9-zk8mm,77d978fbd9,linkerd-sp-validator,linkerd-sp-validator.linkerd.serviceaccount.identity.linkerd.cluster.local,,,
1613778591.012,response_latency_ms_sum,,,10.1.7.224:4191,linkerd-proxy,linkerd,,linkerd-prometheus-5bccd64d4d-jzwmt,,11563,,,,,linkerd-prometheus,prometheus,linkerd,outbound,,5bccd64d4d,200,true,linkerd,10.1.7.217:9996,,linkerd,linkerd-destination,linkerd,linkerd-destination-654f8848f5-4tr7b,654f8848f5,linkerd-destination,linkerd-destination.linkerd.serviceaccount.identity.linkerd.cluster.local,,,
1613778601.012,response_latency_ms_sum,,,10.1.7.224:4191,linkerd-proxy,linkerd,,linkerd-prometheus-5bccd64d4d-jzwmt,,11568,,,,,linkerd-prometheus,prometheus,linkerd,outbound,,5bccd64d4d,200,true,linkerd,10.1.7.217:9996,,linkerd,linkerd-destination,linkerd,linkerd-destination-654f8848f5-4tr7b,654f8848f5,linkerd-destination,linkerd-destination.linkerd.serviceaccount.identity.linkerd.cluster.local,,,
1613778611.011,response_latency_ms_sum,,,10.1.7.224:4191,linkerd-proxy,linkerd,,linkerd-prometheus-5bccd64d4d-jzwmt,,11570,,,,,linkerd-prometheus,prometheus,linkerd,outbound,,5bccd64d4d,200,true,linkerd,10.1.7.217:9996,,linkerd,linkerd-destination,linkerd,linkerd-destination-654f8848f5-4tr7b,654f8848f5,linkerd-destination,linkerd-destination.linkerd.serviceaccount.identity.linkerd.cluster.local,,,
1613778621.012,response_latency_ms_sum,,,10.1.7.224:4191,linkerd-proxy,linkerd,,linkerd-prometheus-5bccd64d4d-jzwmt,,11576,,,,,linkerd-prometheus,prometheus,linkerd,outbound,,5bccd64d4d,200,true,linkerd,10.1.7.217:9996,,linkerd,linkerd-destination,linkerd,linkerd-destination-654f8848f5-4tr7b,654f8848f5,linkerd-destination,linkerd-destination.linkerd.serviceaccount.identity.linkerd.cluster.local,,,
1613778631.011,response_latency_ms_sum,,,10.1.7.224:4191,linkerd-proxy,linkerd,,linkerd-prometheus-5bccd64d4d-jzwmt,,11581,,,,,linkerd-prometheus,prometheus,linkerd,outbound,,5bccd64d4d,200,true,linkerd,10.1.7.217:9996,,linkerd,linkerd-destination,linkerd,linkerd-destination-654f8848f5-4tr7b,654f8848f5,linkerd-destination,linkerd-destination.linkerd.serviceaccount.identity.linkerd.cluster.local,,,
1613778641.011,response_latency_ms_sum,,,10.1.7.224:4191,linkerd-proxy,linkerd,,linkerd-prometheus-5bccd64d4d-jzwmt,,11585,,,,,linkerd-prometheus,prometheus,linkerd,outbound,,5bccd64d4d,200,true,linkerd,10.1.7.217:9996,,linkerd,linkerd-destination,linkerd,linkerd-destination-654f8848f5-4tr7b,654f8848f5,linkerd-destination,linkerd-destination.linkerd.serviceaccount.identity.linkerd.cluster.local,,,
1613778591.012,response_latency_ms_sum,,,10.1.7.224:4191,linkerd-proxy,linkerd,,linkerd-prometheus-5bccd64d4d-jzwmt,,11185,,,,,linkerd-prometheus,prometheus,linkerd,outbound,,5bccd64d4d,200,true,linkerd,10.1.7.219:9990,,linkerd,linkerd-identity,linkerd,linkerd-identity-57f4bc9db9-gb7rk,57f4bc9db9,linkerd-identity,linkerd-identity.linkerd.serviceaccount.identity.linkerd.cluster.local,,,
1613778601.012,response_latency_ms_sum,,,10.1.7.224:4191,linkerd-proxy,linkerd,,linkerd-prometheus-5bccd64d4d-jzwmt,,11189,,,,,linkerd-prometheus,prometheus,linkerd,outbound,,5bccd64d4d,200,true,linkerd,10.1.7.219:9990,,linkerd,linkerd-identity,linkerd,linkerd-identity-57f4bc9db9-gb7rk,57f4bc9db9,linkerd-identity,linkerd-identity.linkerd.serviceaccount.identity.linkerd.cluster.local,,,
1613778611.011,response_latency_ms_sum,,,10.1.7.224:4191,linkerd-proxy,linkerd,,linkerd-prometheus-5bccd64d4d-jzwmt,,11190,,,,,linkerd-prometheus,prometheus,linkerd,outbound,,5bccd64d4d,200,true,linkerd,10.1.7.219:9990,,linkerd,linkerd-identity,linkerd,linkerd-identity-57f4bc9db9-gb7rk,57f4bc9db9,linkerd-identity,linkerd-identity.linkerd.serviceaccount.identity.linkerd.cluster.local,,,
1613778621.012,response_latency_ms_sum,,,10.1.7.224:4191,linkerd-proxy,linkerd,,linkerd-prometheus-5bccd64d4d-jzwmt,,11196,,,,,linkerd-prometheus,prometheus,linkerd,outbound,,5bccd64d4d,200,true,linkerd,10.1.7.219:9990,,linkerd,linkerd-identity,linkerd,linkerd-identity-57f4bc9db9-gb7rk,57f4bc9db9,linkerd-identity,linkerd-identity.linkerd.serviceaccount.identity.linkerd.cluster.local,,,
1613778631.011,response_latency_ms_sum,,,10.1.7.224:4191,linkerd-proxy,linkerd,,linkerd-prometheus-5bccd64d4d-jzwmt,,11203,,,,,linkerd-prometheus,prometheus,linkerd,outbound,,5bccd64d4d,200,true,linkerd,10.1.7.219:9990,,linkerd,linkerd-identity,linkerd,linkerd-identity-57f4bc9db9-gb7rk,57f4bc9db9,linkerd-identity,linkerd-identity.linkerd.serviceaccount.identity.linkerd.cluster.local,,,
1613778641.011,response_latency_ms_sum,,,10.1.7.224:4191,linkerd-proxy,linkerd,,linkerd-prometheus-5bccd64d4d-jzwmt,,11207,,,,,linkerd-prometheus,prometheus,linkerd,outbound,,5bccd64d4d,200,true,linkerd,10.1.7.219:9990,,linkerd,linkerd-identity,linkerd,linkerd-identity-57f4bc9db9-gb7rk,57f4bc9db9,linkerd-identity,linkerd-identity.linkerd.serviceaccount.identity.linkerd.cluster.local,,,
1613778591.012,response_latency_ms_sum,,,10.1.7.224:4191,linkerd-proxy,linkerd,,linkerd-prometheus-5bccd64d4d-jzwmt,,3444,,,,,linkerd-prometheus,prometheus,linkerd,outbound,,5bccd64d4d,200,true,linkerd,10.1.7.216:4191,,linkerd,linkerd-web,linkerd,linkerd-web-b48d9c89b-49fzh,b48d9c89b,linkerd-web,linkerd-web.linkerd.serviceaccount.identity.linkerd.cluster.local,,,
1613778601.012,response_latency_ms_sum,,,10.1.7.224:4191,linkerd-proxy,linkerd,,linkerd-prometheus-5bccd64d4d-jzwmt,,3446,,,,,linkerd-prometheus,prometheus,linkerd,outbound,,5bccd64d4d,200,true,linkerd,10.1.7.216:4191,,linkerd,linkerd-web,linkerd,linkerd-web-b48d9c89b-49fzh,b48d9c89b,linkerd-web,linkerd-web.linkerd.serviceaccount.identity.linkerd.cluster.local,,,
1613778611.011,response_latency_ms_sum,,,10.1.7.224:4191,linkerd-proxy,linkerd,,linkerd-prometheus-5bccd64d4d-jzwmt,,3446,,,,,linkerd-prometheus,prometheus,linkerd,outbound,,5bccd64d4d,200,true,linkerd,10.1.7.216:4191,,linkerd,linkerd-web,linkerd,linkerd-web-b48d9c89b-49fzh,b48d9c89b,linkerd-web,linkerd-web.linkerd.serviceaccount.identity.linkerd.cluster.local,,,
1613778621.012,response_latency_ms_sum,,,10.1.7.224:4191,linkerd-proxy,linkerd,,linkerd-prometheus-5bccd64d4d-jzwmt,,3447,,,,,linkerd-prometheus,prometheus,linkerd,outbound,,5bccd64d4d,200,true,linkerd,10.1.7.216:4191,,linkerd,linkerd-web,linkerd,linkerd-web-b48d9c89b-49fzh,b48d9c89b,linkerd-web,linkerd-web.linkerd.serviceaccount.identity.linkerd.cluster.local,,,
1613778631.011,response_latency_ms_sum,,,10.1.7.224:4191,linkerd-proxy,linkerd,,linkerd-prometheus-5bccd64d4d-jzwmt,,3448,,,,,linkerd-prometheus,prometheus,linkerd,outbound,,5bccd64d4d,200,true,linkerd,10.1.7.216:4191,,linkerd,linkerd-web,linkerd,linkerd-web-b48d9c89b-49fzh,b48d9c89b,linkerd-web,linkerd-web.linkerd.serviceaccount.identity.linkerd.cluster.local,,,
1613778641.011,response_latency_ms_sum,,,10.1.7.224:4191,linkerd-proxy,linkerd,,linkerd-prometheus-5bccd64d4d-jzwmt,,3460,,,,,linkerd-prometheus,prometheus,linkerd,outbound,,5bccd64d4d,200,true,linkerd,10.1.7.216:4191,,linkerd,linkerd-web,linkerd,linkerd-web-b48d9c89b-49fzh,b48d9c89b,linkerd-web,linkerd-web.linkerd.serviceaccount.identity.linkerd.cluster.local,,,
1613778591.012,response_latency_ms_sum,,,10.1.7.224:4191,linkerd-proxy,linkerd,,linkerd-prometheus-5bccd64d4d-jzwmt,,6577,,,,,linkerd-prometheus,prometheus,linkerd,outbound,,5bccd64d4d,200,true,linkerd,10.1.7.219:4191,,linkerd,linkerd-identity,linkerd,linkerd-identity-57f4bc9db9-gb7rk,57f4bc9db9,linkerd-identity,linkerd-identity.linkerd.serviceaccount.identity.linkerd.cluster.local,,,
1613778601.012,response_latency_ms_sum,,,10.1.7.224:4191,linkerd-proxy,linkerd,,linkerd-prometheus-5bccd64d4d-jzwmt,,6579,,,,,linkerd-prometheus,prometheus,linkerd,outbound,,5bccd64d4d,200,true,linkerd,10.1.7.219:4191,,linkerd,linkerd-identity,linkerd,linkerd-identity-57f4bc9db9-gb7rk,57f4bc9db9,linkerd-identity,linkerd-identity.linkerd.serviceaccount.identity.linkerd.cluster.local,,,
1613778611.011,response_latency_ms_sum,,,10.1.7.224:4191,linkerd-proxy,linkerd,,linkerd-prometheus-5bccd64d4d-jzwmt,,6580,,,,,linkerd-prometheus,prometheus,linkerd,outbound,,5bccd64d4d,200,true,linkerd,10.1.7.219:4191,,linkerd,linkerd-identity,linkerd,linkerd-identity-57f4bc9db9-gb7rk,57f4bc9db9,linkerd-identity,linkerd-identity.linkerd.serviceaccount.identity.linkerd.cluster.local,,,
1613778621.012,response_latency_ms_sum,,,10.1.7.224:4191,linkerd-proxy,linkerd,,linkerd-prometheus-5bccd64d4d-jzwmt,,6583,,,,,linkerd-prometheus,prometheus,linkerd,outbound,,5bccd64d4d,200,true,linkerd,10.1.7.219:4191,,linkerd,linkerd-identity,linkerd,linkerd-identity-57f4bc9db9-gb7rk,57f4bc9db9,linkerd-identity,linkerd-identity.linkerd.serviceaccount.identity.linkerd.cluster.local,,,
1613778631.011,response_latency_ms_sum,,,10.1.7.224:4191,linkerd-proxy,linkerd,,linkerd-prometheus-5bccd64d4d-jzwmt,,6585,,,,,linkerd-prometheus,prometheus,linkerd,outbound,,5bccd64d4d,200,true,linkerd,10.1.7.219:4191,,linkerd,linkerd-identity,linkerd,linkerd-identity-57f4bc9db9-gb7rk,57f4bc9db9,linkerd-identity,linkerd-identity.linkerd.serviceaccount.identity.linkerd.cluster.local,,,
1613778641.011,response_latency_ms_sum,,,10.1.7.224:4191,linkerd-proxy,linkerd,,linkerd-prometheus-5bccd64d4d-jzwmt,,6588,,,,,linkerd-prometheus,prometheus,linkerd,outbound,,5bccd64d4d,200,true,linkerd,10.1.7.219:4191,,linkerd,linkerd-identity,linkerd,linkerd-identity-57f4bc9db9-gb7rk,57f4bc9db9,linkerd-identity,linkerd-identity.linkerd.serviceaccount.identity.linkerd.cluster.local,,,
1613778591.012,response_latency_ms_sum,,,10.1.7.224:4191,linkerd-proxy,linkerd,,linkerd-prometheus-5bccd64d4d-jzwmt,,6298,,,,,linkerd-prometheus,prometheus,linkerd,outbound,,5bccd64d4d,200,true,linkerd,10.1.7.221:4191,,linkerd,linkerd-controller,linkerd,linkerd-controller-798d449c77-qk6j4,798d449c77,linkerd-controller,linkerd-controller.linkerd.serviceaccount.identity.linkerd.cluster.local,,,
1613778601.012,response_latency_ms_sum,,,10.1.7.224:4191,linkerd-proxy,linkerd,,linkerd-prometheus-5bccd64d4d-jzwmt,,6300,,,,,linkerd-prometheus,prometheus,linkerd,outbound,,5bccd64d4d,200,true,linkerd,10.1.7.221:4191,,linkerd,linkerd-controller,linkerd,linkerd-controller-798d449c77-qk6j4,798d449c77,linkerd-controller,linkerd-controller.linkerd.serviceaccount.identity.linkerd.cluster.local,,,
1613778611.011,response_latency_ms_sum,,,10.1.7.224:4191,linkerd-proxy,linkerd,,linkerd-prometheus-5bccd64d4d-jzwmt,,6302,,,,,linkerd-prometheus,prometheus,linkerd,outbound,,5bccd64d4d,200,true,linkerd,10.1.7.221:4191,,linkerd,linkerd-controller,linkerd,linkerd-controller-798d449c77-qk6j4,798d449c77,linkerd-controller,linkerd-controller.linkerd.serviceaccount.identity.linkerd.cluster.local,,,
1613778621.012,response_latency_ms_sum,,,10.1.7.224:4191,linkerd-proxy,linkerd,,linkerd-prometheus-5bccd64d4d-jzwmt,,6305,,,,,linkerd-prometheus,prometheus,linkerd,outbound,,5bccd64d4d,200,true,linkerd,10.1.7.221:4191,,linkerd,linkerd-controller,linkerd,linkerd-controller-798d449c77-qk6j4,798d449c77,linkerd-controller,linkerd-controller.linkerd.serviceaccount.identity.linkerd.cluster.local,,,
1613778631.011,response_latency_ms_sum,,,10.1.7.224:4191,linkerd-proxy,linkerd,,linkerd-prometheus-5bccd64d4d-jzwmt,,6306,,,,,linkerd-prometheus,prometheus,linkerd,outbound,,5bccd64d4d,200,true,linkerd,10.1.7.221:4191,,linkerd,linkerd-controller,linkerd,linkerd-controller-798d449c77-qk6j4,798d449c77,linkerd-controller,linkerd-controller.linkerd.serviceaccount.identity.linkerd.cluster.local,,,
1613778641.011,response_latency_ms_sum,,,10.1.7.224:4191,linkerd-proxy,linkerd,,linkerd-prometheus-5bccd64d4d-jzwmt,,6308,,,,,linkerd-prometheus,prometheus,linkerd,outbound,,5bccd64d4d,200,true,linkerd,10.1.7.221:4191,,linkerd,linkerd-controller,linkerd,linkerd-controller-798d449c77-qk6j4,798d449c77,linkerd-controller,linkerd-controller.linkerd.serviceaccount.identity.linkerd.cluster.local,,,
1613778591.012,response_latency_ms_sum,,,10.1.7.224:4191,linkerd-proxy,linkerd,,linkerd-prometheus-5bccd64d4d-jzwmt,,11651,,,,,linkerd-prometheus,prometheus,linkerd,outbound,,5bccd64d4d,200,true,linkerd,10.1.7.218:9995,,linkerd,linkerd-proxy-injector,linkerd,linkerd-proxy-injector-666c478cbb-z7nnc,666c478cbb,linkerd-proxy-injector,linkerd-proxy-injector.linkerd.serviceaccount.identity.linkerd.cluster.local,,,
1613778601.012,response_latency_ms_sum,,,10.1.7.224:4191,linkerd-proxy,linkerd,,linkerd-prometheus-5bccd64d4d-jzwmt,,11653,,,,,linkerd-prometheus,prometheus,linkerd,outbound,,5bccd64d4d,200,true,linkerd,10.1.7.218:9995,,linkerd,linkerd-proxy-injector,linkerd,linkerd-proxy-injector-666c478cbb-z7nnc,666c478cbb,linkerd-proxy-injector,linkerd-proxy-injector.linkerd.serviceaccount.identity.linkerd.cluster.local,,,
1613778611.011,response_latency_ms_sum,,,10.1.7.224:4191,linkerd-proxy,linkerd,,linkerd-prometheus-5bccd64d4d-jzwmt,,11656,,,,,linkerd-prometheus,prometheus,linkerd,outbound,,5bccd64d4d,200,true,linkerd,10.1.7.218:9995,,linkerd,linkerd-proxy-injector,linkerd,linkerd-proxy-injector-666c478cbb-z7nnc,666c478cbb,linkerd-proxy-injector,linkerd-proxy-injector.linkerd.serviceaccount.identity.linkerd.cluster.local,,,
1613778621.012,response_latency_ms_sum,,,10.1.7.224:4191,linkerd-proxy,linkerd,,linkerd-prometheus-5bccd64d4d-jzwmt,,11661,,,,,linkerd-prometheus,prometheus,linkerd,outbound,,5bccd64d4d,200,true,linkerd,10.1.7.218:9995,,linkerd,linkerd-proxy-injector,linkerd,linkerd-proxy-injector-666c478cbb-z7nnc,666c478cbb,linkerd-proxy-injector,linkerd-proxy-injector.linkerd.serviceaccount.identity.linkerd.cluster.local,,,
1613778631.011,response_latency_ms_sum,,,10.1.7.224:4191,linkerd-proxy,linkerd,,linkerd-prometheus-5bccd64d4d-jzwmt,,11664,,,,,linkerd-prometheus,prometheus,linkerd,outbound,,5bccd64d4d,200,true,linkerd,10.1.7.218:9995,,linkerd,linkerd-proxy-injector,linkerd,linkerd-proxy-injector-666c478cbb-z7nnc,666c478cbb,linkerd-proxy-injector,linkerd-proxy-injector.linkerd.serviceaccount.identity.linkerd.cluster.local,,,
1613778641.011,response_latency_ms_sum,,,10.1.7.224:4191,linkerd-proxy,linkerd,,linkerd-prometheus-5bccd64d4d-jzwmt,,11667,,,,,linkerd-prometheus,prometheus,linkerd,outbound,,5bccd64d4d,200,true,linkerd,10.1.7.218:9995,,linkerd,linkerd-proxy-injector,linkerd,linkerd-proxy-injector-666c478cbb-z7nnc,666c478cbb,linkerd-proxy-injector,linkerd-proxy-injector.linkerd.serviceaccount.identity.linkerd.cluster.local,,,
1613778591.012,response_latency_ms_sum,,,10.1.7.224:4191,linkerd-proxy,linkerd,,linkerd-prometheus-5bccd64d4d-jzwmt,,9591,,,,,linkerd-prometheus,prometheus,linkerd,outbound,,5bccd64d4d,200,true,linkerd,10.1.7.222:9998,,linkerd,linkerd-tap,linkerd,linkerd-tap-75785bb98d-dvlv2,75785bb98d,linkerd-tap,linkerd-tap.linkerd.serviceaccount.identity.linkerd.cluster.local,,,
1613778601.012,response_latency_ms_sum,,,10.1.7.224:4191,linkerd-proxy,linkerd,,linkerd-prometheus-5bccd64d4d-jzwmt,,9592,,,,,linkerd-prometheus,prometheus,linkerd,outbound,,5bccd64d4d,200,true,linkerd,10.1.7.222:9998,,linkerd,linkerd-tap,linkerd,linkerd-tap-75785bb98d-dvlv2,75785bb98d,linkerd-tap,linkerd-tap.linkerd.serviceaccount.identity.linkerd.cluster.local,,,
1613778611.011,response_latency_ms_sum,,,10.1.7.224:4191,linkerd-proxy,linkerd,,linkerd-prometheus-5bccd64d4d-jzwmt,,9595,,,,,linkerd-prometheus,prometheus,linkerd,outbound,,5bccd64d4d,200,true,linkerd,10.1.7.222:9998,,linkerd,linkerd-tap,linkerd,linkerd-tap-75785bb98d-dvlv2,75785bb98d,linkerd-tap,linkerd-tap.linkerd.serviceaccount.identity.linkerd.cluster.local,,,
1613778621.012,response_latency_ms_sum,,,10.1.7.224:4191,linkerd-proxy,linkerd,,linkerd-prometheus-5bccd64d4d-jzwmt,,9600,,,,,linkerd-prometheus,prometheus,linkerd,outbound,,5bccd64d4d,200,true,linkerd,10.1.7.222:9998,,linkerd,linkerd-tap,linkerd,linkerd-tap-75785bb98d-dvlv2,75785bb98d,linkerd-tap,linkerd-tap.linkerd.serviceaccount.identity.linkerd.cluster.local,,,
1613778631.011,response_latency_ms_sum,,,10.1.7.224:4191,linkerd-proxy,linkerd,,linkerd-prometheus-5bccd64d4d-jzwmt,,9603,,,,,linkerd-prometheus,prometheus,linkerd,outbound,,5bccd64d4d,200,true,linkerd,10.1.7.222:9998,,linkerd,linkerd-tap,linkerd,linkerd-tap-75785bb98d-dvlv2,75785bb98d,linkerd-tap,linkerd-tap.linkerd.serviceaccount.identity.linkerd.cluster.local,,,
1613778641.011,response_latency_ms_sum,,,10.1.7.224:4191,linkerd-proxy,linkerd,,linkerd-prometheus-5bccd64d4d-jzwmt,,9607,,,,,linkerd-prometheus,prometheus,linkerd,outbound,,5bccd64d4d,200,true,linkerd,10.1.7.222:9998,,linkerd,linkerd-tap,linkerd,linkerd-tap-75785bb98d-dvlv2,75785bb98d,linkerd-tap,linkerd-tap.linkerd.serviceaccount.identity.linkerd.cluster.local,,,
1613778588.136,response_latency_ms_sum,,,10.1.7.217:4191,linkerd-proxy,linkerd,,linkerd-destination-654f8848f5-4tr7b,,0,,,,,linkerd-destination,destination,linkerd,inbound,,654f8848f5,200,true,linkerd,linkerd-dst-headless.linkerd.svc.cluster.local:8086,linkerd-controller.linkerd.serviceaccount.identity.linkerd.cluster.local,,,,,,,,,,
1613778598.136,response_latency_ms_sum,,,10.1.7.217:4191,linkerd-proxy,linkerd,,linkerd-destination-654f8848f5-4tr7b,,0,,,,,linkerd-destination,destination,linkerd,inbound,,654f8848f5,200,true,linkerd,linkerd-dst-headless.linkerd.svc.cluster.local:8086,linkerd-controller.linkerd.serviceaccount.identity.linkerd.cluster.local,,,,,,,,,,
1613778608.136,response_latency_ms_sum,,,10.1.7.217:4191,linkerd-proxy,linkerd,,linkerd-destination-654f8848f5-4tr7b,,0,,,,,linkerd-destination,destination,linkerd,inbound,,654f8848f5,200,true,linkerd,linkerd-dst-headless.linkerd.svc.cluster.local:8086,linkerd-controller.linkerd.serviceaccount.identity.linkerd.cluster.local,,,,,,,,,,
1613778618.136,response_latency_ms_sum,,,10.1.7.217:4191,linkerd-proxy,linkerd,,linkerd-destination-654f8848f5-4tr7b,,0,,,,,linkerd-destination,destination,linkerd,inbound,,654f8848f5,200,true,linkerd,linkerd-dst-headless.linkerd.svc.cluster.local:8086,linkerd-controller.linkerd.serviceaccount.identity.linkerd.cluster.local,,,,,,,,,,
1613778628.136,response_latency_ms_sum,,,10.1.7.217:4191,linkerd-proxy,linkerd,,linkerd-destination-654f8848f5-4tr7b,,0,,,,,linkerd-destination,destination,linkerd,inbound,,654f8848f5,200,true,linkerd,linkerd-dst-headless.linkerd.svc.cluster.local:8086,linkerd-controller.linkerd.serviceaccount.identity.linkerd.cluster.local,,,,,,,,,,
1613778638.136,response_latency_ms_sum,,,10.1.7.217:4191,linkerd-proxy,linkerd,,linkerd-destination-654f8848f5-4tr7b,,0,,,,,linkerd-destination,destination,linkerd,inbound,,654f8848f5,200,true,linkerd,linkerd-dst-headless.linkerd.svc.cluster.local:8086,linkerd-controller.linkerd.serviceaccount.identity.linkerd.cluster.local,,,,,,,,,,
1613778588.136,response_latency_ms_sum,,,10.1.7.217:4191,linkerd-proxy,linkerd,,linkerd-destination-654f8848f5-4tr7b,,406,,,,,linkerd-destination,destination,linkerd,inbound,,654f8848f5,200,true,linkerd,linkerd-dst-headless.linkerd.svc.cluster.local:8086,linkerd-identity.linkerd.serviceaccount.identity.linkerd.cluster.local,,,,,,,,,,
1613778598.136,response_latency_ms_sum,,,10.1.7.217:4191,linkerd-proxy,linkerd,,linkerd-destination-654f8848f5-4tr7b,,406,,,,,linkerd-destination,destination,linkerd,inbound,,654f8848f5,200,true,linkerd,linkerd-dst-headless.linkerd.svc.cluster.local:8086,linkerd-identity.linkerd.serviceaccount.identity.linkerd.cluster.local,,,,,,,,,,
1613778608.136,response_latency_ms_sum,,,10.1.7.217:4191,linkerd-proxy,linkerd,,linkerd-destination-654f8848f5-4tr7b,,406,,,,,linkerd-destination,destination,linkerd,inbound,,654f8848f5,200,true,linkerd,linkerd-dst-headless.linkerd.svc.cluster.local:8086,linkerd-identity.linkerd.serviceaccount.identity.linkerd.cluster.local,,,,,,,,,,
1613778618.136,response_latency_ms_sum,,,10.1.7.217:4191,linkerd-proxy,linkerd,,linkerd-destination-654f8848f5-4tr7b,,406,,,,,linkerd-destination,destination,linkerd,inbound,,654f8848f5,200,true,linkerd,linkerd-dst-headless.linkerd.svc.cluster.local:8086,linkerd-identity.linkerd.serviceaccount.identity.linkerd.cluster.local,,,,,,,,,,
1613778628.136,response_latency_ms_sum,,,10.1.7.217:4191,linkerd-proxy,linkerd,,linkerd-destination-654f8848f5-4tr7b,,406,,,,,linkerd-destination,destination,linkerd,inbound,,654f8848f5,200,true,linkerd,linkerd-dst-headless.linkerd.svc.cluster.local:8086,linkerd-identity.linkerd.serviceaccount.identity.linkerd.cluster.local,,,,,,,,,,
1613778638.136,response_latency_ms_sum,,,10.1.7.217:4191,linkerd-proxy,linkerd,,linkerd-destination-654f8848f5-4tr7b,,406,,,,,linkerd-destination,destination,linkerd,inbound,,654f8848f5,200,true,linkerd,linkerd-dst-headless.linkerd.svc.cluster.local:8086,linkerd-identity.linkerd.serviceaccount.identity.linkerd.cluster.local,,,,,,,,,,
1613778588.136,response_latency_ms_sum,,,10.1.7.217:4191,linkerd-proxy,linkerd,,linkerd-destination-654f8848f5-4tr7b,,17984716,,,,,linkerd-destination,destination,linkerd,inbound,,654f8848f5,200,true,linkerd,linkerd-dst-headless.linkerd.svc.cluster.local:8086,default.robot-shop.serviceaccount.identity.linkerd.cluster.local,,,,,,,,,,
1613778598.136,response_latency_ms_sum,,,10.1.7.217:4191,linkerd-proxy,linkerd,,linkerd-destination-654f8848f5-4tr7b,,17985534,,,,,linkerd-destination,destination,linkerd,inbound,,654f8848f5,200,true,linkerd,linkerd-dst-headless.linkerd.svc.cluster.local:8086,default.robot-shop.serviceaccount.identity.linkerd.cluster.local,,,,,,,,,,
1613778608.136,response_latency_ms_sum,,,10.1.7.217:4191,linkerd-proxy,linkerd,,linkerd-destination-654f8848f5-4tr7b,,17986561,,,,,linkerd-destination,destination,linkerd,inbound,,654f8848f5,200,true,linkerd,linkerd-dst-headless.linkerd.svc.cluster.local:8086,default.robot-shop.serviceaccount.identity.linkerd.cluster.local,,,,,,,,,,
1613778618.136,response_latency_ms_sum,,,10.1.7.217:4191,linkerd-proxy,linkerd,,linkerd-destination-654f8848f5-4tr7b,,17992661,,,,,linkerd-destination,destination,linkerd,inbound,,654f8848f5,200,true,linkerd,linkerd-dst-headless.linkerd.svc.cluster.local:8086,default.robot-shop.serviceaccount.identity.linkerd.cluster.local,,,,,,,,,,
1613778628.136,response_latency_ms_sum,,,10.1.7.217:4191,linkerd-proxy,linkerd,,linkerd-destination-654f8848f5-4tr7b,,17995104,,,,,linkerd-destination,destination,linkerd,inbound,,654f8848f5,200,true,linkerd,linkerd-dst-headless.linkerd.svc.cluster.local:8086,default.robot-shop.serviceaccount.identity.linkerd.cluster.local,,,,,,,,,,
1613778638.136,response_latency_ms_sum,,,10.1.7.217:4191,linkerd-proxy,linkerd,,linkerd-destination-654f8848f5-4tr7b,,17995785,,,,,linkerd-destination,destination,linkerd,inbound,,654f8848f5,200,true,linkerd,linkerd-dst-headless.linkerd.svc.cluster.local:8086,default.robot-shop.serviceaccount.identity.linkerd.cluster.local,,,,,,,,,,
1613778591.012,response_latency_ms_sum,,,10.1.7.224:4191,linkerd-proxy,linkerd,,linkerd-prometheus-5bccd64d4d-jzwmt,,1860,,,,,linkerd-prometheus,prometheus,linkerd,outbound,,5bccd64d4d,200,true,linkerd,10.1.8.3:4191,,linkerd,mysql,robot-shop,mysql-6fbdd859fd-zs86n,6fbdd859fd,default,default.robot-shop.serviceaccount.identity.linkerd.cluster.local,,,
1613778601.012,response_latency_ms_sum,,,10.1.7.224:4191,linkerd-proxy,linkerd,,linkerd-prometheus-5bccd64d4d-jzwmt,,1861,,,,,linkerd-prometheus,prometheus,linkerd,outbound,,5bccd64d4d,200,true,linkerd,10.1.8.3:4191,,linkerd,mysql,robot-shop,mysql-6fbdd859fd-zs86n,6fbdd859fd,default,default.robot-shop.serviceaccount.identity.linkerd.cluster.local,,,
1613778611.011,response_latency_ms_sum,,,10.1.7.224:4191,linkerd-proxy,linkerd,,linkerd-prometheus-5bccd64d4d-jzwmt,,1862,,,,,linkerd-prometheus,prometheus,linkerd,outbound,,5bccd64d4d,200,true,linkerd,10.1.8.3:4191,,linkerd,mysql,robot-shop,mysql-6fbdd859fd-zs86n,6fbdd859fd,default,default.robot-shop.serviceaccount.identity.linkerd.cluster.local,,,
1613778621.012,response_latency_ms_sum,,,10.1.7.224:4191,linkerd-proxy,linkerd,,linkerd-prometheus-5bccd64d4d-jzwmt,,1863,,,,,linkerd-prometheus,prometheus,linkerd,outbound,,5bccd64d4d,200,true,linkerd,10.1.8.3:4191,,linkerd,mysql,robot-shop,mysql-6fbdd859fd-zs86n,6fbdd859fd,default,default.robot-shop.serviceaccount.identity.linkerd.cluster.local,,,
1613778631.011,response_latency_ms_sum,,,10.1.7.224:4191,linkerd-proxy,linkerd,,linkerd-prometheus-5bccd64d4d-jzwmt,,1864,,,,,linkerd-prometheus,prometheus,linkerd,outbound,,5bccd64d4d,200,true,linkerd,10.1.8.3:4191,,linkerd,mysql,robot-shop,mysql-6fbdd859fd-zs86n,6fbdd859fd,default,default.robot-shop.serviceaccount.identity.linkerd.cluster.local,,,
1613778641.011,response_latency_ms_sum,,,10.1.7.224:4191,linkerd-proxy,linkerd,,linkerd-prometheus-5bccd64d4d-jzwmt,,1865,,,,,linkerd-prometheus,prometheus,linkerd,outbound,,5bccd64d4d,200,true,linkerd,10.1.8.3:4191,,linkerd,mysql,robot-shop,mysql-6fbdd859fd-zs86n,6fbdd859fd,default,default.robot-shop.serviceaccount.identity.linkerd.cluster.local,,,
1613778591.012,response_latency_ms_sum,,,10.1.7.224:4191,linkerd-proxy,linkerd,,linkerd-prometheus-5bccd64d4d-jzwmt,,3435,,,,,linkerd-prometheus,prometheus,linkerd,outbound,,5bccd64d4d,200,true,linkerd,10.1.8.13:4191,,linkerd,,robot-shop,redis-0,,default,default.robot-shop.serviceaccount.identity.linkerd.cluster.local,redis,,
1613778601.012,response_latency_ms_sum,,,10.1.7.224:4191,linkerd-proxy,linkerd,,linkerd-prometheus-5bccd64d4d-jzwmt,,3436,,,,,linkerd-prometheus,prometheus,linkerd,outbound,,5bccd64d4d,200,true,linkerd,10.1.8.13:4191,,linkerd,,robot-shop,redis-0,,default,default.robot-shop.serviceaccount.identity.linkerd.cluster.local,redis,,
1613778611.011,response_latency_ms_sum,,,10.1.7.224:4191,linkerd-proxy,linkerd,,linkerd-prometheus-5bccd64d4d-jzwmt,,3437,,,,,linkerd-prometheus,prometheus,linkerd,outbound,,5bccd64d4d,200,true,linkerd,10.1.8.13:4191,,linkerd,,robot-shop,redis-0,,default,default.robot-shop.serviceaccount.identity.linkerd.cluster.local,redis,,
1613778621.012,response_latency_ms_sum,,,10.1.7.224:4191,linkerd-proxy,linkerd,,linkerd-prometheus-5bccd64d4d-jzwmt,,3438,,,,,linkerd-prometheus,prometheus,linkerd,outbound,,5bccd64d4d,200,true,linkerd,10.1.8.13:4191,,linkerd,,robot-shop,redis-0,,default,default.robot-shop.serviceaccount.identity.linkerd.cluster.local,redis,,
1613778631.011,response_latency_ms_sum,,,10.1.7.224:4191,linkerd-proxy,linkerd,,linkerd-prometheus-5bccd64d4d-jzwmt,,3439,,,,,linkerd-prometheus,prometheus,linkerd,outbound,,5bccd64d4d,200,true,linkerd,10.1.8.13:4191,,linkerd,,robot-shop,redis-0,,default,default.robot-shop.serviceaccount.identity.linkerd.cluster.local,redis,,
1613778641.011,response_latency_ms_sum,,,10.1.7.224:4191,linkerd-proxy,linkerd,,linkerd-prometheus-5bccd64d4d-jzwmt,,3440,,,,,linkerd-prometheus,prometheus,linkerd,outbound,,5bccd64d4d,200,true,linkerd,10.1.8.13:4191,,linkerd,,robot-shop,redis-0,,default,default.robot-shop.serviceaccount.identity.linkerd.cluster.local,redis,,
1613778591.012,response_latency_ms_sum,,,10.1.7.224:4191,linkerd-proxy,linkerd,,linkerd-prometheus-5bccd64d4d-jzwmt,,2915,,,,,linkerd-prometheus,prometheus,linkerd,outbound,,5bccd64d4d,200,true,linkerd,10.1.8.5:4191,,linkerd,rabbitmq,robot-shop,rabbitmq-86f8d8c475-stzdn,86f8d8c475,default,default.robot-shop.serviceaccount.identity.linkerd.cluster.local,,,
1613778601.012,response_latency_ms_sum,,,10.1.7.224:4191,linkerd-proxy,linkerd,,linkerd-prometheus-5bccd64d4d-jzwmt,,2916,,,,,linkerd-prometheus,prometheus,linkerd,outbound,,5bccd64d4d,200,true,linkerd,10.1.8.5:4191,,linkerd,rabbitmq,robot-shop,rabbitmq-86f8d8c475-stzdn,86f8d8c475,default,default.robot-shop.serviceaccount.identity.linkerd.cluster.local,,,
1613778611.011,response_latency_ms_sum,,,10.1.7.224:4191,linkerd-proxy,linkerd,,linkerd-prometheus-5bccd64d4d-jzwmt,,2916,,,,,linkerd-prometheus,prometheus,linkerd,outbound,,5bccd64d4d,200,true,linkerd,10.1.8.5:4191,,linkerd,rabbitmq,robot-shop,rabbitmq-86f8d8c475-stzdn,86f8d8c475,default,default.robot-shop.serviceaccount.identity.linkerd.cluster.local,,,
1613778621.012,response_latency_ms_sum,,,10.1.7.224:4191,linkerd-proxy,linkerd,,linkerd-prometheus-5bccd64d4d-jzwmt,,2917,,,,,linkerd-prometheus,prometheus,linkerd,outbound,,5bccd64d4d,200,true,linkerd,10.1.8.5:4191,,linkerd,rabbitmq,robot-shop,rabbitmq-86f8d8c475-stzdn,86f8d8c475,default,default.robot-shop.serviceaccount.identity.linkerd.cluster.local,,,
1613778631.011,response_latency_ms_sum,,,10.1.7.224:4191,linkerd-proxy,linkerd,,linkerd-prometheus-5bccd64d4d-jzwmt,,2918,,,,,linkerd-prometheus,prometheus,linkerd,outbound,,5bccd64d4d,200,true,linkerd,10.1.8.5:4191,,linkerd,rabbitmq,robot-shop,rabbitmq-86f8d8c475-stzdn,86f8d8c475,default,default.robot-shop.serviceaccount.identity.linkerd.cluster.local,,,
1613778641.011,response_latency_ms_sum,,,10.1.7.224:4191,linkerd-proxy,linkerd,,linkerd-prometheus-5bccd64d4d-jzwmt,,2920,,,,,linkerd-prometheus,prometheus,linkerd,outbound,,5bccd64d4d,200,true,linkerd,10.1.8.5:4191,,linkerd,rabbitmq,robot-shop,rabbitmq-86f8d8c475-stzdn,86f8d8c475,default,default.robot-shop.serviceaccount.identity.linkerd.cluster.local,,,
1613778591.012,response_latency_ms_sum,,,10.1.7.224:4191,linkerd-proxy,linkerd,,linkerd-prometheus-5bccd64d4d-jzwmt,,3428,,,,,linkerd-prometheus,prometheus,linkerd,outbound,,5bccd64d4d,200,true,linkerd,10.1.8.2:4191,,linkerd,mongodb,robot-shop,mongodb-7fcc49887c-c86gw,7fcc49887c,default,default.robot-shop.serviceaccount.identity.linkerd.cluster.local,,,
1613778601.012,response_latency_ms_sum,,,10.1.7.224:4191,linkerd-proxy,linkerd,,linkerd-prometheus-5bccd64d4d-jzwmt,,3429,,,,,linkerd-prometheus,prometheus,linkerd,outbound,,5bccd64d4d,200,true,linkerd,10.1.8.2:4191,,linkerd,mongodb,robot-shop,mongodb-7fcc49887c-c86gw,7fcc49887c,default,default.robot-shop.serviceaccount.identity.linkerd.cluster.local,,,
1613778611.011,response_latency_ms_sum,,,10.1.7.224:4191,linkerd-proxy,linkerd,,linkerd-prometheus-5bccd64d4d-jzwmt,,3429,,,,,linkerd-prometheus,prometheus,linkerd,outbound,,5bccd64d4d,200,true,linkerd,10.1.8.2:4191,,linkerd,mongodb,robot-shop,mongodb-7fcc49887c-c86gw,7fcc49887c,default,default.robot-shop.serviceaccount.identity.linkerd.cluster.local,,,
1613778621.012,response_latency_ms_sum,,,10.1.7.224:4191,linkerd-proxy,linkerd,,linkerd-prometheus-5bccd64d4d-jzwmt,,3430,,,,,linkerd-prometheus,prometheus,linkerd,outbound,,5bccd64d4d,200,true,linkerd,10.1.8.2:4191,,linkerd,mongodb,robot-shop,mongodb-7fcc49887c-c86gw,7fcc49887c,default,default.robot-shop.serviceaccount.identity.linkerd.cluster.local,,,
1613778631.011,response_latency_ms_sum,,,10.1.7.224:4191,linkerd-proxy,linkerd,,linkerd-prometheus-5bccd64d4d-jzwmt,,3432,,,,,linkerd-prometheus,prometheus,linkerd,outbound,,5bccd64d4d,200,true,linkerd,10.1.8.2:4191,,linkerd,mongodb,robot-shop,mongodb-7fcc49887c-c86gw,7fcc49887c,default,default.robot-shop.serviceaccount.identity.linkerd.cluster.local,,,
1613778641.011,response_latency_ms_sum,,,10.1.7.224:4191,linkerd-proxy,linkerd,,linkerd-prometheus-5bccd64d4d-jzwmt,,3433,,,,,linkerd-prometheus,prometheus,linkerd,outbound,,5bccd64d4d,200,true,linkerd,10.1.8.2:4191,,linkerd,mongodb,robot-shop,mongodb-7fcc49887c-c86gw,7fcc49887c,default,default.robot-shop.serviceaccount.identity.linkerd.cluster.local,,,
1613778591.012,response_latency_ms_sum,,,10.1.7.224:4191,linkerd-proxy,linkerd,,linkerd-prometheus-5bccd64d4d-jzwmt,,3200,,,,,linkerd-prometheus,prometheus,linkerd,inbound,no_tls_from_remote,5bccd64d4d,200,no_identity,linkerd,localhost:31275,,,,,,,,,,,
1613778601.012,response_latency_ms_sum,,,10.1.7.224:4191,linkerd-proxy,linkerd,,linkerd-prometheus-5bccd64d4d-jzwmt,,3200,,,,,linkerd-prometheus,prometheus,linkerd,inbound,no_tls_from_remote,5bccd64d4d,200,no_identity,linkerd,localhost:31275,,,,,,,,,,,
1613778611.011,response_latency_ms_sum,,,10.1.7.224:4191,linkerd-proxy,linkerd,,linkerd-prometheus-5bccd64d4d-jzwmt,,3200,,,,,linkerd-prometheus,prometheus,linkerd,inbound,no_tls_from_remote,5bccd64d4d,200,no_identity,linkerd,localhost:31275,,,,,,,,,,,
1613778621.012,response_latency_ms_sum,,,10.1.7.224:4191,linkerd-proxy,linkerd,,linkerd-prometheus-5bccd64d4d-jzwmt,,3200,,,,,linkerd-prometheus,prometheus,linkerd,inbound,no_tls_from_remote,5bccd64d4d,200,no_identity,linkerd,localhost:31275,,,,,,,,,,,
1613778631.011,response_latency_ms_sum,,,10.1.7.224:4191,linkerd-proxy,linkerd,,linkerd-prometheus-5bccd64d4d-jzwmt,,3200,,,,,linkerd-prometheus,prometheus,linkerd,inbound,no_tls_from_remote,5bccd64d4d,200,no_identity,linkerd,localhost:31275,,,,,,,,,,,
1613778641.011,response_latency_ms_sum,,,10.1.7.224:4191,linkerd-proxy,linkerd,,linkerd-prometheus-5bccd64d4d-jzwmt,,3200,,,,,linkerd-prometheus,prometheus,linkerd,inbound,no_tls_from_remote,5bccd64d4d,200,no_identity,linkerd,localhost:31275,,,,,,,,,,,
1613778590.094,response_latency_ms_sum,,,10.1.7.218:4191,linkerd-proxy,linkerd,,linkerd-proxy-injector-666c478cbb-z7nnc,,0,,,,,linkerd-proxy-injector,proxy-injector,linkerd,inbound,no_tls_from_remote,666c478cbb,,no_identity,linkerd,,,,,,,,,,,,
1613778600.094,response_latency_ms_sum,,,10.1.7.218:4191,linkerd-proxy,linkerd,,linkerd-proxy-injector-666c478cbb-z7nnc,,0,,,,,linkerd-proxy-injector,proxy-injector,linkerd,inbound,no_tls_from_remote,666c478cbb,,no_identity,linkerd,,,,,,,,,,,,
1613778610.095,response_latency_ms_sum,,,10.1.7.218:4191,linkerd-proxy,linkerd,,linkerd-proxy-injector-666c478cbb-z7nnc,,0,,,,,linkerd-proxy-injector,proxy-injector,linkerd,inbound,no_tls_from_remote,666c478cbb,,no_identity,linkerd,,,,,,,,,,,,
1613778620.094,response_latency_ms_sum,,,10.1.7.218:4191,linkerd-proxy,linkerd,,linkerd-proxy-injector-666c478cbb-z7nnc,,0,,,,,linkerd-proxy-injector,proxy-injector,linkerd,inbound,no_tls_from_remote,666c478cbb,,no_identity,linkerd,,,,,,,,,,,,
1613778630.094,response_latency_ms_sum,,,10.1.7.218:4191,linkerd-proxy,linkerd,,linkerd-proxy-injector-666c478cbb-z7nnc,,0,,,,,linkerd-proxy-injector,proxy-injector,linkerd,inbound,no_tls_from_remote,666c478cbb,,no_identity,linkerd,,,,,,,,,,,,
1613778640.094,response_latency_ms_sum,,,10.1.7.218:4191,linkerd-proxy,linkerd,,linkerd-proxy-injector-666c478cbb-z7nnc,,0,,,,,linkerd-proxy-injector,proxy-injector,linkerd,inbound,no_tls_from_remote,666c478cbb,,no_identity,linkerd,,,,,,,,,,,,
1613778591.012,response_latency_ms_sum,,,10.1.7.224:4191,linkerd-proxy,linkerd,,linkerd-prometheus-5bccd64d4d-jzwmt,,746,,,,,linkerd-prometheus,prometheus,linkerd,outbound,,5bccd64d4d,200,true,linkerd,10.1.10.70:4191,,linkerd,cart,robot-shop,cart-7b6b494d5d-7g9ck,7b6b494d5d,default,default.robot-shop.serviceaccount.identity.linkerd.cluster.local,,,
1613778601.012,response_latency_ms_sum,,,10.1.7.224:4191,linkerd-proxy,linkerd,,linkerd-prometheus-5bccd64d4d-jzwmt,,746,,,,,linkerd-prometheus,prometheus,linkerd,outbound,,5bccd64d4d,200,true,linkerd,10.1.10.70:4191,,linkerd,cart,robot-shop,cart-7b6b494d5d-7g9ck,7b6b494d5d,default,default.robot-shop.serviceaccount.identity.linkerd.cluster.local,,,
1613778611.011,response_latency_ms_sum,,,10.1.7.224:4191,linkerd-proxy,linkerd,,linkerd-prometheus-5bccd64d4d-jzwmt,,746,,,,,linkerd-prometheus,prometheus,linkerd,outbound,,5bccd64d4d,200,true,linkerd,10.1.10.70:4191,,linkerd,cart,robot-shop,cart-7b6b494d5d-7g9ck,7b6b494d5d,default,default.robot-shop.serviceaccount.identity.linkerd.cluster.local,,,
1613778621.012,response_latency_ms_sum,,,10.1.7.224:4191,linkerd-proxy,linkerd,,linkerd-prometheus-5bccd64d4d-jzwmt,,746,,,,,linkerd-prometheus,prometheus,linkerd,outbound,,5bccd64d4d,200,true,linkerd,10.1.10.70:4191,,linkerd,cart,robot-shop,cart-7b6b494d5d-7g9ck,7b6b494d5d,default,default.robot-shop.serviceaccount.identity.linkerd.cluster.local,,,
1613778631.011,response_latency_ms_sum,,,10.1.7.224:4191,linkerd-proxy,linkerd,,linkerd-prometheus-5bccd64d4d-jzwmt,,746,,,,,linkerd-prometheus,prometheus,linkerd,outbound,,5bccd64d4d,200,true,linkerd,10.1.10.70:4191,,linkerd,cart,robot-shop,cart-7b6b494d5d-7g9ck,7b6b494d5d,default,default.robot-shop.serviceaccount.identity.linkerd.cluster.local,,,
1613778641.011,response_latency_ms_sum,,,10.1.7.224:4191,linkerd-proxy,linkerd,,linkerd-prometheus-5bccd64d4d-jzwmt,,746,,,,,linkerd-prometheus,prometheus,linkerd,outbound,,5bccd64d4d,200,true,linkerd,10.1.10.70:4191,,linkerd,cart,robot-shop,cart-7b6b494d5d-7g9ck,7b6b494d5d,default,default.robot-shop.serviceaccount.identity.linkerd.cluster.local,,,
1613778591.012,response_latency_ms_sum,,,10.1.7.224:4191,linkerd-proxy,linkerd,,linkerd-prometheus-5bccd64d4d-jzwmt,,524,,,,,linkerd-prometheus,prometheus,linkerd,outbound,,5bccd64d4d,200,true,linkerd,10.1.10.73:4191,,linkerd,payment,robot-shop,payment-c67d9b657-rjw5v,c67d9b657,default,default.robot-shop.serviceaccount.identity.linkerd.cluster.local,,,
1613778601.012,response_latency_ms_sum,,,10.1.7.224:4191,linkerd-proxy,linkerd,,linkerd-prometheus-5bccd64d4d-jzwmt,,524,,,,,linkerd-prometheus,prometheus,linkerd,outbound,,5bccd64d4d,200,true,linkerd,10.1.10.73:4191,,linkerd,payment,robot-shop,payment-c67d9b657-rjw5v,c67d9b657,default,default.robot-shop.serviceaccount.identity.linkerd.cluster.local,,,
1613778611.011,response_latency_ms_sum,,,10.1.7.224:4191,linkerd-proxy,linkerd,,linkerd-prometheus-5bccd64d4d-jzwmt,,524,,,,,linkerd-prometheus,prometheus,linkerd,outbound,,5bccd64d4d,200,true,linkerd,10.1.10.73:4191,,linkerd,payment,robot-shop,payment-c67d9b657-rjw5v,c67d9b657,default,default.robot-shop.serviceaccount.identity.linkerd.cluster.local,,,
1613778621.012,response_latency_ms_sum,,,10.1.7.224:4191,linkerd-proxy,linkerd,,linkerd-prometheus-5bccd64d4d-jzwmt,,524,,,,,linkerd-prometheus,prometheus,linkerd,outbound,,5bccd64d4d,200,true,linkerd,10.1.10.73:4191,,linkerd,payment,robot-shop,payment-c67d9b657-rjw5v,c67d9b657,default,default.robot-shop.serviceaccount.identity.linkerd.cluster.local,,,
1613778631.011,response_latency_ms_sum,,,10.1.7.224:4191,linkerd-proxy,linkerd,,linkerd-prometheus-5bccd64d4d-jzwmt,,524,,,,,linkerd-prometheus,prometheus,linkerd,outbound,,5bccd64d4d,200,true,linkerd,10.1.10.73:4191,,linkerd,payment,robot-shop,payment-c67d9b657-rjw5v,c67d9b657,default,default.robot-shop.serviceaccount.identity.linkerd.cluster.local,,,
1613778641.011,response_latency_ms_sum,,,10.1.7.224:4191,linkerd-proxy,linkerd,,linkerd-prometheus-5bccd64d4d-jzwmt,,524,,,,,linkerd-prometheus,prometheus,linkerd,outbound,,5bccd64d4d,200,true,linkerd,10.1.10.73:4191,,linkerd,payment,robot-shop,payment-c67d9b657-rjw5v,c67d9b657,default,default.robot-shop.serviceaccount.identity.linkerd.cluster.local,,,
1613778591.012,response_latency_ms_sum,,,10.1.7.224:4191,linkerd-proxy,linkerd,,linkerd-prometheus-5bccd64d4d-jzwmt,,362,,,,,linkerd-prometheus,prometheus,linkerd,outbound,,5bccd64d4d,200,true,linkerd,10.1.10.76:4191,,linkerd,user,robot-shop,user-585f6dddcc-wfnkw,585f6dddcc,default,default.robot-shop.serviceaccount.identity.linkerd.cluster.local,,,
1613778601.012,response_latency_ms_sum,,,10.1.7.224:4191,linkerd-proxy,linkerd,,linkerd-prometheus-5bccd64d4d-jzwmt,,362,,,,,linkerd-prometheus,prometheus,linkerd,outbound,,5bccd64d4d,200,true,linkerd,10.1.10.76:4191,,linkerd,user,robot-shop,user-585f6dddcc-wfnkw,585f6dddcc,default,default.robot-shop.serviceaccount.identity.linkerd.cluster.local,,,
1613778611.011,response_latency_ms_sum,,,10.1.7.224:4191,linkerd-proxy,linkerd,,linkerd-prometheus-5bccd64d4d-jzwmt,,362,,,,,linkerd-prometheus,prometheus,linkerd,outbound,,5bccd64d4d,200,true,linkerd,10.1.10.76:4191,,linkerd,user,robot-shop,user-585f6dddcc-wfnkw,585f6dddcc,default,default.robot-shop.serviceaccount.identity.linkerd.cluster.local,,,
1613778621.012,response_latency_ms_sum,,,10.1.7.224:4191,linkerd-proxy,linkerd,,linkerd-prometheus-5bccd64d4d-jzwmt,,362,,,,,linkerd-prometheus,prometheus,linkerd,outbound,,5bccd64d4d,200,true,linkerd,10.1.10.76:4191,,linkerd,user,robot-shop,user-585f6dddcc-wfnkw,585f6dddcc,default,default.robot-shop.serviceaccount.identity.linkerd.cluster.local,,,
1613778631.011,response_latency_ms_sum,,,10.1.7.224:4191,linkerd-proxy,linkerd,,linkerd-prometheus-5bccd64d4d-jzwmt,,362,,,,,linkerd-prometheus,prometheus,linkerd,outbound,,5bccd64d4d,200,true,linkerd,10.1.10.76:4191,,linkerd,user,robot-shop,user-585f6dddcc-wfnkw,585f6dddcc,default,default.robot-shop.serviceaccount.identity.linkerd.cluster.local,,,
1613778641.011,response_latency_ms_sum,,,10.1.7.224:4191,linkerd-proxy,linkerd,,linkerd-prometheus-5bccd64d4d-jzwmt,,362,,,,,linkerd-prometheus,prometheus,linkerd,outbound,,5bccd64d4d,200,true,linkerd,10.1.10.76:4191,,linkerd,user,robot-shop,user-585f6dddcc-wfnkw,585f6dddcc,default,default.robot-shop.serviceaccount.identity.linkerd.cluster.local,,,
1613778591.012,response_latency_ms_sum,,,10.1.7.224:4191,linkerd-proxy,linkerd,,linkerd-prometheus-5bccd64d4d-jzwmt,,794,,,,,linkerd-prometheus,prometheus,linkerd,outbound,,5bccd64d4d,200,true,linkerd,10.1.10.74:4191,,linkerd,ratings,robot-shop,ratings-5bc6694dc9-bqwbp,5bc6694dc9,default,default.robot-shop.serviceaccount.identity.linkerd.cluster.local,,,
1613778601.012,response_latency_ms_sum,,,10.1.7.224:4191,linkerd-proxy,linkerd,,linkerd-prometheus-5bccd64d4d-jzwmt,,794,,,,,linkerd-prometheus,prometheus,linkerd,outbound,,5bccd64d4d,200,true,linkerd,10.1.10.74:4191,,linkerd,ratings,robot-shop,ratings-5bc6694dc9-bqwbp,5bc6694dc9,default,default.robot-shop.serviceaccount.identity.linkerd.cluster.local,,,
1613778611.011,response_latency_ms_sum,,,10.1.7.224:4191,linkerd-proxy,linkerd,,linkerd-prometheus-5bccd64d4d-jzwmt,,794,,,,,linkerd-prometheus,prometheus,linkerd,outbound,,5bccd64d4d,200,true,linkerd,10.1.10.74:4191,,linkerd,ratings,robot-shop,ratings-5bc6694dc9-bqwbp,5bc6694dc9,default,default.robot-shop.serviceaccount.identity.linkerd.cluster.local,,,
1613778621.012,response_latency_ms_sum,,,10.1.7.224:4191,linkerd-proxy,linkerd,,linkerd-prometheus-5bccd64d4d-jzwmt,,794,,,,,linkerd-prometheus,prometheus,linkerd,outbound,,5bccd64d4d,200,true,linkerd,10.1.10.74:4191,,linkerd,ratings,robot-shop,ratings-5bc6694dc9-bqwbp,5bc6694dc9,default,default.robot-shop.serviceaccount.identity.linkerd.cluster.local,,,
1613778631.011,response_latency_ms_sum,,,10.1.7.224:4191,linkerd-proxy,linkerd,,linkerd-prometheus-5bccd64d4d-jzwmt,,794,,,,,linkerd-prometheus,prometheus,linkerd,outbound,,5bccd64d4d,200,true,linkerd,10.1.10.74:4191,,linkerd,ratings,robot-shop,ratings-5bc6694dc9-bqwbp,5bc6694dc9,default,default.robot-shop.serviceaccount.identity.linkerd.cluster.local,,,
1613778641.011,response_latency_ms_sum,,,10.1.7.224:4191,linkerd-proxy,linkerd,,linkerd-prometheus-5bccd64d4d-jzwmt,,794,,,,,linkerd-prometheus,prometheus,linkerd,outbound,,5bccd64d4d,200,true,linkerd,10.1.10.74:4191,,linkerd,ratings,robot-shop,ratings-5bc6694dc9-bqwbp,5bc6694dc9,default,default.robot-shop.serviceaccount.identity.linkerd.cluster.local,,,
1613778591.012,response_latency_ms_sum,,,10.1.7.224:4191,linkerd-proxy,linkerd,,linkerd-prometheus-5bccd64d4d-jzwmt,,266,,,,,linkerd-prometheus,prometheus,linkerd,outbound,,5bccd64d4d,200,true,linkerd,10.1.10.71:4191,,linkerd,dispatch,robot-shop,dispatch-56cc554d57-9z5wk,56cc554d57,default,default.robot-shop.serviceaccount.identity.linkerd.cluster.local,,,
1613778601.012,response_latency_ms_sum,,,10.1.7.224:4191,linkerd-proxy,linkerd,,linkerd-prometheus-5bccd64d4d-jzwmt,,266,,,,,linkerd-prometheus,prometheus,linkerd,outbound,,5bccd64d4d,200,true,linkerd,10.1.10.71:4191,,linkerd,dispatch,robot-shop,dispatch-56cc554d57-9z5wk,56cc554d57,default,default.robot-shop.serviceaccount.identity.linkerd.cluster.local,,,
1613778611.011,response_latency_ms_sum,,,10.1.7.224:4191,linkerd-proxy,linkerd,,linkerd-prometheus-5bccd64d4d-jzwmt,,266,,,,,linkerd-prometheus,prometheus,linkerd,outbound,,5bccd64d4d,200,true,linkerd,10.1.10.71:4191,,linkerd,dispatch,robot-shop,dispatch-56cc554d57-9z5wk,56cc554d57,default,default.robot-shop.serviceaccount.identity.linkerd.cluster.local,,,
1613778621.012,response_latency_ms_sum,,,10.1.7.224:4191,linkerd-proxy,linkerd,,linkerd-prometheus-5bccd64d4d-jzwmt,,266,,,,,linkerd-prometheus,prometheus,linkerd,outbound,,5bccd64d4d,200,true,linkerd,10.1.10.71:4191,,linkerd,dispatch,robot-shop,dispatch-56cc554d57-9z5wk,56cc554d57,default,default.robot-shop.serviceaccount.identity.linkerd.cluster.local,,,
1613778631.011,response_latency_ms_sum,,,10.1.7.224:4191,linkerd-proxy,linkerd,,linkerd-prometheus-5bccd64d4d-jzwmt,,266,,,,,linkerd-prometheus,prometheus,linkerd,outbound,,5bccd64d4d,200,true,linkerd,10.1.10.71:4191,,linkerd,dispatch,robot-shop,dispatch-56cc554d57-9z5wk,56cc554d57,default,default.robot-shop.serviceaccount.identity.linkerd.cluster.local,,,
1613778641.011,response_latency_ms_sum,,,10.1.7.224:4191,linkerd-proxy,linkerd,,linkerd-prometheus-5bccd64d4d-jzwmt,,266,,,,,linkerd-prometheus,prometheus,linkerd,outbound,,5bccd64d4d,200,true,linkerd,10.1.10.71:4191,,linkerd,dispatch,robot-shop,dispatch-56cc554d57-9z5wk,56cc554d57,default,default.robot-shop.serviceaccount.identity.linkerd.cluster.local,,,
1613778591.012,response_latency_ms_sum,,,10.1.7.224:4191,linkerd-proxy,linkerd,,linkerd-prometheus-5bccd64d4d-jzwmt,,1791,,,,,linkerd-prometheus,prometheus,linkerd,outbound,,5bccd64d4d,200,true,linkerd,10.1.10.77:4191,,linkerd,web,robot-shop,web-7b9d5b8875-r6fz9,7b9d5b8875,default,default.robot-shop.serviceaccount.identity.linkerd.cluster.local,,,
1613778601.012,response_latency_ms_sum,,,10.1.7.224:4191,linkerd-proxy,linkerd,,linkerd-prometheus-5bccd64d4d-jzwmt,,1791,,,,,linkerd-prometheus,prometheus,linkerd,outbound,,5bccd64d4d,200,true,linkerd,10.1.10.77:4191,,linkerd,web,robot-shop,web-7b9d5b8875-r6fz9,7b9d5b8875,default,default.robot-shop.serviceaccount.identity.linkerd.cluster.local,,,
1613778611.011,response_latency_ms_sum,,,10.1.7.224:4191,linkerd-proxy,linkerd,,linkerd-prometheus-5bccd64d4d-jzwmt,,1791,,,,,linkerd-prometheus,prometheus,linkerd,outbound,,5bccd64d4d,200,true,linkerd,10.1.10.77:4191,,linkerd,web,robot-shop,web-7b9d5b8875-r6fz9,7b9d5b8875,default,default.robot-shop.serviceaccount.identity.linkerd.cluster.local,,,
1613778621.012,response_latency_ms_sum,,,10.1.7.224:4191,linkerd-proxy,linkerd,,linkerd-prometheus-5bccd64d4d-jzwmt,,1791,,,,,linkerd-prometheus,prometheus,linkerd,outbound,,5bccd64d4d,200,true,linkerd,10.1.10.77:4191,,linkerd,web,robot-shop,web-7b9d5b8875-r6fz9,7b9d5b8875,default,default.robot-shop.serviceaccount.identity.linkerd.cluster.local,,,
1613778631.011,response_latency_ms_sum,,,10.1.7.224:4191,linkerd-proxy,linkerd,,linkerd-prometheus-5bccd64d4d-jzwmt,,1791,,,,,linkerd-prometheus,prometheus,linkerd,outbound,,5bccd64d4d,200,true,linkerd,10.1.10.77:4191,,linkerd,web,robot-shop,web-7b9d5b8875-r6fz9,7b9d5b8875,default,default.robot-shop.serviceaccount.identity.linkerd.cluster.local,,,
1613778641.011,response_latency_ms_sum,,,10.1.7.224:4191,linkerd-proxy,linkerd,,linkerd-prometheus-5bccd64d4d-jzwmt,,1791,,,,,linkerd-prometheus,prometheus,linkerd,outbound,,5bccd64d4d,200,true,linkerd,10.1.10.77:4191,,linkerd,web,robot-shop,web-7b9d5b8875-r6fz9,7b9d5b8875,default,default.robot-shop.serviceaccount.identity.linkerd.cluster.local,,,
1613778591.012,response_latency_ms_sum,,,10.1.7.224:4191,linkerd-proxy,linkerd,,linkerd-prometheus-5bccd64d4d-jzwmt,,434,,,,,linkerd-prometheus,prometheus,linkerd,outbound,,5bccd64d4d,200,true,linkerd,10.1.10.72:4191,,linkerd,catalogue,robot-shop,catalogue-c855cf79c-6mkjn,c855cf79c,default,default.robot-shop.serviceaccount.identity.linkerd.cluster.local,,,
1613778601.012,response_latency_ms_sum,,,10.1.7.224:4191,linkerd-proxy,linkerd,,linkerd-prometheus-5bccd64d4d-jzwmt,,434,,,,,linkerd-prometheus,prometheus,linkerd,outbound,,5bccd64d4d,200,true,linkerd,10.1.10.72:4191,,linkerd,catalogue,robot-shop,catalogue-c855cf79c-6mkjn,c855cf79c,default,default.robot-shop.serviceaccount.identity.linkerd.cluster.local,,,
1613778611.011,response_latency_ms_sum,,,10.1.7.224:4191,linkerd-proxy,linkerd,,linkerd-prometheus-5bccd64d4d-jzwmt,,434,,,,,linkerd-prometheus,prometheus,linkerd,outbound,,5bccd64d4d,200,true,linkerd,10.1.10.72:4191,,linkerd,catalogue,robot-shop,catalogue-c855cf79c-6mkjn,c855cf79c,default,default.robot-shop.serviceaccount.identity.linkerd.cluster.local,,,
1613778621.012,response_latency_ms_sum,,,10.1.7.224:4191,linkerd-proxy,linkerd,,linkerd-prometheus-5bccd64d4d-jzwmt,,434,,,,,linkerd-prometheus,prometheus,linkerd,outbound,,5bccd64d4d,200,true,linkerd,10.1.10.72:4191,,linkerd,catalogue,robot-shop,catalogue-c855cf79c-6mkjn,c855cf79c,default,default.robot-shop.serviceaccount.identity.linkerd.cluster.local,,,
1613778631.011,response_latency_ms_sum,,,10.1.7.224:4191,linkerd-proxy,linkerd,,linkerd-prometheus-5bccd64d4d-jzwmt,,434,,,,,linkerd-prometheus,prometheus,linkerd,outbound,,5bccd64d4d,200,true,linkerd,10.1.10.72:4191,,linkerd,catalogue,robot-shop,catalogue-c855cf79c-6mkjn,c855cf79c,default,default.robot-shop.serviceaccount.identity.linkerd.cluster.local,,,
1613778641.011,response_latency_ms_sum,,,10.1.7.224:4191,linkerd-proxy,linkerd,,linkerd-prometheus-5bccd64d4d-jzwmt,,434,,,,,linkerd-prometheus,prometheus,linkerd,outbound,,5bccd64d4d,200,true,linkerd,10.1.10.72:4191,,linkerd,catalogue,robot-shop,catalogue-c855cf79c-6mkjn,c855cf79c,default,default.robot-shop.serviceaccount.identity.linkerd.cluster.local,,,
1613778591.012,response_latency_ms_sum,,,10.1.7.224:4191,linkerd-proxy,linkerd,,linkerd-prometheus-5bccd64d4d-jzwmt,,566,,,,,linkerd-prometheus,prometheus,linkerd,outbound,,5bccd64d4d,200,true,linkerd,10.1.10.75:4191,,linkerd,shipping,robot-shop,shipping-596cccbb5d-w88mj,596cccbb5d,default,default.robot-shop.serviceaccount.identity.linkerd.cluster.local,,,
1613778601.012,response_latency_ms_sum,,,10.1.7.224:4191,linkerd-proxy,linkerd,,linkerd-prometheus-5bccd64d4d-jzwmt,,566,,,,,linkerd-prometheus,prometheus,linkerd,outbound,,5bccd64d4d,200,true,linkerd,10.1.10.75:4191,,linkerd,shipping,robot-shop,shipping-596cccbb5d-w88mj,596cccbb5d,default,default.robot-shop.serviceaccount.identity.linkerd.cluster.local,,,
1613778611.011,response_latency_ms_sum,,,10.1.7.224:4191,linkerd-proxy,linkerd,,linkerd-prometheus-5bccd64d4d-jzwmt,,566,,,,,linkerd-prometheus,prometheus,linkerd,outbound,,5bccd64d4d,200,true,linkerd,10.1.10.75:4191,,linkerd,shipping,robot-shop,shipping-596cccbb5d-w88mj,596cccbb5d,default,default.robot-shop.serviceaccount.identity.linkerd.cluster.local,,,
1613778621.012,response_latency_ms_sum,,,10.1.7.224:4191,linkerd-proxy,linkerd,,linkerd-prometheus-5bccd64d4d-jzwmt,,566,,,,,linkerd-prometheus,prometheus,linkerd,outbound,,5bccd64d4d,200,true,linkerd,10.1.10.75:4191,,linkerd,shipping,robot-shop,shipping-596cccbb5d-w88mj,596cccbb5d,default,default.robot-shop.serviceaccount.identity.linkerd.cluster.local,,,
1613778631.011,response_latency_ms_sum,,,10.1.7.224:4191,linkerd-proxy,linkerd,,linkerd-prometheus-5bccd64d4d-jzwmt,,566,,,,,linkerd-prometheus,prometheus,linkerd,outbound,,5bccd64d4d,200,true,linkerd,10.1.10.75:4191,,linkerd,shipping,robot-shop,shipping-596cccbb5d-w88mj,596cccbb5d,default,default.robot-shop.serviceaccount.identity.linkerd.cluster.local,,,
1613778641.011,response_latency_ms_sum,,,10.1.7.224:4191,linkerd-proxy,linkerd,,linkerd-prometheus-5bccd64d4d-jzwmt,,566,,,,,linkerd-prometheus,prometheus,linkerd,outbound,,5bccd64d4d,200,true,linkerd,10.1.10.75:4191,,linkerd,shipping,robot-shop,shipping-596cccbb5d-w88mj,596cccbb5d,default,default.robot-shop.serviceaccount.identity.linkerd.cluster.local,,,
1613778591.012,response_latency_ms_sum,,,10.1.7.224:4191,linkerd-proxy,linkerd,,linkerd-prometheus-5bccd64d4d-jzwmt,,1570,,,,,linkerd-prometheus,prometheus,linkerd,outbound,,5bccd64d4d,200,true,linkerd,10.1.10.84:4191,,linkerd,web,robot-shop,web-7b9d5b8875-gj8q7,7b9d5b8875,default,default.robot-shop.serviceaccount.identity.linkerd.cluster.local,,,
1613778601.012,response_latency_ms_sum,,,10.1.7.224:4191,linkerd-proxy,linkerd,,linkerd-prometheus-5bccd64d4d-jzwmt,,1570,,,,,linkerd-prometheus,prometheus,linkerd,outbound,,5bccd64d4d,200,true,linkerd,10.1.10.84:4191,,linkerd,web,robot-shop,web-7b9d5b8875-gj8q7,7b9d5b8875,default,default.robot-shop.serviceaccount.identity.linkerd.cluster.local,,,
1613778611.011,response_latency_ms_sum,,,10.1.7.224:4191,linkerd-proxy,linkerd,,linkerd-prometheus-5bccd64d4d-jzwmt,,1570,,,,,linkerd-prometheus,prometheus,linkerd,outbound,,5bccd64d4d,200,true,linkerd,10.1.10.84:4191,,linkerd,web,robot-shop,web-7b9d5b8875-gj8q7,7b9d5b8875,default,default.robot-shop.serviceaccount.identity.linkerd.cluster.local,,,
1613778621.012,response_latency_ms_sum,,,10.1.7.224:4191,linkerd-proxy,linkerd,,linkerd-prometheus-5bccd64d4d-jzwmt,,1570,,,,,linkerd-prometheus,prometheus,linkerd,outbound,,5bccd64d4d,200,true,linkerd,10.1.10.84:4191,,linkerd,web,robot-shop,web-7b9d5b8875-gj8q7,7b9d5b8875,default,default.robot-shop.serviceaccount.identity.linkerd.cluster.local,,,
1613778631.011,response_latency_ms_sum,,,10.1.7.224:4191,linkerd-proxy,linkerd,,linkerd-prometheus-5bccd64d4d-jzwmt,,1570,,,,,linkerd-prometheus,prometheus,linkerd,outbound,,5bccd64d4d,200,true,linkerd,10.1.10.84:4191,,linkerd,web,robot-shop,web-7b9d5b8875-gj8q7,7b9d5b8875,default,default.robot-shop.serviceaccount.identity.linkerd.cluster.local,,,
1613778641.011,response_latency_ms_sum,,,10.1.7.224:4191,linkerd-proxy,linkerd,,linkerd-prometheus-5bccd64d4d-jzwmt,,1570,,,,,linkerd-prometheus,prometheus,linkerd,outbound,,5bccd64d4d,200,true,linkerd,10.1.10.84:4191,,linkerd,web,robot-shop,web-7b9d5b8875-gj8q7,7b9d5b8875,default,default.robot-shop.serviceaccount.identity.linkerd.cluster.local,,,
1613778591.012,response_latency_ms_sum,,,10.1.7.224:4191,linkerd-proxy,linkerd,,linkerd-prometheus-5bccd64d4d-jzwmt,,230,,,,,linkerd-prometheus,prometheus,linkerd,outbound,,5bccd64d4d,200,true,linkerd,10.1.10.79:4191,,linkerd,dispatch,robot-shop,dispatch-56cc554d57-bznj6,56cc554d57,default,default.robot-shop.serviceaccount.identity.linkerd.cluster.local,,,
1613778601.012,response_latency_ms_sum,,,10.1.7.224:4191,linkerd-proxy,linkerd,,linkerd-prometheus-5bccd64d4d-jzwmt,,230,,,,,linkerd-prometheus,prometheus,linkerd,outbound,,5bccd64d4d,200,true,linkerd,10.1.10.79:4191,,linkerd,dispatch,robot-shop,dispatch-56cc554d57-bznj6,56cc554d57,default,default.robot-shop.serviceaccount.identity.linkerd.cluster.local,,,
1613778611.011,response_latency_ms_sum,,,10.1.7.224:4191,linkerd-proxy,linkerd,,linkerd-prometheus-5bccd64d4d-jzwmt,,230,,,,,linkerd-prometheus,prometheus,linkerd,outbound,,5bccd64d4d,200,true,linkerd,10.1.10.79:4191,,linkerd,dispatch,robot-shop,dispatch-56cc554d57-bznj6,56cc554d57,default,default.robot-shop.serviceaccount.identity.linkerd.cluster.local,,,
1613778621.012,response_latency_ms_sum,,,10.1.7.224:4191,linkerd-proxy,linkerd,,linkerd-prometheus-5bccd64d4d-jzwmt,,230,,,,,linkerd-prometheus,prometheus,linkerd,outbound,,5bccd64d4d,200,true,linkerd,10.1.10.79:4191,,linkerd,dispatch,robot-shop,dispatch-56cc554d57-bznj6,56cc554d57,default,default.robot-shop.serviceaccount.identity.linkerd.cluster.local,,,
1613778631.011,response_latency_ms_sum,,,10.1.7.224:4191,linkerd-proxy,linkerd,,linkerd-prometheus-5bccd64d4d-jzwmt,,230,,,,,linkerd-prometheus,prometheus,linkerd,outbound,,5bccd64d4d,200,true,linkerd,10.1.10.79:4191,,linkerd,dispatch,robot-shop,dispatch-56cc554d57-bznj6,56cc554d57,default,default.robot-shop.serviceaccount.identity.linkerd.cluster.local,,,
1613778641.011,response_latency_ms_sum,,,10.1.7.224:4191,linkerd-proxy,linkerd,,linkerd-prometheus-5bccd64d4d-jzwmt,,230,,,,,linkerd-prometheus,prometheus,linkerd,outbound,,5bccd64d4d,200,true,linkerd,10.1.10.79:4191,,linkerd,dispatch,robot-shop,dispatch-56cc554d57-bznj6,56cc554d57,default,default.robot-shop.serviceaccount.identity.linkerd.cluster.local,,,
1613778591.012,response_latency_ms_sum,,,10.1.7.224:4191,linkerd-proxy,linkerd,,linkerd-prometheus-5bccd64d4d-jzwmt,,810,,,,,linkerd-prometheus,prometheus,linkerd,outbound,,5bccd64d4d,200,true,linkerd,10.1.10.82:4191,,linkerd,payment,robot-shop,payment-c67d9b657-sx8rg,c67d9b657,default,default.robot-shop.serviceaccount.identity.linkerd.cluster.local,,,
1613778601.012,response_latency_ms_sum,,,10.1.7.224:4191,linkerd-proxy,linkerd,,linkerd-prometheus-5bccd64d4d-jzwmt,,810,,,,,linkerd-prometheus,prometheus,linkerd,outbound,,5bccd64d4d,200,true,linkerd,10.1.10.82:4191,,linkerd,payment,robot-shop,payment-c67d9b657-sx8rg,c67d9b657,default,default.robot-shop.serviceaccount.identity.linkerd.cluster.local,,,
1613778611.011,response_latency_ms_sum,,,10.1.7.224:4191,linkerd-proxy,linkerd,,linkerd-prometheus-5bccd64d4d-jzwmt,,810,,,,,linkerd-prometheus,prometheus,linkerd,outbound,,5bccd64d4d,200,true,linkerd,10.1.10.82:4191,,linkerd,payment,robot-shop,payment-c67d9b657-sx8rg,c67d9b657,default,default.robot-shop.serviceaccount.identity.linkerd.cluster.local,,,
1613778621.012,response_latency_ms_sum,,,10.1.7.224:4191,linkerd-proxy,linkerd,,linkerd-prometheus-5bccd64d4d-jzwmt,,810,,,,,linkerd-prometheus,prometheus,linkerd,outbound,,5bccd64d4d,200,true,linkerd,10.1.10.82:4191,,linkerd,payment,robot-shop,payment-c67d9b657-sx8rg,c67d9b657,default,default.robot-shop.serviceaccount.identity.linkerd.cluster.local,,,
1613778631.011,response_latency_ms_sum,,,10.1.7.224:4191,linkerd-proxy,linkerd,,linkerd-prometheus-5bccd64d4d-jzwmt,,810,,,,,linkerd-prometheus,prometheus,linkerd,outbound,,5bccd64d4d,200,true,linkerd,10.1.10.82:4191,,linkerd,payment,robot-shop,payment-c67d9b657-sx8rg,c67d9b657,default,default.robot-shop.serviceaccount.identity.linkerd.cluster.local,,,
1613778641.011,response_latency_ms_sum,,,10.1.7.224:4191,linkerd-proxy,linkerd,,linkerd-prometheus-5bccd64d4d-jzwmt,,810,,,,,linkerd-prometheus,prometheus,linkerd,outbound,,5bccd64d4d,200,true,linkerd,10.1.10.82:4191,,linkerd,payment,robot-shop,payment-c67d9b657-sx8rg,c67d9b657,default,default.robot-shop.serviceaccount.identity.linkerd.cluster.local,,,
1613778591.012,response_latency_ms_sum,,,10.1.7.224:4191,linkerd-proxy,linkerd,,linkerd-prometheus-5bccd64d4d-jzwmt,,530,,,,,linkerd-prometheus,prometheus,linkerd,outbound,,5bccd64d4d,200,true,linkerd,10.1.10.78:4191,,linkerd,cart,robot-shop,cart-7b6b494d5d-btrvc,7b6b494d5d,default,default.robot-shop.serviceaccount.identity.linkerd.cluster.local,,,
1613778601.012,response_latency_ms_sum,,,10.1.7.224:4191,linkerd-proxy,linkerd,,linkerd-prometheus-5bccd64d4d-jzwmt,,530,,,,,linkerd-prometheus,prometheus,linkerd,outbound,,5bccd64d4d,200,true,linkerd,10.1.10.78:4191,,linkerd,cart,robot-shop,cart-7b6b494d5d-btrvc,7b6b494d5d,default,default.robot-shop.serviceaccount.identity.linkerd.cluster.local,,,
1613778611.011,response_latency_ms_sum,,,10.1.7.224:4191,linkerd-proxy,linkerd,,linkerd-prometheus-5bccd64d4d-jzwmt,,530,,,,,linkerd-prometheus,prometheus,linkerd,outbound,,5bccd64d4d,200,true,linkerd,10.1.10.78:4191,,linkerd,cart,robot-shop,cart-7b6b494d5d-btrvc,7b6b494d5d,default,default.robot-shop.serviceaccount.identity.linkerd.cluster.local,,,
1613778621.012,response_latency_ms_sum,,,10.1.7.224:4191,linkerd-proxy,linkerd,,linkerd-prometheus-5bccd64d4d-jzwmt,,530,,,,,linkerd-prometheus,prometheus,linkerd,outbound,,5bccd64d4d,200,true,linkerd,10.1.10.78:4191,,linkerd,cart,robot-shop,cart-7b6b494d5d-btrvc,7b6b494d5d,default,default.robot-shop.serviceaccount.identity.linkerd.cluster.local,,,
1613778631.011,response_latency_ms_sum,,,10.1.7.224:4191,linkerd-proxy,linkerd,,linkerd-prometheus-5bccd64d4d-jzwmt,,530,,,,,linkerd-prometheus,prometheus,linkerd,outbound,,5bccd64d4d,200,true,linkerd,10.1.10.78:4191,,linkerd,cart,robot-shop,cart-7b6b494d5d-btrvc,7b6b494d5d,default,default.robot-shop.serviceaccount.identity.linkerd.cluster.local,,,
1613778641.011,response_latency_ms_sum,,,10.1.7.224:4191,linkerd-proxy,linkerd,,linkerd-prometheus-5bccd64d4d-jzwmt,,530,,,,,linkerd-prometheus,prometheus,linkerd,outbound,,5bccd64d4d,200,true,linkerd,10.1.10.78:4191,,linkerd,cart,robot-shop,cart-7b6b494d5d-btrvc,7b6b494d5d,default,default.robot-shop.serviceaccount.identity.linkerd.cluster.local,,,
1613778591.012,response_latency_ms_sum,,,10.1.7.224:4191,linkerd-proxy,linkerd,,linkerd-prometheus-5bccd64d4d-jzwmt,,291,,,,,linkerd-prometheus,prometheus,linkerd,outbound,,5bccd64d4d,200,true,linkerd,10.1.10.83:4191,,linkerd,user,robot-shop,user-585f6dddcc-b72tw,585f6dddcc,default,default.robot-shop.serviceaccount.identity.linkerd.cluster.local,,,
1613778601.012,response_latency_ms_sum,,,10.1.7.224:4191,linkerd-proxy,linkerd,,linkerd-prometheus-5bccd64d4d-jzwmt,,291,,,,,linkerd-prometheus,prometheus,linkerd,outbound,,5bccd64d4d,200,true,linkerd,10.1.10.83:4191,,linkerd,user,robot-shop,user-585f6dddcc-b72tw,585f6dddcc,default,default.robot-shop.serviceaccount.identity.linkerd.cluster.local,,,
1613778611.011,response_latency_ms_sum,,,10.1.7.224:4191,linkerd-proxy,linkerd,,linkerd-prometheus-5bccd64d4d-jzwmt,,291,,,,,linkerd-prometheus,prometheus,linkerd,outbound,,5bccd64d4d,200,true,linkerd,10.1.10.83:4191,,linkerd,user,robot-shop,user-585f6dddcc-b72tw,585f6dddcc,default,default.robot-shop.serviceaccount.identity.linkerd.cluster.local,,,
1613778621.012,response_latency_ms_sum,,,10.1.7.224:4191,linkerd-proxy,linkerd,,linkerd-prometheus-5bccd64d4d-jzwmt,,291,,,,,linkerd-prometheus,prometheus,linkerd,outbound,,5bccd64d4d,200,true,linkerd,10.1.10.83:4191,,linkerd,user,robot-shop,user-585f6dddcc-b72tw,585f6dddcc,default,default.robot-shop.serviceaccount.identity.linkerd.cluster.local,,,
1613778631.011,response_latency_ms_sum,,,10.1.7.224:4191,linkerd-proxy,linkerd,,linkerd-prometheus-5bccd64d4d-jzwmt,,291,,,,,linkerd-prometheus,prometheus,linkerd,outbound,,5bccd64d4d,200,true,linkerd,10.1.10.83:4191,,linkerd,user,robot-shop,user-585f6dddcc-b72tw,585f6dddcc,default,default.robot-shop.serviceaccount.identity.linkerd.cluster.local,,,
1613778641.011,response_latency_ms_sum,,,10.1.7.224:4191,linkerd-proxy,linkerd,,linkerd-prometheus-5bccd64d4d-jzwmt,,291,,,,,linkerd-prometheus,prometheus,linkerd,outbound,,5bccd64d4d,200,true,linkerd,10.1.10.83:4191,,linkerd,user,robot-shop,user-585f6dddcc-b72tw,585f6dddcc,default,default.robot-shop.serviceaccount.identity.linkerd.cluster.local,,,
1613778591.012,response_latency_ms_sum,,,10.1.7.224:4191,linkerd-proxy,linkerd,,linkerd-prometheus-5bccd64d4d-jzwmt,,287,,,,,linkerd-prometheus,prometheus,linkerd,outbound,,5bccd64d4d,200,true,linkerd,10.1.10.80:4191,,linkerd,catalogue,robot-shop,catalogue-c855cf79c-lwggt,c855cf79c,default,default.robot-shop.serviceaccount.identity.linkerd.cluster.local,,,
1613778601.012,response_latency_ms_sum,,,10.1.7.224:4191,linkerd-proxy,linkerd,,linkerd-prometheus-5bccd64d4d-jzwmt,,287,,,,,linkerd-prometheus,prometheus,linkerd,outbound,,5bccd64d4d,200,true,linkerd,10.1.10.80:4191,,linkerd,catalogue,robot-shop,catalogue-c855cf79c-lwggt,c855cf79c,default,default.robot-shop.serviceaccount.identity.linkerd.cluster.local,,,
1613778611.011,response_latency_ms_sum,,,10.1.7.224:4191,linkerd-proxy,linkerd,,linkerd-prometheus-5bccd64d4d-jzwmt,,287,,,,,linkerd-prometheus,prometheus,linkerd,outbound,,5bccd64d4d,200,true,linkerd,10.1.10.80:4191,,linkerd,catalogue,robot-shop,catalogue-c855cf79c-lwggt,c855cf79c,default,default.robot-shop.serviceaccount.identity.linkerd.cluster.local,,,
1613778621.012,response_latency_ms_sum,,,10.1.7.224:4191,linkerd-proxy,linkerd,,linkerd-prometheus-5bccd64d4d-jzwmt,,287,,,,,linkerd-prometheus,prometheus,linkerd,outbound,,5bccd64d4d,200,true,linkerd,10.1.10.80:4191,,linkerd,catalogue,robot-shop,catalogue-c855cf79c-lwggt,c855cf79c,default,default.robot-shop.serviceaccount.identity.linkerd.cluster.local,,,
1613778631.011,response_latency_ms_sum,,,10.1.7.224:4191,linkerd-proxy,linkerd,,linkerd-prometheus-5bccd64d4d-jzwmt,,287,,,,,linkerd-prometheus,prometheus,linkerd,outbound,,5bccd64d4d,200,true,linkerd,10.1.10.80:4191,,linkerd,catalogue,robot-shop,catalogue-c855cf79c-lwggt,c855cf79c,default,default.robot-shop.serviceaccount.identity.linkerd.cluster.local,,,
1613778641.011,response_latency_ms_sum,,,10.1.7.224:4191,linkerd-proxy,linkerd,,linkerd-prometheus-5bccd64d4d-jzwmt,,287,,,,,linkerd-prometheus,prometheus,linkerd,outbound,,5bccd64d4d,200,true,linkerd,10.1.10.80:4191,,linkerd,catalogue,robot-shop,catalogue-c855cf79c-lwggt,c855cf79c,default,default.robot-shop.serviceaccount.identity.linkerd.cluster.local,,,
1613778591.012,response_latency_ms_sum,,,10.1.7.224:4191,linkerd-proxy,linkerd,,linkerd-prometheus-5bccd64d4d-jzwmt,,515,,,,,linkerd-prometheus,prometheus,linkerd,outbound,,5bccd64d4d,200,true,linkerd,10.1.10.81:4191,,linkerd,ratings,robot-shop,ratings-5bc6694dc9-lfn96,5bc6694dc9,default,default.robot-shop.serviceaccount.identity.linkerd.cluster.local,,,
1613778601.012,response_latency_ms_sum,,,10.1.7.224:4191,linkerd-proxy,linkerd,,linkerd-prometheus-5bccd64d4d-jzwmt,,515,,,,,linkerd-prometheus,prometheus,linkerd,outbound,,5bccd64d4d,200,true,linkerd,10.1.10.81:4191,,linkerd,ratings,robot-shop,ratings-5bc6694dc9-lfn96,5bc6694dc9,default,default.robot-shop.serviceaccount.identity.linkerd.cluster.local,,,
1613778611.011,response_latency_ms_sum,,,10.1.7.224:4191,linkerd-proxy,linkerd,,linkerd-prometheus-5bccd64d4d-jzwmt,,515,,,,,linkerd-prometheus,prometheus,linkerd,outbound,,5bccd64d4d,200,true,linkerd,10.1.10.81:4191,,linkerd,ratings,robot-shop,ratings-5bc6694dc9-lfn96,5bc6694dc9,default,default.robot-shop.serviceaccount.identity.linkerd.cluster.local,,,
1613778621.012,response_latency_ms_sum,,,10.1.7.224:4191,linkerd-proxy,linkerd,,linkerd-prometheus-5bccd64d4d-jzwmt,,515,,,,,linkerd-prometheus,prometheus,linkerd,outbound,,5bccd64d4d,200,true,linkerd,10.1.10.81:4191,,linkerd,ratings,robot-shop,ratings-5bc6694dc9-lfn96,5bc6694dc9,default,default.robot-shop.serviceaccount.identity.linkerd.cluster.local,,,
1613778631.011,response_latency_ms_sum,,,10.1.7.224:4191,linkerd-proxy,linkerd,,linkerd-prometheus-5bccd64d4d-jzwmt,,515,,,,,linkerd-prometheus,prometheus,linkerd,outbound,,5bccd64d4d,200,true,linkerd,10.1.10.81:4191,,linkerd,ratings,robot-shop,ratings-5bc6694dc9-lfn96,5bc6694dc9,default,default.robot-shop.serviceaccount.identity.linkerd.cluster.local,,,
1613778641.011,response_latency_ms_sum,,,10.1.7.224:4191,linkerd-proxy,linkerd,,linkerd-prometheus-5bccd64d4d-jzwmt,,515,,,,,linkerd-prometheus,prometheus,linkerd,outbound,,5bccd64d4d,200,true,linkerd,10.1.10.81:4191,,linkerd,ratings,robot-shop,ratings-5bc6694dc9-lfn96,5bc6694dc9,default,default.robot-shop.serviceaccount.identity.linkerd.cluster.local,,,
1613778591.012,response_latency_ms_sum,,,10.1.7.224:4191,linkerd-proxy,linkerd,,linkerd-prometheus-5bccd64d4d-jzwmt,,394,,,,,linkerd-prometheus,prometheus,linkerd,outbound,,5bccd64d4d,200,true,linkerd,10.1.10.86:4191,,linkerd,cart,robot-shop,cart-7b6b494d5d-vzjj4,7b6b494d5d,default,default.robot-shop.serviceaccount.identity.linkerd.cluster.local,,,
1613778601.012,response_latency_ms_sum,,,10.1.7.224:4191,linkerd-proxy,linkerd,,linkerd-prometheus-5bccd64d4d-jzwmt,,394,,,,,linkerd-prometheus,prometheus,linkerd,outbound,,5bccd64d4d,200,true,linkerd,10.1.10.86:4191,,linkerd,cart,robot-shop,cart-7b6b494d5d-vzjj4,7b6b494d5d,default,default.robot-shop.serviceaccount.identity.linkerd.cluster.local,,,
1613778611.011,response_latency_ms_sum,,,10.1.7.224:4191,linkerd-proxy,linkerd,,linkerd-prometheus-5bccd64d4d-jzwmt,,394,,,,,linkerd-prometheus,prometheus,linkerd,outbound,,5bccd64d4d,200,true,linkerd,10.1.10.86:4191,,linkerd,cart,robot-shop,cart-7b6b494d5d-vzjj4,7b6b494d5d,default,default.robot-shop.serviceaccount.identity.linkerd.cluster.local,,,
1613778621.012,response_latency_ms_sum,,,10.1.7.224:4191,linkerd-proxy,linkerd,,linkerd-prometheus-5bccd64d4d-jzwmt,,394,,,,,linkerd-prometheus,prometheus,linkerd,outbound,,5bccd64d4d,200,true,linkerd,10.1.10.86:4191,,linkerd,cart,robot-shop,cart-7b6b494d5d-vzjj4,7b6b494d5d,default,default.robot-shop.serviceaccount.identity.linkerd.cluster.local,,,
1613778631.011,response_latency_ms_sum,,,10.1.7.224:4191,linkerd-proxy,linkerd,,linkerd-prometheus-5bccd64d4d-jzwmt,,394,,,,,linkerd-prometheus,prometheus,linkerd,outbound,,5bccd64d4d,200,true,linkerd,10.1.10.86:4191,,linkerd,cart,robot-shop,cart-7b6b494d5d-vzjj4,7b6b494d5d,default,default.robot-shop.serviceaccount.identity.linkerd.cluster.local,,,
1613778641.011,response_latency_ms_sum,,,10.1.7.224:4191,linkerd-proxy,linkerd,,linkerd-prometheus-5bccd64d4d-jzwmt,,394,,,,,linkerd-prometheus,prometheus,linkerd,outbound,,5bccd64d4d,200,true,linkerd,10.1.10.86:4191,,linkerd,cart,robot-shop,cart-7b6b494d5d-vzjj4,7b6b494d5d,default,default.robot-shop.serviceaccount.identity.linkerd.cluster.local,,,
1613778591.012,response_latency_ms_sum,,,10.1.7.224:4191,linkerd-proxy,linkerd,,linkerd-prometheus-5bccd64d4d-jzwmt,,452,,,,,linkerd-prometheus,prometheus,linkerd,outbound,,5bccd64d4d,200,true,linkerd,10.1.10.90:4191,,linkerd,shipping,robot-shop,shipping-596cccbb5d-dd9nw,596cccbb5d,default,default.robot-shop.serviceaccount.identity.linkerd.cluster.local,,,
1613778601.012,response_latency_ms_sum,,,10.1.7.224:4191,linkerd-proxy,linkerd,,linkerd-prometheus-5bccd64d4d-jzwmt,,452,,,,,linkerd-prometheus,prometheus,linkerd,outbound,,5bccd64d4d,200,true,linkerd,10.1.10.90:4191,,linkerd,shipping,robot-shop,shipping-596cccbb5d-dd9nw,596cccbb5d,default,default.robot-shop.serviceaccount.identity.linkerd.cluster.local,,,
1613778611.011,response_latency_ms_sum,,,10.1.7.224:4191,linkerd-proxy,linkerd,,linkerd-prometheus-5bccd64d4d-jzwmt,,452,,,,,linkerd-prometheus,prometheus,linkerd,outbound,,5bccd64d4d,200,true,linkerd,10.1.10.90:4191,,linkerd,shipping,robot-shop,shipping-596cccbb5d-dd9nw,596cccbb5d,default,default.robot-shop.serviceaccount.identity.linkerd.cluster.local,,,
1613778621.012,response_latency_ms_sum,,,10.1.7.224:4191,linkerd-proxy,linkerd,,linkerd-prometheus-5bccd64d4d-jzwmt,,452,,,,,linkerd-prometheus,prometheus,linkerd,outbound,,5bccd64d4d,200,true,linkerd,10.1.10.90:4191,,linkerd,shipping,robot-shop,shipping-596cccbb5d-dd9nw,596cccbb5d,default,default.robot-shop.serviceaccount.identity.linkerd.cluster.local,,,
1613778631.011,response_latency_ms_sum,,,10.1.7.224:4191,linkerd-proxy,linkerd,,linkerd-prometheus-5bccd64d4d-jzwmt,,452,,,,,linkerd-prometheus,prometheus,linkerd,outbound,,5bccd64d4d,200,true,linkerd,10.1.10.90:4191,,linkerd,shipping,robot-shop,shipping-596cccbb5d-dd9nw,596cccbb5d,default,default.robot-shop.serviceaccount.identity.linkerd.cluster.local,,,
1613778641.011,response_latency_ms_sum,,,10.1.7.224:4191,linkerd-proxy,linkerd,,linkerd-prometheus-5bccd64d4d-jzwmt,,452,,,,,linkerd-prometheus,prometheus,linkerd,outbound,,5bccd64d4d,200,true,linkerd,10.1.10.90:4191,,linkerd,shipping,robot-shop,shipping-596cccbb5d-dd9nw,596cccbb5d,default,default.robot-shop.serviceaccount.identity.linkerd.cluster.local,,,
1613778591.012,response_latency_ms_sum,,,10.1.7.224:4191,linkerd-proxy,linkerd,,linkerd-prometheus-5bccd64d4d-jzwmt,,406,,,,,linkerd-prometheus,prometheus,linkerd,outbound,,5bccd64d4d,200,true,linkerd,10.1.10.92:4191,,linkerd,user,robot-shop,user-585f6dddcc-m779x,585f6dddcc,default,default.robot-shop.serviceaccount.identity.linkerd.cluster.local,,,
1613778601.012,response_latency_ms_sum,,,10.1.7.224:4191,linkerd-proxy,linkerd,,linkerd-prometheus-5bccd64d4d-jzwmt,,406,,,,,linkerd-prometheus,prometheus,linkerd,outbound,,5bccd64d4d,200,true,linkerd,10.1.10.92:4191,,linkerd,user,robot-shop,user-585f6dddcc-m779x,585f6dddcc,default,default.robot-shop.serviceaccount.identity.linkerd.cluster.local,,,
1613778611.011,response_latency_ms_sum,,,10.1.7.224:4191,linkerd-proxy,linkerd,,linkerd-prometheus-5bccd64d4d-jzwmt,,406,,,,,linkerd-prometheus,prometheus,linkerd,outbound,,5bccd64d4d,200,true,linkerd,10.1.10.92:4191,,linkerd,user,robot-shop,user-585f6dddcc-m779x,585f6dddcc,default,default.robot-shop.serviceaccount.identity.linkerd.cluster.local,,,
1613778621.012,response_latency_ms_sum,,,10.1.7.224:4191,linkerd-proxy,linkerd,,linkerd-prometheus-5bccd64d4d-jzwmt,,406,,,,,linkerd-prometheus,prometheus,linkerd,outbound,,5bccd64d4d,200,true,linkerd,10.1.10.92:4191,,linkerd,user,robot-shop,user-585f6dddcc-m779x,585f6dddcc,default,default.robot-shop.serviceaccount.identity.linkerd.cluster.local,,,
1613778631.011,response_latency_ms_sum,,,10.1.7.224:4191,linkerd-proxy,linkerd,,linkerd-prometheus-5bccd64d4d-jzwmt,,406,,,,,linkerd-prometheus,prometheus,linkerd,outbound,,5bccd64d4d,200,true,linkerd,10.1.10.92:4191,,linkerd,user,robot-shop,user-585f6dddcc-m779x,585f6dddcc,default,default.robot-shop.serviceaccount.identity.linkerd.cluster.local,,,
1613778641.011,response_latency_ms_sum,,,10.1.7.224:4191,linkerd-proxy,linkerd,,linkerd-prometheus-5bccd64d4d-jzwmt,,406,,,,,linkerd-prometheus,prometheus,linkerd,outbound,,5bccd64d4d,200,true,linkerd,10.1.10.92:4191,,linkerd,user,robot-shop,user-585f6dddcc-m779x,585f6dddcc,default,default.robot-shop.serviceaccount.identity.linkerd.cluster.local,,,
1613778591.012,response_latency_ms_sum,,,10.1.7.224:4191,linkerd-proxy,linkerd,,linkerd-prometheus-5bccd64d4d-jzwmt,,479,,,,,linkerd-prometheus,prometheus,linkerd,outbound,,5bccd64d4d,200,true,linkerd,10.1.10.89:4191,,linkerd,ratings,robot-shop,ratings-5bc6694dc9-q7tp4,5bc6694dc9,default,default.robot-shop.serviceaccount.identity.linkerd.cluster.local,,,
1613778601.012,response_latency_ms_sum,,,10.1.7.224:4191,linkerd-proxy,linkerd,,linkerd-prometheus-5bccd64d4d-jzwmt,,479,,,,,linkerd-prometheus,prometheus,linkerd,outbound,,5bccd64d4d,200,true,linkerd,10.1.10.89:4191,,linkerd,ratings,robot-shop,ratings-5bc6694dc9-q7tp4,5bc6694dc9,default,default.robot-shop.serviceaccount.identity.linkerd.cluster.local,,,
1613778611.011,response_latency_ms_sum,,,10.1.7.224:4191,linkerd-proxy,linkerd,,linkerd-prometheus-5bccd64d4d-jzwmt,,479,,,,,linkerd-prometheus,prometheus,linkerd,outbound,,5bccd64d4d,200,true,linkerd,10.1.10.89:4191,,linkerd,ratings,robot-shop,ratings-5bc6694dc9-q7tp4,5bc6694dc9,default,default.robot-shop.serviceaccount.identity.linkerd.cluster.local,,,
1613778621.012,response_latency_ms_sum,,,10.1.7.224:4191,linkerd-proxy,linkerd,,linkerd-prometheus-5bccd64d4d-jzwmt,,479,,,,,linkerd-prometheus,prometheus,linkerd,outbound,,5bccd64d4d,200,true,linkerd,10.1.10.89:4191,,linkerd,ratings,robot-shop,ratings-5bc6694dc9-q7tp4,5bc6694dc9,default,default.robot-shop.serviceaccount.identity.linkerd.cluster.local,,,
1613778631.011,response_latency_ms_sum,,,10.1.7.224:4191,linkerd-proxy,linkerd,,linkerd-prometheus-5bccd64d4d-jzwmt,,479,,,,,linkerd-prometheus,prometheus,linkerd,outbound,,5bccd64d4d,200,true,linkerd,10.1.10.89:4191,,linkerd,ratings,robot-shop,ratings-5bc6694dc9-q7tp4,5bc6694dc9,default,default.robot-shop.serviceaccount.identity.linkerd.cluster.local,,,
1613778641.011,response_latency_ms_sum,,,10.1.7.224:4191,linkerd-proxy,linkerd,,linkerd-prometheus-5bccd64d4d-jzwmt,,479,,,,,linkerd-prometheus,prometheus,linkerd,outbound,,5bccd64d4d,200,true,linkerd,10.1.10.89:4191,,linkerd,ratings,robot-shop,ratings-5bc6694dc9-q7tp4,5bc6694dc9,default,default.robot-shop.serviceaccount.identity.linkerd.cluster.local,,,
1613778591.012,response_latency_ms_sum,,,10.1.7.224:4191,linkerd-proxy,linkerd,,linkerd-prometheus-5bccd64d4d-jzwmt,,465,,,,,linkerd-prometheus,prometheus,linkerd,outbound,,5bccd64d4d,200,true,linkerd,10.1.10.88:4191,,linkerd,payment,robot-shop,payment-c67d9b657-v427z,c67d9b657,default,default.robot-shop.serviceaccount.identity.linkerd.cluster.local,,,
1613778601.012,response_latency_ms_sum,,,10.1.7.224:4191,linkerd-proxy,linkerd,,linkerd-prometheus-5bccd64d4d-jzwmt,,465,,,,,linkerd-prometheus,prometheus,linkerd,outbound,,5bccd64d4d,200,true,linkerd,10.1.10.88:4191,,linkerd,payment,robot-shop,payment-c67d9b657-v427z,c67d9b657,default,default.robot-shop.serviceaccount.identity.linkerd.cluster.local,,,
1613778611.011,response_latency_ms_sum,,,10.1.7.224:4191,linkerd-proxy,linkerd,,linkerd-prometheus-5bccd64d4d-jzwmt,,465,,,,,linkerd-prometheus,prometheus,linkerd,outbound,,5bccd64d4d,200,true,linkerd,10.1.10.88:4191,,linkerd,payment,robot-shop,payment-c67d9b657-v427z,c67d9b657,default,default.robot-shop.serviceaccount.identity.linkerd.cluster.local,,,
1613778621.012,response_latency_ms_sum,,,10.1.7.224:4191,linkerd-proxy,linkerd,,linkerd-prometheus-5bccd64d4d-jzwmt,,465,,,,,linkerd-prometheus,prometheus,linkerd,outbound,,5bccd64d4d,200,true,linkerd,10.1.10.88:4191,,linkerd,payment,robot-shop,payment-c67d9b657-v427z,c67d9b657,default,default.robot-shop.serviceaccount.identity.linkerd.cluster.local,,,
1613778631.011,response_latency_ms_sum,,,10.1.7.224:4191,linkerd-proxy,linkerd,,linkerd-prometheus-5bccd64d4d-jzwmt,,465,,,,,linkerd-prometheus,prometheus,linkerd,outbound,,5bccd64d4d,200,true,linkerd,10.1.10.88:4191,,linkerd,payment,robot-shop,payment-c67d9b657-v427z,c67d9b657,default,default.robot-shop.serviceaccount.identity.linkerd.cluster.local,,,
1613778641.011,response_latency_ms_sum,,,10.1.7.224:4191,linkerd-proxy,linkerd,,linkerd-prometheus-5bccd64d4d-jzwmt,,465,,,,,linkerd-prometheus,prometheus,linkerd,outbound,,5bccd64d4d,200,true,linkerd,10.1.10.88:4191,,linkerd,payment,robot-shop,payment-c67d9b657-v427z,c67d9b657,default,default.robot-shop.serviceaccount.identity.linkerd.cluster.local,,,
1613778591.012,response_latency_ms_sum,,,10.1.7.224:4191,linkerd-proxy,linkerd,,linkerd-prometheus-5bccd64d4d-jzwmt,,212,,,,,linkerd-prometheus,prometheus,linkerd,outbound,,5bccd64d4d,200,true,linkerd,10.1.10.85:4191,,linkerd,catalogue,robot-shop,catalogue-c855cf79c-j9nll,c855cf79c,default,default.robot-shop.serviceaccount.identity.linkerd.cluster.local,,,
1613778601.012,response_latency_ms_sum,,,10.1.7.224:4191,linkerd-proxy,linkerd,,linkerd-prometheus-5bccd64d4d-jzwmt,,212,,,,,linkerd-prometheus,prometheus,linkerd,outbound,,5bccd64d4d,200,true,linkerd,10.1.10.85:4191,,linkerd,catalogue,robot-shop,catalogue-c855cf79c-j9nll,c855cf79c,default,default.robot-shop.serviceaccount.identity.linkerd.cluster.local,,,
1613778611.011,response_latency_ms_sum,,,10.1.7.224:4191,linkerd-proxy,linkerd,,linkerd-prometheus-5bccd64d4d-jzwmt,,212,,,,,linkerd-prometheus,prometheus,linkerd,outbound,,5bccd64d4d,200,true,linkerd,10.1.10.85:4191,,linkerd,catalogue,robot-shop,catalogue-c855cf79c-j9nll,c855cf79c,default,default.robot-shop.serviceaccount.identity.linkerd.cluster.local,,,
1613778621.012,response_latency_ms_sum,,,10.1.7.224:4191,linkerd-proxy,linkerd,,linkerd-prometheus-5bccd64d4d-jzwmt,,212,,,,,linkerd-prometheus,prometheus,linkerd,outbound,,5bccd64d4d,200,true,linkerd,10.1.10.85:4191,,linkerd,catalogue,robot-shop,catalogue-c855cf79c-j9nll,c855cf79c,default,default.robot-shop.serviceaccount.identity.linkerd.cluster.local,,,
1613778631.011,response_latency_ms_sum,,,10.1.7.224:4191,linkerd-proxy,linkerd,,linkerd-prometheus-5bccd64d4d-jzwmt,,212,,,,,linkerd-prometheus,prometheus,linkerd,outbound,,5bccd64d4d,200,true,linkerd,10.1.10.85:4191,,linkerd,catalogue,robot-shop,catalogue-c855cf79c-j9nll,c855cf79c,default,default.robot-shop.serviceaccount.identity.linkerd.cluster.local,,,
1613778641.011,response_latency_ms_sum,,,10.1.7.224:4191,linkerd-proxy,linkerd,,linkerd-prometheus-5bccd64d4d-jzwmt,,212,,,,,linkerd-prometheus,prometheus,linkerd,outbound,,5bccd64d4d,200,true,linkerd,10.1.10.85:4191,,linkerd,catalogue,robot-shop,catalogue-c855cf79c-j9nll,c855cf79c,default,default.robot-shop.serviceaccount.identity.linkerd.cluster.local,,,
1613778591.012,response_latency_ms_sum,,,10.1.7.224:4191,linkerd-proxy,linkerd,,linkerd-prometheus-5bccd64d4d-jzwmt,,354,,,,,linkerd-prometheus,prometheus,linkerd,outbound,,5bccd64d4d,200,true,linkerd,10.1.10.91:4191,,linkerd,shipping,robot-shop,shipping-596cccbb5d-sj4dc,596cccbb5d,default,default.robot-shop.serviceaccount.identity.linkerd.cluster.local,,,
1613778601.012,response_latency_ms_sum,,,10.1.7.224:4191,linkerd-proxy,linkerd,,linkerd-prometheus-5bccd64d4d-jzwmt,,354,,,,,linkerd-prometheus,prometheus,linkerd,outbound,,5bccd64d4d,200,true,linkerd,10.1.10.91:4191,,linkerd,shipping,robot-shop,shipping-596cccbb5d-sj4dc,596cccbb5d,default,default.robot-shop.serviceaccount.identity.linkerd.cluster.local,,,
1613778611.011,response_latency_ms_sum,,,10.1.7.224:4191,linkerd-proxy,linkerd,,linkerd-prometheus-5bccd64d4d-jzwmt,,354,,,,,linkerd-prometheus,prometheus,linkerd,outbound,,5bccd64d4d,200,true,linkerd,10.1.10.91:4191,,linkerd,shipping,robot-shop,shipping-596cccbb5d-sj4dc,596cccbb5d,default,default.robot-shop.serviceaccount.identity.linkerd.cluster.local,,,
1613778621.012,response_latency_ms_sum,,,10.1.7.224:4191,linkerd-proxy,linkerd,,linkerd-prometheus-5bccd64d4d-jzwmt,,354,,,,,linkerd-prometheus,prometheus,linkerd,outbound,,5bccd64d4d,200,true,linkerd,10.1.10.91:4191,,linkerd,shipping,robot-shop,shipping-596cccbb5d-sj4dc,596cccbb5d,default,default.robot-shop.serviceaccount.identity.linkerd.cluster.local,,,
1613778631.011,response_latency_ms_sum,,,10.1.7.224:4191,linkerd-proxy,linkerd,,linkerd-prometheus-5bccd64d4d-jzwmt,,354,,,,,linkerd-prometheus,prometheus,linkerd,outbound,,5bccd64d4d,200,true,linkerd,10.1.10.91:4191,,linkerd,shipping,robot-shop,shipping-596cccbb5d-sj4dc,596cccbb5d,default,default.robot-shop.serviceaccount.identity.linkerd.cluster.local,,,
1613778641.011,response_latency_ms_sum,,,10.1.7.224:4191,linkerd-proxy,linkerd,,linkerd-prometheus-5bccd64d4d-jzwmt,,354,,,,,linkerd-prometheus,prometheus,linkerd,outbound,,5bccd64d4d,200,true,linkerd,10.1.10.91:4191,,linkerd,shipping,robot-shop,shipping-596cccbb5d-sj4dc,596cccbb5d,default,default.robot-shop.serviceaccount.identity.linkerd.cluster.local,,,
1613778591.012,response_latency_ms_sum,,,10.1.7.224:4191,linkerd-proxy,linkerd,,linkerd-prometheus-5bccd64d4d-jzwmt,,174,,,,,linkerd-prometheus,prometheus,linkerd,outbound,,5bccd64d4d,200,true,linkerd,10.1.10.87:4191,,linkerd,dispatch,robot-shop,dispatch-56cc554d57-m228z,56cc554d57,default,default.robot-shop.serviceaccount.identity.linkerd.cluster.local,,,
1613778601.012,response_latency_ms_sum,,,10.1.7.224:4191,linkerd-proxy,linkerd,,linkerd-prometheus-5bccd64d4d-jzwmt,,174,,,,,linkerd-prometheus,prometheus,linkerd,outbound,,5bccd64d4d,200,true,linkerd,10.1.10.87:4191,,linkerd,dispatch,robot-shop,dispatch-56cc554d57-m228z,56cc554d57,default,default.robot-shop.serviceaccount.identity.linkerd.cluster.local,,,
1613778611.011,response_latency_ms_sum,,,10.1.7.224:4191,linkerd-proxy,linkerd,,linkerd-prometheus-5bccd64d4d-jzwmt,,174,,,,,linkerd-prometheus,prometheus,linkerd,outbound,,5bccd64d4d,200,true,linkerd,10.1.10.87:4191,,linkerd,dispatch,robot-shop,dispatch-56cc554d57-m228z,56cc554d57,default,default.robot-shop.serviceaccount.identity.linkerd.cluster.local,,,
1613778621.012,response_latency_ms_sum,,,10.1.7.224:4191,linkerd-proxy,linkerd,,linkerd-prometheus-5bccd64d4d-jzwmt,,174,,,,,linkerd-prometheus,prometheus,linkerd,outbound,,5bccd64d4d,200,true,linkerd,10.1.10.87:4191,,linkerd,dispatch,robot-shop,dispatch-56cc554d57-m228z,56cc554d57,default,default.robot-shop.serviceaccount.identity.linkerd.cluster.local,,,
1613778631.011,response_latency_ms_sum,,,10.1.7.224:4191,linkerd-proxy,linkerd,,linkerd-prometheus-5bccd64d4d-jzwmt,,174,,,,,linkerd-prometheus,prometheus,linkerd,outbound,,5bccd64d4d,200,true,linkerd,10.1.10.87:4191,,linkerd,dispatch,robot-shop,dispatch-56cc554d57-m228z,56cc554d57,default,default.robot-shop.serviceaccount.identity.linkerd.cluster.local,,,
1613778641.011,response_latency_ms_sum,,,10.1.7.224:4191,linkerd-proxy,linkerd,,linkerd-prometheus-5bccd64d4d-jzwmt,,174,,,,,linkerd-prometheus,prometheus,linkerd,outbound,,5bccd64d4d,200,true,linkerd,10.1.10.87:4191,,linkerd,dispatch,robot-shop,dispatch-56cc554d57-m228z,56cc554d57,default,default.robot-shop.serviceaccount.identity.linkerd.cluster.local,,,
1613778591.012,response_latency_ms_sum,,,10.1.7.224:4191,linkerd-proxy,linkerd,,linkerd-prometheus-5bccd64d4d-jzwmt,,1240,,,,,linkerd-prometheus,prometheus,linkerd,outbound,,5bccd64d4d,200,true,linkerd,10.1.10.93:4191,,linkerd,web,robot-shop,web-7b9d5b8875-b7jxw,7b9d5b8875,default,default.robot-shop.serviceaccount.identity.linkerd.cluster.local,,,
1613778601.012,response_latency_ms_sum,,,10.1.7.224:4191,linkerd-proxy,linkerd,,linkerd-prometheus-5bccd64d4d-jzwmt,,1240,,,,,linkerd-prometheus,prometheus,linkerd,outbound,,5bccd64d4d,200,true,linkerd,10.1.10.93:4191,,linkerd,web,robot-shop,web-7b9d5b8875-b7jxw,7b9d5b8875,default,default.robot-shop.serviceaccount.identity.linkerd.cluster.local,,,
1613778611.011,response_latency_ms_sum,,,10.1.7.224:4191,linkerd-proxy,linkerd,,linkerd-prometheus-5bccd64d4d-jzwmt,,1240,,,,,linkerd-prometheus,prometheus,linkerd,outbound,,5bccd64d4d,200,true,linkerd,10.1.10.93:4191,,linkerd,web,robot-shop,web-7b9d5b8875-b7jxw,7b9d5b8875,default,default.robot-shop.serviceaccount.identity.linkerd.cluster.local,,,
1613778621.012,response_latency_ms_sum,,,10.1.7.224:4191,linkerd-proxy,linkerd,,linkerd-prometheus-5bccd64d4d-jzwmt,,1240,,,,,linkerd-prometheus,prometheus,linkerd,outbound,,5bccd64d4d,200,true,linkerd,10.1.10.93:4191,,linkerd,web,robot-shop,web-7b9d5b8875-b7jxw,7b9d5b8875,default,default.robot-shop.serviceaccount.identity.linkerd.cluster.local,,,
1613778631.011,response_latency_ms_sum,,,10.1.7.224:4191,linkerd-proxy,linkerd,,linkerd-prometheus-5bccd64d4d-jzwmt,,1240,,,,,linkerd-prometheus,prometheus,linkerd,outbound,,5bccd64d4d,200,true,linkerd,10.1.10.93:4191,,linkerd,web,robot-shop,web-7b9d5b8875-b7jxw,7b9d5b8875,default,default.robot-shop.serviceaccount.identity.linkerd.cluster.local,,,
1613778641.011,response_latency_ms_sum,,,10.1.7.224:4191,linkerd-proxy,linkerd,,linkerd-prometheus-5bccd64d4d-jzwmt,,1240,,,,,linkerd-prometheus,prometheus,linkerd,outbound,,5bccd64d4d,200,true,linkerd,10.1.10.93:4191,,linkerd,web,robot-shop,web-7b9d5b8875-b7jxw,7b9d5b8875,default,default.robot-shop.serviceaccount.identity.linkerd.cluster.local,,,
1613778591.012,response_latency_ms_sum,,,10.1.7.224:4191,linkerd-proxy,linkerd,,linkerd-prometheus-5bccd64d4d-jzwmt,,379,,,,,linkerd-prometheus,prometheus,linkerd,outbound,,5bccd64d4d,200,true,linkerd,10.1.10.99:4191,,linkerd,shipping,robot-shop,shipping-596cccbb5d-wrhgb,596cccbb5d,default,default.robot-shop.serviceaccount.identity.linkerd.cluster.local,,,
1613778601.012,response_latency_ms_sum,,,10.1.7.224:4191,linkerd-proxy,linkerd,,linkerd-prometheus-5bccd64d4d-jzwmt,,379,,,,,linkerd-prometheus,prometheus,linkerd,outbound,,5bccd64d4d,200,true,linkerd,10.1.10.99:4191,,linkerd,shipping,robot-shop,shipping-596cccbb5d-wrhgb,596cccbb5d,default,default.robot-shop.serviceaccount.identity.linkerd.cluster.local,,,
1613778611.011,response_latency_ms_sum,,,10.1.7.224:4191,linkerd-proxy,linkerd,,linkerd-prometheus-5bccd64d4d-jzwmt,,379,,,,,linkerd-prometheus,prometheus,linkerd,outbound,,5bccd64d4d,200,true,linkerd,10.1.10.99:4191,,linkerd,shipping,robot-shop,shipping-596cccbb5d-wrhgb,596cccbb5d,default,default.robot-shop.serviceaccount.identity.linkerd.cluster.local,,,
1613778621.012,response_latency_ms_sum,,,10.1.7.224:4191,linkerd-proxy,linkerd,,linkerd-prometheus-5bccd64d4d-jzwmt,,379,,,,,linkerd-prometheus,prometheus,linkerd,outbound,,5bccd64d4d,200,true,linkerd,10.1.10.99:4191,,linkerd,shipping,robot-shop,shipping-596cccbb5d-wrhgb,596cccbb5d,default,default.robot-shop.serviceaccount.identity.linkerd.cluster.local,,,
1613778631.011,response_latency_ms_sum,,,10.1.7.224:4191,linkerd-proxy,linkerd,,linkerd-prometheus-5bccd64d4d-jzwmt,,379,,,,,linkerd-prometheus,prometheus,linkerd,outbound,,5bccd64d4d,200,true,linkerd,10.1.10.99:4191,,linkerd,shipping,robot-shop,shipping-596cccbb5d-wrhgb,596cccbb5d,default,default.robot-shop.serviceaccount.identity.linkerd.cluster.local,,,
1613778641.011,response_latency_ms_sum,,,10.1.7.224:4191,linkerd-proxy,linkerd,,linkerd-prometheus-5bccd64d4d-jzwmt,,379,,,,,linkerd-prometheus,prometheus,linkerd,outbound,,5bccd64d4d,200,true,linkerd,10.1.10.99:4191,,linkerd,shipping,robot-shop,shipping-596cccbb5d-wrhgb,596cccbb5d,default,default.robot-shop.serviceaccount.identity.linkerd.cluster.local,,,
1613778591.012,response_latency_ms_sum,,,10.1.7.224:4191,linkerd-proxy,linkerd,,linkerd-prometheus-5bccd64d4d-jzwmt,,177,,,,,linkerd-prometheus,prometheus,linkerd,outbound,,5bccd64d4d,200,true,linkerd,10.1.10.96:4191,,linkerd,dispatch,robot-shop,dispatch-56cc554d57-rq5jr,56cc554d57,default,default.robot-shop.serviceaccount.identity.linkerd.cluster.local,,,
1613778601.012,response_latency_ms_sum,,,10.1.7.224:4191,linkerd-proxy,linkerd,,linkerd-prometheus-5bccd64d4d-jzwmt,,177,,,,,linkerd-prometheus,prometheus,linkerd,outbound,,5bccd64d4d,200,true,linkerd,10.1.10.96:4191,,linkerd,dispatch,robot-shop,dispatch-56cc554d57-rq5jr,56cc554d57,default,default.robot-shop.serviceaccount.identity.linkerd.cluster.local,,,
1613778611.011,response_latency_ms_sum,,,10.1.7.224:4191,linkerd-proxy,linkerd,,linkerd-prometheus-5bccd64d4d-jzwmt,,177,,,,,linkerd-prometheus,prometheus,linkerd,outbound,,5bccd64d4d,200,true,linkerd,10.1.10.96:4191,,linkerd,dispatch,robot-shop,dispatch-56cc554d57-rq5jr,56cc554d57,default,default.robot-shop.serviceaccount.identity.linkerd.cluster.local,,,
1613778621.012,response_latency_ms_sum,,,10.1.7.224:4191,linkerd-proxy,linkerd,,linkerd-prometheus-5bccd64d4d-jzwmt,,177,,,,,linkerd-prometheus,prometheus,linkerd,outbound,,5bccd64d4d,200,true,linkerd,10.1.10.96:4191,,linkerd,dispatch,robot-shop,dispatch-56cc554d57-rq5jr,56cc554d57,default,default.robot-shop.serviceaccount.identity.linkerd.cluster.local,,,
1613778631.011,response_latency_ms_sum,,,10.1.7.224:4191,linkerd-proxy,linkerd,,linkerd-prometheus-5bccd64d4d-jzwmt,,177,,,,,linkerd-prometheus,prometheus,linkerd,outbound,,5bccd64d4d,200,true,linkerd,10.1.10.96:4191,,linkerd,dispatch,robot-shop,dispatch-56cc554d57-rq5jr,56cc554d57,default,default.robot-shop.serviceaccount.identity.linkerd.cluster.local,,,
1613778641.011,response_latency_ms_sum,,,10.1.7.224:4191,linkerd-proxy,linkerd,,linkerd-prometheus-5bccd64d4d-jzwmt,,177,,,,,linkerd-prometheus,prometheus,linkerd,outbound,,5bccd64d4d,200,true,linkerd,10.1.10.96:4191,,linkerd,dispatch,robot-shop,dispatch-56cc554d57-rq5jr,56cc554d57,default,default.robot-shop.serviceaccount.identity.linkerd.cluster.local,,,
1613778591.012,response_latency_ms_sum,,,10.1.7.224:4191,linkerd-proxy,linkerd,,linkerd-prometheus-5bccd64d4d-jzwmt,,218,,,,,linkerd-prometheus,prometheus,linkerd,outbound,,5bccd64d4d,200,true,linkerd,10.1.10.98:4191,,linkerd,ratings,robot-shop,ratings-5bc6694dc9-fdfnt,5bc6694dc9,default,default.robot-shop.serviceaccount.identity.linkerd.cluster.local,,,
1613778601.012,response_latency_ms_sum,,,10.1.7.224:4191,linkerd-proxy,linkerd,,linkerd-prometheus-5bccd64d4d-jzwmt,,218,,,,,linkerd-prometheus,prometheus,linkerd,outbound,,5bccd64d4d,200,true,linkerd,10.1.10.98:4191,,linkerd,ratings,robot-shop,ratings-5bc6694dc9-fdfnt,5bc6694dc9,default,default.robot-shop.serviceaccount.identity.linkerd.cluster.local,,,
1613778611.011,response_latency_ms_sum,,,10.1.7.224:4191,linkerd-proxy,linkerd,,linkerd-prometheus-5bccd64d4d-jzwmt,,218,,,,,linkerd-prometheus,prometheus,linkerd,outbound,,5bccd64d4d,200,true,linkerd,10.1.10.98:4191,,linkerd,ratings,robot-shop,ratings-5bc6694dc9-fdfnt,5bc6694dc9,default,default.robot-shop.serviceaccount.identity.linkerd.cluster.local,,,
1613778621.012,response_latency_ms_sum,,,10.1.7.224:4191,linkerd-proxy,linkerd,,linkerd-prometheus-5bccd64d4d-jzwmt,,218,,,,,linkerd-prometheus,prometheus,linkerd,outbound,,5bccd64d4d,200,true,linkerd,10.1.10.98:4191,,linkerd,ratings,robot-shop,ratings-5bc6694dc9-fdfnt,5bc6694dc9,default,default.robot-shop.serviceaccount.identity.linkerd.cluster.local,,,
1613778631.011,response_latency_ms_sum,,,10.1.7.224:4191,linkerd-proxy,linkerd,,linkerd-prometheus-5bccd64d4d-jzwmt,,218,,,,,linkerd-prometheus,prometheus,linkerd,outbound,,5bccd64d4d,200,true,linkerd,10.1.10.98:4191,,linkerd,ratings,robot-shop,ratings-5bc6694dc9-fdfnt,5bc6694dc9,default,default.robot-shop.serviceaccount.identity.linkerd.cluster.local,,,
1613778641.011,response_latency_ms_sum,,,10.1.7.224:4191,linkerd-proxy,linkerd,,linkerd-prometheus-5bccd64d4d-jzwmt,,218,,,,,linkerd-prometheus,prometheus,linkerd,outbound,,5bccd64d4d,200,true,linkerd,10.1.10.98:4191,,linkerd,ratings,robot-shop,ratings-5bc6694dc9-fdfnt,5bc6694dc9,default,default.robot-shop.serviceaccount.identity.linkerd.cluster.local,,,
1613778591.012,response_latency_ms_sum,,,10.1.7.224:4191,linkerd-proxy,linkerd,,linkerd-prometheus-5bccd64d4d-jzwmt,,285,,,,,linkerd-prometheus,prometheus,linkerd,outbound,,5bccd64d4d,200,true,linkerd,10.1.10.94:4191,,linkerd,cart,robot-shop,cart-7b6b494d5d-twcd7,7b6b494d5d,default,default.robot-shop.serviceaccount.identity.linkerd.cluster.local,,,
1613778601.012,response_latency_ms_sum,,,10.1.7.224:4191,linkerd-proxy,linkerd,,linkerd-prometheus-5bccd64d4d-jzwmt,,285,,,,,linkerd-prometheus,prometheus,linkerd,outbound,,5bccd64d4d,200,true,linkerd,10.1.10.94:4191,,linkerd,cart,robot-shop,cart-7b6b494d5d-twcd7,7b6b494d5d,default,default.robot-shop.serviceaccount.identity.linkerd.cluster.local,,,
1613778611.011,response_latency_ms_sum,,,10.1.7.224:4191,linkerd-proxy,linkerd,,linkerd-prometheus-5bccd64d4d-jzwmt,,285,,,,,linkerd-prometheus,prometheus,linkerd,outbound,,5bccd64d4d,200,true,linkerd,10.1.10.94:4191,,linkerd,cart,robot-shop,cart-7b6b494d5d-twcd7,7b6b494d5d,default,default.robot-shop.serviceaccount.identity.linkerd.cluster.local,,,
1613778621.012,response_latency_ms_sum,,,10.1.7.224:4191,linkerd-proxy,linkerd,,linkerd-prometheus-5bccd64d4d-jzwmt,,285,,,,,linkerd-prometheus,prometheus,linkerd,outbound,,5bccd64d4d,200,true,linkerd,10.1.10.94:4191,,linkerd,cart,robot-shop,cart-7b6b494d5d-twcd7,7b6b494d5d,default,default.robot-shop.serviceaccount.identity.linkerd.cluster.local,,,
1613778631.011,response_latency_ms_sum,,,10.1.7.224:4191,linkerd-proxy,linkerd,,linkerd-prometheus-5bccd64d4d-jzwmt,,285,,,,,linkerd-prometheus,prometheus,linkerd,outbound,,5bccd64d4d,200,true,linkerd,10.1.10.94:4191,,linkerd,cart,robot-shop,cart-7b6b494d5d-twcd7,7b6b494d5d,default,default.robot-shop.serviceaccount.identity.linkerd.cluster.local,,,
1613778641.011,response_latency_ms_sum,,,10.1.7.224:4191,linkerd-proxy,linkerd,,linkerd-prometheus-5bccd64d4d-jzwmt,,285,,,,,linkerd-prometheus,prometheus,linkerd,outbound,,5bccd64d4d,200,true,linkerd,10.1.10.94:4191,,linkerd,cart,robot-shop,cart-7b6b494d5d-twcd7,7b6b494d5d,default,default.robot-shop.serviceaccount.identity.linkerd.cluster.local,,,
1613778591.012,response_latency_ms_sum,,,10.1.7.224:4191,linkerd-proxy,linkerd,,linkerd-prometheus-5bccd64d4d-jzwmt,,143,,,,,linkerd-prometheus,prometheus,linkerd,outbound,,5bccd64d4d,200,true,linkerd,10.1.10.95:4191,,linkerd,catalogue,robot-shop,catalogue-c855cf79c-d6qwk,c855cf79c,default,default.robot-shop.serviceaccount.identity.linkerd.cluster.local,,,
1613778601.012,response_latency_ms_sum,,,10.1.7.224:4191,linkerd-proxy,linkerd,,linkerd-prometheus-5bccd64d4d-jzwmt,,143,,,,,linkerd-prometheus,prometheus,linkerd,outbound,,5bccd64d4d,200,true,linkerd,10.1.10.95:4191,,linkerd,catalogue,robot-shop,catalogue-c855cf79c-d6qwk,c855cf79c,default,default.robot-shop.serviceaccount.identity.linkerd.cluster.local,,,
1613778611.011,response_latency_ms_sum,,,10.1.7.224:4191,linkerd-proxy,linkerd,,linkerd-prometheus-5bccd64d4d-jzwmt,,143,,,,,linkerd-prometheus,prometheus,linkerd,outbound,,5bccd64d4d,200,true,linkerd,10.1.10.95:4191,,linkerd,catalogue,robot-shop,catalogue-c855cf79c-d6qwk,c855cf79c,default,default.robot-shop.serviceaccount.identity.linkerd.cluster.local,,,
1613778621.012,response_latency_ms_sum,,,10.1.7.224:4191,linkerd-proxy,linkerd,,linkerd-prometheus-5bccd64d4d-jzwmt,,143,,,,,linkerd-prometheus,prometheus,linkerd,outbound,,5bccd64d4d,200,true,linkerd,10.1.10.95:4191,,linkerd,catalogue,robot-shop,catalogue-c855cf79c-d6qwk,c855cf79c,default,default.robot-shop.serviceaccount.identity.linkerd.cluster.local,,,
1613778631.011,response_latency_ms_sum,,,10.1.7.224:4191,linkerd-proxy,linkerd,,linkerd-prometheus-5bccd64d4d-jzwmt,,143,,,,,linkerd-prometheus,prometheus,linkerd,outbound,,5bccd64d4d,200,true,linkerd,10.1.10.95:4191,,linkerd,catalogue,robot-shop,catalogue-c855cf79c-d6qwk,c855cf79c,default,default.robot-shop.serviceaccount.identity.linkerd.cluster.local,,,
1613778641.011,response_latency_ms_sum,,,10.1.7.224:4191,linkerd-proxy,linkerd,,linkerd-prometheus-5bccd64d4d-jzwmt,,143,,,,,linkerd-prometheus,prometheus,linkerd,outbound,,5bccd64d4d,200,true,linkerd,10.1.10.95:4191,,linkerd,catalogue,robot-shop,catalogue-c855cf79c-d6qwk,c855cf79c,default,default.robot-shop.serviceaccount.identity.linkerd.cluster.local,,,
1613778591.012,response_latency_ms_sum,,,10.1.7.224:4191,linkerd-proxy,linkerd,,linkerd-prometheus-5bccd64d4d-jzwmt,,285,,,,,linkerd-prometheus,prometheus,linkerd,outbound,,5bccd64d4d,200,true,linkerd,10.1.10.97:4191,,linkerd,payment,robot-shop,payment-c67d9b657-x8jgz,c67d9b657,default,default.robot-shop.serviceaccount.identity.linkerd.cluster.local,,,
1613778601.012,response_latency_ms_sum,,,10.1.7.224:4191,linkerd-proxy,linkerd,,linkerd-prometheus-5bccd64d4d-jzwmt,,285,,,,,linkerd-prometheus,prometheus,linkerd,outbound,,5bccd64d4d,200,true,linkerd,10.1.10.97:4191,,linkerd,payment,robot-shop,payment-c67d9b657-x8jgz,c67d9b657,default,default.robot-shop.serviceaccount.identity.linkerd.cluster.local,,,
1613778611.011,response_latency_ms_sum,,,10.1.7.224:4191,linkerd-proxy,linkerd,,linkerd-prometheus-5bccd64d4d-jzwmt,,285,,,,,linkerd-prometheus,prometheus,linkerd,outbound,,5bccd64d4d,200,true,linkerd,10.1.10.97:4191,,linkerd,payment,robot-shop,payment-c67d9b657-x8jgz,c67d9b657,default,default.robot-shop.serviceaccount.identity.linkerd.cluster.local,,,
1613778621.012,response_latency_ms_sum,,,10.1.7.224:4191,linkerd-proxy,linkerd,,linkerd-prometheus-5bccd64d4d-jzwmt,,285,,,,,linkerd-prometheus,prometheus,linkerd,outbound,,5bccd64d4d,200,true,linkerd,10.1.10.97:4191,,linkerd,payment,robot-shop,payment-c67d9b657-x8jgz,c67d9b657,default,default.robot-shop.serviceaccount.identity.linkerd.cluster.local,,,
1613778631.011,response_latency_ms_sum,,,10.1.7.224:4191,linkerd-proxy,linkerd,,linkerd-prometheus-5bccd64d4d-jzwmt,,285,,,,,linkerd-prometheus,prometheus,linkerd,outbound,,5bccd64d4d,200,true,linkerd,10.1.10.97:4191,,linkerd,payment,robot-shop,payment-c67d9b657-x8jgz,c67d9b657,default,default.robot-shop.serviceaccount.identity.linkerd.cluster.local,,,
1613778641.011,response_latency_ms_sum,,,10.1.7.224:4191,linkerd-proxy,linkerd,,linkerd-prometheus-5bccd64d4d-jzwmt,,285,,,,,linkerd-prometheus,prometheus,linkerd,outbound,,5bccd64d4d,200,true,linkerd,10.1.10.97:4191,,linkerd,payment,robot-shop,payment-c67d9b657-x8jgz,c67d9b657,default,default.robot-shop.serviceaccount.identity.linkerd.cluster.local,,,
1613778591.012,response_latency_ms_sum,,,10.1.7.224:4191,linkerd-proxy,linkerd,,linkerd-prometheus-5bccd64d4d-jzwmt,,964,,,,,linkerd-prometheus,prometheus,linkerd,outbound,,5bccd64d4d,200,true,linkerd,10.1.10.101:4191,,linkerd,web,robot-shop,web-7b9d5b8875-pq5wv,7b9d5b8875,default,default.robot-shop.serviceaccount.identity.linkerd.cluster.local,,,
1613778601.012,response_latency_ms_sum,,,10.1.7.224:4191,linkerd-proxy,linkerd,,linkerd-prometheus-5bccd64d4d-jzwmt,,964,,,,,linkerd-prometheus,prometheus,linkerd,outbound,,5bccd64d4d,200,true,linkerd,10.1.10.101:4191,,linkerd,web,robot-shop,web-7b9d5b8875-pq5wv,7b9d5b8875,default,default.robot-shop.serviceaccount.identity.linkerd.cluster.local,,,
1613778611.011,response_latency_ms_sum,,,10.1.7.224:4191,linkerd-proxy,linkerd,,linkerd-prometheus-5bccd64d4d-jzwmt,,964,,,,,linkerd-prometheus,prometheus,linkerd,outbound,,5bccd64d4d,200,true,linkerd,10.1.10.101:4191,,linkerd,web,robot-shop,web-7b9d5b8875-pq5wv,7b9d5b8875,default,default.robot-shop.serviceaccount.identity.linkerd.cluster.local,,,
1613778621.012,response_latency_ms_sum,,,10.1.7.224:4191,linkerd-proxy,linkerd,,linkerd-prometheus-5bccd64d4d-jzwmt,,964,,,,,linkerd-prometheus,prometheus,linkerd,outbound,,5bccd64d4d,200,true,linkerd,10.1.10.101:4191,,linkerd,web,robot-shop,web-7b9d5b8875-pq5wv,7b9d5b8875,default,default.robot-shop.serviceaccount.identity.linkerd.cluster.local,,,
1613778631.011,response_latency_ms_sum,,,10.1.7.224:4191,linkerd-proxy,linkerd,,linkerd-prometheus-5bccd64d4d-jzwmt,,964,,,,,linkerd-prometheus,prometheus,linkerd,outbound,,5bccd64d4d,200,true,linkerd,10.1.10.101:4191,,linkerd,web,robot-shop,web-7b9d5b8875-pq5wv,7b9d5b8875,default,default.robot-shop.serviceaccount.identity.linkerd.cluster.local,,,
1613778641.011,response_latency_ms_sum,,,10.1.7.224:4191,linkerd-proxy,linkerd,,linkerd-prometheus-5bccd64d4d-jzwmt,,964,,,,,linkerd-prometheus,prometheus,linkerd,outbound,,5bccd64d4d,200,true,linkerd,10.1.10.101:4191,,linkerd,web,robot-shop,web-7b9d5b8875-pq5wv,7b9d5b8875,default,default.robot-shop.serviceaccount.identity.linkerd.cluster.local,,,
1613778591.012,response_latency_ms_sum,,,10.1.7.224:4191,linkerd-proxy,linkerd,,linkerd-prometheus-5bccd64d4d-jzwmt,,160,,,,,linkerd-prometheus,prometheus,linkerd,outbound,,5bccd64d4d,200,true,linkerd,10.1.10.100:4191,,linkerd,user,robot-shop,user-585f6dddcc-fw6lg,585f6dddcc,default,default.robot-shop.serviceaccount.identity.linkerd.cluster.local,,,
1613778601.012,response_latency_ms_sum,,,10.1.7.224:4191,linkerd-proxy,linkerd,,linkerd-prometheus-5bccd64d4d-jzwmt,,160,,,,,linkerd-prometheus,prometheus,linkerd,outbound,,5bccd64d4d,200,true,linkerd,10.1.10.100:4191,,linkerd,user,robot-shop,user-585f6dddcc-fw6lg,585f6dddcc,default,default.robot-shop.serviceaccount.identity.linkerd.cluster.local,,,
1613778611.011,response_latency_ms_sum,,,10.1.7.224:4191,linkerd-proxy,linkerd,,linkerd-prometheus-5bccd64d4d-jzwmt,,160,,,,,linkerd-prometheus,prometheus,linkerd,outbound,,5bccd64d4d,200,true,linkerd,10.1.10.100:4191,,linkerd,user,robot-shop,user-585f6dddcc-fw6lg,585f6dddcc,default,default.robot-shop.serviceaccount.identity.linkerd.cluster.local,,,
1613778621.012,response_latency_ms_sum,,,10.1.7.224:4191,linkerd-proxy,linkerd,,linkerd-prometheus-5bccd64d4d-jzwmt,,160,,,,,linkerd-prometheus,prometheus,linkerd,outbound,,5bccd64d4d,200,true,linkerd,10.1.10.100:4191,,linkerd,user,robot-shop,user-585f6dddcc-fw6lg,585f6dddcc,default,default.robot-shop.serviceaccount.identity.linkerd.cluster.local,,,
1613778631.011,response_latency_ms_sum,,,10.1.7.224:4191,linkerd-proxy,linkerd,,linkerd-prometheus-5bccd64d4d-jzwmt,,160,,,,,linkerd-prometheus,prometheus,linkerd,outbound,,5bccd64d4d,200,true,linkerd,10.1.10.100:4191,,linkerd,user,robot-shop,user-585f6dddcc-fw6lg,585f6dddcc,default,default.robot-shop.serviceaccount.identity.linkerd.cluster.local,,,
1613778641.011,response_latency_ms_sum,,,10.1.7.224:4191,linkerd-proxy,linkerd,,linkerd-prometheus-5bccd64d4d-jzwmt,,160,,,,,linkerd-prometheus,prometheus,linkerd,outbound,,5bccd64d4d,200,true,linkerd,10.1.10.100:4191,,linkerd,user,robot-shop,user-585f6dddcc-fw6lg,585f6dddcc,default,default.robot-shop.serviceaccount.identity.linkerd.cluster.local,,,
1613778591.012,response_latency_ms_sum,,,10.1.7.224:4191,linkerd-proxy,linkerd,,linkerd-prometheus-5bccd64d4d-jzwmt,,156,,,,,linkerd-prometheus,prometheus,linkerd,outbound,,5bccd64d4d,200,true,linkerd,10.1.10.102:4191,,linkerd,cart,robot-shop,cart-7b6b494d5d-kvlvw,7b6b494d5d,default,default.robot-shop.serviceaccount.identity.linkerd.cluster.local,,,
1613778601.012,response_latency_ms_sum,,,10.1.7.224:4191,linkerd-proxy,linkerd,,linkerd-prometheus-5bccd64d4d-jzwmt,,156,,,,,linkerd-prometheus,prometheus,linkerd,outbound,,5bccd64d4d,200,true,linkerd,10.1.10.102:4191,,linkerd,cart,robot-shop,cart-7b6b494d5d-kvlvw,7b6b494d5d,default,default.robot-shop.serviceaccount.identity.linkerd.cluster.local,,,
1613778611.011,response_latency_ms_sum,,,10.1.7.224:4191,linkerd-proxy,linkerd,,linkerd-prometheus-5bccd64d4d-jzwmt,,156,,,,,linkerd-prometheus,prometheus,linkerd,outbound,,5bccd64d4d,200,true,linkerd,10.1.10.102:4191,,linkerd,cart,robot-shop,cart-7b6b494d5d-kvlvw,7b6b494d5d,default,default.robot-shop.serviceaccount.identity.linkerd.cluster.local,,,
1613778621.012,response_latency_ms_sum,,,10.1.7.224:4191,linkerd-proxy,linkerd,,linkerd-prometheus-5bccd64d4d-jzwmt,,156,,,,,linkerd-prometheus,prometheus,linkerd,outbound,,5bccd64d4d,200,true,linkerd,10.1.10.102:4191,,linkerd,cart,robot-shop,cart-7b6b494d5d-kvlvw,7b6b494d5d,default,default.robot-shop.serviceaccount.identity.linkerd.cluster.local,,,
1613778631.011,response_latency_ms_sum,,,10.1.7.224:4191,linkerd-proxy,linkerd,,linkerd-prometheus-5bccd64d4d-jzwmt,,156,,,,,linkerd-prometheus,prometheus,linkerd,outbound,,5bccd64d4d,200,true,linkerd,10.1.10.102:4191,,linkerd,cart,robot-shop,cart-7b6b494d5d-kvlvw,7b6b494d5d,default,default.robot-shop.serviceaccount.identity.linkerd.cluster.local,,,
1613778641.011,response_latency_ms_sum,,,10.1.7.224:4191,linkerd-proxy,linkerd,,linkerd-prometheus-5bccd64d4d-jzwmt,,156,,,,,linkerd-prometheus,prometheus,linkerd,outbound,,5bccd64d4d,200,true,linkerd,10.1.10.102:4191,,linkerd,cart,robot-shop,cart-7b6b494d5d-kvlvw,7b6b494d5d,default,default.robot-shop.serviceaccount.identity.linkerd.cluster.local,,,
1613778591.012,response_latency_ms_sum,,,10.1.7.224:4191,linkerd-proxy,linkerd,,linkerd-prometheus-5bccd64d4d-jzwmt,,44,,,,,linkerd-prometheus,prometheus,linkerd,outbound,,5bccd64d4d,200,true,linkerd,10.1.10.105:4191,,linkerd,payment,robot-shop,payment-c67d9b657-mrd7j,c67d9b657,default,default.robot-shop.serviceaccount.identity.linkerd.cluster.local,,,
1613778601.012,response_latency_ms_sum,,,10.1.7.224:4191,linkerd-proxy,linkerd,,linkerd-prometheus-5bccd64d4d-jzwmt,,44,,,,,linkerd-prometheus,prometheus,linkerd,outbound,,5bccd64d4d,200,true,linkerd,10.1.10.105:4191,,linkerd,payment,robot-shop,payment-c67d9b657-mrd7j,c67d9b657,default,default.robot-shop.serviceaccount.identity.linkerd.cluster.local,,,
1613778611.011,response_latency_ms_sum,,,10.1.7.224:4191,linkerd-proxy,linkerd,,linkerd-prometheus-5bccd64d4d-jzwmt,,44,,,,,linkerd-prometheus,prometheus,linkerd,outbound,,5bccd64d4d,200,true,linkerd,10.1.10.105:4191,,linkerd,payment,robot-shop,payment-c67d9b657-mrd7j,c67d9b657,default,default.robot-shop.serviceaccount.identity.linkerd.cluster.local,,,
1613778621.012,response_latency_ms_sum,,,10.1.7.224:4191,linkerd-proxy,linkerd,,linkerd-prometheus-5bccd64d4d-jzwmt,,44,,,,,linkerd-prometheus,prometheus,linkerd,outbound,,5bccd64d4d,200,true,linkerd,10.1.10.105:4191,,linkerd,payment,robot-shop,payment-c67d9b657-mrd7j,c67d9b657,default,default.robot-shop.serviceaccount.identity.linkerd.cluster.local,,,
1613778631.011,response_latency_ms_sum,,,10.1.7.224:4191,linkerd-proxy,linkerd,,linkerd-prometheus-5bccd64d4d-jzwmt,,44,,,,,linkerd-prometheus,prometheus,linkerd,outbound,,5bccd64d4d,200,true,linkerd,10.1.10.105:4191,,linkerd,payment,robot-shop,payment-c67d9b657-mrd7j,c67d9b657,default,default.robot-shop.serviceaccount.identity.linkerd.cluster.local,,,
1613778641.011,response_latency_ms_sum,,,10.1.7.224:4191,linkerd-proxy,linkerd,,linkerd-prometheus-5bccd64d4d-jzwmt,,44,,,,,linkerd-prometheus,prometheus,linkerd,outbound,,5bccd64d4d,200,true,linkerd,10.1.10.105:4191,,linkerd,payment,robot-shop,payment-c67d9b657-mrd7j,c67d9b657,default,default.robot-shop.serviceaccount.identity.linkerd.cluster.local,,,
1613778591.012,response_latency_ms_sum,,,10.1.7.224:4191,linkerd-proxy,linkerd,,linkerd-prometheus-5bccd64d4d-jzwmt,,145,,,,,linkerd-prometheus,prometheus,linkerd,outbound,,5bccd64d4d,200,true,linkerd,10.1.10.103:4191,,linkerd,catalogue,robot-shop,catalogue-c855cf79c-qhvtq,c855cf79c,default,default.robot-shop.serviceaccount.identity.linkerd.cluster.local,,,
1613778601.012,response_latency_ms_sum,,,10.1.7.224:4191,linkerd-proxy,linkerd,,linkerd-prometheus-5bccd64d4d-jzwmt,,145,,,,,linkerd-prometheus,prometheus,linkerd,outbound,,5bccd64d4d,200,true,linkerd,10.1.10.103:4191,,linkerd,catalogue,robot-shop,catalogue-c855cf79c-qhvtq,c855cf79c,default,default.robot-shop.serviceaccount.identity.linkerd.cluster.local,,,
1613778611.011,response_latency_ms_sum,,,10.1.7.224:4191,linkerd-proxy,linkerd,,linkerd-prometheus-5bccd64d4d-jzwmt,,145,,,,,linkerd-prometheus,prometheus,linkerd,outbound,,5bccd64d4d,200,true,linkerd,10.1.10.103:4191,,linkerd,catalogue,robot-shop,catalogue-c855cf79c-qhvtq,c855cf79c,default,default.robot-shop.serviceaccount.identity.linkerd.cluster.local,,,
1613778621.012,response_latency_ms_sum,,,10.1.7.224:4191,linkerd-proxy,linkerd,,linkerd-prometheus-5bccd64d4d-jzwmt,,145,,,,,linkerd-prometheus,prometheus,linkerd,outbound,,5bccd64d4d,200,true,linkerd,10.1.10.103:4191,,linkerd,catalogue,robot-shop,catalogue-c855cf79c-qhvtq,c855cf79c,default,default.robot-shop.serviceaccount.identity.linkerd.cluster.local,,,
1613778631.011,response_latency_ms_sum,,,10.1.7.224:4191,linkerd-proxy,linkerd,,linkerd-prometheus-5bccd64d4d-jzwmt,,145,,,,,linkerd-prometheus,prometheus,linkerd,outbound,,5bccd64d4d,200,true,linkerd,10.1.10.103:4191,,linkerd,catalogue,robot-shop,catalogue-c855cf79c-qhvtq,c855cf79c,default,default.robot-shop.serviceaccount.identity.linkerd.cluster.local,,,
1613778641.011,response_latency_ms_sum,,,10.1.7.224:4191,linkerd-proxy,linkerd,,linkerd-prometheus-5bccd64d4d-jzwmt,,145,,,,,linkerd-prometheus,prometheus,linkerd,outbound,,5bccd64d4d,200,true,linkerd,10.1.10.103:4191,,linkerd,catalogue,robot-shop,catalogue-c855cf79c-qhvtq,c855cf79c,default,default.robot-shop.serviceaccount.identity.linkerd.cluster.local,,,
1613778591.012,response_latency_ms_sum,,,10.1.7.224:4191,linkerd-proxy,linkerd,,linkerd-prometheus-5bccd64d4d-jzwmt,,140,,,,,linkerd-prometheus,prometheus,linkerd,outbound,,5bccd64d4d,200,true,linkerd,10.1.10.107:4191,,linkerd,shipping,robot-shop,shipping-596cccbb5d-9gxc5,596cccbb5d,default,default.robot-shop.serviceaccount.identity.linkerd.cluster.local,,,
1613778601.012,response_latency_ms_sum,,,10.1.7.224:4191,linkerd-proxy,linkerd,,linkerd-prometheus-5bccd64d4d-jzwmt,,140,,,,,linkerd-prometheus,prometheus,linkerd,outbound,,5bccd64d4d,200,true,linkerd,10.1.10.107:4191,,linkerd,shipping,robot-shop,shipping-596cccbb5d-9gxc5,596cccbb5d,default,default.robot-shop.serviceaccount.identity.linkerd.cluster.local,,,
1613778611.011,response_latency_ms_sum,,,10.1.7.224:4191,linkerd-proxy,linkerd,,linkerd-prometheus-5bccd64d4d-jzwmt,,140,,,,,linkerd-prometheus,prometheus,linkerd,outbound,,5bccd64d4d,200,true,linkerd,10.1.10.107:4191,,linkerd,shipping,robot-shop,shipping-596cccbb5d-9gxc5,596cccbb5d,default,default.robot-shop.serviceaccount.identity.linkerd.cluster.local,,,
1613778621.012,response_latency_ms_sum,,,10.1.7.224:4191,linkerd-proxy,linkerd,,linkerd-prometheus-5bccd64d4d-jzwmt,,140,,,,,linkerd-prometheus,prometheus,linkerd,outbound,,5bccd64d4d,200,true,linkerd,10.1.10.107:4191,,linkerd,shipping,robot-shop,shipping-596cccbb5d-9gxc5,596cccbb5d,default,default.robot-shop.serviceaccount.identity.linkerd.cluster.local,,,
1613778631.011,response_latency_ms_sum,,,10.1.7.224:4191,linkerd-proxy,linkerd,,linkerd-prometheus-5bccd64d4d-jzwmt,,140,,,,,linkerd-prometheus,prometheus,linkerd,outbound,,5bccd64d4d,200,true,linkerd,10.1.10.107:4191,,linkerd,shipping,robot-shop,shipping-596cccbb5d-9gxc5,596cccbb5d,default,default.robot-shop.serviceaccount.identity.linkerd.cluster.local,,,
1613778641.011,response_latency_ms_sum,,,10.1.7.224:4191,linkerd-proxy,linkerd,,linkerd-prometheus-5bccd64d4d-jzwmt,,140,,,,,linkerd-prometheus,prometheus,linkerd,outbound,,5bccd64d4d,200,true,linkerd,10.1.10.107:4191,,linkerd,shipping,robot-shop,shipping-596cccbb5d-9gxc5,596cccbb5d,default,default.robot-shop.serviceaccount.identity.linkerd.cluster.local,,,
1613778591.012,response_latency_ms_sum,,,10.1.7.224:4191,linkerd-proxy,linkerd,,linkerd-prometheus-5bccd64d4d-jzwmt,,94,,,,,linkerd-prometheus,prometheus,linkerd,outbound,,5bccd64d4d,200,true,linkerd,10.1.10.108:4191,,linkerd,user,robot-shop,user-585f6dddcc-f8kng,585f6dddcc,default,default.robot-shop.serviceaccount.identity.linkerd.cluster.local,,,
1613778601.012,response_latency_ms_sum,,,10.1.7.224:4191,linkerd-proxy,linkerd,,linkerd-prometheus-5bccd64d4d-jzwmt,,94,,,,,linkerd-prometheus,prometheus,linkerd,outbound,,5bccd64d4d,200,true,linkerd,10.1.10.108:4191,,linkerd,user,robot-shop,user-585f6dddcc-f8kng,585f6dddcc,default,default.robot-shop.serviceaccount.identity.linkerd.cluster.local,,,
1613778611.011,response_latency_ms_sum,,,10.1.7.224:4191,linkerd-proxy,linkerd,,linkerd-prometheus-5bccd64d4d-jzwmt,,94,,,,,linkerd-prometheus,prometheus,linkerd,outbound,,5bccd64d4d,200,true,linkerd,10.1.10.108:4191,,linkerd,user,robot-shop,user-585f6dddcc-f8kng,585f6dddcc,default,default.robot-shop.serviceaccount.identity.linkerd.cluster.local,,,
1613778621.012,response_latency_ms_sum,,,10.1.7.224:4191,linkerd-proxy,linkerd,,linkerd-prometheus-5bccd64d4d-jzwmt,,94,,,,,linkerd-prometheus,prometheus,linkerd,outbound,,5bccd64d4d,200,true,linkerd,10.1.10.108:4191,,linkerd,user,robot-shop,user-585f6dddcc-f8kng,585f6dddcc,default,default.robot-shop.serviceaccount.identity.linkerd.cluster.local,,,
1613778631.011,response_latency_ms_sum,,,10.1.7.224:4191,linkerd-proxy,linkerd,,linkerd-prometheus-5bccd64d4d-jzwmt,,94,,,,,linkerd-prometheus,prometheus,linkerd,outbound,,5bccd64d4d,200,true,linkerd,10.1.10.108:4191,,linkerd,user,robot-shop,user-585f6dddcc-f8kng,585f6dddcc,default,default.robot-shop.serviceaccount.identity.linkerd.cluster.local,,,
1613778641.011,response_latency_ms_sum,,,10.1.7.224:4191,linkerd-proxy,linkerd,,linkerd-prometheus-5bccd64d4d-jzwmt,,94,,,,,linkerd-prometheus,prometheus,linkerd,outbound,,5bccd64d4d,200,true,linkerd,10.1.10.108:4191,,linkerd,user,robot-shop,user-585f6dddcc-f8kng,585f6dddcc,default,default.robot-shop.serviceaccount.identity.linkerd.cluster.local,,,
1613778591.012,response_latency_ms_sum,,,10.1.7.224:4191,linkerd-proxy,linkerd,,linkerd-prometheus-5bccd64d4d-jzwmt,,83,,,,,linkerd-prometheus,prometheus,linkerd,outbound,,5bccd64d4d,200,true,linkerd,10.1.10.104:4191,,linkerd,dispatch,robot-shop,dispatch-56cc554d57-vwsg9,56cc554d57,default,default.robot-shop.serviceaccount.identity.linkerd.cluster.local,,,
1613778601.012,response_latency_ms_sum,,,10.1.7.224:4191,linkerd-proxy,linkerd,,linkerd-prometheus-5bccd64d4d-jzwmt,,83,,,,,linkerd-prometheus,prometheus,linkerd,outbound,,5bccd64d4d,200,true,linkerd,10.1.10.104:4191,,linkerd,dispatch,robot-shop,dispatch-56cc554d57-vwsg9,56cc554d57,default,default.robot-shop.serviceaccount.identity.linkerd.cluster.local,,,
1613778611.011,response_latency_ms_sum,,,10.1.7.224:4191,linkerd-proxy,linkerd,,linkerd-prometheus-5bccd64d4d-jzwmt,,83,,,,,linkerd-prometheus,prometheus,linkerd,outbound,,5bccd64d4d,200,true,linkerd,10.1.10.104:4191,,linkerd,dispatch,robot-shop,dispatch-56cc554d57-vwsg9,56cc554d57,default,default.robot-shop.serviceaccount.identity.linkerd.cluster.local,,,
1613778621.012,response_latency_ms_sum,,,10.1.7.224:4191,linkerd-proxy,linkerd,,linkerd-prometheus-5bccd64d4d-jzwmt,,83,,,,,linkerd-prometheus,prometheus,linkerd,outbound,,5bccd64d4d,200,true,linkerd,10.1.10.104:4191,,linkerd,dispatch,robot-shop,dispatch-56cc554d57-vwsg9,56cc554d57,default,default.robot-shop.serviceaccount.identity.linkerd.cluster.local,,,
1613778631.011,response_latency_ms_sum,,,10.1.7.224:4191,linkerd-proxy,linkerd,,linkerd-prometheus-5bccd64d4d-jzwmt,,83,,,,,linkerd-prometheus,prometheus,linkerd,outbound,,5bccd64d4d,200,true,linkerd,10.1.10.104:4191,,linkerd,dispatch,robot-shop,dispatch-56cc554d57-vwsg9,56cc554d57,default,default.robot-shop.serviceaccount.identity.linkerd.cluster.local,,,
1613778641.011,response_latency_ms_sum,,,10.1.7.224:4191,linkerd-proxy,linkerd,,linkerd-prometheus-5bccd64d4d-jzwmt,,83,,,,,linkerd-prometheus,prometheus,linkerd,outbound,,5bccd64d4d,200,true,linkerd,10.1.10.104:4191,,linkerd,dispatch,robot-shop,dispatch-56cc554d57-vwsg9,56cc554d57,default,default.robot-shop.serviceaccount.identity.linkerd.cluster.local,,,
1613778591.012,response_latency_ms_sum,,,10.1.7.224:4191,linkerd-proxy,linkerd,,linkerd-prometheus-5bccd64d4d-jzwmt,,102,,,,,linkerd-prometheus,prometheus,linkerd,outbound,,5bccd64d4d,200,true,linkerd,10.1.10.106:4191,,linkerd,ratings,robot-shop,ratings-5bc6694dc9-t52cx,5bc6694dc9,default,default.robot-shop.serviceaccount.identity.linkerd.cluster.local,,,
1613778601.012,response_latency_ms_sum,,,10.1.7.224:4191,linkerd-proxy,linkerd,,linkerd-prometheus-5bccd64d4d-jzwmt,,102,,,,,linkerd-prometheus,prometheus,linkerd,outbound,,5bccd64d4d,200,true,linkerd,10.1.10.106:4191,,linkerd,ratings,robot-shop,ratings-5bc6694dc9-t52cx,5bc6694dc9,default,default.robot-shop.serviceaccount.identity.linkerd.cluster.local,,,
1613778611.011,response_latency_ms_sum,,,10.1.7.224:4191,linkerd-proxy,linkerd,,linkerd-prometheus-5bccd64d4d-jzwmt,,102,,,,,linkerd-prometheus,prometheus,linkerd,outbound,,5bccd64d4d,200,true,linkerd,10.1.10.106:4191,,linkerd,ratings,robot-shop,ratings-5bc6694dc9-t52cx,5bc6694dc9,default,default.robot-shop.serviceaccount.identity.linkerd.cluster.local,,,
1613778621.012,response_latency_ms_sum,,,10.1.7.224:4191,linkerd-proxy,linkerd,,linkerd-prometheus-5bccd64d4d-jzwmt,,102,,,,,linkerd-prometheus,prometheus,linkerd,outbound,,5bccd64d4d,200,true,linkerd,10.1.10.106:4191,,linkerd,ratings,robot-shop,ratings-5bc6694dc9-t52cx,5bc6694dc9,default,default.robot-shop.serviceaccount.identity.linkerd.cluster.local,,,
1613778631.011,response_latency_ms_sum,,,10.1.7.224:4191,linkerd-proxy,linkerd,,linkerd-prometheus-5bccd64d4d-jzwmt,,102,,,,,linkerd-prometheus,prometheus,linkerd,outbound,,5bccd64d4d,200,true,linkerd,10.1.10.106:4191,,linkerd,ratings,robot-shop,ratings-5bc6694dc9-t52cx,5bc6694dc9,default,default.robot-shop.serviceaccount.identity.linkerd.cluster.local,,,
1613778641.011,response_latency_ms_sum,,,10.1.7.224:4191,linkerd-proxy,linkerd,,linkerd-prometheus-5bccd64d4d-jzwmt,,102,,,,,linkerd-prometheus,prometheus,linkerd,outbound,,5bccd64d4d,200,true,linkerd,10.1.10.106:4191,,linkerd,ratings,robot-shop,ratings-5bc6694dc9-t52cx,5bc6694dc9,default,default.robot-shop.serviceaccount.identity.linkerd.cluster.local,,,
1613778591.012,response_latency_ms_sum,,,10.1.7.224:4191,linkerd-proxy,linkerd,,linkerd-prometheus-5bccd64d4d-jzwmt,,125,,,,,linkerd-prometheus,prometheus,linkerd,outbound,,5bccd64d4d,200,true,linkerd,10.1.10.109:4191,,linkerd,web,robot-shop,web-7b9d5b8875-m997p,7b9d5b8875,default,default.robot-shop.serviceaccount.identity.linkerd.cluster.local,,,
1613778601.012,response_latency_ms_sum,,,10.1.7.224:4191,linkerd-proxy,linkerd,,linkerd-prometheus-5bccd64d4d-jzwmt,,125,,,,,linkerd-prometheus,prometheus,linkerd,outbound,,5bccd64d4d,200,true,linkerd,10.1.10.109:4191,,linkerd,web,robot-shop,web-7b9d5b8875-m997p,7b9d5b8875,default,default.robot-shop.serviceaccount.identity.linkerd.cluster.local,,,
1613778611.011,response_latency_ms_sum,,,10.1.7.224:4191,linkerd-proxy,linkerd,,linkerd-prometheus-5bccd64d4d-jzwmt,,125,,,,,linkerd-prometheus,prometheus,linkerd,outbound,,5bccd64d4d,200,true,linkerd,10.1.10.109:4191,,linkerd,web,robot-shop,web-7b9d5b8875-m997p,7b9d5b8875,default,default.robot-shop.serviceaccount.identity.linkerd.cluster.local,,,
1613778621.012,response_latency_ms_sum,,,10.1.7.224:4191,linkerd-proxy,linkerd,,linkerd-prometheus-5bccd64d4d-jzwmt,,125,,,,,linkerd-prometheus,prometheus,linkerd,outbound,,5bccd64d4d,200,true,linkerd,10.1.10.109:4191,,linkerd,web,robot-shop,web-7b9d5b8875-m997p,7b9d5b8875,default,default.robot-shop.serviceaccount.identity.linkerd.cluster.local,,,
1613778631.011,response_latency_ms_sum,,,10.1.7.224:4191,linkerd-proxy,linkerd,,linkerd-prometheus-5bccd64d4d-jzwmt,,125,,,,,linkerd-prometheus,prometheus,linkerd,outbound,,5bccd64d4d,200,true,linkerd,10.1.10.109:4191,,linkerd,web,robot-shop,web-7b9d5b8875-m997p,7b9d5b8875,default,default.robot-shop.serviceaccount.identity.linkerd.cluster.local,,,
1613778641.011,response_latency_ms_sum,,,10.1.7.224:4191,linkerd-proxy,linkerd,,linkerd-prometheus-5bccd64d4d-jzwmt,,125,,,,,linkerd-prometheus,prometheus,linkerd,outbound,,5bccd64d4d,200,true,linkerd,10.1.10.109:4191,,linkerd,web,robot-shop,web-7b9d5b8875-m997p,7b9d5b8875,default,default.robot-shop.serviceaccount.identity.linkerd.cluster.local,,,
1613778591.012,response_latency_ms_sum,,,10.1.7.224:4191,linkerd-proxy,linkerd,,linkerd-prometheus-5bccd64d4d-jzwmt,,34,,,,,linkerd-prometheus,prometheus,linkerd,outbound,,5bccd64d4d,200,true,linkerd,10.1.10.110:4191,,linkerd,cart,robot-shop,cart-6d995f7dc6-56fjs,6d995f7dc6,default,default.robot-shop.serviceaccount.identity.linkerd.cluster.local,,,
1613778601.012,response_latency_ms_sum,,,10.1.7.224:4191,linkerd-proxy,linkerd,,linkerd-prometheus-5bccd64d4d-jzwmt,,36,,,,,linkerd-prometheus,prometheus,linkerd,outbound,,5bccd64d4d,200,true,linkerd,10.1.10.110:4191,,linkerd,cart,robot-shop,cart-6d995f7dc6-56fjs,6d995f7dc6,default,default.robot-shop.serviceaccount.identity.linkerd.cluster.local,,,
1613778611.011,response_latency_ms_sum,,,10.1.7.224:4191,linkerd-proxy,linkerd,,linkerd-prometheus-5bccd64d4d-jzwmt,,37,,,,,linkerd-prometheus,prometheus,linkerd,outbound,,5bccd64d4d,200,true,linkerd,10.1.10.110:4191,,linkerd,cart,robot-shop,cart-6d995f7dc6-56fjs,6d995f7dc6,default,default.robot-shop.serviceaccount.identity.linkerd.cluster.local,,,
1613778621.012,response_latency_ms_sum,,,10.1.7.224:4191,linkerd-proxy,linkerd,,linkerd-prometheus-5bccd64d4d-jzwmt,,41,,,,,linkerd-prometheus,prometheus,linkerd,outbound,,5bccd64d4d,200,true,linkerd,10.1.10.110:4191,,linkerd,cart,robot-shop,cart-6d995f7dc6-56fjs,6d995f7dc6,default,default.robot-shop.serviceaccount.identity.linkerd.cluster.local,,,
1613778631.011,response_latency_ms_sum,,,10.1.7.224:4191,linkerd-proxy,linkerd,,linkerd-prometheus-5bccd64d4d-jzwmt,,43,,,,,linkerd-prometheus,prometheus,linkerd,outbound,,5bccd64d4d,200,true,linkerd,10.1.10.110:4191,,linkerd,cart,robot-shop,cart-6d995f7dc6-56fjs,6d995f7dc6,default,default.robot-shop.serviceaccount.identity.linkerd.cluster.local,,,
1613778641.011,response_latency_ms_sum,,,10.1.7.224:4191,linkerd-proxy,linkerd,,linkerd-prometheus-5bccd64d4d-jzwmt,,45,,,,,linkerd-prometheus,prometheus,linkerd,outbound,,5bccd64d4d,200,true,linkerd,10.1.10.110:4191,,linkerd,cart,robot-shop,cart-6d995f7dc6-56fjs,6d995f7dc6,default,default.robot-shop.serviceaccount.identity.linkerd.cluster.local,,,
1613778591.012,response_latency_ms_sum,,,10.1.7.224:4191,linkerd-proxy,linkerd,,linkerd-prometheus-5bccd64d4d-jzwmt,,15,,,,,linkerd-prometheus,prometheus,linkerd,outbound,,5bccd64d4d,200,true,linkerd,10.1.10.116:4191,,linkerd,web,robot-shop,web-686969bf8f-52hlc,686969bf8f,default,default.robot-shop.serviceaccount.identity.linkerd.cluster.local,,,
1613778601.012,response_latency_ms_sum,,,10.1.7.224:4191,linkerd-proxy,linkerd,,linkerd-prometheus-5bccd64d4d-jzwmt,,20,,,,,linkerd-prometheus,prometheus,linkerd,outbound,,5bccd64d4d,200,true,linkerd,10.1.10.116:4191,,linkerd,web,robot-shop,web-686969bf8f-52hlc,686969bf8f,default,default.robot-shop.serviceaccount.identity.linkerd.cluster.local,,,
1613778611.011,response_latency_ms_sum,,,10.1.7.224:4191,linkerd-proxy,linkerd,,linkerd-prometheus-5bccd64d4d-jzwmt,,24,,,,,linkerd-prometheus,prometheus,linkerd,outbound,,5bccd64d4d,200,true,linkerd,10.1.10.116:4191,,linkerd,web,robot-shop,web-686969bf8f-52hlc,686969bf8f,default,default.robot-shop.serviceaccount.identity.linkerd.cluster.local,,,
1613778621.012,response_latency_ms_sum,,,10.1.7.224:4191,linkerd-proxy,linkerd,,linkerd-prometheus-5bccd64d4d-jzwmt,,32,,,,,linkerd-prometheus,prometheus,linkerd,outbound,,5bccd64d4d,200,true,linkerd,10.1.10.116:4191,,linkerd,web,robot-shop,web-686969bf8f-52hlc,686969bf8f,default,default.robot-shop.serviceaccount.identity.linkerd.cluster.local,,,
1613778631.011,response_latency_ms_sum,,,10.1.7.224:4191,linkerd-proxy,linkerd,,linkerd-prometheus-5bccd64d4d-jzwmt,,36,,,,,linkerd-prometheus,prometheus,linkerd,outbound,,5bccd64d4d,200,true,linkerd,10.1.10.116:4191,,linkerd,web,robot-shop,web-686969bf8f-52hlc,686969bf8f,default,default.robot-shop.serviceaccount.identity.linkerd.cluster.local,,,
1613778641.011,response_latency_ms_sum,,,10.1.7.224:4191,linkerd-proxy,linkerd,,linkerd-prometheus-5bccd64d4d-jzwmt,,43,,,,,linkerd-prometheus,prometheus,linkerd,outbound,,5bccd64d4d,200,true,linkerd,10.1.10.116:4191,,linkerd,web,robot-shop,web-686969bf8f-52hlc,686969bf8f,default,default.robot-shop.serviceaccount.identity.linkerd.cluster.local,,,
1613778591.012,response_latency_ms_sum,,,10.1.7.224:4191,linkerd-proxy,linkerd,,linkerd-prometheus-5bccd64d4d-jzwmt,,37,,,,,linkerd-prometheus,prometheus,linkerd,outbound,,5bccd64d4d,200,true,linkerd,10.1.10.112:4191,,linkerd,dispatch,robot-shop,dispatch-6464b86c7f-kkzz9,6464b86c7f,default,default.robot-shop.serviceaccount.identity.linkerd.cluster.local,,,
1613778601.012,response_latency_ms_sum,,,10.1.7.224:4191,linkerd-proxy,linkerd,,linkerd-prometheus-5bccd64d4d-jzwmt,,39,,,,,linkerd-prometheus,prometheus,linkerd,outbound,,5bccd64d4d,200,true,linkerd,10.1.10.112:4191,,linkerd,dispatch,robot-shop,dispatch-6464b86c7f-kkzz9,6464b86c7f,default,default.robot-shop.serviceaccount.identity.linkerd.cluster.local,,,
1613778611.011,response_latency_ms_sum,,,10.1.7.224:4191,linkerd-proxy,linkerd,,linkerd-prometheus-5bccd64d4d-jzwmt,,40,,,,,linkerd-prometheus,prometheus,linkerd,outbound,,5bccd64d4d,200,true,linkerd,10.1.10.112:4191,,linkerd,dispatch,robot-shop,dispatch-6464b86c7f-kkzz9,6464b86c7f,default,default.robot-shop.serviceaccount.identity.linkerd.cluster.local,,,
1613778621.012,response_latency_ms_sum,,,10.1.7.224:4191,linkerd-proxy,linkerd,,linkerd-prometheus-5bccd64d4d-jzwmt,,41,,,,,linkerd-prometheus,prometheus,linkerd,outbound,,5bccd64d4d,200,true,linkerd,10.1.10.112:4191,,linkerd,dispatch,robot-shop,dispatch-6464b86c7f-kkzz9,6464b86c7f,default,default.robot-shop.serviceaccount.identity.linkerd.cluster.local,,,
1613778631.011,response_latency_ms_sum,,,10.1.7.224:4191,linkerd-proxy,linkerd,,linkerd-prometheus-5bccd64d4d-jzwmt,,42,,,,,linkerd-prometheus,prometheus,linkerd,outbound,,5bccd64d4d,200,true,linkerd,10.1.10.112:4191,,linkerd,dispatch,robot-shop,dispatch-6464b86c7f-kkzz9,6464b86c7f,default,default.robot-shop.serviceaccount.identity.linkerd.cluster.local,,,
1613778641.011,response_latency_ms_sum,,,10.1.7.224:4191,linkerd-proxy,linkerd,,linkerd-prometheus-5bccd64d4d-jzwmt,,44,,,,,linkerd-prometheus,prometheus,linkerd,outbound,,5bccd64d4d,200,true,linkerd,10.1.10.112:4191,,linkerd,dispatch,robot-shop,dispatch-6464b86c7f-kkzz9,6464b86c7f,default,default.robot-shop.serviceaccount.identity.linkerd.cluster.local,,,
1613778591.012,response_latency_ms_sum,,,10.1.7.224:4191,linkerd-proxy,linkerd,,linkerd-prometheus-5bccd64d4d-jzwmt,,0,,,,,linkerd-prometheus,prometheus,linkerd,outbound,not_provided_by_service_discovery,5bccd64d4d,,no_identity,linkerd,10.1.10.106:4191,,,,,,,,,,,
1613778601.012,response_latency_ms_sum,,,10.1.7.224:4191,linkerd-proxy,linkerd,,linkerd-prometheus-5bccd64d4d-jzwmt,,0,,,,,linkerd-prometheus,prometheus,linkerd,outbound,not_provided_by_service_discovery,5bccd64d4d,,no_identity,linkerd,10.1.10.106:4191,,,,,,,,,,,
1613778611.011,response_latency_ms_sum,,,10.1.7.224:4191,linkerd-proxy,linkerd,,linkerd-prometheus-5bccd64d4d-jzwmt,,0,,,,,linkerd-prometheus,prometheus,linkerd,outbound,not_provided_by_service_discovery,5bccd64d4d,,no_identity,linkerd,10.1.10.106:4191,,,,,,,,,,,
1613778621.012,response_latency_ms_sum,,,10.1.7.224:4191,linkerd-proxy,linkerd,,linkerd-prometheus-5bccd64d4d-jzwmt,,0,,,,,linkerd-prometheus,prometheus,linkerd,outbound,not_provided_by_service_discovery,5bccd64d4d,,no_identity,linkerd,10.1.10.106:4191,,,,,,,,,,,
1613778631.011,response_latency_ms_sum,,,10.1.7.224:4191,linkerd-proxy,linkerd,,linkerd-prometheus-5bccd64d4d-jzwmt,,0,,,,,linkerd-prometheus,prometheus,linkerd,outbound,not_provided_by_service_discovery,5bccd64d4d,,no_identity,linkerd,10.1.10.106:4191,,,,,,,,,,,
1613778641.011,response_latency_ms_sum,,,10.1.7.224:4191,linkerd-proxy,linkerd,,linkerd-prometheus-5bccd64d4d-jzwmt,,0,,,,,linkerd-prometheus,prometheus,linkerd,outbound,not_provided_by_service_discovery,5bccd64d4d,,no_identity,linkerd,10.1.10.106:4191,,,,,,,,,,,
1613778592.297,response_latency_ms_sum,,,10.1.10.111:4191,linkerd-proxy,robot-shop,,catalogue-586db9967-5jtnh,catalogue,0,,,,,catalogue,,linkerd,outbound,not_provided_by_service_discovery,586db9967,,no_identity,robot-shop,10.1.0.1:42699,,,,,,,,,,,
1613778602.297,response_latency_ms_sum,,,10.1.10.111:4191,linkerd-proxy,robot-shop,,catalogue-586db9967-5jtnh,catalogue,0,,,,,catalogue,,linkerd,outbound,not_provided_by_service_discovery,586db9967,,no_identity,robot-shop,10.1.0.1:42699,,,,,,,,,,,
1613778612.297,response_latency_ms_sum,,,10.1.10.111:4191,linkerd-proxy,robot-shop,,catalogue-586db9967-5jtnh,catalogue,0,,,,,catalogue,,linkerd,outbound,not_provided_by_service_discovery,586db9967,,no_identity,robot-shop,10.1.0.1:42699,,,,,,,,,,,
1613778622.297,response_latency_ms_sum,,,10.1.10.111:4191,linkerd-proxy,robot-shop,,catalogue-586db9967-5jtnh,catalogue,0,,,,,catalogue,,linkerd,outbound,not_provided_by_service_discovery,586db9967,,no_identity,robot-shop,10.1.0.1:42699,,,,,,,,,,,
1613778632.297,response_latency_ms_sum,,,10.1.10.111:4191,linkerd-proxy,robot-shop,,catalogue-586db9967-5jtnh,catalogue,0,,,,,catalogue,,linkerd,outbound,not_provided_by_service_discovery,586db9967,,no_identity,robot-shop,10.1.0.1:42699,,,,,,,,,,,
1613778642.297,response_latency_ms_sum,,,10.1.10.111:4191,linkerd-proxy,robot-shop,,catalogue-586db9967-5jtnh,catalogue,0,,,,,catalogue,,linkerd,outbound,not_provided_by_service_discovery,586db9967,,no_identity,robot-shop,10.1.0.1:42699,,,,,,,,,,,
1613778593.622,response_latency_ms_sum,,,10.1.10.113:4191,linkerd-proxy,robot-shop,,payment-76c66c7d5f-2kcf5,payment,0,,,,,payment,,linkerd,outbound,not_provided_by_service_discovery,76c66c7d5f,,no_identity,robot-shop,10.1.0.1:42699,,,,,,,,,,prod,
1613778603.621,response_latency_ms_sum,,,10.1.10.113:4191,linkerd-proxy,robot-shop,,payment-76c66c7d5f-2kcf5,payment,0,,,,,payment,,linkerd,outbound,not_provided_by_service_discovery,76c66c7d5f,,no_identity,robot-shop,10.1.0.1:42699,,,,,,,,,,prod,
1613778613.632,response_latency_ms_sum,,,10.1.10.113:4191,linkerd-proxy,robot-shop,,payment-76c66c7d5f-2kcf5,payment,0,,,,,payment,,linkerd,outbound,not_provided_by_service_discovery,76c66c7d5f,,no_identity,robot-shop,10.1.0.1:42699,,,,,,,,,,prod,
1613778623.621,response_latency_ms_sum,,,10.1.10.113:4191,linkerd-proxy,robot-shop,,payment-76c66c7d5f-2kcf5,payment,0,,,,,payment,,linkerd,outbound,not_provided_by_service_discovery,76c66c7d5f,,no_identity,robot-shop,10.1.0.1:42699,,,,,,,,,,prod,
1613778633.621,response_latency_ms_sum,,,10.1.10.113:4191,linkerd-proxy,robot-shop,,payment-76c66c7d5f-2kcf5,payment,0,,,,,payment,,linkerd,outbound,not_provided_by_service_discovery,76c66c7d5f,,no_identity,robot-shop,10.1.0.1:42699,,,,,,,,,,prod,
1613778643.622,response_latency_ms_sum,,,10.1.10.113:4191,linkerd-proxy,robot-shop,,payment-76c66c7d5f-2kcf5,payment,0,,,,,payment,,linkerd,outbound,not_provided_by_service_discovery,76c66c7d5f,,no_identity,robot-shop,10.1.0.1:42699,,,,,,,,,,prod,
1613778586.956,response_latency_ms_sum,,,10.1.10.110:4191,linkerd-proxy,robot-shop,,cart-6d995f7dc6-56fjs,cart,0,,,,,cart,,linkerd,outbound,not_provided_by_service_discovery,6d995f7dc6,,no_identity,robot-shop,10.1.0.1:42699,,,,,,,,,,,
1613778596.956,response_latency_ms_sum,,,10.1.10.110:4191,linkerd-proxy,robot-shop,,cart-6d995f7dc6-56fjs,cart,0,,,,,cart,,linkerd,outbound,not_provided_by_service_discovery,6d995f7dc6,,no_identity,robot-shop,10.1.0.1:42699,,,,,,,,,,,
1613778606.956,response_latency_ms_sum,,,10.1.10.110:4191,linkerd-proxy,robot-shop,,cart-6d995f7dc6-56fjs,cart,0,,,,,cart,,linkerd,outbound,not_provided_by_service_discovery,6d995f7dc6,,no_identity,robot-shop,10.1.0.1:42699,,,,,,,,,,,
1613778616.956,response_latency_ms_sum,,,10.1.10.110:4191,linkerd-proxy,robot-shop,,cart-6d995f7dc6-56fjs,cart,0,,,,,cart,,linkerd,outbound,not_provided_by_service_discovery,6d995f7dc6,,no_identity,robot-shop,10.1.0.1:42699,,,,,,,,,,,
1613778626.956,response_latency_ms_sum,,,10.1.10.110:4191,linkerd-proxy,robot-shop,,cart-6d995f7dc6-56fjs,cart,0,,,,,cart,,linkerd,outbound,not_provided_by_service_discovery,6d995f7dc6,,no_identity,robot-shop,10.1.0.1:42699,,,,,,,,,,,
1613778636.956,response_latency_ms_sum,,,10.1.10.110:4191,linkerd-proxy,robot-shop,,cart-6d995f7dc6-56fjs,cart,0,,,,,cart,,linkerd,outbound,not_provided_by_service_discovery,6d995f7dc6,,no_identity,robot-shop,10.1.0.1:42699,,,,,,,,,,,
1613778588.04,response_latency_ms_sum,,,10.1.10.115:4191,linkerd-proxy,robot-shop,,shipping-5cd699998d-n4jtr,shipping,0,,,,,shipping,,linkerd,inbound,no_tls_from_remote,5cd699998d,,no_identity,robot-shop,,,,,,,,,,,,
1613778598.04,response_latency_ms_sum,,,10.1.10.115:4191,linkerd-proxy,robot-shop,,shipping-5cd699998d-n4jtr,shipping,0,,,,,shipping,,linkerd,inbound,no_tls_from_remote,5cd699998d,,no_identity,robot-shop,,,,,,,,,,,,
1613778608.04,response_latency_ms_sum,,,10.1.10.115:4191,linkerd-proxy,robot-shop,,shipping-5cd699998d-n4jtr,shipping,0,,,,,shipping,,linkerd,inbound,no_tls_from_remote,5cd699998d,,no_identity,robot-shop,,,,,,,,,,,,
1613778618.04,response_latency_ms_sum,,,10.1.10.115:4191,linkerd-proxy,robot-shop,,shipping-5cd699998d-n4jtr,shipping,0,,,,,shipping,,linkerd,inbound,no_tls_from_remote,5cd699998d,,no_identity,robot-shop,,,,,,,,,,,,
1613778628.04,response_latency_ms_sum,,,10.1.10.115:4191,linkerd-proxy,robot-shop,,shipping-5cd699998d-n4jtr,shipping,0,,,,,shipping,,linkerd,inbound,no_tls_from_remote,5cd699998d,,no_identity,robot-shop,,,,,,,,,,,,
1613778638.04,response_latency_ms_sum,,,10.1.10.115:4191,linkerd-proxy,robot-shop,,shipping-5cd699998d-n4jtr,shipping,0,,,,,shipping,,linkerd,inbound,no_tls_from_remote,5cd699998d,,no_identity,robot-shop,,,,,,,,,,,,
1613778589.788,response_latency_ms_sum,,,10.1.10.117:4191,linkerd-proxy,robot-shop,,user-6757745759-ggdcp,user,0,,,,,user,,linkerd,outbound,not_provided_by_service_discovery,6757745759,,no_identity,robot-shop,10.1.0.1:42699,,,,,,,,,,,
1613778599.788,response_latency_ms_sum,,,10.1.10.117:4191,linkerd-proxy,robot-shop,,user-6757745759-ggdcp,user,0,,,,,user,,linkerd,outbound,not_provided_by_service_discovery,6757745759,,no_identity,robot-shop,10.1.0.1:42699,,,,,,,,,,,
1613778609.789,response_latency_ms_sum,,,10.1.10.117:4191,linkerd-proxy,robot-shop,,user-6757745759-ggdcp,user,0,,,,,user,,linkerd,outbound,not_provided_by_service_discovery,6757745759,,no_identity,robot-shop,10.1.0.1:42699,,,,,,,,,,,
1613778619.788,response_latency_ms_sum,,,10.1.10.117:4191,linkerd-proxy,robot-shop,,user-6757745759-ggdcp,user,0,,,,,user,,linkerd,outbound,not_provided_by_service_discovery,6757745759,,no_identity,robot-shop,10.1.0.1:42699,,,,,,,,,,,
1613778629.788,response_latency_ms_sum,,,10.1.10.117:4191,linkerd-proxy,robot-shop,,user-6757745759-ggdcp,user,0,,,,,user,,linkerd,outbound,not_provided_by_service_discovery,6757745759,,no_identity,robot-shop,10.1.0.1:42699,,,,,,,,,,,
1613778639.788,response_latency_ms_sum,,,10.1.10.117:4191,linkerd-proxy,robot-shop,,user-6757745759-ggdcp,user,0,,,,,user,,linkerd,outbound,not_provided_by_service_discovery,6757745759,,no_identity,robot-shop,10.1.0.1:42699,,,,,,,,,,,
1613778591.012,response_latency_ms_sum,,,10.1.7.224:4191,linkerd-proxy,linkerd,,linkerd-prometheus-5bccd64d4d-jzwmt,,42,,,,,linkerd-prometheus,prometheus,linkerd,outbound,,5bccd64d4d,200,true,linkerd,10.1.10.111:4191,,linkerd,catalogue,robot-shop,catalogue-586db9967-5jtnh,586db9967,default,default.robot-shop.serviceaccount.identity.linkerd.cluster.local,,,
1613778601.012,response_latency_ms_sum,,,10.1.7.224:4191,linkerd-proxy,linkerd,,linkerd-prometheus-5bccd64d4d-jzwmt,,43,,,,,linkerd-prometheus,prometheus,linkerd,outbound,,5bccd64d4d,200,true,linkerd,10.1.10.111:4191,,linkerd,catalogue,robot-shop,catalogue-586db9967-5jtnh,586db9967,default,default.robot-shop.serviceaccount.identity.linkerd.cluster.local,,,
1613778611.011,response_latency_ms_sum,,,10.1.7.224:4191,linkerd-proxy,linkerd,,linkerd-prometheus-5bccd64d4d-jzwmt,,44,,,,,linkerd-prometheus,prometheus,linkerd,outbound,,5bccd64d4d,200,true,linkerd,10.1.10.111:4191,,linkerd,catalogue,robot-shop,catalogue-586db9967-5jtnh,586db9967,default,default.robot-shop.serviceaccount.identity.linkerd.cluster.local,,,
1613778621.012,response_latency_ms_sum,,,10.1.7.224:4191,linkerd-proxy,linkerd,,linkerd-prometheus-5bccd64d4d-jzwmt,,47,,,,,linkerd-prometheus,prometheus,linkerd,outbound,,5bccd64d4d,200,true,linkerd,10.1.10.111:4191,,linkerd,catalogue,robot-shop,catalogue-586db9967-5jtnh,586db9967,default,default.robot-shop.serviceaccount.identity.linkerd.cluster.local,,,
1613778631.011,response_latency_ms_sum,,,10.1.7.224:4191,linkerd-proxy,linkerd,,linkerd-prometheus-5bccd64d4d-jzwmt,,50,,,,,linkerd-prometheus,prometheus,linkerd,outbound,,5bccd64d4d,200,true,linkerd,10.1.10.111:4191,,linkerd,catalogue,robot-shop,catalogue-586db9967-5jtnh,586db9967,default,default.robot-shop.serviceaccount.identity.linkerd.cluster.local,,,
1613778641.011,response_latency_ms_sum,,,10.1.7.224:4191,linkerd-proxy,linkerd,,linkerd-prometheus-5bccd64d4d-jzwmt,,57,,,,,linkerd-prometheus,prometheus,linkerd,outbound,,5bccd64d4d,200,true,linkerd,10.1.10.111:4191,,linkerd,catalogue,robot-shop,catalogue-586db9967-5jtnh,586db9967,default,default.robot-shop.serviceaccount.identity.linkerd.cluster.local,,,
1613778591.012,response_latency_ms_sum,,,10.1.7.224:4191,linkerd-proxy,linkerd,,linkerd-prometheus-5bccd64d4d-jzwmt,,0,,,,,linkerd-prometheus,prometheus,linkerd,outbound,not_provided_by_service_discovery,5bccd64d4d,,no_identity,linkerd,10.1.10.93:4191,,,,,,,,,,,
1613778601.012,response_latency_ms_sum,,,10.1.7.224:4191,linkerd-proxy,linkerd,,linkerd-prometheus-5bccd64d4d-jzwmt,,0,,,,,linkerd-prometheus,prometheus,linkerd,outbound,not_provided_by_service_discovery,5bccd64d4d,,no_identity,linkerd,10.1.10.93:4191,,,,,,,,,,,
1613778611.011,response_latency_ms_sum,,,10.1.7.224:4191,linkerd-proxy,linkerd,,linkerd-prometheus-5bccd64d4d-jzwmt,,0,,,,,linkerd-prometheus,prometheus,linkerd,outbound,not_provided_by_service_discovery,5bccd64d4d,,no_identity,linkerd,10.1.10.93:4191,,,,,,,,,,,
1613778621.012,response_latency_ms_sum,,,10.1.7.224:4191,linkerd-proxy,linkerd,,linkerd-prometheus-5bccd64d4d-jzwmt,,0,,,,,linkerd-prometheus,prometheus,linkerd,outbound,not_provided_by_service_discovery,5bccd64d4d,,no_identity,linkerd,10.1.10.93:4191,,,,,,,,,,,
1613778631.011,response_latency_ms_sum,,,10.1.7.224:4191,linkerd-proxy,linkerd,,linkerd-prometheus-5bccd64d4d-jzwmt,,0,,,,,linkerd-prometheus,prometheus,linkerd,outbound,not_provided_by_service_discovery,5bccd64d4d,,no_identity,linkerd,10.1.10.93:4191,,,,,,,,,,,
1613778641.011,response_latency_ms_sum,,,10.1.7.224:4191,linkerd-proxy,linkerd,,linkerd-prometheus-5bccd64d4d-jzwmt,,0,,,,,linkerd-prometheus,prometheus,linkerd,outbound,not_provided_by_service_discovery,5bccd64d4d,,no_identity,linkerd,10.1.10.93:4191,,,,,,,,,,,
1613778591.012,response_latency_ms_sum,,,10.1.7.224:4191,linkerd-proxy,linkerd,,linkerd-prometheus-5bccd64d4d-jzwmt,,28,,,,,linkerd-prometheus,prometheus,linkerd,outbound,,5bccd64d4d,200,true,linkerd,10.1.10.113:4191,,linkerd,payment,robot-shop,payment-76c66c7d5f-2kcf5,76c66c7d5f,default,default.robot-shop.serviceaccount.identity.linkerd.cluster.local,,,
1613778601.012,response_latency_ms_sum,,,10.1.7.224:4191,linkerd-proxy,linkerd,,linkerd-prometheus-5bccd64d4d-jzwmt,,30,,,,,linkerd-prometheus,prometheus,linkerd,outbound,,5bccd64d4d,200,true,linkerd,10.1.10.113:4191,,linkerd,payment,robot-shop,payment-76c66c7d5f-2kcf5,76c66c7d5f,default,default.robot-shop.serviceaccount.identity.linkerd.cluster.local,,,
1613778611.011,response_latency_ms_sum,,,10.1.7.224:4191,linkerd-proxy,linkerd,,linkerd-prometheus-5bccd64d4d-jzwmt,,30,,,,,linkerd-prometheus,prometheus,linkerd,outbound,,5bccd64d4d,200,true,linkerd,10.1.10.113:4191,,linkerd,payment,robot-shop,payment-76c66c7d5f-2kcf5,76c66c7d5f,default,default.robot-shop.serviceaccount.identity.linkerd.cluster.local,,,
1613778621.012,response_latency_ms_sum,,,10.1.7.224:4191,linkerd-proxy,linkerd,,linkerd-prometheus-5bccd64d4d-jzwmt,,32,,,,,linkerd-prometheus,prometheus,linkerd,outbound,,5bccd64d4d,200,true,linkerd,10.1.10.113:4191,,linkerd,payment,robot-shop,payment-76c66c7d5f-2kcf5,76c66c7d5f,default,default.robot-shop.serviceaccount.identity.linkerd.cluster.local,,,
1613778631.011,response_latency_ms_sum,,,10.1.7.224:4191,linkerd-proxy,linkerd,,linkerd-prometheus-5bccd64d4d-jzwmt,,33,,,,,linkerd-prometheus,prometheus,linkerd,outbound,,5bccd64d4d,200,true,linkerd,10.1.10.113:4191,,linkerd,payment,robot-shop,payment-76c66c7d5f-2kcf5,76c66c7d5f,default,default.robot-shop.serviceaccount.identity.linkerd.cluster.local,,,
1613778641.011,response_latency_ms_sum,,,10.1.7.224:4191,linkerd-proxy,linkerd,,linkerd-prometheus-5bccd64d4d-jzwmt,,35,,,,,linkerd-prometheus,prometheus,linkerd,outbound,,5bccd64d4d,200,true,linkerd,10.1.10.113:4191,,linkerd,payment,robot-shop,payment-76c66c7d5f-2kcf5,76c66c7d5f,default,default.robot-shop.serviceaccount.identity.linkerd.cluster.local,,,
1613778591.012,response_latency_ms_sum,,,10.1.7.224:4191,linkerd-proxy,linkerd,,linkerd-prometheus-5bccd64d4d-jzwmt,,22,,,,,linkerd-prometheus,prometheus,linkerd,outbound,,5bccd64d4d,200,true,linkerd,10.1.10.114:4191,,linkerd,ratings,robot-shop,ratings-688d98cd8f-fvxpt,688d98cd8f,default,default.robot-shop.serviceaccount.identity.linkerd.cluster.local,,,
1613778601.012,response_latency_ms_sum,,,10.1.7.224:4191,linkerd-proxy,linkerd,,linkerd-prometheus-5bccd64d4d-jzwmt,,32,,,,,linkerd-prometheus,prometheus,linkerd,outbound,,5bccd64d4d,200,true,linkerd,10.1.10.114:4191,,linkerd,ratings,robot-shop,ratings-688d98cd8f-fvxpt,688d98cd8f,default,default.robot-shop.serviceaccount.identity.linkerd.cluster.local,,,
1613778611.011,response_latency_ms_sum,,,10.1.7.224:4191,linkerd-proxy,linkerd,,linkerd-prometheus-5bccd64d4d-jzwmt,,33,,,,,linkerd-prometheus,prometheus,linkerd,outbound,,5bccd64d4d,200,true,linkerd,10.1.10.114:4191,,linkerd,ratings,robot-shop,ratings-688d98cd8f-fvxpt,688d98cd8f,default,default.robot-shop.serviceaccount.identity.linkerd.cluster.local,,,
1613778621.012,response_latency_ms_sum,,,10.1.7.224:4191,linkerd-proxy,linkerd,,linkerd-prometheus-5bccd64d4d-jzwmt,,37,,,,,linkerd-prometheus,prometheus,linkerd,outbound,,5bccd64d4d,200,true,linkerd,10.1.10.114:4191,,linkerd,ratings,robot-shop,ratings-688d98cd8f-fvxpt,688d98cd8f,default,default.robot-shop.serviceaccount.identity.linkerd.cluster.local,,,
1613778631.011,response_latency_ms_sum,,,10.1.7.224:4191,linkerd-proxy,linkerd,,linkerd-prometheus-5bccd64d4d-jzwmt,,39,,,,,linkerd-prometheus,prometheus,linkerd,outbound,,5bccd64d4d,200,true,linkerd,10.1.10.114:4191,,linkerd,ratings,robot-shop,ratings-688d98cd8f-fvxpt,688d98cd8f,default,default.robot-shop.serviceaccount.identity.linkerd.cluster.local,,,
1613778641.011,response_latency_ms_sum,,,10.1.7.224:4191,linkerd-proxy,linkerd,,linkerd-prometheus-5bccd64d4d-jzwmt,,42,,,,,linkerd-prometheus,prometheus,linkerd,outbound,,5bccd64d4d,200,true,linkerd,10.1.10.114:4191,,linkerd,ratings,robot-shop,ratings-688d98cd8f-fvxpt,688d98cd8f,default,default.robot-shop.serviceaccount.identity.linkerd.cluster.local,,,
1613778591.012,response_latency_ms_sum,,,10.1.7.224:4191,linkerd-proxy,linkerd,,linkerd-prometheus-5bccd64d4d-jzwmt,,26,,,,,linkerd-prometheus,prometheus,linkerd,outbound,,5bccd64d4d,200,true,linkerd,10.1.10.115:4191,,linkerd,shipping,robot-shop,shipping-5cd699998d-n4jtr,5cd699998d,default,default.robot-shop.serviceaccount.identity.linkerd.cluster.local,,,
1613778601.012,response_latency_ms_sum,,,10.1.7.224:4191,linkerd-proxy,linkerd,,linkerd-prometheus-5bccd64d4d-jzwmt,,28,,,,,linkerd-prometheus,prometheus,linkerd,outbound,,5bccd64d4d,200,true,linkerd,10.1.10.115:4191,,linkerd,shipping,robot-shop,shipping-5cd699998d-n4jtr,5cd699998d,default,default.robot-shop.serviceaccount.identity.linkerd.cluster.local,,,
1613778611.011,response_latency_ms_sum,,,10.1.7.224:4191,linkerd-proxy,linkerd,,linkerd-prometheus-5bccd64d4d-jzwmt,,29,,,,,linkerd-prometheus,prometheus,linkerd,outbound,,5bccd64d4d,200,true,linkerd,10.1.10.115:4191,,linkerd,shipping,robot-shop,shipping-5cd699998d-n4jtr,5cd699998d,default,default.robot-shop.serviceaccount.identity.linkerd.cluster.local,,,
1613778621.012,response_latency_ms_sum,,,10.1.7.224:4191,linkerd-proxy,linkerd,,linkerd-prometheus-5bccd64d4d-jzwmt,,31,,,,,linkerd-prometheus,prometheus,linkerd,outbound,,5bccd64d4d,200,true,linkerd,10.1.10.115:4191,,linkerd,shipping,robot-shop,shipping-5cd699998d-n4jtr,5cd699998d,default,default.robot-shop.serviceaccount.identity.linkerd.cluster.local,,,
1613778631.011,response_latency_ms_sum,,,10.1.7.224:4191,linkerd-proxy,linkerd,,linkerd-prometheus-5bccd64d4d-jzwmt,,33,,,,,linkerd-prometheus,prometheus,linkerd,outbound,,5bccd64d4d,200,true,linkerd,10.1.10.115:4191,,linkerd,shipping,robot-shop,shipping-5cd699998d-n4jtr,5cd699998d,default,default.robot-shop.serviceaccount.identity.linkerd.cluster.local,,,
1613778641.011,response_latency_ms_sum,,,10.1.7.224:4191,linkerd-proxy,linkerd,,linkerd-prometheus-5bccd64d4d-jzwmt,,36,,,,,linkerd-prometheus,prometheus,linkerd,outbound,,5bccd64d4d,200,true,linkerd,10.1.10.115:4191,,linkerd,shipping,robot-shop,shipping-5cd699998d-n4jtr,5cd699998d,default,default.robot-shop.serviceaccount.identity.linkerd.cluster.local,,,
1613778591.012,response_latency_ms_sum,,,10.1.7.224:4191,linkerd-proxy,linkerd,,linkerd-prometheus-5bccd64d4d-jzwmt,,32,,,,,linkerd-prometheus,prometheus,linkerd,outbound,,5bccd64d4d,200,true,linkerd,10.1.10.117:4191,,linkerd,user,robot-shop,user-6757745759-ggdcp,6757745759,default,default.robot-shop.serviceaccount.identity.linkerd.cluster.local,,,
1613778601.012,response_latency_ms_sum,,,10.1.7.224:4191,linkerd-proxy,linkerd,,linkerd-prometheus-5bccd64d4d-jzwmt,,34,,,,,linkerd-prometheus,prometheus,linkerd,outbound,,5bccd64d4d,200,true,linkerd,10.1.10.117:4191,,linkerd,user,robot-shop,user-6757745759-ggdcp,6757745759,default,default.robot-shop.serviceaccount.identity.linkerd.cluster.local,,,
1613778611.011,response_latency_ms_sum,,,10.1.7.224:4191,linkerd-proxy,linkerd,,linkerd-prometheus-5bccd64d4d-jzwmt,,35,,,,,linkerd-prometheus,prometheus,linkerd,outbound,,5bccd64d4d,200,true,linkerd,10.1.10.117:4191,,linkerd,user,robot-shop,user-6757745759-ggdcp,6757745759,default,default.robot-shop.serviceaccount.identity.linkerd.cluster.local,,,
1613778621.012,response_latency_ms_sum,,,10.1.7.224:4191,linkerd-proxy,linkerd,,linkerd-prometheus-5bccd64d4d-jzwmt,,44,,,,,linkerd-prometheus,prometheus,linkerd,outbound,,5bccd64d4d,200,true,linkerd,10.1.10.117:4191,,linkerd,user,robot-shop,user-6757745759-ggdcp,6757745759,default,default.robot-shop.serviceaccount.identity.linkerd.cluster.local,,,
1613778631.011,response_latency_ms_sum,,,10.1.7.224:4191,linkerd-proxy,linkerd,,linkerd-prometheus-5bccd64d4d-jzwmt,,47,,,,,linkerd-prometheus,prometheus,linkerd,outbound,,5bccd64d4d,200,true,linkerd,10.1.10.117:4191,,linkerd,user,robot-shop,user-6757745759-ggdcp,6757745759,default,default.robot-shop.serviceaccount.identity.linkerd.cluster.local,,,
1613778641.011,response_latency_ms_sum,,,10.1.7.224:4191,linkerd-proxy,linkerd,,linkerd-prometheus-5bccd64d4d-jzwmt,,50,,,,,linkerd-prometheus,prometheus,linkerd,outbound,,5bccd64d4d,200,true,linkerd,10.1.10.117:4191,,linkerd,user,robot-shop,user-6757745759-ggdcp,6757745759,default,default.robot-shop.serviceaccount.identity.linkerd.cluster.local,,,
1613778593.752,response_latency_ms_sum,,,10.1.10.114:4191,linkerd-proxy,robot-shop,,ratings-688d98cd8f-fvxpt,ratings,2782,,,,,ratings,,linkerd,inbound,no_tls_from_remote,688d98cd8f,200,no_identity,robot-shop,,,,,,,,,,,,
1613778603.752,response_latency_ms_sum,,,10.1.10.114:4191,linkerd-proxy,robot-shop,,ratings-688d98cd8f-fvxpt,ratings,3652,,,,,ratings,,linkerd,inbound,no_tls_from_remote,688d98cd8f,200,no_identity,robot-shop,,,,,,,,,,,,
1613778613.753,response_latency_ms_sum,,,10.1.10.114:4191,linkerd-proxy,robot-shop,,ratings-688d98cd8f-fvxpt,ratings,3708,,,,,ratings,,linkerd,inbound,no_tls_from_remote,688d98cd8f,200,no_identity,robot-shop,,,,,,,,,,,,
1613778623.752,response_latency_ms_sum,,,10.1.10.114:4191,linkerd-proxy,robot-shop,,ratings-688d98cd8f-fvxpt,ratings,3708,,,,,ratings,,linkerd,inbound,no_tls_from_remote,688d98cd8f,200,no_identity,robot-shop,,,,,,,,,,,,
1613778633.752,response_latency_ms_sum,,,10.1.10.114:4191,linkerd-proxy,robot-shop,,ratings-688d98cd8f-fvxpt,ratings,3708,,,,,ratings,,linkerd,inbound,no_tls_from_remote,688d98cd8f,200,no_identity,robot-shop,,,,,,,,,,,,
1613778643.753,response_latency_ms_sum,,,10.1.10.114:4191,linkerd-proxy,robot-shop,,ratings-688d98cd8f-fvxpt,ratings,3708,,,,,ratings,,linkerd,inbound,no_tls_from_remote,688d98cd8f,200,no_identity,robot-shop,,,,,,,,,,,,
1613778587.317,response_latency_ms_sum,,,10.1.10.112:4191,linkerd-proxy,robot-shop,,dispatch-6464b86c7f-kkzz9,dispatch,0,,,,,dispatch,,linkerd,outbound,not_provided_by_service_discovery,6464b86c7f,,no_identity,robot-shop,10.1.0.1:42699,,,,,,,,,,,
1613778597.311,response_latency_ms_sum,,,10.1.10.112:4191,linkerd-proxy,robot-shop,,dispatch-6464b86c7f-kkzz9,dispatch,0,,,,,dispatch,,linkerd,outbound,not_provided_by_service_discovery,6464b86c7f,,no_identity,robot-shop,10.1.0.1:42699,,,,,,,,,,,
1613778607.311,response_latency_ms_sum,,,10.1.10.112:4191,linkerd-proxy,robot-shop,,dispatch-6464b86c7f-kkzz9,dispatch,0,,,,,dispatch,,linkerd,outbound,not_provided_by_service_discovery,6464b86c7f,,no_identity,robot-shop,10.1.0.1:42699,,,,,,,,,,,
1613778617.311,response_latency_ms_sum,,,10.1.10.112:4191,linkerd-proxy,robot-shop,,dispatch-6464b86c7f-kkzz9,dispatch,0,,,,,dispatch,,linkerd,outbound,not_provided_by_service_discovery,6464b86c7f,,no_identity,robot-shop,10.1.0.1:42699,,,,,,,,,,,
1613778627.311,response_latency_ms_sum,,,10.1.10.112:4191,linkerd-proxy,robot-shop,,dispatch-6464b86c7f-kkzz9,dispatch,0,,,,,dispatch,,linkerd,outbound,not_provided_by_service_discovery,6464b86c7f,,no_identity,robot-shop,10.1.0.1:42699,,,,,,,,,,,
1613778637.311,response_latency_ms_sum,,,10.1.10.112:4191,linkerd-proxy,robot-shop,,dispatch-6464b86c7f-kkzz9,dispatch,0,,,,,dispatch,,linkerd,outbound,not_provided_by_service_discovery,6464b86c7f,,no_identity,robot-shop,10.1.0.1:42699,,,,,,,,,,,
1613778591.012,response_latency_ms_sum,,,10.1.7.224:4191,linkerd-proxy,linkerd,,linkerd-prometheus-5bccd64d4d-jzwmt,,0,,,,,linkerd-prometheus,prometheus,linkerd,outbound,not_provided_by_service_discovery,5bccd64d4d,,no_identity,linkerd,10.1.10.82:4191,,,,,,,,,,,
1613778601.012,response_latency_ms_sum,,,10.1.7.224:4191,linkerd-proxy,linkerd,,linkerd-prometheus-5bccd64d4d-jzwmt,,0,,,,,linkerd-prometheus,prometheus,linkerd,outbound,not_provided_by_service_discovery,5bccd64d4d,,no_identity,linkerd,10.1.10.82:4191,,,,,,,,,,,
1613778611.011,response_latency_ms_sum,,,10.1.7.224:4191,linkerd-proxy,linkerd,,linkerd-prometheus-5bccd64d4d-jzwmt,,0,,,,,linkerd-prometheus,prometheus,linkerd,outbound,not_provided_by_service_discovery,5bccd64d4d,,no_identity,linkerd,10.1.10.82:4191,,,,,,,,,,,
1613778621.012,response_latency_ms_sum,,,10.1.7.224:4191,linkerd-proxy,linkerd,,linkerd-prometheus-5bccd64d4d-jzwmt,,0,,,,,linkerd-prometheus,prometheus,linkerd,outbound,not_provided_by_service_discovery,5bccd64d4d,,no_identity,linkerd,10.1.10.82:4191,,,,,,,,,,,
1613778631.011,response_latency_ms_sum,,,10.1.7.224:4191,linkerd-proxy,linkerd,,linkerd-prometheus-5bccd64d4d-jzwmt,,0,,,,,linkerd-prometheus,prometheus,linkerd,outbound,not_provided_by_service_discovery,5bccd64d4d,,no_identity,linkerd,10.1.10.82:4191,,,,,,,,,,,
1613778641.011,response_latency_ms_sum,,,10.1.7.224:4191,linkerd-proxy,linkerd,,linkerd-prometheus-5bccd64d4d-jzwmt,,0,,,,,linkerd-prometheus,prometheus,linkerd,outbound,not_provided_by_service_discovery,5bccd64d4d,,no_identity,linkerd,10.1.10.82:4191,,,,,,,,,,,
1613778591.012,response_latency_ms_sum,,,10.1.7.224:4191,linkerd-proxy,linkerd,,linkerd-prometheus-5bccd64d4d-jzwmt,,0,,,,,linkerd-prometheus,prometheus,linkerd,outbound,not_provided_by_service_discovery,5bccd64d4d,,no_identity,linkerd,10.1.10.100:4191,,,,,,,,,,,
1613778601.012,response_latency_ms_sum,,,10.1.7.224:4191,linkerd-proxy,linkerd,,linkerd-prometheus-5bccd64d4d-jzwmt,,0,,,,,linkerd-prometheus,prometheus,linkerd,outbound,not_provided_by_service_discovery,5bccd64d4d,,no_identity,linkerd,10.1.10.100:4191,,,,,,,,,,,
1613778611.011,response_latency_ms_sum,,,10.1.7.224:4191,linkerd-proxy,linkerd,,linkerd-prometheus-5bccd64d4d-jzwmt,,0,,,,,linkerd-prometheus,prometheus,linkerd,outbound,not_provided_by_service_discovery,5bccd64d4d,,no_identity,linkerd,10.1.10.100:4191,,,,,,,,,,,
1613778621.012,response_latency_ms_sum,,,10.1.7.224:4191,linkerd-proxy,linkerd,,linkerd-prometheus-5bccd64d4d-jzwmt,,0,,,,,linkerd-prometheus,prometheus,linkerd,outbound,not_provided_by_service_discovery,5bccd64d4d,,no_identity,linkerd,10.1.10.100:4191,,,,,,,,,,,
1613778631.011,response_latency_ms_sum,,,10.1.7.224:4191,linkerd-proxy,linkerd,,linkerd-prometheus-5bccd64d4d-jzwmt,,0,,,,,linkerd-prometheus,prometheus,linkerd,outbound,not_provided_by_service_discovery,5bccd64d4d,,no_identity,linkerd,10.1.10.100:4191,,,,,,,,,,,
1613778641.011,response_latency_ms_sum,,,10.1.7.224:4191,linkerd-proxy,linkerd,,linkerd-prometheus-5bccd64d4d-jzwmt,,0,,,,,linkerd-prometheus,prometheus,linkerd,outbound,not_provided_by_service_discovery,5bccd64d4d,,no_identity,linkerd,10.1.10.100:4191,,,,,,,,,,,
1613778591.012,response_latency_ms_sum,,,10.1.7.224:4191,linkerd-proxy,linkerd,,linkerd-prometheus-5bccd64d4d-jzwmt,,0,,,,,linkerd-prometheus,prometheus,linkerd,outbound,not_provided_by_service_discovery,5bccd64d4d,,no_identity,linkerd,10.1.10.83:4191,,,,,,,,,,,
1613778601.012,response_latency_ms_sum,,,10.1.7.224:4191,linkerd-proxy,linkerd,,linkerd-prometheus-5bccd64d4d-jzwmt,,0,,,,,linkerd-prometheus,prometheus,linkerd,outbound,not_provided_by_service_discovery,5bccd64d4d,,no_identity,linkerd,10.1.10.83:4191,,,,,,,,,,,
1613778611.011,response_latency_ms_sum,,,10.1.7.224:4191,linkerd-proxy,linkerd,,linkerd-prometheus-5bccd64d4d-jzwmt,,0,,,,,linkerd-prometheus,prometheus,linkerd,outbound,not_provided_by_service_discovery,5bccd64d4d,,no_identity,linkerd,10.1.10.83:4191,,,,,,,,,,,
1613778621.012,response_latency_ms_sum,,,10.1.7.224:4191,linkerd-proxy,linkerd,,linkerd-prometheus-5bccd64d4d-jzwmt,,0,,,,,linkerd-prometheus,prometheus,linkerd,outbound,not_provided_by_service_discovery,5bccd64d4d,,no_identity,linkerd,10.1.10.83:4191,,,,,,,,,,,
1613778631.011,response_latency_ms_sum,,,10.1.7.224:4191,linkerd-proxy,linkerd,,linkerd-prometheus-5bccd64d4d-jzwmt,,0,,,,,linkerd-prometheus,prometheus,linkerd,outbound,not_provided_by_service_discovery,5bccd64d4d,,no_identity,linkerd,10.1.10.83:4191,,,,,,,,,,,
1613778641.011,response_latency_ms_sum,,,10.1.7.224:4191,linkerd-proxy,linkerd,,linkerd-prometheus-5bccd64d4d-jzwmt,,0,,,,,linkerd-prometheus,prometheus,linkerd,outbound,not_provided_by_service_discovery,5bccd64d4d,,no_identity,linkerd,10.1.10.83:4191,,,,,,,,,,,
1613778591.012,response_latency_ms_sum,,,10.1.7.224:4191,linkerd-proxy,linkerd,,linkerd-prometheus-5bccd64d4d-jzwmt,,0,,,,,linkerd-prometheus,prometheus,linkerd,outbound,not_provided_by_service_discovery,5bccd64d4d,,no_identity,linkerd,10.1.10.97:4191,,,,,,,,,,,
1613778601.012,response_latency_ms_sum,,,10.1.7.224:4191,linkerd-proxy,linkerd,,linkerd-prometheus-5bccd64d4d-jzwmt,,0,,,,,linkerd-prometheus,prometheus,linkerd,outbound,not_provided_by_service_discovery,5bccd64d4d,,no_identity,linkerd,10.1.10.97:4191,,,,,,,,,,,
1613778611.011,response_latency_ms_sum,,,10.1.7.224:4191,linkerd-proxy,linkerd,,linkerd-prometheus-5bccd64d4d-jzwmt,,0,,,,,linkerd-prometheus,prometheus,linkerd,outbound,not_provided_by_service_discovery,5bccd64d4d,,no_identity,linkerd,10.1.10.97:4191,,,,,,,,,,,
1613778621.012,response_latency_ms_sum,,,10.1.7.224:4191,linkerd-proxy,linkerd,,linkerd-prometheus-5bccd64d4d-jzwmt,,0,,,,,linkerd-prometheus,prometheus,linkerd,outbound,not_provided_by_service_discovery,5bccd64d4d,,no_identity,linkerd,10.1.10.97:4191,,,,,,,,,,,
1613778631.011,response_latency_ms_sum,,,10.1.7.224:4191,linkerd-proxy,linkerd,,linkerd-prometheus-5bccd64d4d-jzwmt,,0,,,,,linkerd-prometheus,prometheus,linkerd,outbound,not_provided_by_service_discovery,5bccd64d4d,,no_identity,linkerd,10.1.10.97:4191,,,,,,,,,,,
1613778641.011,response_latency_ms_sum,,,10.1.7.224:4191,linkerd-proxy,linkerd,,linkerd-prometheus-5bccd64d4d-jzwmt,,0,,,,,linkerd-prometheus,prometheus,linkerd,outbound,not_provided_by_service_discovery,5bccd64d4d,,no_identity,linkerd,10.1.10.97:4191,,,,,,,,,,,
1613778591.012,response_latency_ms_sum,,,10.1.7.224:4191,linkerd-proxy,linkerd,,linkerd-prometheus-5bccd64d4d-jzwmt,,0,,,,,linkerd-prometheus,prometheus,linkerd,outbound,not_provided_by_service_discovery,5bccd64d4d,,no_identity,linkerd,10.1.10.96:4191,,,,,,,,,,,
1613778601.012,response_latency_ms_sum,,,10.1.7.224:4191,linkerd-proxy,linkerd,,linkerd-prometheus-5bccd64d4d-jzwmt,,0,,,,,linkerd-prometheus,prometheus,linkerd,outbound,not_provided_by_service_discovery,5bccd64d4d,,no_identity,linkerd,10.1.10.96:4191,,,,,,,,,,,
1613778611.011,response_latency_ms_sum,,,10.1.7.224:4191,linkerd-proxy,linkerd,,linkerd-prometheus-5bccd64d4d-jzwmt,,0,,,,,linkerd-prometheus,prometheus,linkerd,outbound,not_provided_by_service_discovery,5bccd64d4d,,no_identity,linkerd,10.1.10.96:4191,,,,,,,,,,,
1613778621.012,response_latency_ms_sum,,,10.1.7.224:4191,linkerd-proxy,linkerd,,linkerd-prometheus-5bccd64d4d-jzwmt,,0,,,,,linkerd-prometheus,prometheus,linkerd,outbound,not_provided_by_service_discovery,5bccd64d4d,,no_identity,linkerd,10.1.10.96:4191,,,,,,,,,,,
1613778631.011,response_latency_ms_sum,,,10.1.7.224:4191,linkerd-proxy,linkerd,,linkerd-prometheus-5bccd64d4d-jzwmt,,0,,,,,linkerd-prometheus,prometheus,linkerd,outbound,not_provided_by_service_discovery,5bccd64d4d,,no_identity,linkerd,10.1.10.96:4191,,,,,,,,,,,
1613778641.011,response_latency_ms_sum,,,10.1.7.224:4191,linkerd-proxy,linkerd,,linkerd-prometheus-5bccd64d4d-jzwmt,,0,,,,,linkerd-prometheus,prometheus,linkerd,outbound,not_provided_by_service_discovery,5bccd64d4d,,no_identity,linkerd,10.1.10.96:4191,,,,,,,,,,,
1613778588.04,response_latency_ms_sum,,,10.1.10.115:4191,linkerd-proxy,robot-shop,,shipping-5cd699998d-n4jtr,shipping,794,,,,,shipping,,linkerd,inbound,no_tls_from_remote,5cd699998d,200,no_identity,robot-shop,,,,,,,,,,,,
1613778598.04,response_latency_ms_sum,,,10.1.10.115:4191,linkerd-proxy,robot-shop,,shipping-5cd699998d-n4jtr,shipping,904,,,,,shipping,,linkerd,inbound,no_tls_from_remote,5cd699998d,200,no_identity,robot-shop,,,,,,,,,,,,
1613778608.04,response_latency_ms_sum,,,10.1.10.115:4191,linkerd-proxy,robot-shop,,shipping-5cd699998d-n4jtr,shipping,904,,,,,shipping,,linkerd,inbound,no_tls_from_remote,5cd699998d,200,no_identity,robot-shop,,,,,,,,,,,,
1613778618.04,response_latency_ms_sum,,,10.1.10.115:4191,linkerd-proxy,robot-shop,,shipping-5cd699998d-n4jtr,shipping,904,,,,,shipping,,linkerd,inbound,no_tls_from_remote,5cd699998d,200,no_identity,robot-shop,,,,,,,,,,,,
1613778628.04,response_latency_ms_sum,,,10.1.10.115:4191,linkerd-proxy,robot-shop,,shipping-5cd699998d-n4jtr,shipping,904,,,,,shipping,,linkerd,inbound,no_tls_from_remote,5cd699998d,200,no_identity,robot-shop,,,,,,,,,,,,
1613778638.04,response_latency_ms_sum,,,10.1.10.115:4191,linkerd-proxy,robot-shop,,shipping-5cd699998d-n4jtr,shipping,904,,,,,shipping,,linkerd,inbound,no_tls_from_remote,5cd699998d,200,no_identity,robot-shop,,,,,,,,,,,,
1613778586.956,response_latency_ms_sum,,,10.1.10.110:4191,linkerd-proxy,robot-shop,,cart-6d995f7dc6-56fjs,cart,265,,,,,cart,,linkerd,inbound,,6d995f7dc6,200,true,robot-shop,cart.robot-shop.svc.cluster.local:8080,default.robot-shop.serviceaccount.identity.linkerd.cluster.local,,,,,,,,,,
1613778596.956,response_latency_ms_sum,,,10.1.10.110:4191,linkerd-proxy,robot-shop,,cart-6d995f7dc6-56fjs,cart,133407,,,,,cart,,linkerd,inbound,,6d995f7dc6,200,true,robot-shop,cart.robot-shop.svc.cluster.local:8080,default.robot-shop.serviceaccount.identity.linkerd.cluster.local,,,,,,,,,,
1613778606.956,response_latency_ms_sum,,,10.1.10.110:4191,linkerd-proxy,robot-shop,,cart-6d995f7dc6-56fjs,cart,314896,,,,,cart,,linkerd,inbound,,6d995f7dc6,200,true,robot-shop,cart.robot-shop.svc.cluster.local:8080,default.robot-shop.serviceaccount.identity.linkerd.cluster.local,,,,,,,,,,
1613778616.956,response_latency_ms_sum,,,10.1.10.110:4191,linkerd-proxy,robot-shop,,cart-6d995f7dc6-56fjs,cart,315663,,,,,cart,,linkerd,inbound,,6d995f7dc6,200,true,robot-shop,cart.robot-shop.svc.cluster.local:8080,default.robot-shop.serviceaccount.identity.linkerd.cluster.local,,,,,,,,,,
1613778626.956,response_latency_ms_sum,,,10.1.10.110:4191,linkerd-proxy,robot-shop,,cart-6d995f7dc6-56fjs,cart,488071,,,,,cart,,linkerd,inbound,,6d995f7dc6,200,true,robot-shop,cart.robot-shop.svc.cluster.local:8080,default.robot-shop.serviceaccount.identity.linkerd.cluster.local,,,,,,,,,,
1613778636.956,response_latency_ms_sum,,,10.1.10.110:4191,linkerd-proxy,robot-shop,,cart-6d995f7dc6-56fjs,cart,871258,,,,,cart,,linkerd,inbound,,6d995f7dc6,200,true,robot-shop,cart.robot-shop.svc.cluster.local:8080,default.robot-shop.serviceaccount.identity.linkerd.cluster.local,,,,,,,,,,
1613778586.956,response_latency_ms_sum,,,10.1.10.110:4191,linkerd-proxy,robot-shop,,cart-6d995f7dc6-56fjs,cart,92,,,,,cart,,linkerd,outbound,,6d995f7dc6,200,true,robot-shop,catalogue.robot-shop.svc.cluster.local:8080,,linkerd,catalogue,robot-shop,catalogue-586db9967-5jtnh,586db9967,default,default.robot-shop.serviceaccount.identity.linkerd.cluster.local,,,catalogue
1613778596.956,response_latency_ms_sum,,,10.1.10.110:4191,linkerd-proxy,robot-shop,,cart-6d995f7dc6-56fjs,cart,8997,,,,,cart,,linkerd,outbound,,6d995f7dc6,200,true,robot-shop,catalogue.robot-shop.svc.cluster.local:8080,,linkerd,catalogue,robot-shop,catalogue-586db9967-5jtnh,586db9967,default,default.robot-shop.serviceaccount.identity.linkerd.cluster.local,,,catalogue
1613778606.956,response_latency_ms_sum,,,10.1.10.110:4191,linkerd-proxy,robot-shop,,cart-6d995f7dc6-56fjs,cart,28891,,,,,cart,,linkerd,outbound,,6d995f7dc6,200,true,robot-shop,catalogue.robot-shop.svc.cluster.local:8080,,linkerd,catalogue,robot-shop,catalogue-586db9967-5jtnh,586db9967,default,default.robot-shop.serviceaccount.identity.linkerd.cluster.local,,,catalogue
1613778616.956,response_latency_ms_sum,,,10.1.10.110:4191,linkerd-proxy,robot-shop,,cart-6d995f7dc6-56fjs,cart,29557,,,,,cart,,linkerd,outbound,,6d995f7dc6,200,true,robot-shop,catalogue.robot-shop.svc.cluster.local:8080,,linkerd,catalogue,robot-shop,catalogue-586db9967-5jtnh,586db9967,default,default.robot-shop.serviceaccount.identity.linkerd.cluster.local,,,catalogue
1613778626.956,response_latency_ms_sum,,,10.1.10.110:4191,linkerd-proxy,robot-shop,,cart-6d995f7dc6-56fjs,cart,44689,,,,,cart,,linkerd,outbound,,6d995f7dc6,200,true,robot-shop,catalogue.robot-shop.svc.cluster.local:8080,,linkerd,catalogue,robot-shop,catalogue-586db9967-5jtnh,586db9967,default,default.robot-shop.serviceaccount.identity.linkerd.cluster.local,,,catalogue
1613778636.956,response_latency_ms_sum,,,10.1.10.110:4191,linkerd-proxy,robot-shop,,cart-6d995f7dc6-56fjs,cart,132927,,,,,cart,,linkerd,outbound,,6d995f7dc6,200,true,robot-shop,catalogue.robot-shop.svc.cluster.local:8080,,linkerd,catalogue,robot-shop,catalogue-586db9967-5jtnh,586db9967,default,default.robot-shop.serviceaccount.identity.linkerd.cluster.local,,,catalogue
1613778587.113,response_latency_ms_sum,,,10.1.10.116:4191,linkerd-proxy,robot-shop,,web-686969bf8f-52hlc,web,15525,,,,,web,,linkerd,inbound,no_tls_from_remote,686969bf8f,200,no_identity,robot-shop,localhost:31776,,,,,,,,,,,
1613778597.113,response_latency_ms_sum,,,10.1.10.116:4191,linkerd-proxy,robot-shop,,web-686969bf8f-52hlc,web,221329,,,,,web,,linkerd,inbound,no_tls_from_remote,686969bf8f,200,no_identity,robot-shop,localhost:31776,,,,,,,,,,,
1613778607.113,response_latency_ms_sum,,,10.1.10.116:4191,linkerd-proxy,robot-shop,,web-686969bf8f-52hlc,web,420626,,,,,web,,linkerd,inbound,no_tls_from_remote,686969bf8f,200,no_identity,robot-shop,localhost:31776,,,,,,,,,,,
1613778617.113,response_latency_ms_sum,,,10.1.10.116:4191,linkerd-proxy,robot-shop,,web-686969bf8f-52hlc,web,482837,,,,,web,,linkerd,inbound,no_tls_from_remote,686969bf8f,200,no_identity,robot-shop,localhost:31776,,,,,,,,,,,
1613778627.113,response_latency_ms_sum,,,10.1.10.116:4191,linkerd-proxy,robot-shop,,web-686969bf8f-52hlc,web,757861,,,,,web,,linkerd,inbound,no_tls_from_remote,686969bf8f,200,no_identity,robot-shop,localhost:31776,,,,,,,,,,,
1613778637.113,response_latency_ms_sum,,,10.1.10.116:4191,linkerd-proxy,robot-shop,,web-686969bf8f-52hlc,web,1286378,,,,,web,,linkerd,inbound,no_tls_from_remote,686969bf8f,200,no_identity,robot-shop,localhost:31776,,,,,,,,,,,
1613778587.113,response_latency_ms_sum,,,10.1.10.116:4191,linkerd-proxy,robot-shop,,web-686969bf8f-52hlc,web,275,,,,,web,,linkerd,outbound,,686969bf8f,200,true,robot-shop,user.robot-shop.svc.cluster.local:8080,,linkerd,user,robot-shop,user-6757745759-ggdcp,6757745759,default,default.robot-shop.serviceaccount.identity.linkerd.cluster.local,,,user
1613778597.113,response_latency_ms_sum,,,10.1.10.116:4191,linkerd-proxy,robot-shop,,web-686969bf8f-52hlc,web,1468,,,,,web,,linkerd,outbound,,686969bf8f,200,true,robot-shop,user.robot-shop.svc.cluster.local:8080,,linkerd,user,robot-shop,user-6757745759-ggdcp,6757745759,default,default.robot-shop.serviceaccount.identity.linkerd.cluster.local,,,user
1613778607.113,response_latency_ms_sum,,,10.1.10.116:4191,linkerd-proxy,robot-shop,,web-686969bf8f-52hlc,web,1586,,,,,web,,linkerd,outbound,,686969bf8f,200,true,robot-shop,user.robot-shop.svc.cluster.local:8080,,linkerd,user,robot-shop,user-6757745759-ggdcp,6757745759,default,default.robot-shop.serviceaccount.identity.linkerd.cluster.local,,,user
1613778617.113,response_latency_ms_sum,,,10.1.10.116:4191,linkerd-proxy,robot-shop,,web-686969bf8f-52hlc,web,7087,,,,,web,,linkerd,outbound,,686969bf8f,200,true,robot-shop,user.robot-shop.svc.cluster.local:8080,,linkerd,user,robot-shop,user-6757745759-ggdcp,6757745759,default,default.robot-shop.serviceaccount.identity.linkerd.cluster.local,,,user
1613778627.113,response_latency_ms_sum,,,10.1.10.116:4191,linkerd-proxy,robot-shop,,web-686969bf8f-52hlc,web,7361,,,,,web,,linkerd,outbound,,686969bf8f,200,true,robot-shop,user.robot-shop.svc.cluster.local:8080,,linkerd,user,robot-shop,user-6757745759-ggdcp,6757745759,default,default.robot-shop.serviceaccount.identity.linkerd.cluster.local,,,user
1613778637.113,response_latency_ms_sum,,,10.1.10.116:4191,linkerd-proxy,robot-shop,,web-686969bf8f-52hlc,web,10095,,,,,web,,linkerd,outbound,,686969bf8f,200,true,robot-shop,user.robot-shop.svc.cluster.local:8080,,linkerd,user,robot-shop,user-6757745759-ggdcp,6757745759,default,default.robot-shop.serviceaccount.identity.linkerd.cluster.local,,,user
1613778587.113,response_latency_ms_sum,,,10.1.10.116:4191,linkerd-proxy,robot-shop,,web-686969bf8f-52hlc,web,357,,,,,web,,linkerd,outbound,,686969bf8f,200,true,robot-shop,catalogue.robot-shop.svc.cluster.local:8080,,linkerd,catalogue,robot-shop,catalogue-586db9967-5jtnh,586db9967,default,default.robot-shop.serviceaccount.identity.linkerd.cluster.local,,,catalogue
1613778597.113,response_latency_ms_sum,,,10.1.10.116:4191,linkerd-proxy,robot-shop,,web-686969bf8f-52hlc,web,8787,,,,,web,,linkerd,outbound,,686969bf8f,200,true,robot-shop,catalogue.robot-shop.svc.cluster.local:8080,,linkerd,catalogue,robot-shop,catalogue-586db9967-5jtnh,586db9967,default,default.robot-shop.serviceaccount.identity.linkerd.cluster.local,,,catalogue
1613778607.113,response_latency_ms_sum,,,10.1.10.116:4191,linkerd-proxy,robot-shop,,web-686969bf8f-52hlc,web,23311,,,,,web,,linkerd,outbound,,686969bf8f,200,true,robot-shop,catalogue.robot-shop.svc.cluster.local:8080,,linkerd,catalogue,robot-shop,catalogue-586db9967-5jtnh,586db9967,default,default.robot-shop.serviceaccount.identity.linkerd.cluster.local,,,catalogue
1613778617.113,response_latency_ms_sum,,,10.1.10.116:4191,linkerd-proxy,robot-shop,,web-686969bf8f-52hlc,web,32721,,,,,web,,linkerd,outbound,,686969bf8f,200,true,robot-shop,catalogue.robot-shop.svc.cluster.local:8080,,linkerd,catalogue,robot-shop,catalogue-586db9967-5jtnh,586db9967,default,default.robot-shop.serviceaccount.identity.linkerd.cluster.local,,,catalogue
1613778627.113,response_latency_ms_sum,,,10.1.10.116:4191,linkerd-proxy,robot-shop,,web-686969bf8f-52hlc,web,46784,,,,,web,,linkerd,outbound,,686969bf8f,200,true,robot-shop,catalogue.robot-shop.svc.cluster.local:8080,,linkerd,catalogue,robot-shop,catalogue-586db9967-5jtnh,586db9967,default,default.robot-shop.serviceaccount.identity.linkerd.cluster.local,,,catalogue
1613778637.113,response_latency_ms_sum,,,10.1.10.116:4191,linkerd-proxy,robot-shop,,web-686969bf8f-52hlc,web,179408,,,,,web,,linkerd,outbound,,686969bf8f,200,true,robot-shop,catalogue.robot-shop.svc.cluster.local:8080,,linkerd,catalogue,robot-shop,catalogue-586db9967-5jtnh,586db9967,default,default.robot-shop.serviceaccount.identity.linkerd.cluster.local,,,catalogue
1613778587.113,response_latency_ms_sum,,,10.1.10.116:4191,linkerd-proxy,robot-shop,,web-686969bf8f-52hlc,web,6586,,,,,web,,linkerd,outbound,,686969bf8f,200,true,robot-shop,ratings.robot-shop.svc.cluster.local,,linkerd,ratings,robot-shop,ratings-688d98cd8f-fvxpt,688d98cd8f,default,default.robot-shop.serviceaccount.identity.linkerd.cluster.local,,,ratings
1613778597.113,response_latency_ms_sum,,,10.1.10.116:4191,linkerd-proxy,robot-shop,,web-686969bf8f-52hlc,web,63893,,,,,web,,linkerd,outbound,,686969bf8f,200,true,robot-shop,ratings.robot-shop.svc.cluster.local,,linkerd,ratings,robot-shop,ratings-688d98cd8f-fvxpt,688d98cd8f,default,default.robot-shop.serviceaccount.identity.linkerd.cluster.local,,,ratings
1613778607.113,response_latency_ms_sum,,,10.1.10.116:4191,linkerd-proxy,robot-shop,,web-686969bf8f-52hlc,web,64746,,,,,web,,linkerd,outbound,,686969bf8f,200,true,robot-shop,ratings.robot-shop.svc.cluster.local,,linkerd,ratings,robot-shop,ratings-688d98cd8f-fvxpt,688d98cd8f,default,default.robot-shop.serviceaccount.identity.linkerd.cluster.local,,,ratings
1613778617.113,response_latency_ms_sum,,,10.1.10.116:4191,linkerd-proxy,robot-shop,,web-686969bf8f-52hlc,web,109696,,,,,web,,linkerd,outbound,,686969bf8f,200,true,robot-shop,ratings.robot-shop.svc.cluster.local,,linkerd,ratings,robot-shop,ratings-688d98cd8f-fvxpt,688d98cd8f,default,default.robot-shop.serviceaccount.identity.linkerd.cluster.local,,,ratings
1613778627.113,response_latency_ms_sum,,,10.1.10.116:4191,linkerd-proxy,robot-shop,,web-686969bf8f-52hlc,web,189659,,,,,web,,linkerd,outbound,,686969bf8f,200,true,robot-shop,ratings.robot-shop.svc.cluster.local,,linkerd,ratings,robot-shop,ratings-688d98cd8f-fvxpt,688d98cd8f,default,default.robot-shop.serviceaccount.identity.linkerd.cluster.local,,,ratings
1613778637.113,response_latency_ms_sum,,,10.1.10.116:4191,linkerd-proxy,robot-shop,,web-686969bf8f-52hlc,web,189659,,,,,web,,linkerd,outbound,,686969bf8f,200,true,robot-shop,ratings.robot-shop.svc.cluster.local,,linkerd,ratings,robot-shop,ratings-688d98cd8f-fvxpt,688d98cd8f,default,default.robot-shop.serviceaccount.identity.linkerd.cluster.local,,,ratings
1613778587.113,response_latency_ms_sum,,,10.1.10.116:4191,linkerd-proxy,robot-shop,,web-686969bf8f-52hlc,web,286,,,,,web,,linkerd,outbound,,686969bf8f,200,true,robot-shop,cart.robot-shop.svc.cluster.local:8080,,linkerd,cart,robot-shop,cart-6d995f7dc6-56fjs,6d995f7dc6,default,default.robot-shop.serviceaccount.identity.linkerd.cluster.local,,,cart
1613778597.113,response_latency_ms_sum,,,10.1.10.116:4191,linkerd-proxy,robot-shop,,web-686969bf8f-52hlc,web,134061,,,,,web,,linkerd,outbound,,686969bf8f,200,true,robot-shop,cart.robot-shop.svc.cluster.local:8080,,linkerd,cart,robot-shop,cart-6d995f7dc6-56fjs,6d995f7dc6,default,default.robot-shop.serviceaccount.identity.linkerd.cluster.local,,,cart
1613778607.113,response_latency_ms_sum,,,10.1.10.116:4191,linkerd-proxy,robot-shop,,web-686969bf8f-52hlc,web,316154,,,,,web,,linkerd,outbound,,686969bf8f,200,true,robot-shop,cart.robot-shop.svc.cluster.local:8080,,linkerd,cart,robot-shop,cart-6d995f7dc6-56fjs,6d995f7dc6,default,default.robot-shop.serviceaccount.identity.linkerd.cluster.local,,,cart
1613778617.113,response_latency_ms_sum,,,10.1.10.116:4191,linkerd-proxy,robot-shop,,web-686969bf8f-52hlc,web,316958,,,,,web,,linkerd,outbound,,686969bf8f,200,true,robot-shop,cart.robot-shop.svc.cluster.local:8080,,linkerd,cart,robot-shop,cart-6d995f7dc6-56fjs,6d995f7dc6,default,default.robot-shop.serviceaccount.identity.linkerd.cluster.local,,,cart
1613778627.113,response_latency_ms_sum,,,10.1.10.116:4191,linkerd-proxy,robot-shop,,web-686969bf8f-52hlc,web,494248,,,,,web,,linkerd,outbound,,686969bf8f,200,true,robot-shop,cart.robot-shop.svc.cluster.local:8080,,linkerd,cart,robot-shop,cart-6d995f7dc6-56fjs,6d995f7dc6,default,default.robot-shop.serviceaccount.identity.linkerd.cluster.local,,,cart
1613778637.113,response_latency_ms_sum,,,10.1.10.116:4191,linkerd-proxy,robot-shop,,web-686969bf8f-52hlc,web,876714,,,,,web,,linkerd,outbound,,686969bf8f,200,true,robot-shop,cart.robot-shop.svc.cluster.local:8080,,linkerd,cart,robot-shop,cart-6d995f7dc6-56fjs,6d995f7dc6,default,default.robot-shop.serviceaccount.identity.linkerd.cluster.local,,,cart
1613778587.113,response_latency_ms_sum,,,10.1.10.116:4191,linkerd-proxy,robot-shop,,web-686969bf8f-52hlc,web,7772,,,,,web,,linkerd,outbound,,686969bf8f,200,true,robot-shop,shipping.robot-shop.svc.cluster.local:8080,,linkerd,shipping,robot-shop,shipping-5cd699998d-n4jtr,5cd699998d,default,default.robot-shop.serviceaccount.identity.linkerd.cluster.local,,,shipping
1613778597.113,response_latency_ms_sum,,,10.1.10.116:4191,linkerd-proxy,robot-shop,,web-686969bf8f-52hlc,web,10375,,,,,web,,linkerd,outbound,,686969bf8f,200,true,robot-shop,shipping.robot-shop.svc.cluster.local:8080,,linkerd,shipping,robot-shop,shipping-5cd699998d-n4jtr,5cd699998d,default,default.robot-shop.serviceaccount.identity.linkerd.cluster.local,,,shipping
1613778607.113,response_latency_ms_sum,,,10.1.10.116:4191,linkerd-proxy,robot-shop,,web-686969bf8f-52hlc,web,10375,,,,,web,,linkerd,outbound,,686969bf8f,200,true,robot-shop,shipping.robot-shop.svc.cluster.local:8080,,linkerd,shipping,robot-shop,shipping-5cd699998d-n4jtr,5cd699998d,default,default.robot-shop.serviceaccount.identity.linkerd.cluster.local,,,shipping
1613778617.113,response_latency_ms_sum,,,10.1.10.116:4191,linkerd-proxy,robot-shop,,web-686969bf8f-52hlc,web,10375,,,,,web,,linkerd,outbound,,686969bf8f,200,true,robot-shop,shipping.robot-shop.svc.cluster.local:8080,,linkerd,shipping,robot-shop,shipping-5cd699998d-n4jtr,5cd699998d,default,default.robot-shop.serviceaccount.identity.linkerd.cluster.local,,,shipping
1613778627.113,response_latency_ms_sum,,,10.1.10.116:4191,linkerd-proxy,robot-shop,,web-686969bf8f-52hlc,web,10375,,,,,web,,linkerd,outbound,,686969bf8f,200,true,robot-shop,shipping.robot-shop.svc.cluster.local:8080,,linkerd,shipping,robot-shop,shipping-5cd699998d-n4jtr,5cd699998d,default,default.robot-shop.serviceaccount.identity.linkerd.cluster.local,,,shipping
1613778637.113,response_latency_ms_sum,,,10.1.10.116:4191,linkerd-proxy,robot-shop,,web-686969bf8f-52hlc,web,10375,,,,,web,,linkerd,outbound,,686969bf8f,200,true,robot-shop,shipping.robot-shop.svc.cluster.local:8080,,linkerd,shipping,robot-shop,shipping-5cd699998d-n4jtr,5cd699998d,default,default.robot-shop.serviceaccount.identity.linkerd.cluster.local,,,shipping
1613778588.04,response_latency_ms_sum,,,10.1.10.115:4191,linkerd-proxy,robot-shop,,shipping-5cd699998d-n4jtr,shipping,7758,,,,,shipping,,linkerd,inbound,,5cd699998d,200,true,robot-shop,shipping.robot-shop.svc.cluster.local:8080,default.robot-shop.serviceaccount.identity.linkerd.cluster.local,,,,,,,,,,
1613778598.04,response_latency_ms_sum,,,10.1.10.115:4191,linkerd-proxy,robot-shop,,shipping-5cd699998d-n4jtr,shipping,10356,,,,,shipping,,linkerd,inbound,,5cd699998d,200,true,robot-shop,shipping.robot-shop.svc.cluster.local:8080,default.robot-shop.serviceaccount.identity.linkerd.cluster.local,,,,,,,,,,
1613778608.04,response_latency_ms_sum,,,10.1.10.115:4191,linkerd-proxy,robot-shop,,shipping-5cd699998d-n4jtr,shipping,10356,,,,,shipping,,linkerd,inbound,,5cd699998d,200,true,robot-shop,shipping.robot-shop.svc.cluster.local:8080,default.robot-shop.serviceaccount.identity.linkerd.cluster.local,,,,,,,,,,
1613778618.04,response_latency_ms_sum,,,10.1.10.115:4191,linkerd-proxy,robot-shop,,shipping-5cd699998d-n4jtr,shipping,10356,,,,,shipping,,linkerd,inbound,,5cd699998d,200,true,robot-shop,shipping.robot-shop.svc.cluster.local:8080,default.robot-shop.serviceaccount.identity.linkerd.cluster.local,,,,,,,,,,
1613778628.04,response_latency_ms_sum,,,10.1.10.115:4191,linkerd-proxy,robot-shop,,shipping-5cd699998d-n4jtr,shipping,10356,,,,,shipping,,linkerd,inbound,,5cd699998d,200,true,robot-shop,shipping.robot-shop.svc.cluster.local:8080,default.robot-shop.serviceaccount.identity.linkerd.cluster.local,,,,,,,,,,
1613778638.04,response_latency_ms_sum,,,10.1.10.115:4191,linkerd-proxy,robot-shop,,shipping-5cd699998d-n4jtr,shipping,10356,,,,,shipping,,linkerd,inbound,,5cd699998d,200,true,robot-shop,shipping.robot-shop.svc.cluster.local:8080,default.robot-shop.serviceaccount.identity.linkerd.cluster.local,,,,,,,,,,
1613778589.788,response_latency_ms_sum,,,10.1.10.117:4191,linkerd-proxy,robot-shop,,user-6757745759-ggdcp,user,532,,,,,user,,linkerd,inbound,,6757745759,200,true,robot-shop,user.robot-shop.svc.cluster.local:8080,default.robot-shop.serviceaccount.identity.linkerd.cluster.local,,,,,,,,,,
1613778599.788,response_latency_ms_sum,,,10.1.10.117:4191,linkerd-proxy,robot-shop,,user-6757745759-ggdcp,user,1233,,,,,user,,linkerd,inbound,,6757745759,200,true,robot-shop,user.robot-shop.svc.cluster.local:8080,default.robot-shop.serviceaccount.identity.linkerd.cluster.local,,,,,,,,,,
1613778609.789,response_latency_ms_sum,,,10.1.10.117:4191,linkerd-proxy,robot-shop,,user-6757745759-ggdcp,user,1252,,,,,user,,linkerd,inbound,,6757745759,200,true,robot-shop,user.robot-shop.svc.cluster.local:8080,default.robot-shop.serviceaccount.identity.linkerd.cluster.local,,,,,,,,,,
1613778619.788,response_latency_ms_sum,,,10.1.10.117:4191,linkerd-proxy,robot-shop,,user-6757745759-ggdcp,user,6508,,,,,user,,linkerd,inbound,,6757745759,200,true,robot-shop,user.robot-shop.svc.cluster.local:8080,default.robot-shop.serviceaccount.identity.linkerd.cluster.local,,,,,,,,,,
1613778629.788,response_latency_ms_sum,,,10.1.10.117:4191,linkerd-proxy,robot-shop,,user-6757745759-ggdcp,user,6824,,,,,user,,linkerd,inbound,,6757745759,200,true,robot-shop,user.robot-shop.svc.cluster.local:8080,default.robot-shop.serviceaccount.identity.linkerd.cluster.local,,,,,,,,,,
1613778639.788,response_latency_ms_sum,,,10.1.10.117:4191,linkerd-proxy,robot-shop,,user-6757745759-ggdcp,user,9595,,,,,user,,linkerd,inbound,,6757745759,200,true,robot-shop,user.robot-shop.svc.cluster.local:8080,default.robot-shop.serviceaccount.identity.linkerd.cluster.local,,,,,,,,,,
1613778592.297,response_latency_ms_sum,,,10.1.10.111:4191,linkerd-proxy,robot-shop,,catalogue-586db9967-5jtnh,catalogue,2154,,,,,catalogue,,linkerd,inbound,,586db9967,200,true,robot-shop,catalogue.robot-shop.svc.cluster.local:8080,default.robot-shop.serviceaccount.identity.linkerd.cluster.local,,,,,,,,,,
1613778602.297,response_latency_ms_sum,,,10.1.10.111:4191,linkerd-proxy,robot-shop,,catalogue-586db9967-5jtnh,catalogue,51194,,,,,catalogue,,linkerd,inbound,,586db9967,200,true,robot-shop,catalogue.robot-shop.svc.cluster.local:8080,default.robot-shop.serviceaccount.identity.linkerd.cluster.local,,,,,,,,,,
1613778612.297,response_latency_ms_sum,,,10.1.10.111:4191,linkerd-proxy,robot-shop,,catalogue-586db9967-5jtnh,catalogue,53076,,,,,catalogue,,linkerd,inbound,,586db9967,200,true,robot-shop,catalogue.robot-shop.svc.cluster.local:8080,default.robot-shop.serviceaccount.identity.linkerd.cluster.local,,,,,,,,,,
1613778622.297,response_latency_ms_sum,,,10.1.10.111:4191,linkerd-proxy,robot-shop,,catalogue-586db9967-5jtnh,catalogue,63559,,,,,catalogue,,linkerd,inbound,,586db9967,200,true,robot-shop,catalogue.robot-shop.svc.cluster.local:8080,default.robot-shop.serviceaccount.identity.linkerd.cluster.local,,,,,,,,,,
1613778632.297,response_latency_ms_sum,,,10.1.10.111:4191,linkerd-proxy,robot-shop,,catalogue-586db9967-5jtnh,catalogue,146211,,,,,catalogue,,linkerd,inbound,,586db9967,200,true,robot-shop,catalogue.robot-shop.svc.cluster.local:8080,default.robot-shop.serviceaccount.identity.linkerd.cluster.local,,,,,,,,,,
1613778642.297,response_latency_ms_sum,,,10.1.10.111:4191,linkerd-proxy,robot-shop,,catalogue-586db9967-5jtnh,catalogue,357985,,,,,catalogue,,linkerd,inbound,,586db9967,200,true,robot-shop,catalogue.robot-shop.svc.cluster.local:8080,default.robot-shop.serviceaccount.identity.linkerd.cluster.local,,,,,,,,,,
1613778593.752,response_latency_ms_sum,,,10.1.10.114:4191,linkerd-proxy,robot-shop,,ratings-688d98cd8f-fvxpt,ratings,63837,,,,,ratings,,linkerd,inbound,,688d98cd8f,200,true,robot-shop,ratings.robot-shop.svc.cluster.local,default.robot-shop.serviceaccount.identity.linkerd.cluster.local,,,,,,,,,,
1613778603.752,response_latency_ms_sum,,,10.1.10.114:4191,linkerd-proxy,robot-shop,,ratings-688d98cd8f-fvxpt,ratings,64561,,,,,ratings,,linkerd,inbound,,688d98cd8f,200,true,robot-shop,ratings.robot-shop.svc.cluster.local,default.robot-shop.serviceaccount.identity.linkerd.cluster.local,,,,,,,,,,
1613778613.753,response_latency_ms_sum,,,10.1.10.114:4191,linkerd-proxy,robot-shop,,ratings-688d98cd8f-fvxpt,ratings,79826,,,,,ratings,,linkerd,inbound,,688d98cd8f,200,true,robot-shop,ratings.robot-shop.svc.cluster.local,default.robot-shop.serviceaccount.identity.linkerd.cluster.local,,,,,,,,,,
1613778623.752,response_latency_ms_sum,,,10.1.10.114:4191,linkerd-proxy,robot-shop,,ratings-688d98cd8f-fvxpt,ratings,189548,,,,,ratings,,linkerd,inbound,,688d98cd8f,200,true,robot-shop,ratings.robot-shop.svc.cluster.local,default.robot-shop.serviceaccount.identity.linkerd.cluster.local,,,,,,,,,,
1613778633.752,response_latency_ms_sum,,,10.1.10.114:4191,linkerd-proxy,robot-shop,,ratings-688d98cd8f-fvxpt,ratings,189548,,,,,ratings,,linkerd,inbound,,688d98cd8f,200,true,robot-shop,ratings.robot-shop.svc.cluster.local,default.robot-shop.serviceaccount.identity.linkerd.cluster.local,,,,,,,,,,
1613778643.753,response_latency_ms_sum,,,10.1.10.114:4191,linkerd-proxy,robot-shop,,ratings-688d98cd8f-fvxpt,ratings,189548,,,,,ratings,,linkerd,inbound,,688d98cd8f,200,true,robot-shop,ratings.robot-shop.svc.cluster.local,default.robot-shop.serviceaccount.identity.linkerd.cluster.local,,,,,,,,,,
1613778593.752,response_latency_ms_sum,,,10.1.10.114:4191,linkerd-proxy,robot-shop,,ratings-688d98cd8f-fvxpt,ratings,0,,,,,ratings,,linkerd,inbound,,688d98cd8f,,true,robot-shop,ratings.robot-shop.svc.cluster.local,default.robot-shop.serviceaccount.identity.linkerd.cluster.local,,,,,,,,,,
1613778603.752,response_latency_ms_sum,,,10.1.10.114:4191,linkerd-proxy,robot-shop,,ratings-688d98cd8f-fvxpt,ratings,0,,,,,ratings,,linkerd,inbound,,688d98cd8f,,true,robot-shop,ratings.robot-shop.svc.cluster.local,default.robot-shop.serviceaccount.identity.linkerd.cluster.local,,,,,,,,,,
1613778613.753,response_latency_ms_sum,,,10.1.10.114:4191,linkerd-proxy,robot-shop,,ratings-688d98cd8f-fvxpt,ratings,0,,,,,ratings,,linkerd,inbound,,688d98cd8f,,true,robot-shop,ratings.robot-shop.svc.cluster.local,default.robot-shop.serviceaccount.identity.linkerd.cluster.local,,,,,,,,,,
1613778623.752,response_latency_ms_sum,,,10.1.10.114:4191,linkerd-proxy,robot-shop,,ratings-688d98cd8f-fvxpt,ratings,0,,,,,ratings,,linkerd,inbound,,688d98cd8f,,true,robot-shop,ratings.robot-shop.svc.cluster.local,default.robot-shop.serviceaccount.identity.linkerd.cluster.local,,,,,,,,,,
1613778633.752,response_latency_ms_sum,,,10.1.10.114:4191,linkerd-proxy,robot-shop,,ratings-688d98cd8f-fvxpt,ratings,0,,,,,ratings,,linkerd,inbound,,688d98cd8f,,true,robot-shop,ratings.robot-shop.svc.cluster.local,default.robot-shop.serviceaccount.identity.linkerd.cluster.local,,,,,,,,,,
1613778643.753,response_latency_ms_sum,,,10.1.10.114:4191,linkerd-proxy,robot-shop,,ratings-688d98cd8f-fvxpt,ratings,0,,,,,ratings,,linkerd,inbound,,688d98cd8f,,true,robot-shop,ratings.robot-shop.svc.cluster.local,default.robot-shop.serviceaccount.identity.linkerd.cluster.local,,,,,,,,,,
1613778593.752,response_latency_ms_sum,,,10.1.10.114:4191,linkerd-proxy,robot-shop,,ratings-688d98cd8f-fvxpt,ratings,137,,,,,ratings,,linkerd,outbound,,688d98cd8f,200,true,robot-shop,catalogue.robot-shop.svc.cluster.local:8080,,linkerd,catalogue,robot-shop,catalogue-586db9967-5jtnh,586db9967,default,default.robot-shop.serviceaccount.identity.linkerd.cluster.local,,,catalogue
1613778603.752,response_latency_ms_sum,,,10.1.10.114:4191,linkerd-proxy,robot-shop,,ratings-688d98cd8f-fvxpt,ratings,153,,,,,ratings,,linkerd,outbound,,688d98cd8f,200,true,robot-shop,catalogue.robot-shop.svc.cluster.local:8080,,linkerd,catalogue,robot-shop,catalogue-586db9967-5jtnh,586db9967,default,default.robot-shop.serviceaccount.identity.linkerd.cluster.local,,,catalogue
1613778613.753,response_latency_ms_sum,,,10.1.10.114:4191,linkerd-proxy,robot-shop,,ratings-688d98cd8f-fvxpt,ratings,876,,,,,ratings,,linkerd,outbound,,688d98cd8f,200,true,robot-shop,catalogue.robot-shop.svc.cluster.local:8080,,linkerd,catalogue,robot-shop,catalogue-586db9967-5jtnh,586db9967,default,default.robot-shop.serviceaccount.identity.linkerd.cluster.local,,,catalogue
1613778623.752,response_latency_ms_sum,,,10.1.10.114:4191,linkerd-proxy,robot-shop,,ratings-688d98cd8f-fvxpt,ratings,940,,,,,ratings,,linkerd,outbound,,688d98cd8f,200,true,robot-shop,catalogue.robot-shop.svc.cluster.local:8080,,linkerd,catalogue,robot-shop,catalogue-586db9967-5jtnh,586db9967,default,default.robot-shop.serviceaccount.identity.linkerd.cluster.local,,,catalogue
1613778633.752,response_latency_ms_sum,,,10.1.10.114:4191,linkerd-proxy,robot-shop,,ratings-688d98cd8f-fvxpt,ratings,940,,,,,ratings,,linkerd,outbound,,688d98cd8f,200,true,robot-shop,catalogue.robot-shop.svc.cluster.local:8080,,linkerd,catalogue,robot-shop,catalogue-586db9967-5jtnh,586db9967,default,default.robot-shop.serviceaccount.identity.linkerd.cluster.local,,,catalogue
1613778643.753,response_latency_ms_sum,,,10.1.10.114:4191,linkerd-proxy,robot-shop,,ratings-688d98cd8f-fvxpt,ratings,940,,,,,ratings,,linkerd,outbound,,688d98cd8f,200,true,robot-shop,catalogue.robot-shop.svc.cluster.local:8080,,linkerd,catalogue,robot-shop,catalogue-586db9967-5jtnh,586db9967,default,default.robot-shop.serviceaccount.identity.linkerd.cluster.local,,,catalogue
1613778597.113,response_latency_ms_sum,,,10.1.10.116:4191,linkerd-proxy,robot-shop,,web-686969bf8f-52hlc,web,255288,,,,,web,,linkerd,inbound,no_tls_from_remote,686969bf8f,502,no_identity,robot-shop,localhost:31776,,,,,,,,,,,
1613778607.113,response_latency_ms_sum,,,10.1.10.116:4191,linkerd-proxy,robot-shop,,web-686969bf8f-52hlc,web,255288,,,,,web,,linkerd,inbound,no_tls_from_remote,686969bf8f,502,no_identity,robot-shop,localhost:31776,,,,,,,,,,,
1613778617.113,response_latency_ms_sum,,,10.1.10.116:4191,linkerd-proxy,robot-shop,,web-686969bf8f-52hlc,web,2145872,,,,,web,,linkerd,inbound,no_tls_from_remote,686969bf8f,502,no_identity,robot-shop,localhost:31776,,,,,,,,,,,
1613778627.113,response_latency_ms_sum,,,10.1.10.116:4191,linkerd-proxy,robot-shop,,web-686969bf8f-52hlc,web,3166065,,,,,web,,linkerd,inbound,no_tls_from_remote,686969bf8f,502,no_identity,robot-shop,localhost:31776,,,,,,,,,,,
1613778637.113,response_latency_ms_sum,,,10.1.10.116:4191,linkerd-proxy,robot-shop,,web-686969bf8f-52hlc,web,3166065,,,,,web,,linkerd,inbound,no_tls_from_remote,686969bf8f,502,no_identity,robot-shop,localhost:31776,,,,,,,,,,,
1613778597.113,response_latency_ms_sum,,,10.1.10.116:4191,linkerd-proxy,robot-shop,,web-686969bf8f-52hlc,web,198943,,,,,web,,linkerd,inbound,no_tls_from_remote,686969bf8f,503,no_identity,robot-shop,localhost:31776,,,,,,,,,,,
1613778607.113,response_latency_ms_sum,,,10.1.10.116:4191,linkerd-proxy,robot-shop,,web-686969bf8f-52hlc,web,199247,,,,,web,,linkerd,inbound,no_tls_from_remote,686969bf8f,503,no_identity,robot-shop,localhost:31776,,,,,,,,,,,
1613778617.113,response_latency_ms_sum,,,10.1.10.116:4191,linkerd-proxy,robot-shop,,web-686969bf8f-52hlc,web,199247,,,,,web,,linkerd,inbound,no_tls_from_remote,686969bf8f,503,no_identity,robot-shop,localhost:31776,,,,,,,,,,,
1613778627.113,response_latency_ms_sum,,,10.1.10.116:4191,linkerd-proxy,robot-shop,,web-686969bf8f-52hlc,web,504157,,,,,web,,linkerd,inbound,no_tls_from_remote,686969bf8f,503,no_identity,robot-shop,localhost:31776,,,,,,,,,,,
1613778637.113,response_latency_ms_sum,,,10.1.10.116:4191,linkerd-proxy,robot-shop,,web-686969bf8f-52hlc,web,508254,,,,,web,,linkerd,inbound,no_tls_from_remote,686969bf8f,503,no_identity,robot-shop,localhost:31776,,,,,,,,,,,
1613778597.113,response_latency_ms_sum,,,10.1.10.116:4191,linkerd-proxy,robot-shop,,web-686969bf8f-52hlc,web,245171,,,,,web,,linkerd,outbound,,686969bf8f,502,true,robot-shop,ratings.robot-shop.svc.cluster.local,,linkerd,ratings,robot-shop,ratings-688d98cd8f-fvxpt,688d98cd8f,default,default.robot-shop.serviceaccount.identity.linkerd.cluster.local,,,ratings
1613778607.113,response_latency_ms_sum,,,10.1.10.116:4191,linkerd-proxy,robot-shop,,web-686969bf8f-52hlc,web,245171,,,,,web,,linkerd,outbound,,686969bf8f,502,true,robot-shop,ratings.robot-shop.svc.cluster.local,,linkerd,ratings,robot-shop,ratings-688d98cd8f-fvxpt,688d98cd8f,default,default.robot-shop.serviceaccount.identity.linkerd.cluster.local,,,ratings
1613778617.113,response_latency_ms_sum,,,10.1.10.116:4191,linkerd-proxy,robot-shop,,web-686969bf8f-52hlc,web,245171,,,,,web,,linkerd,outbound,,686969bf8f,502,true,robot-shop,ratings.robot-shop.svc.cluster.local,,linkerd,ratings,robot-shop,ratings-688d98cd8f-fvxpt,688d98cd8f,default,default.robot-shop.serviceaccount.identity.linkerd.cluster.local,,,ratings
1613778627.113,response_latency_ms_sum,,,10.1.10.116:4191,linkerd-proxy,robot-shop,,web-686969bf8f-52hlc,web,1247535,,,,,web,,linkerd,outbound,,686969bf8f,502,true,robot-shop,ratings.robot-shop.svc.cluster.local,,linkerd,ratings,robot-shop,ratings-688d98cd8f-fvxpt,688d98cd8f,default,default.robot-shop.serviceaccount.identity.linkerd.cluster.local,,,ratings
1613778637.113,response_latency_ms_sum,,,10.1.10.116:4191,linkerd-proxy,robot-shop,,web-686969bf8f-52hlc,web,1247535,,,,,web,,linkerd,outbound,,686969bf8f,502,true,robot-shop,ratings.robot-shop.svc.cluster.local,,linkerd,ratings,robot-shop,ratings-688d98cd8f-fvxpt,688d98cd8f,default,default.robot-shop.serviceaccount.identity.linkerd.cluster.local,,,ratings
1613778597.113,response_latency_ms_sum,,,10.1.10.116:4191,linkerd-proxy,robot-shop,,web-686969bf8f-52hlc,web,0,,,,,web,,linkerd,outbound,,686969bf8f,,true,robot-shop,ratings.robot-shop.svc.cluster.local,,linkerd,ratings,robot-shop,ratings-688d98cd8f-fvxpt,688d98cd8f,default,default.robot-shop.serviceaccount.identity.linkerd.cluster.local,,,ratings
1613778607.113,response_latency_ms_sum,,,10.1.10.116:4191,linkerd-proxy,robot-shop,,web-686969bf8f-52hlc,web,0,,,,,web,,linkerd,outbound,,686969bf8f,,true,robot-shop,ratings.robot-shop.svc.cluster.local,,linkerd,ratings,robot-shop,ratings-688d98cd8f-fvxpt,688d98cd8f,default,default.robot-shop.serviceaccount.identity.linkerd.cluster.local,,,ratings
1613778617.113,response_latency_ms_sum,,,10.1.10.116:4191,linkerd-proxy,robot-shop,,web-686969bf8f-52hlc,web,0,,,,,web,,linkerd,outbound,,686969bf8f,,true,robot-shop,ratings.robot-shop.svc.cluster.local,,linkerd,ratings,robot-shop,ratings-688d98cd8f-fvxpt,688d98cd8f,default,default.robot-shop.serviceaccount.identity.linkerd.cluster.local,,,ratings
1613778627.113,response_latency_ms_sum,,,10.1.10.116:4191,linkerd-proxy,robot-shop,,web-686969bf8f-52hlc,web,0,,,,,web,,linkerd,outbound,,686969bf8f,,true,robot-shop,ratings.robot-shop.svc.cluster.local,,linkerd,ratings,robot-shop,ratings-688d98cd8f-fvxpt,688d98cd8f,default,default.robot-shop.serviceaccount.identity.linkerd.cluster.local,,,ratings
1613778637.113,response_latency_ms_sum,,,10.1.10.116:4191,linkerd-proxy,robot-shop,,web-686969bf8f-52hlc,web,0,,,,,web,,linkerd,outbound,,686969bf8f,,true,robot-shop,ratings.robot-shop.svc.cluster.local,,linkerd,ratings,robot-shop,ratings-688d98cd8f-fvxpt,688d98cd8f,default,default.robot-shop.serviceaccount.identity.linkerd.cluster.local,,,ratings
1613778617.113,response_latency_ms_sum,,,10.1.10.116:4191,linkerd-proxy,robot-shop,,web-686969bf8f-52hlc,web,1888886,,,,,web,,linkerd,outbound,,686969bf8f,502,true,robot-shop,shipping.robot-shop.svc.cluster.local:8080,,linkerd,shipping,robot-shop,shipping-5cd699998d-n4jtr,5cd699998d,default,default.robot-shop.serviceaccount.identity.linkerd.cluster.local,,,shipping
1613778627.113,response_latency_ms_sum,,,10.1.10.116:4191,linkerd-proxy,robot-shop,,web-686969bf8f-52hlc,web,1888886,,,,,web,,linkerd,outbound,,686969bf8f,502,true,robot-shop,shipping.robot-shop.svc.cluster.local:8080,,linkerd,shipping,robot-shop,shipping-5cd699998d-n4jtr,5cd699998d,default,default.robot-shop.serviceaccount.identity.linkerd.cluster.local,,,shipping
1613778637.113,response_latency_ms_sum,,,10.1.10.116:4191,linkerd-proxy,robot-shop,,web-686969bf8f-52hlc,web,1888886,,,,,web,,linkerd,outbound,,686969bf8f,502,true,robot-shop,shipping.robot-shop.svc.cluster.local:8080,,linkerd,shipping,robot-shop,shipping-5cd699998d-n4jtr,5cd699998d,default,default.robot-shop.serviceaccount.identity.linkerd.cluster.local,,,shipping
1613778618.04,response_latency_ms_sum,,,10.1.10.115:4191,linkerd-proxy,robot-shop,,shipping-5cd699998d-n4jtr,shipping,0,,,,,shipping,,linkerd,inbound,,5cd699998d,,true,robot-shop,shipping.robot-shop.svc.cluster.local:8080,default.robot-shop.serviceaccount.identity.linkerd.cluster.local,,,,,,,,,,
1613778628.04,response_latency_ms_sum,,,10.1.10.115:4191,linkerd-proxy,robot-shop,,shipping-5cd699998d-n4jtr,shipping,0,,,,,shipping,,linkerd,inbound,,5cd699998d,,true,robot-shop,shipping.robot-shop.svc.cluster.local:8080,default.robot-shop.serviceaccount.identity.linkerd.cluster.local,,,,,,,,,,
1613778638.04,response_latency_ms_sum,,,10.1.10.115:4191,linkerd-proxy,robot-shop,,shipping-5cd699998d-n4jtr,shipping,0,,,,,shipping,,linkerd,inbound,,5cd699998d,,true,robot-shop,shipping.robot-shop.svc.cluster.local:8080,default.robot-shop.serviceaccount.identity.linkerd.cluster.local,,,,,,,,,,
1613778591.012,response_latency_ms_count,,,10.1.7.224:4191,linkerd-proxy,linkerd,,linkerd-prometheus-5bccd64d4d-jzwmt,,6500,,,,,linkerd-prometheus,prometheus,linkerd,inbound,no_tls_from_remote,5bccd64d4d,200,no_identity,linkerd,,,,,,,,,,,,
1613778601.012,response_latency_ms_count,,,10.1.7.224:4191,linkerd-proxy,linkerd,,linkerd-prometheus-5bccd64d4d-jzwmt,,6502,,,,,linkerd-prometheus,prometheus,linkerd,inbound,no_tls_from_remote,5bccd64d4d,200,no_identity,linkerd,,,,,,,,,,,,
1613778611.011,response_latency_ms_count,,,10.1.7.224:4191,linkerd-proxy,linkerd,,linkerd-prometheus-5bccd64d4d-jzwmt,,6504,,,,,linkerd-prometheus,prometheus,linkerd,inbound,no_tls_from_remote,5bccd64d4d,200,no_identity,linkerd,,,,,,,,,,,,
1613778621.012,response_latency_ms_count,,,10.1.7.224:4191,linkerd-proxy,linkerd,,linkerd-prometheus-5bccd64d4d-jzwmt,,6507,,,,,linkerd-prometheus,prometheus,linkerd,inbound,no_tls_from_remote,5bccd64d4d,200,no_identity,linkerd,,,,,,,,,,,,
1613778631.011,response_latency_ms_count,,,10.1.7.224:4191,linkerd-proxy,linkerd,,linkerd-prometheus-5bccd64d4d-jzwmt,,6509,,,,,linkerd-prometheus,prometheus,linkerd,inbound,no_tls_from_remote,5bccd64d4d,200,no_identity,linkerd,,,,,,,,,,,,
1613778641.011,response_latency_ms_count,,,10.1.7.224:4191,linkerd-proxy,linkerd,,linkerd-prometheus-5bccd64d4d-jzwmt,,6511,,,,,linkerd-prometheus,prometheus,linkerd,inbound,no_tls_from_remote,5bccd64d4d,200,no_identity,linkerd,,,,,,,,,,,,
1613778591.012,response_latency_ms_count,,,10.1.7.224:4191,linkerd-proxy,linkerd,,linkerd-prometheus-5bccd64d4d-jzwmt,,2,,,,,linkerd-prometheus,prometheus,linkerd,inbound,no_tls_from_remote,5bccd64d4d,503,no_identity,linkerd,,,,,,,,,,,,
1613778601.012,response_latency_ms_count,,,10.1.7.224:4191,linkerd-proxy,linkerd,,linkerd-prometheus-5bccd64d4d-jzwmt,,2,,,,,linkerd-prometheus,prometheus,linkerd,inbound,no_tls_from_remote,5bccd64d4d,503,no_identity,linkerd,,,,,,,,,,,,
1613778611.011,response_latency_ms_count,,,10.1.7.224:4191,linkerd-proxy,linkerd,,linkerd-prometheus-5bccd64d4d-jzwmt,,2,,,,,linkerd-prometheus,prometheus,linkerd,inbound,no_tls_from_remote,5bccd64d4d,503,no_identity,linkerd,,,,,,,,,,,,
1613778621.012,response_latency_ms_count,,,10.1.7.224:4191,linkerd-proxy,linkerd,,linkerd-prometheus-5bccd64d4d-jzwmt,,2,,,,,linkerd-prometheus,prometheus,linkerd,inbound,no_tls_from_remote,5bccd64d4d,503,no_identity,linkerd,,,,,,,,,,,,
1613778631.011,response_latency_ms_count,,,10.1.7.224:4191,linkerd-proxy,linkerd,,linkerd-prometheus-5bccd64d4d-jzwmt,,2,,,,,linkerd-prometheus,prometheus,linkerd,inbound,no_tls_from_remote,5bccd64d4d,503,no_identity,linkerd,,,,,,,,,,,,
1613778641.011,response_latency_ms_count,,,10.1.7.224:4191,linkerd-proxy,linkerd,,linkerd-prometheus-5bccd64d4d-jzwmt,,2,,,,,linkerd-prometheus,prometheus,linkerd,inbound,no_tls_from_remote,5bccd64d4d,503,no_identity,linkerd,,,,,,,,,,,,
1613778588.136,response_latency_ms_count,,,10.1.7.217:4191,linkerd-proxy,linkerd,,linkerd-destination-654f8848f5-4tr7b,,5581,,,,,linkerd-destination,destination,linkerd,inbound,no_tls_from_remote,654f8848f5,200,no_identity,linkerd,,,,,,,,,,,,
1613778598.136,response_latency_ms_count,,,10.1.7.217:4191,linkerd-proxy,linkerd,,linkerd-destination-654f8848f5-4tr7b,,5583,,,,,linkerd-destination,destination,linkerd,inbound,no_tls_from_remote,654f8848f5,200,no_identity,linkerd,,,,,,,,,,,,
1613778608.136,response_latency_ms_count,,,10.1.7.217:4191,linkerd-proxy,linkerd,,linkerd-destination-654f8848f5-4tr7b,,5585,,,,,linkerd-destination,destination,linkerd,inbound,no_tls_from_remote,654f8848f5,200,no_identity,linkerd,,,,,,,,,,,,
1613778618.136,response_latency_ms_count,,,10.1.7.217:4191,linkerd-proxy,linkerd,,linkerd-destination-654f8848f5-4tr7b,,5587,,,,,linkerd-destination,destination,linkerd,inbound,no_tls_from_remote,654f8848f5,200,no_identity,linkerd,,,,,,,,,,,,
1613778628.136,response_latency_ms_count,,,10.1.7.217:4191,linkerd-proxy,linkerd,,linkerd-destination-654f8848f5-4tr7b,,5589,,,,,linkerd-destination,destination,linkerd,inbound,no_tls_from_remote,654f8848f5,200,no_identity,linkerd,,,,,,,,,,,,
1613778638.136,response_latency_ms_count,,,10.1.7.217:4191,linkerd-proxy,linkerd,,linkerd-destination-654f8848f5-4tr7b,,5591,,,,,linkerd-destination,destination,linkerd,inbound,no_tls_from_remote,654f8848f5,200,no_identity,linkerd,,,,,,,,,,,,
1613778588.136,response_latency_ms_count,,,10.1.7.217:4191,linkerd-proxy,linkerd,,linkerd-destination-654f8848f5-4tr7b,,1226,,,,,linkerd-destination,destination,linkerd,inbound,,654f8848f5,200,true,linkerd,linkerd-dst-headless.linkerd.svc.cluster.local:8086,linkerd-prometheus.linkerd.serviceaccount.identity.linkerd.cluster.local,,,,,,,,,,
1613778598.136,response_latency_ms_count,,,10.1.7.217:4191,linkerd-proxy,linkerd,,linkerd-destination-654f8848f5-4tr7b,,1226,,,,,linkerd-destination,destination,linkerd,inbound,,654f8848f5,200,true,linkerd,linkerd-dst-headless.linkerd.svc.cluster.local:8086,linkerd-prometheus.linkerd.serviceaccount.identity.linkerd.cluster.local,,,,,,,,,,
1613778608.136,response_latency_ms_count,,,10.1.7.217:4191,linkerd-proxy,linkerd,,linkerd-destination-654f8848f5-4tr7b,,1226,,,,,linkerd-destination,destination,linkerd,inbound,,654f8848f5,200,true,linkerd,linkerd-dst-headless.linkerd.svc.cluster.local:8086,linkerd-prometheus.linkerd.serviceaccount.identity.linkerd.cluster.local,,,,,,,,,,
1613778618.136,response_latency_ms_count,,,10.1.7.217:4191,linkerd-proxy,linkerd,,linkerd-destination-654f8848f5-4tr7b,,1226,,,,,linkerd-destination,destination,linkerd,inbound,,654f8848f5,200,true,linkerd,linkerd-dst-headless.linkerd.svc.cluster.local:8086,linkerd-prometheus.linkerd.serviceaccount.identity.linkerd.cluster.local,,,,,,,,,,
1613778628.136,response_latency_ms_count,,,10.1.7.217:4191,linkerd-proxy,linkerd,,linkerd-destination-654f8848f5-4tr7b,,1226,,,,,linkerd-destination,destination,linkerd,inbound,,654f8848f5,200,true,linkerd,linkerd-dst-headless.linkerd.svc.cluster.local:8086,linkerd-prometheus.linkerd.serviceaccount.identity.linkerd.cluster.local,,,,,,,,,,
1613778638.136,response_latency_ms_count,,,10.1.7.217:4191,linkerd-proxy,linkerd,,linkerd-destination-654f8848f5-4tr7b,,1226,,,,,linkerd-destination,destination,linkerd,inbound,,654f8848f5,200,true,linkerd,linkerd-dst-headless.linkerd.svc.cluster.local:8086,linkerd-prometheus.linkerd.serviceaccount.identity.linkerd.cluster.local,,,,,,,,,,
1613778588.259,response_latency_ms_count,,,10.1.7.223:4191,linkerd-proxy,linkerd,,linkerd-grafana-ddd5c496f-cctr6,,5576,,,,,linkerd-grafana,grafana,linkerd,inbound,no_tls_from_remote,ddd5c496f,200,no_identity,linkerd,,,,,,,,,,,,
1613778598.259,response_latency_ms_count,,,10.1.7.223:4191,linkerd-proxy,linkerd,,linkerd-grafana-ddd5c496f-cctr6,,5578,,,,,linkerd-grafana,grafana,linkerd,inbound,no_tls_from_remote,ddd5c496f,200,no_identity,linkerd,,,,,,,,,,,,
1613778608.259,response_latency_ms_count,,,10.1.7.223:4191,linkerd-proxy,linkerd,,linkerd-grafana-ddd5c496f-cctr6,,5580,,,,,linkerd-grafana,grafana,linkerd,inbound,no_tls_from_remote,ddd5c496f,200,no_identity,linkerd,,,,,,,,,,,,
1613778618.259,response_latency_ms_count,,,10.1.7.223:4191,linkerd-proxy,linkerd,,linkerd-grafana-ddd5c496f-cctr6,,5582,,,,,linkerd-grafana,grafana,linkerd,inbound,no_tls_from_remote,ddd5c496f,200,no_identity,linkerd,,,,,,,,,,,,
1613778628.259,response_latency_ms_count,,,10.1.7.223:4191,linkerd-proxy,linkerd,,linkerd-grafana-ddd5c496f-cctr6,,5584,,,,,linkerd-grafana,grafana,linkerd,inbound,no_tls_from_remote,ddd5c496f,200,no_identity,linkerd,,,,,,,,,,,,
1613778638.259,response_latency_ms_count,,,10.1.7.223:4191,linkerd-proxy,linkerd,,linkerd-grafana-ddd5c496f-cctr6,,5586,,,,,linkerd-grafana,grafana,linkerd,inbound,no_tls_from_remote,ddd5c496f,200,no_identity,linkerd,,,,,,,,,,,,
1613778588.705,response_latency_ms_count,,,10.1.7.222:4191,linkerd-proxy,linkerd,,linkerd-tap-75785bb98d-dvlv2,,5580,,,,,linkerd-tap,tap,linkerd,inbound,no_tls_from_remote,75785bb98d,200,no_identity,linkerd,,,,,,,,,,,,
1613778598.705,response_latency_ms_count,,,10.1.7.222:4191,linkerd-proxy,linkerd,,linkerd-tap-75785bb98d-dvlv2,,5582,,,,,linkerd-tap,tap,linkerd,inbound,no_tls_from_remote,75785bb98d,200,no_identity,linkerd,,,,,,,,,,,,
1613778608.705,response_latency_ms_count,,,10.1.7.222:4191,linkerd-proxy,linkerd,,linkerd-tap-75785bb98d-dvlv2,,5584,,,,,linkerd-tap,tap,linkerd,inbound,no_tls_from_remote,75785bb98d,200,no_identity,linkerd,,,,,,,,,,,,
1613778618.705,response_latency_ms_count,,,10.1.7.222:4191,linkerd-proxy,linkerd,,linkerd-tap-75785bb98d-dvlv2,,5586,,,,,linkerd-tap,tap,linkerd,inbound,no_tls_from_remote,75785bb98d,200,no_identity,linkerd,,,,,,,,,,,,
1613778628.705,response_latency_ms_count,,,10.1.7.222:4191,linkerd-proxy,linkerd,,linkerd-tap-75785bb98d-dvlv2,,5588,,,,,linkerd-tap,tap,linkerd,inbound,no_tls_from_remote,75785bb98d,200,no_identity,linkerd,,,,,,,,,,,,
1613778638.705,response_latency_ms_count,,,10.1.7.222:4191,linkerd-proxy,linkerd,,linkerd-tap-75785bb98d-dvlv2,,5590,,,,,linkerd-tap,tap,linkerd,inbound,no_tls_from_remote,75785bb98d,200,no_identity,linkerd,,,,,,,,,,,,
1613778589.695,response_latency_ms_count,,,10.1.7.220:4191,linkerd-proxy,linkerd,,linkerd-sp-validator-77d978fbd9-zk8mm,,5581,,,,,linkerd-sp-validator,sp-validator,linkerd,inbound,no_tls_from_remote,77d978fbd9,200,no_identity,linkerd,,,,,,,,,,,,
1613778599.694,response_latency_ms_count,,,10.1.7.220:4191,linkerd-proxy,linkerd,,linkerd-sp-validator-77d978fbd9-zk8mm,,5583,,,,,linkerd-sp-validator,sp-validator,linkerd,inbound,no_tls_from_remote,77d978fbd9,200,no_identity,linkerd,,,,,,,,,,,,
1613778609.695,response_latency_ms_count,,,10.1.7.220:4191,linkerd-proxy,linkerd,,linkerd-sp-validator-77d978fbd9-zk8mm,,5585,,,,,linkerd-sp-validator,sp-validator,linkerd,inbound,no_tls_from_remote,77d978fbd9,200,no_identity,linkerd,,,,,,,,,,,,
1613778619.695,response_latency_ms_count,,,10.1.7.220:4191,linkerd-proxy,linkerd,,linkerd-sp-validator-77d978fbd9-zk8mm,,5587,,,,,linkerd-sp-validator,sp-validator,linkerd,inbound,no_tls_from_remote,77d978fbd9,200,no_identity,linkerd,,,,,,,,,,,,
1613778629.695,response_latency_ms_count,,,10.1.7.220:4191,linkerd-proxy,linkerd,,linkerd-sp-validator-77d978fbd9-zk8mm,,5589,,,,,linkerd-sp-validator,sp-validator,linkerd,inbound,no_tls_from_remote,77d978fbd9,200,no_identity,linkerd,,,,,,,,,,,,
1613778639.695,response_latency_ms_count,,,10.1.7.220:4191,linkerd-proxy,linkerd,,linkerd-sp-validator-77d978fbd9-zk8mm,,5591,,,,,linkerd-sp-validator,sp-validator,linkerd,inbound,no_tls_from_remote,77d978fbd9,200,no_identity,linkerd,,,,,,,,,,,,
1613778590.094,response_latency_ms_count,,,10.1.7.218:4191,linkerd-proxy,linkerd,,linkerd-proxy-injector-666c478cbb-z7nnc,,5578,,,,,linkerd-proxy-injector,proxy-injector,linkerd,inbound,no_tls_from_remote,666c478cbb,200,no_identity,linkerd,,,,,,,,,,,,
1613778600.094,response_latency_ms_count,,,10.1.7.218:4191,linkerd-proxy,linkerd,,linkerd-proxy-injector-666c478cbb-z7nnc,,5580,,,,,linkerd-proxy-injector,proxy-injector,linkerd,inbound,no_tls_from_remote,666c478cbb,200,no_identity,linkerd,,,,,,,,,,,,
1613778610.095,response_latency_ms_count,,,10.1.7.218:4191,linkerd-proxy,linkerd,,linkerd-proxy-injector-666c478cbb-z7nnc,,5582,,,,,linkerd-proxy-injector,proxy-injector,linkerd,inbound,no_tls_from_remote,666c478cbb,200,no_identity,linkerd,,,,,,,,,,,,
1613778620.094,response_latency_ms_count,,,10.1.7.218:4191,linkerd-proxy,linkerd,,linkerd-proxy-injector-666c478cbb-z7nnc,,5584,,,,,linkerd-proxy-injector,proxy-injector,linkerd,inbound,no_tls_from_remote,666c478cbb,200,no_identity,linkerd,,,,,,,,,,,,
1613778630.094,response_latency_ms_count,,,10.1.7.218:4191,linkerd-proxy,linkerd,,linkerd-proxy-injector-666c478cbb-z7nnc,,5586,,,,,linkerd-proxy-injector,proxy-injector,linkerd,inbound,no_tls_from_remote,666c478cbb,200,no_identity,linkerd,,,,,,,,,,,,
1613778640.094,response_latency_ms_count,,,10.1.7.218:4191,linkerd-proxy,linkerd,,linkerd-proxy-injector-666c478cbb-z7nnc,,5588,,,,,linkerd-proxy-injector,proxy-injector,linkerd,inbound,no_tls_from_remote,666c478cbb,200,no_identity,linkerd,,,,,,,,,,,,
1613778591.012,response_latency_ms_count,,,10.1.7.224:4191,linkerd-proxy,linkerd,,linkerd-prometheus-5bccd64d4d-jzwmt,,2782,,,,,linkerd-prometheus,prometheus,linkerd,outbound,,5bccd64d4d,200,true,linkerd,10.1.7.223:4191,,linkerd,linkerd-grafana,linkerd,linkerd-grafana-ddd5c496f-cctr6,ddd5c496f,linkerd-grafana,linkerd-grafana.linkerd.serviceaccount.identity.linkerd.cluster.local,,,
1613778601.012,response_latency_ms_count,,,10.1.7.224:4191,linkerd-proxy,linkerd,,linkerd-prometheus-5bccd64d4d-jzwmt,,2783,,,,,linkerd-prometheus,prometheus,linkerd,outbound,,5bccd64d4d,200,true,linkerd,10.1.7.223:4191,,linkerd,linkerd-grafana,linkerd,linkerd-grafana-ddd5c496f-cctr6,ddd5c496f,linkerd-grafana,linkerd-grafana.linkerd.serviceaccount.identity.linkerd.cluster.local,,,
1613778611.011,response_latency_ms_count,,,10.1.7.224:4191,linkerd-proxy,linkerd,,linkerd-prometheus-5bccd64d4d-jzwmt,,2784,,,,,linkerd-prometheus,prometheus,linkerd,outbound,,5bccd64d4d,200,true,linkerd,10.1.7.223:4191,,linkerd,linkerd-grafana,linkerd,linkerd-grafana-ddd5c496f-cctr6,ddd5c496f,linkerd-grafana,linkerd-grafana.linkerd.serviceaccount.identity.linkerd.cluster.local,,,
1613778621.012,response_latency_ms_count,,,10.1.7.224:4191,linkerd-proxy,linkerd,,linkerd-prometheus-5bccd64d4d-jzwmt,,2785,,,,,linkerd-prometheus,prometheus,linkerd,outbound,,5bccd64d4d,200,true,linkerd,10.1.7.223:4191,,linkerd,linkerd-grafana,linkerd,linkerd-grafana-ddd5c496f-cctr6,ddd5c496f,linkerd-grafana,linkerd-grafana.linkerd.serviceaccount.identity.linkerd.cluster.local,,,
1613778631.011,response_latency_ms_count,,,10.1.7.224:4191,linkerd-proxy,linkerd,,linkerd-prometheus-5bccd64d4d-jzwmt,,2786,,,,,linkerd-prometheus,prometheus,linkerd,outbound,,5bccd64d4d,200,true,linkerd,10.1.7.223:4191,,linkerd,linkerd-grafana,linkerd,linkerd-grafana-ddd5c496f-cctr6,ddd5c496f,linkerd-grafana,linkerd-grafana.linkerd.serviceaccount.identity.linkerd.cluster.local,,,
1613778641.011,response_latency_ms_count,,,10.1.7.224:4191,linkerd-proxy,linkerd,,linkerd-prometheus-5bccd64d4d-jzwmt,,2787,,,,,linkerd-prometheus,prometheus,linkerd,outbound,,5bccd64d4d,200,true,linkerd,10.1.7.223:4191,,linkerd,linkerd-grafana,linkerd,linkerd-grafana-ddd5c496f-cctr6,ddd5c496f,linkerd-grafana,linkerd-grafana.linkerd.serviceaccount.identity.linkerd.cluster.local,,,
1613778591.012,response_latency_ms_count,,,10.1.7.224:4191,linkerd-proxy,linkerd,,linkerd-prometheus-5bccd64d4d-jzwmt,,2782,,,,,linkerd-prometheus,prometheus,linkerd,outbound,,5bccd64d4d,200,true,linkerd,10.1.7.217:4191,,linkerd,linkerd-destination,linkerd,linkerd-destination-654f8848f5-4tr7b,654f8848f5,linkerd-destination,linkerd-destination.linkerd.serviceaccount.identity.linkerd.cluster.local,,,
1613778601.012,response_latency_ms_count,,,10.1.7.224:4191,linkerd-proxy,linkerd,,linkerd-prometheus-5bccd64d4d-jzwmt,,2783,,,,,linkerd-prometheus,prometheus,linkerd,outbound,,5bccd64d4d,200,true,linkerd,10.1.7.217:4191,,linkerd,linkerd-destination,linkerd,linkerd-destination-654f8848f5-4tr7b,654f8848f5,linkerd-destination,linkerd-destination.linkerd.serviceaccount.identity.linkerd.cluster.local,,,
1613778611.011,response_latency_ms_count,,,10.1.7.224:4191,linkerd-proxy,linkerd,,linkerd-prometheus-5bccd64d4d-jzwmt,,2784,,,,,linkerd-prometheus,prometheus,linkerd,outbound,,5bccd64d4d,200,true,linkerd,10.1.7.217:4191,,linkerd,linkerd-destination,linkerd,linkerd-destination-654f8848f5-4tr7b,654f8848f5,linkerd-destination,linkerd-destination.linkerd.serviceaccount.identity.linkerd.cluster.local,,,
1613778621.012,response_latency_ms_count,,,10.1.7.224:4191,linkerd-proxy,linkerd,,linkerd-prometheus-5bccd64d4d-jzwmt,,2785,,,,,linkerd-prometheus,prometheus,linkerd,outbound,,5bccd64d4d,200,true,linkerd,10.1.7.217:4191,,linkerd,linkerd-destination,linkerd,linkerd-destination-654f8848f5-4tr7b,654f8848f5,linkerd-destination,linkerd-destination.linkerd.serviceaccount.identity.linkerd.cluster.local,,,
1613778631.011,response_latency_ms_count,,,10.1.7.224:4191,linkerd-proxy,linkerd,,linkerd-prometheus-5bccd64d4d-jzwmt,,2786,,,,,linkerd-prometheus,prometheus,linkerd,outbound,,5bccd64d4d,200,true,linkerd,10.1.7.217:4191,,linkerd,linkerd-destination,linkerd,linkerd-destination-654f8848f5-4tr7b,654f8848f5,linkerd-destination,linkerd-destination.linkerd.serviceaccount.identity.linkerd.cluster.local,,,
1613778641.011,response_latency_ms_count,,,10.1.7.224:4191,linkerd-proxy,linkerd,,linkerd-prometheus-5bccd64d4d-jzwmt,,2787,,,,,linkerd-prometheus,prometheus,linkerd,outbound,,5bccd64d4d,200,true,linkerd,10.1.7.217:4191,,linkerd,linkerd-destination,linkerd,linkerd-destination-654f8848f5-4tr7b,654f8848f5,linkerd-destination,linkerd-destination.linkerd.serviceaccount.identity.linkerd.cluster.local,,,
1613778591.012,response_latency_ms_count,,,10.1.7.224:4191,linkerd-proxy,linkerd,,linkerd-prometheus-5bccd64d4d-jzwmt,,2782,,,,,linkerd-prometheus,prometheus,linkerd,outbound,,5bccd64d4d,200,true,linkerd,10.1.7.222:4191,,linkerd,linkerd-tap,linkerd,linkerd-tap-75785bb98d-dvlv2,75785bb98d,linkerd-tap,linkerd-tap.linkerd.serviceaccount.identity.linkerd.cluster.local,,,
1613778601.012,response_latency_ms_count,,,10.1.7.224:4191,linkerd-proxy,linkerd,,linkerd-prometheus-5bccd64d4d-jzwmt,,2783,,,,,linkerd-prometheus,prometheus,linkerd,outbound,,5bccd64d4d,200,true,linkerd,10.1.7.222:4191,,linkerd,linkerd-tap,linkerd,linkerd-tap-75785bb98d-dvlv2,75785bb98d,linkerd-tap,linkerd-tap.linkerd.serviceaccount.identity.linkerd.cluster.local,,,
1613778611.011,response_latency_ms_count,,,10.1.7.224:4191,linkerd-proxy,linkerd,,linkerd-prometheus-5bccd64d4d-jzwmt,,2784,,,,,linkerd-prometheus,prometheus,linkerd,outbound,,5bccd64d4d,200,true,linkerd,10.1.7.222:4191,,linkerd,linkerd-tap,linkerd,linkerd-tap-75785bb98d-dvlv2,75785bb98d,linkerd-tap,linkerd-tap.linkerd.serviceaccount.identity.linkerd.cluster.local,,,
1613778621.012,response_latency_ms_count,,,10.1.7.224:4191,linkerd-proxy,linkerd,,linkerd-prometheus-5bccd64d4d-jzwmt,,2785,,,,,linkerd-prometheus,prometheus,linkerd,outbound,,5bccd64d4d,200,true,linkerd,10.1.7.222:4191,,linkerd,linkerd-tap,linkerd,linkerd-tap-75785bb98d-dvlv2,75785bb98d,linkerd-tap,linkerd-tap.linkerd.serviceaccount.identity.linkerd.cluster.local,,,
1613778631.011,response_latency_ms_count,,,10.1.7.224:4191,linkerd-proxy,linkerd,,linkerd-prometheus-5bccd64d4d-jzwmt,,2786,,,,,linkerd-prometheus,prometheus,linkerd,outbound,,5bccd64d4d,200,true,linkerd,10.1.7.222:4191,,linkerd,linkerd-tap,linkerd,linkerd-tap-75785bb98d-dvlv2,75785bb98d,linkerd-tap,linkerd-tap.linkerd.serviceaccount.identity.linkerd.cluster.local,,,
1613778641.011,response_latency_ms_count,,,10.1.7.224:4191,linkerd-proxy,linkerd,,linkerd-prometheus-5bccd64d4d-jzwmt,,2787,,,,,linkerd-prometheus,prometheus,linkerd,outbound,,5bccd64d4d,200,true,linkerd,10.1.7.222:4191,,linkerd,linkerd-tap,linkerd,linkerd-tap-75785bb98d-dvlv2,75785bb98d,linkerd-tap,linkerd-tap.linkerd.serviceaccount.identity.linkerd.cluster.local,,,
1613778591.012,response_latency_ms_count,,,10.1.7.224:4191,linkerd-proxy,linkerd,,linkerd-prometheus-5bccd64d4d-jzwmt,,2782,,,,,linkerd-prometheus,prometheus,linkerd,outbound,,5bccd64d4d,200,true,linkerd,10.1.7.223:3000,,linkerd,linkerd-grafana,linkerd,linkerd-grafana-ddd5c496f-cctr6,ddd5c496f,linkerd-grafana,linkerd-grafana.linkerd.serviceaccount.identity.linkerd.cluster.local,,,
1613778601.012,response_latency_ms_count,,,10.1.7.224:4191,linkerd-proxy,linkerd,,linkerd-prometheus-5bccd64d4d-jzwmt,,2783,,,,,linkerd-prometheus,prometheus,linkerd,outbound,,5bccd64d4d,200,true,linkerd,10.1.7.223:3000,,linkerd,linkerd-grafana,linkerd,linkerd-grafana-ddd5c496f-cctr6,ddd5c496f,linkerd-grafana,linkerd-grafana.linkerd.serviceaccount.identity.linkerd.cluster.local,,,
1613778611.011,response_latency_ms_count,,,10.1.7.224:4191,linkerd-proxy,linkerd,,linkerd-prometheus-5bccd64d4d-jzwmt,,2784,,,,,linkerd-prometheus,prometheus,linkerd,outbound,,5bccd64d4d,200,true,linkerd,10.1.7.223:3000,,linkerd,linkerd-grafana,linkerd,linkerd-grafana-ddd5c496f-cctr6,ddd5c496f,linkerd-grafana,linkerd-grafana.linkerd.serviceaccount.identity.linkerd.cluster.local,,,
1613778621.012,response_latency_ms_count,,,10.1.7.224:4191,linkerd-proxy,linkerd,,linkerd-prometheus-5bccd64d4d-jzwmt,,2785,,,,,linkerd-prometheus,prometheus,linkerd,outbound,,5bccd64d4d,200,true,linkerd,10.1.7.223:3000,,linkerd,linkerd-grafana,linkerd,linkerd-grafana-ddd5c496f-cctr6,ddd5c496f,linkerd-grafana,linkerd-grafana.linkerd.serviceaccount.identity.linkerd.cluster.local,,,
1613778631.011,response_latency_ms_count,,,10.1.7.224:4191,linkerd-proxy,linkerd,,linkerd-prometheus-5bccd64d4d-jzwmt,,2786,,,,,linkerd-prometheus,prometheus,linkerd,outbound,,5bccd64d4d,200,true,linkerd,10.1.7.223:3000,,linkerd,linkerd-grafana,linkerd,linkerd-grafana-ddd5c496f-cctr6,ddd5c496f,linkerd-grafana,linkerd-grafana.linkerd.serviceaccount.identity.linkerd.cluster.local,,,
1613778641.011,response_latency_ms_count,,,10.1.7.224:4191,linkerd-proxy,linkerd,,linkerd-prometheus-5bccd64d4d-jzwmt,,2787,,,,,linkerd-prometheus,prometheus,linkerd,outbound,,5bccd64d4d,200,true,linkerd,10.1.7.223:3000,,linkerd,linkerd-grafana,linkerd,linkerd-grafana-ddd5c496f-cctr6,ddd5c496f,linkerd-grafana,linkerd-grafana.linkerd.serviceaccount.identity.linkerd.cluster.local,,,
1613778591.012,response_latency_ms_count,,,10.1.7.224:4191,linkerd-proxy,linkerd,,linkerd-prometheus-5bccd64d4d-jzwmt,,2782,,,,,linkerd-prometheus,prometheus,linkerd,outbound,,5bccd64d4d,200,true,linkerd,10.1.7.220:4191,,linkerd,linkerd-sp-validator,linkerd,linkerd-sp-validator-77d978fbd9-zk8mm,77d978fbd9,linkerd-sp-validator,linkerd-sp-validator.linkerd.serviceaccount.identity.linkerd.cluster.local,,,
1613778601.012,response_latency_ms_count,,,10.1.7.224:4191,linkerd-proxy,linkerd,,linkerd-prometheus-5bccd64d4d-jzwmt,,2783,,,,,linkerd-prometheus,prometheus,linkerd,outbound,,5bccd64d4d,200,true,linkerd,10.1.7.220:4191,,linkerd,linkerd-sp-validator,linkerd,linkerd-sp-validator-77d978fbd9-zk8mm,77d978fbd9,linkerd-sp-validator,linkerd-sp-validator.linkerd.serviceaccount.identity.linkerd.cluster.local,,,
1613778611.011,response_latency_ms_count,,,10.1.7.224:4191,linkerd-proxy,linkerd,,linkerd-prometheus-5bccd64d4d-jzwmt,,2784,,,,,linkerd-prometheus,prometheus,linkerd,outbound,,5bccd64d4d,200,true,linkerd,10.1.7.220:4191,,linkerd,linkerd-sp-validator,linkerd,linkerd-sp-validator-77d978fbd9-zk8mm,77d978fbd9,linkerd-sp-validator,linkerd-sp-validator.linkerd.serviceaccount.identity.linkerd.cluster.local,,,
1613778621.012,response_latency_ms_count,,,10.1.7.224:4191,linkerd-proxy,linkerd,,linkerd-prometheus-5bccd64d4d-jzwmt,,2785,,,,,linkerd-prometheus,prometheus,linkerd,outbound,,5bccd64d4d,200,true,linkerd,10.1.7.220:4191,,linkerd,linkerd-sp-validator,linkerd,linkerd-sp-validator-77d978fbd9-zk8mm,77d978fbd9,linkerd-sp-validator,linkerd-sp-validator.linkerd.serviceaccount.identity.linkerd.cluster.local,,,
1613778631.011,response_latency_ms_count,,,10.1.7.224:4191,linkerd-proxy,linkerd,,linkerd-prometheus-5bccd64d4d-jzwmt,,2786,,,,,linkerd-prometheus,prometheus,linkerd,outbound,,5bccd64d4d,200,true,linkerd,10.1.7.220:4191,,linkerd,linkerd-sp-validator,linkerd,linkerd-sp-validator-77d978fbd9-zk8mm,77d978fbd9,linkerd-sp-validator,linkerd-sp-validator.linkerd.serviceaccount.identity.linkerd.cluster.local,,,
1613778641.011,response_latency_ms_count,,,10.1.7.224:4191,linkerd-proxy,linkerd,,linkerd-prometheus-5bccd64d4d-jzwmt,,2787,,,,,linkerd-prometheus,prometheus,linkerd,outbound,,5bccd64d4d,200,true,linkerd,10.1.7.220:4191,,linkerd,linkerd-sp-validator,linkerd,linkerd-sp-validator-77d978fbd9-zk8mm,77d978fbd9,linkerd-sp-validator,linkerd-sp-validator.linkerd.serviceaccount.identity.linkerd.cluster.local,,,
1613778591.012,response_latency_ms_count,,,10.1.7.224:4191,linkerd-proxy,linkerd,,linkerd-prometheus-5bccd64d4d-jzwmt,,2782,,,,,linkerd-prometheus,prometheus,linkerd,outbound,,5bccd64d4d,200,true,linkerd,10.1.7.216:9994,,linkerd,linkerd-web,linkerd,linkerd-web-b48d9c89b-49fzh,b48d9c89b,linkerd-web,linkerd-web.linkerd.serviceaccount.identity.linkerd.cluster.local,,,
1613778601.012,response_latency_ms_count,,,10.1.7.224:4191,linkerd-proxy,linkerd,,linkerd-prometheus-5bccd64d4d-jzwmt,,2783,,,,,linkerd-prometheus,prometheus,linkerd,outbound,,5bccd64d4d,200,true,linkerd,10.1.7.216:9994,,linkerd,linkerd-web,linkerd,linkerd-web-b48d9c89b-49fzh,b48d9c89b,linkerd-web,linkerd-web.linkerd.serviceaccount.identity.linkerd.cluster.local,,,
1613778611.011,response_latency_ms_count,,,10.1.7.224:4191,linkerd-proxy,linkerd,,linkerd-prometheus-5bccd64d4d-jzwmt,,2784,,,,,linkerd-prometheus,prometheus,linkerd,outbound,,5bccd64d4d,200,true,linkerd,10.1.7.216:9994,,linkerd,linkerd-web,linkerd,linkerd-web-b48d9c89b-49fzh,b48d9c89b,linkerd-web,linkerd-web.linkerd.serviceaccount.identity.linkerd.cluster.local,,,
1613778621.012,response_latency_ms_count,,,10.1.7.224:4191,linkerd-proxy,linkerd,,linkerd-prometheus-5bccd64d4d-jzwmt,,2785,,,,,linkerd-prometheus,prometheus,linkerd,outbound,,5bccd64d4d,200,true,linkerd,10.1.7.216:9994,,linkerd,linkerd-web,linkerd,linkerd-web-b48d9c89b-49fzh,b48d9c89b,linkerd-web,linkerd-web.linkerd.serviceaccount.identity.linkerd.cluster.local,,,
1613778631.011,response_latency_ms_count,,,10.1.7.224:4191,linkerd-proxy,linkerd,,linkerd-prometheus-5bccd64d4d-jzwmt,,2786,,,,,linkerd-prometheus,prometheus,linkerd,outbound,,5bccd64d4d,200,true,linkerd,10.1.7.216:9994,,linkerd,linkerd-web,linkerd,linkerd-web-b48d9c89b-49fzh,b48d9c89b,linkerd-web,linkerd-web.linkerd.serviceaccount.identity.linkerd.cluster.local,,,
1613778641.011,response_latency_ms_count,,,10.1.7.224:4191,linkerd-proxy,linkerd,,linkerd-prometheus-5bccd64d4d-jzwmt,,2787,,,,,linkerd-prometheus,prometheus,linkerd,outbound,,5bccd64d4d,200,true,linkerd,10.1.7.216:9994,,linkerd,linkerd-web,linkerd,linkerd-web-b48d9c89b-49fzh,b48d9c89b,linkerd-web,linkerd-web.linkerd.serviceaccount.identity.linkerd.cluster.local,,,
1613778591.012,response_latency_ms_count,,,10.1.7.224:4191,linkerd-proxy,linkerd,,linkerd-prometheus-5bccd64d4d-jzwmt,,2782,,,,,linkerd-prometheus,prometheus,linkerd,outbound,,5bccd64d4d,200,true,linkerd,10.1.7.218:4191,,linkerd,linkerd-proxy-injector,linkerd,linkerd-proxy-injector-666c478cbb-z7nnc,666c478cbb,linkerd-proxy-injector,linkerd-proxy-injector.linkerd.serviceaccount.identity.linkerd.cluster.local,,,
1613778601.012,response_latency_ms_count,,,10.1.7.224:4191,linkerd-proxy,linkerd,,linkerd-prometheus-5bccd64d4d-jzwmt,,2783,,,,,linkerd-prometheus,prometheus,linkerd,outbound,,5bccd64d4d,200,true,linkerd,10.1.7.218:4191,,linkerd,linkerd-proxy-injector,linkerd,linkerd-proxy-injector-666c478cbb-z7nnc,666c478cbb,linkerd-proxy-injector,linkerd-proxy-injector.linkerd.serviceaccount.identity.linkerd.cluster.local,,,
1613778611.011,response_latency_ms_count,,,10.1.7.224:4191,linkerd-proxy,linkerd,,linkerd-prometheus-5bccd64d4d-jzwmt,,2784,,,,,linkerd-prometheus,prometheus,linkerd,outbound,,5bccd64d4d,200,true,linkerd,10.1.7.218:4191,,linkerd,linkerd-proxy-injector,linkerd,linkerd-proxy-injector-666c478cbb-z7nnc,666c478cbb,linkerd-proxy-injector,linkerd-proxy-injector.linkerd.serviceaccount.identity.linkerd.cluster.local,,,
1613778621.012,response_latency_ms_count,,,10.1.7.224:4191,linkerd-proxy,linkerd,,linkerd-prometheus-5bccd64d4d-jzwmt,,2785,,,,,linkerd-prometheus,prometheus,linkerd,outbound,,5bccd64d4d,200,true,linkerd,10.1.7.218:4191,,linkerd,linkerd-proxy-injector,linkerd,linkerd-proxy-injector-666c478cbb-z7nnc,666c478cbb,linkerd-proxy-injector,linkerd-proxy-injector.linkerd.serviceaccount.identity.linkerd.cluster.local,,,
1613778631.011,response_latency_ms_count,,,10.1.7.224:4191,linkerd-proxy,linkerd,,linkerd-prometheus-5bccd64d4d-jzwmt,,2786,,,,,linkerd-prometheus,prometheus,linkerd,outbound,,5bccd64d4d,200,true,linkerd,10.1.7.218:4191,,linkerd,linkerd-proxy-injector,linkerd,linkerd-proxy-injector-666c478cbb-z7nnc,666c478cbb,linkerd-proxy-injector,linkerd-proxy-injector.linkerd.serviceaccount.identity.linkerd.cluster.local,,,
1613778641.011,response_latency_ms_count,,,10.1.7.224:4191,linkerd-proxy,linkerd,,linkerd-prometheus-5bccd64d4d-jzwmt,,2787,,,,,linkerd-prometheus,prometheus,linkerd,outbound,,5bccd64d4d,200,true,linkerd,10.1.7.218:4191,,linkerd,linkerd-proxy-injector,linkerd,linkerd-proxy-injector-666c478cbb-z7nnc,666c478cbb,linkerd-proxy-injector,linkerd-proxy-injector.linkerd.serviceaccount.identity.linkerd.cluster.local,,,
1613778591.012,response_latency_ms_count,,,10.1.7.224:4191,linkerd-proxy,linkerd,,linkerd-prometheus-5bccd64d4d-jzwmt,,2782,,,,,linkerd-prometheus,prometheus,linkerd,outbound,,5bccd64d4d,200,true,linkerd,10.1.7.221:9995,,linkerd,linkerd-controller,linkerd,linkerd-controller-798d449c77-qk6j4,798d449c77,linkerd-controller,linkerd-controller.linkerd.serviceaccount.identity.linkerd.cluster.local,,,
1613778601.012,response_latency_ms_count,,,10.1.7.224:4191,linkerd-proxy,linkerd,,linkerd-prometheus-5bccd64d4d-jzwmt,,2783,,,,,linkerd-prometheus,prometheus,linkerd,outbound,,5bccd64d4d,200,true,linkerd,10.1.7.221:9995,,linkerd,linkerd-controller,linkerd,linkerd-controller-798d449c77-qk6j4,798d449c77,linkerd-controller,linkerd-controller.linkerd.serviceaccount.identity.linkerd.cluster.local,,,
1613778611.011,response_latency_ms_count,,,10.1.7.224:4191,linkerd-proxy,linkerd,,linkerd-prometheus-5bccd64d4d-jzwmt,,2784,,,,,linkerd-prometheus,prometheus,linkerd,outbound,,5bccd64d4d,200,true,linkerd,10.1.7.221:9995,,linkerd,linkerd-controller,linkerd,linkerd-controller-798d449c77-qk6j4,798d449c77,linkerd-controller,linkerd-controller.linkerd.serviceaccount.identity.linkerd.cluster.local,,,
1613778621.012,response_latency_ms_count,,,10.1.7.224:4191,linkerd-proxy,linkerd,,linkerd-prometheus-5bccd64d4d-jzwmt,,2785,,,,,linkerd-prometheus,prometheus,linkerd,outbound,,5bccd64d4d,200,true,linkerd,10.1.7.221:9995,,linkerd,linkerd-controller,linkerd,linkerd-controller-798d449c77-qk6j4,798d449c77,linkerd-controller,linkerd-controller.linkerd.serviceaccount.identity.linkerd.cluster.local,,,
1613778631.011,response_latency_ms_count,,,10.1.7.224:4191,linkerd-proxy,linkerd,,linkerd-prometheus-5bccd64d4d-jzwmt,,2786,,,,,linkerd-prometheus,prometheus,linkerd,outbound,,5bccd64d4d,200,true,linkerd,10.1.7.221:9995,,linkerd,linkerd-controller,linkerd,linkerd-controller-798d449c77-qk6j4,798d449c77,linkerd-controller,linkerd-controller.linkerd.serviceaccount.identity.linkerd.cluster.local,,,
1613778641.011,response_latency_ms_count,,,10.1.7.224:4191,linkerd-proxy,linkerd,,linkerd-prometheus-5bccd64d4d-jzwmt,,2787,,,,,linkerd-prometheus,prometheus,linkerd,outbound,,5bccd64d4d,200,true,linkerd,10.1.7.221:9995,,linkerd,linkerd-controller,linkerd,linkerd-controller-798d449c77-qk6j4,798d449c77,linkerd-controller,linkerd-controller.linkerd.serviceaccount.identity.linkerd.cluster.local,,,
1613778594.192,response_latency_ms_count,,,10.1.7.216:4191,linkerd-proxy,linkerd,,linkerd-web-b48d9c89b-49fzh,,5580,,,,,linkerd-web,web,linkerd,inbound,no_tls_from_remote,b48d9c89b,200,no_identity,linkerd,,,,,,,,,,,,
1613778604.192,response_latency_ms_count,,,10.1.7.216:4191,linkerd-proxy,linkerd,,linkerd-web-b48d9c89b-49fzh,,5582,,,,,linkerd-web,web,linkerd,inbound,no_tls_from_remote,b48d9c89b,200,no_identity,linkerd,,,,,,,,,,,,
1613778614.192,response_latency_ms_count,,,10.1.7.216:4191,linkerd-proxy,linkerd,,linkerd-web-b48d9c89b-49fzh,,5584,,,,,linkerd-web,web,linkerd,inbound,no_tls_from_remote,b48d9c89b,200,no_identity,linkerd,,,,,,,,,,,,
1613778624.192,response_latency_ms_count,,,10.1.7.216:4191,linkerd-proxy,linkerd,,linkerd-web-b48d9c89b-49fzh,,5586,,,,,linkerd-web,web,linkerd,inbound,no_tls_from_remote,b48d9c89b,200,no_identity,linkerd,,,,,,,,,,,,
1613778634.192,response_latency_ms_count,,,10.1.7.216:4191,linkerd-proxy,linkerd,,linkerd-web-b48d9c89b-49fzh,,5588,,,,,linkerd-web,web,linkerd,inbound,no_tls_from_remote,b48d9c89b,200,no_identity,linkerd,,,,,,,,,,,,
1613778644.192,response_latency_ms_count,,,10.1.7.216:4191,linkerd-proxy,linkerd,,linkerd-web-b48d9c89b-49fzh,,5590,,,,,linkerd-web,web,linkerd,inbound,no_tls_from_remote,b48d9c89b,200,no_identity,linkerd,,,,,,,,,,,,
1613778594.192,response_latency_ms_count,,,10.1.7.216:4191,linkerd-proxy,linkerd,,linkerd-web-b48d9c89b-49fzh,,2782,,,,,linkerd-web,web,linkerd,inbound,,b48d9c89b,200,true,linkerd,,linkerd-prometheus.linkerd.serviceaccount.identity.linkerd.cluster.local,,,,,,,,,,
1613778604.192,response_latency_ms_count,,,10.1.7.216:4191,linkerd-proxy,linkerd,,linkerd-web-b48d9c89b-49fzh,,2783,,,,,linkerd-web,web,linkerd,inbound,,b48d9c89b,200,true,linkerd,,linkerd-prometheus.linkerd.serviceaccount.identity.linkerd.cluster.local,,,,,,,,,,
1613778614.192,response_latency_ms_count,,,10.1.7.216:4191,linkerd-proxy,linkerd,,linkerd-web-b48d9c89b-49fzh,,2784,,,,,linkerd-web,web,linkerd,inbound,,b48d9c89b,200,true,linkerd,,linkerd-prometheus.linkerd.serviceaccount.identity.linkerd.cluster.local,,,,,,,,,,
1613778624.192,response_latency_ms_count,,,10.1.7.216:4191,linkerd-proxy,linkerd,,linkerd-web-b48d9c89b-49fzh,,2785,,,,,linkerd-web,web,linkerd,inbound,,b48d9c89b,200,true,linkerd,,linkerd-prometheus.linkerd.serviceaccount.identity.linkerd.cluster.local,,,,,,,,,,
1613778634.192,response_latency_ms_count,,,10.1.7.216:4191,linkerd-proxy,linkerd,,linkerd-web-b48d9c89b-49fzh,,2786,,,,,linkerd-web,web,linkerd,inbound,,b48d9c89b,200,true,linkerd,,linkerd-prometheus.linkerd.serviceaccount.identity.linkerd.cluster.local,,,,,,,,,,
1613778644.192,response_latency_ms_count,,,10.1.7.216:4191,linkerd-proxy,linkerd,,linkerd-web-b48d9c89b-49fzh,,2787,,,,,linkerd-web,web,linkerd,inbound,,b48d9c89b,200,true,linkerd,,linkerd-prometheus.linkerd.serviceaccount.identity.linkerd.cluster.local,,,,,,,,,,
1613778585.484,response_latency_ms_count,,,10.1.7.219:4191,linkerd-proxy,linkerd,,linkerd-identity-57f4bc9db9-gb7rk,,5580,,,,,linkerd-identity,identity,linkerd,inbound,no_tls_from_remote,57f4bc9db9,200,no_identity,linkerd,,,,,,,,,,,,
1613778595.484,response_latency_ms_count,,,10.1.7.219:4191,linkerd-proxy,linkerd,,linkerd-identity-57f4bc9db9-gb7rk,,5582,,,,,linkerd-identity,identity,linkerd,inbound,no_tls_from_remote,57f4bc9db9,200,no_identity,linkerd,,,,,,,,,,,,
1613778605.484,response_latency_ms_count,,,10.1.7.219:4191,linkerd-proxy,linkerd,,linkerd-identity-57f4bc9db9-gb7rk,,5584,,,,,linkerd-identity,identity,linkerd,inbound,no_tls_from_remote,57f4bc9db9,200,no_identity,linkerd,,,,,,,,,,,,
1613778615.484,response_latency_ms_count,,,10.1.7.219:4191,linkerd-proxy,linkerd,,linkerd-identity-57f4bc9db9-gb7rk,,5586,,,,,linkerd-identity,identity,linkerd,inbound,no_tls_from_remote,57f4bc9db9,200,no_identity,linkerd,,,,,,,,,,,,
1613778625.484,response_latency_ms_count,,,10.1.7.219:4191,linkerd-proxy,linkerd,,linkerd-identity-57f4bc9db9-gb7rk,,5588,,,,,linkerd-identity,identity,linkerd,inbound,no_tls_from_remote,57f4bc9db9,200,no_identity,linkerd,,,,,,,,,,,,
1613778635.484,response_latency_ms_count,,,10.1.7.219:4191,linkerd-proxy,linkerd,,linkerd-identity-57f4bc9db9-gb7rk,,5590,,,,,linkerd-identity,identity,linkerd,inbound,no_tls_from_remote,57f4bc9db9,200,no_identity,linkerd,,,,,,,,,,,,
1613778585.484,response_latency_ms_count,,,10.1.7.219:4191,linkerd-proxy,linkerd,,linkerd-identity-57f4bc9db9-gb7rk,,636,,,,,linkerd-identity,identity,linkerd,inbound,no_peer_id_from_remote,57f4bc9db9,200,no_identity,linkerd,linkerd-identity-headless.linkerd.svc.cluster.local:8080,,,,,,,,,,,
1613778595.484,response_latency_ms_count,,,10.1.7.219:4191,linkerd-proxy,linkerd,,linkerd-identity-57f4bc9db9-gb7rk,,636,,,,,linkerd-identity,identity,linkerd,inbound,no_peer_id_from_remote,57f4bc9db9,200,no_identity,linkerd,linkerd-identity-headless.linkerd.svc.cluster.local:8080,,,,,,,,,,,
1613778605.484,response_latency_ms_count,,,10.1.7.219:4191,linkerd-proxy,linkerd,,linkerd-identity-57f4bc9db9-gb7rk,,636,,,,,linkerd-identity,identity,linkerd,inbound,no_peer_id_from_remote,57f4bc9db9,200,no_identity,linkerd,linkerd-identity-headless.linkerd.svc.cluster.local:8080,,,,,,,,,,,
1613778615.484,response_latency_ms_count,,,10.1.7.219:4191,linkerd-proxy,linkerd,,linkerd-identity-57f4bc9db9-gb7rk,,636,,,,,linkerd-identity,identity,linkerd,inbound,no_peer_id_from_remote,57f4bc9db9,200,no_identity,linkerd,linkerd-identity-headless.linkerd.svc.cluster.local:8080,,,,,,,,,,,
1613778625.484,response_latency_ms_count,,,10.1.7.219:4191,linkerd-proxy,linkerd,,linkerd-identity-57f4bc9db9-gb7rk,,636,,,,,linkerd-identity,identity,linkerd,inbound,no_peer_id_from_remote,57f4bc9db9,200,no_identity,linkerd,linkerd-identity-headless.linkerd.svc.cluster.local:8080,,,,,,,,,,,
1613778635.484,response_latency_ms_count,,,10.1.7.219:4191,linkerd-proxy,linkerd,,linkerd-identity-57f4bc9db9-gb7rk,,636,,,,,linkerd-identity,identity,linkerd,inbound,no_peer_id_from_remote,57f4bc9db9,200,no_identity,linkerd,linkerd-identity-headless.linkerd.svc.cluster.local:8080,,,,,,,,,,,
1613778585.484,response_latency_ms_count,,,10.1.7.219:4191,linkerd-proxy,linkerd,,linkerd-identity-57f4bc9db9-gb7rk,,2781,,,,,linkerd-identity,identity,linkerd,inbound,no_peer_id_from_remote,57f4bc9db9,200,no_identity,linkerd,,,,,,,,,,,,
1613778595.484,response_latency_ms_count,,,10.1.7.219:4191,linkerd-proxy,linkerd,,linkerd-identity-57f4bc9db9-gb7rk,,2782,,,,,linkerd-identity,identity,linkerd,inbound,no_peer_id_from_remote,57f4bc9db9,200,no_identity,linkerd,,,,,,,,,,,,
1613778605.484,response_latency_ms_count,,,10.1.7.219:4191,linkerd-proxy,linkerd,,linkerd-identity-57f4bc9db9-gb7rk,,2783,,,,,linkerd-identity,identity,linkerd,inbound,no_peer_id_from_remote,57f4bc9db9,200,no_identity,linkerd,,,,,,,,,,,,
1613778615.484,response_latency_ms_count,,,10.1.7.219:4191,linkerd-proxy,linkerd,,linkerd-identity-57f4bc9db9-gb7rk,,2784,,,,,linkerd-identity,identity,linkerd,inbound,no_peer_id_from_remote,57f4bc9db9,200,no_identity,linkerd,,,,,,,,,,,,
1613778625.484,response_latency_ms_count,,,10.1.7.219:4191,linkerd-proxy,linkerd,,linkerd-identity-57f4bc9db9-gb7rk,,2785,,,,,linkerd-identity,identity,linkerd,inbound,no_peer_id_from_remote,57f4bc9db9,200,no_identity,linkerd,,,,,,,,,,,,
1613778635.484,response_latency_ms_count,,,10.1.7.219:4191,linkerd-proxy,linkerd,,linkerd-identity-57f4bc9db9-gb7rk,,2786,,,,,linkerd-identity,identity,linkerd,inbound,no_peer_id_from_remote,57f4bc9db9,200,no_identity,linkerd,,,,,,,,,,,,
1613778585.866,response_latency_ms_count,,,10.1.7.221:4191,linkerd-proxy,linkerd,,linkerd-controller-798d449c77-qk6j4,,5580,,,,,linkerd-controller,controller,linkerd,inbound,no_tls_from_remote,798d449c77,200,no_identity,linkerd,,,,,,,,,,,,
1613778595.869,response_latency_ms_count,,,10.1.7.221:4191,linkerd-proxy,linkerd,,linkerd-controller-798d449c77-qk6j4,,5582,,,,,linkerd-controller,controller,linkerd,inbound,no_tls_from_remote,798d449c77,200,no_identity,linkerd,,,,,,,,,,,,
1613778605.866,response_latency_ms_count,,,10.1.7.221:4191,linkerd-proxy,linkerd,,linkerd-controller-798d449c77-qk6j4,,5584,,,,,linkerd-controller,controller,linkerd,inbound,no_tls_from_remote,798d449c77,200,no_identity,linkerd,,,,,,,,,,,,
1613778615.866,response_latency_ms_count,,,10.1.7.221:4191,linkerd-proxy,linkerd,,linkerd-controller-798d449c77-qk6j4,,5586,,,,,linkerd-controller,controller,linkerd,inbound,no_tls_from_remote,798d449c77,200,no_identity,linkerd,,,,,,,,,,,,
1613778625.866,response_latency_ms_count,,,10.1.7.221:4191,linkerd-proxy,linkerd,,linkerd-controller-798d449c77-qk6j4,,5588,,,,,linkerd-controller,controller,linkerd,inbound,no_tls_from_remote,798d449c77,200,no_identity,linkerd,,,,,,,,,,,,
1613778635.866,response_latency_ms_count,,,10.1.7.221:4191,linkerd-proxy,linkerd,,linkerd-controller-798d449c77-qk6j4,,5590,,,,,linkerd-controller,controller,linkerd,inbound,no_tls_from_remote,798d449c77,200,no_identity,linkerd,,,,,,,,,,,,
1613778585.866,response_latency_ms_count,,,10.1.7.221:4191,linkerd-proxy,linkerd,,linkerd-controller-798d449c77-qk6j4,,2781,,,,,linkerd-controller,controller,linkerd,inbound,,798d449c77,200,true,linkerd,,linkerd-prometheus.linkerd.serviceaccount.identity.linkerd.cluster.local,,,,,,,,,,
1613778595.869,response_latency_ms_count,,,10.1.7.221:4191,linkerd-proxy,linkerd,,linkerd-controller-798d449c77-qk6j4,,2782,,,,,linkerd-controller,controller,linkerd,inbound,,798d449c77,200,true,linkerd,,linkerd-prometheus.linkerd.serviceaccount.identity.linkerd.cluster.local,,,,,,,,,,
1613778605.866,response_latency_ms_count,,,10.1.7.221:4191,linkerd-proxy,linkerd,,linkerd-controller-798d449c77-qk6j4,,2783,,,,,linkerd-controller,controller,linkerd,inbound,,798d449c77,200,true,linkerd,,linkerd-prometheus.linkerd.serviceaccount.identity.linkerd.cluster.local,,,,,,,,,,
1613778615.866,response_latency_ms_count,,,10.1.7.221:4191,linkerd-proxy,linkerd,,linkerd-controller-798d449c77-qk6j4,,2784,,,,,linkerd-controller,controller,linkerd,inbound,,798d449c77,200,true,linkerd,,linkerd-prometheus.linkerd.serviceaccount.identity.linkerd.cluster.local,,,,,,,,,,
1613778625.866,response_latency_ms_count,,,10.1.7.221:4191,linkerd-proxy,linkerd,,linkerd-controller-798d449c77-qk6j4,,2785,,,,,linkerd-controller,controller,linkerd,inbound,,798d449c77,200,true,linkerd,,linkerd-prometheus.linkerd.serviceaccount.identity.linkerd.cluster.local,,,,,,,,,,
1613778635.866,response_latency_ms_count,,,10.1.7.221:4191,linkerd-proxy,linkerd,,linkerd-controller-798d449c77-qk6j4,,2786,,,,,linkerd-controller,controller,linkerd,inbound,,798d449c77,200,true,linkerd,,linkerd-prometheus.linkerd.serviceaccount.identity.linkerd.cluster.local,,,,,,,,,,
1613778588.136,response_latency_ms_count,,,10.1.7.217:4191,linkerd-proxy,linkerd,,linkerd-destination-654f8848f5-4tr7b,,2781,,,,,linkerd-destination,destination,linkerd,inbound,,654f8848f5,200,true,linkerd,,linkerd-prometheus.linkerd.serviceaccount.identity.linkerd.cluster.local,,,,,,,,,,
1613778598.136,response_latency_ms_count,,,10.1.7.217:4191,linkerd-proxy,linkerd,,linkerd-destination-654f8848f5-4tr7b,,2782,,,,,linkerd-destination,destination,linkerd,inbound,,654f8848f5,200,true,linkerd,,linkerd-prometheus.linkerd.serviceaccount.identity.linkerd.cluster.local,,,,,,,,,,
1613778608.136,response_latency_ms_count,,,10.1.7.217:4191,linkerd-proxy,linkerd,,linkerd-destination-654f8848f5-4tr7b,,2783,,,,,linkerd-destination,destination,linkerd,inbound,,654f8848f5,200,true,linkerd,,linkerd-prometheus.linkerd.serviceaccount.identity.linkerd.cluster.local,,,,,,,,,,
1613778618.136,response_latency_ms_count,,,10.1.7.217:4191,linkerd-proxy,linkerd,,linkerd-destination-654f8848f5-4tr7b,,2784,,,,,linkerd-destination,destination,linkerd,inbound,,654f8848f5,200,true,linkerd,,linkerd-prometheus.linkerd.serviceaccount.identity.linkerd.cluster.local,,,,,,,,,,
1613778628.136,response_latency_ms_count,,,10.1.7.217:4191,linkerd-proxy,linkerd,,linkerd-destination-654f8848f5-4tr7b,,2785,,,,,linkerd-destination,destination,linkerd,inbound,,654f8848f5,200,true,linkerd,,linkerd-prometheus.linkerd.serviceaccount.identity.linkerd.cluster.local,,,,,,,,,,
1613778638.136,response_latency_ms_count,,,10.1.7.217:4191,linkerd-proxy,linkerd,,linkerd-destination-654f8848f5-4tr7b,,2786,,,,,linkerd-destination,destination,linkerd,inbound,,654f8848f5,200,true,linkerd,,linkerd-prometheus.linkerd.serviceaccount.identity.linkerd.cluster.local,,,,,,,,,,
1613778588.259,response_latency_ms_count,,,10.1.7.223:4191,linkerd-proxy,linkerd,,linkerd-grafana-ddd5c496f-cctr6,,2781,,,,,linkerd-grafana,grafana,linkerd,inbound,,ddd5c496f,200,true,linkerd,,linkerd-prometheus.linkerd.serviceaccount.identity.linkerd.cluster.local,,,,,,,,,,
1613778598.259,response_latency_ms_count,,,10.1.7.223:4191,linkerd-proxy,linkerd,,linkerd-grafana-ddd5c496f-cctr6,,2782,,,,,linkerd-grafana,grafana,linkerd,inbound,,ddd5c496f,200,true,linkerd,,linkerd-prometheus.linkerd.serviceaccount.identity.linkerd.cluster.local,,,,,,,,,,
1613778608.259,response_latency_ms_count,,,10.1.7.223:4191,linkerd-proxy,linkerd,,linkerd-grafana-ddd5c496f-cctr6,,2783,,,,,linkerd-grafana,grafana,linkerd,inbound,,ddd5c496f,200,true,linkerd,,linkerd-prometheus.linkerd.serviceaccount.identity.linkerd.cluster.local,,,,,,,,,,
1613778618.259,response_latency_ms_count,,,10.1.7.223:4191,linkerd-proxy,linkerd,,linkerd-grafana-ddd5c496f-cctr6,,2784,,,,,linkerd-grafana,grafana,linkerd,inbound,,ddd5c496f,200,true,linkerd,,linkerd-prometheus.linkerd.serviceaccount.identity.linkerd.cluster.local,,,,,,,,,,
1613778628.259,response_latency_ms_count,,,10.1.7.223:4191,linkerd-proxy,linkerd,,linkerd-grafana-ddd5c496f-cctr6,,2785,,,,,linkerd-grafana,grafana,linkerd,inbound,,ddd5c496f,200,true,linkerd,,linkerd-prometheus.linkerd.serviceaccount.identity.linkerd.cluster.local,,,,,,,,,,
1613778638.259,response_latency_ms_count,,,10.1.7.223:4191,linkerd-proxy,linkerd,,linkerd-grafana-ddd5c496f-cctr6,,2786,,,,,linkerd-grafana,grafana,linkerd,inbound,,ddd5c496f,200,true,linkerd,,linkerd-prometheus.linkerd.serviceaccount.identity.linkerd.cluster.local,,,,,,,,,,
1613778588.705,response_latency_ms_count,,,10.1.7.222:4191,linkerd-proxy,linkerd,,linkerd-tap-75785bb98d-dvlv2,,2781,,,,,linkerd-tap,tap,linkerd,inbound,,75785bb98d,200,true,linkerd,,linkerd-prometheus.linkerd.serviceaccount.identity.linkerd.cluster.local,,,,,,,,,,
1613778598.705,response_latency_ms_count,,,10.1.7.222:4191,linkerd-proxy,linkerd,,linkerd-tap-75785bb98d-dvlv2,,2782,,,,,linkerd-tap,tap,linkerd,inbound,,75785bb98d,200,true,linkerd,,linkerd-prometheus.linkerd.serviceaccount.identity.linkerd.cluster.local,,,,,,,,,,
1613778608.705,response_latency_ms_count,,,10.1.7.222:4191,linkerd-proxy,linkerd,,linkerd-tap-75785bb98d-dvlv2,,2783,,,,,linkerd-tap,tap,linkerd,inbound,,75785bb98d,200,true,linkerd,,linkerd-prometheus.linkerd.serviceaccount.identity.linkerd.cluster.local,,,,,,,,,,
1613778618.705,response_latency_ms_count,,,10.1.7.222:4191,linkerd-proxy,linkerd,,linkerd-tap-75785bb98d-dvlv2,,2784,,,,,linkerd-tap,tap,linkerd,inbound,,75785bb98d,200,true,linkerd,,linkerd-prometheus.linkerd.serviceaccount.identity.linkerd.cluster.local,,,,,,,,,,
1613778628.705,response_latency_ms_count,,,10.1.7.222:4191,linkerd-proxy,linkerd,,linkerd-tap-75785bb98d-dvlv2,,2785,,,,,linkerd-tap,tap,linkerd,inbound,,75785bb98d,200,true,linkerd,,linkerd-prometheus.linkerd.serviceaccount.identity.linkerd.cluster.local,,,,,,,,,,
1613778638.705,response_latency_ms_count,,,10.1.7.222:4191,linkerd-proxy,linkerd,,linkerd-tap-75785bb98d-dvlv2,,2786,,,,,linkerd-tap,tap,linkerd,inbound,,75785bb98d,200,true,linkerd,,linkerd-prometheus.linkerd.serviceaccount.identity.linkerd.cluster.local,,,,,,,,,,
1613778589.695,response_latency_ms_count,,,10.1.7.220:4191,linkerd-proxy,linkerd,,linkerd-sp-validator-77d978fbd9-zk8mm,,2781,,,,,linkerd-sp-validator,sp-validator,linkerd,inbound,,77d978fbd9,200,true,linkerd,,linkerd-prometheus.linkerd.serviceaccount.identity.linkerd.cluster.local,,,,,,,,,,
1613778599.694,response_latency_ms_count,,,10.1.7.220:4191,linkerd-proxy,linkerd,,linkerd-sp-validator-77d978fbd9-zk8mm,,2782,,,,,linkerd-sp-validator,sp-validator,linkerd,inbound,,77d978fbd9,200,true,linkerd,,linkerd-prometheus.linkerd.serviceaccount.identity.linkerd.cluster.local,,,,,,,,,,
1613778609.695,response_latency_ms_count,,,10.1.7.220:4191,linkerd-proxy,linkerd,,linkerd-sp-validator-77d978fbd9-zk8mm,,2783,,,,,linkerd-sp-validator,sp-validator,linkerd,inbound,,77d978fbd9,200,true,linkerd,,linkerd-prometheus.linkerd.serviceaccount.identity.linkerd.cluster.local,,,,,,,,,,
1613778619.695,response_latency_ms_count,,,10.1.7.220:4191,linkerd-proxy,linkerd,,linkerd-sp-validator-77d978fbd9-zk8mm,,2784,,,,,linkerd-sp-validator,sp-validator,linkerd,inbound,,77d978fbd9,200,true,linkerd,,linkerd-prometheus.linkerd.serviceaccount.identity.linkerd.cluster.local,,,,,,,,,,
1613778629.695,response_latency_ms_count,,,10.1.7.220:4191,linkerd-proxy,linkerd,,linkerd-sp-validator-77d978fbd9-zk8mm,,2785,,,,,linkerd-sp-validator,sp-validator,linkerd,inbound,,77d978fbd9,200,true,linkerd,,linkerd-prometheus.linkerd.serviceaccount.identity.linkerd.cluster.local,,,,,,,,,,
1613778639.695,response_latency_ms_count,,,10.1.7.220:4191,linkerd-proxy,linkerd,,linkerd-sp-validator-77d978fbd9-zk8mm,,2786,,,,,linkerd-sp-validator,sp-validator,linkerd,inbound,,77d978fbd9,200,true,linkerd,,linkerd-prometheus.linkerd.serviceaccount.identity.linkerd.cluster.local,,,,,,,,,,
1613778590.094,response_latency_ms_count,,,10.1.7.218:4191,linkerd-proxy,linkerd,,linkerd-proxy-injector-666c478cbb-z7nnc,,2781,,,,,linkerd-proxy-injector,proxy-injector,linkerd,inbound,,666c478cbb,200,true,linkerd,,linkerd-prometheus.linkerd.serviceaccount.identity.linkerd.cluster.local,,,,,,,,,,
1613778600.094,response_latency_ms_count,,,10.1.7.218:4191,linkerd-proxy,linkerd,,linkerd-proxy-injector-666c478cbb-z7nnc,,2782,,,,,linkerd-proxy-injector,proxy-injector,linkerd,inbound,,666c478cbb,200,true,linkerd,,linkerd-prometheus.linkerd.serviceaccount.identity.linkerd.cluster.local,,,,,,,,,,
1613778610.095,response_latency_ms_count,,,10.1.7.218:4191,linkerd-proxy,linkerd,,linkerd-proxy-injector-666c478cbb-z7nnc,,2783,,,,,linkerd-proxy-injector,proxy-injector,linkerd,inbound,,666c478cbb,200,true,linkerd,,linkerd-prometheus.linkerd.serviceaccount.identity.linkerd.cluster.local,,,,,,,,,,
1613778620.094,response_latency_ms_count,,,10.1.7.218:4191,linkerd-proxy,linkerd,,linkerd-proxy-injector-666c478cbb-z7nnc,,2784,,,,,linkerd-proxy-injector,proxy-injector,linkerd,inbound,,666c478cbb,200,true,linkerd,,linkerd-prometheus.linkerd.serviceaccount.identity.linkerd.cluster.local,,,,,,,,,,
1613778630.094,response_latency_ms_count,,,10.1.7.218:4191,linkerd-proxy,linkerd,,linkerd-proxy-injector-666c478cbb-z7nnc,,2785,,,,,linkerd-proxy-injector,proxy-injector,linkerd,inbound,,666c478cbb,200,true,linkerd,,linkerd-prometheus.linkerd.serviceaccount.identity.linkerd.cluster.local,,,,,,,,,,
1613778640.094,response_latency_ms_count,,,10.1.7.218:4191,linkerd-proxy,linkerd,,linkerd-proxy-injector-666c478cbb-z7nnc,,2786,,,,,linkerd-proxy-injector,proxy-injector,linkerd,inbound,,666c478cbb,200,true,linkerd,,linkerd-prometheus.linkerd.serviceaccount.identity.linkerd.cluster.local,,,,,,,,,,
1613778591.012,response_latency_ms_count,,,10.1.7.224:4191,linkerd-proxy,linkerd,,linkerd-prometheus-5bccd64d4d-jzwmt,,2781,,,,,linkerd-prometheus,prometheus,linkerd,outbound,,5bccd64d4d,200,true,linkerd,10.1.7.220:9997,,linkerd,linkerd-sp-validator,linkerd,linkerd-sp-validator-77d978fbd9-zk8mm,77d978fbd9,linkerd-sp-validator,linkerd-sp-validator.linkerd.serviceaccount.identity.linkerd.cluster.local,,,
1613778601.012,response_latency_ms_count,,,10.1.7.224:4191,linkerd-proxy,linkerd,,linkerd-prometheus-5bccd64d4d-jzwmt,,2782,,,,,linkerd-prometheus,prometheus,linkerd,outbound,,5bccd64d4d,200,true,linkerd,10.1.7.220:9997,,linkerd,linkerd-sp-validator,linkerd,linkerd-sp-validator-77d978fbd9-zk8mm,77d978fbd9,linkerd-sp-validator,linkerd-sp-validator.linkerd.serviceaccount.identity.linkerd.cluster.local,,,
1613778611.011,response_latency_ms_count,,,10.1.7.224:4191,linkerd-proxy,linkerd,,linkerd-prometheus-5bccd64d4d-jzwmt,,2783,,,,,linkerd-prometheus,prometheus,linkerd,outbound,,5bccd64d4d,200,true,linkerd,10.1.7.220:9997,,linkerd,linkerd-sp-validator,linkerd,linkerd-sp-validator-77d978fbd9-zk8mm,77d978fbd9,linkerd-sp-validator,linkerd-sp-validator.linkerd.serviceaccount.identity.linkerd.cluster.local,,,
1613778621.012,response_latency_ms_count,,,10.1.7.224:4191,linkerd-proxy,linkerd,,linkerd-prometheus-5bccd64d4d-jzwmt,,2784,,,,,linkerd-prometheus,prometheus,linkerd,outbound,,5bccd64d4d,200,true,linkerd,10.1.7.220:9997,,linkerd,linkerd-sp-validator,linkerd,linkerd-sp-validator-77d978fbd9-zk8mm,77d978fbd9,linkerd-sp-validator,linkerd-sp-validator.linkerd.serviceaccount.identity.linkerd.cluster.local,,,
1613778631.011,response_latency_ms_count,,,10.1.7.224:4191,linkerd-proxy,linkerd,,linkerd-prometheus-5bccd64d4d-jzwmt,,2785,,,,,linkerd-prometheus,prometheus,linkerd,outbound,,5bccd64d4d,200,true,linkerd,10.1.7.220:9997,,linkerd,linkerd-sp-validator,linkerd,linkerd-sp-validator-77d978fbd9-zk8mm,77d978fbd9,linkerd-sp-validator,linkerd-sp-validator.linkerd.serviceaccount.identity.linkerd.cluster.local,,,
1613778641.011,response_latency_ms_count,,,10.1.7.224:4191,linkerd-proxy,linkerd,,linkerd-prometheus-5bccd64d4d-jzwmt,,2786,,,,,linkerd-prometheus,prometheus,linkerd,outbound,,5bccd64d4d,200,true,linkerd,10.1.7.220:9997,,linkerd,linkerd-sp-validator,linkerd,linkerd-sp-validator-77d978fbd9-zk8mm,77d978fbd9,linkerd-sp-validator,linkerd-sp-validator.linkerd.serviceaccount.identity.linkerd.cluster.local,,,
1613778591.012,response_latency_ms_count,,,10.1.7.224:4191,linkerd-proxy,linkerd,,linkerd-prometheus-5bccd64d4d-jzwmt,,2781,,,,,linkerd-prometheus,prometheus,linkerd,outbound,,5bccd64d4d,200,true,linkerd,10.1.7.217:9996,,linkerd,linkerd-destination,linkerd,linkerd-destination-654f8848f5-4tr7b,654f8848f5,linkerd-destination,linkerd-destination.linkerd.serviceaccount.identity.linkerd.cluster.local,,,
1613778601.012,response_latency_ms_count,,,10.1.7.224:4191,linkerd-proxy,linkerd,,linkerd-prometheus-5bccd64d4d-jzwmt,,2782,,,,,linkerd-prometheus,prometheus,linkerd,outbound,,5bccd64d4d,200,true,linkerd,10.1.7.217:9996,,linkerd,linkerd-destination,linkerd,linkerd-destination-654f8848f5-4tr7b,654f8848f5,linkerd-destination,linkerd-destination.linkerd.serviceaccount.identity.linkerd.cluster.local,,,
1613778611.011,response_latency_ms_count,,,10.1.7.224:4191,linkerd-proxy,linkerd,,linkerd-prometheus-5bccd64d4d-jzwmt,,2783,,,,,linkerd-prometheus,prometheus,linkerd,outbound,,5bccd64d4d,200,true,linkerd,10.1.7.217:9996,,linkerd,linkerd-destination,linkerd,linkerd-destination-654f8848f5-4tr7b,654f8848f5,linkerd-destination,linkerd-destination.linkerd.serviceaccount.identity.linkerd.cluster.local,,,
1613778621.012,response_latency_ms_count,,,10.1.7.224:4191,linkerd-proxy,linkerd,,linkerd-prometheus-5bccd64d4d-jzwmt,,2784,,,,,linkerd-prometheus,prometheus,linkerd,outbound,,5bccd64d4d,200,true,linkerd,10.1.7.217:9996,,linkerd,linkerd-destination,linkerd,linkerd-destination-654f8848f5-4tr7b,654f8848f5,linkerd-destination,linkerd-destination.linkerd.serviceaccount.identity.linkerd.cluster.local,,,
1613778631.011,response_latency_ms_count,,,10.1.7.224:4191,linkerd-proxy,linkerd,,linkerd-prometheus-5bccd64d4d-jzwmt,,2785,,,,,linkerd-prometheus,prometheus,linkerd,outbound,,5bccd64d4d,200,true,linkerd,10.1.7.217:9996,,linkerd,linkerd-destination,linkerd,linkerd-destination-654f8848f5-4tr7b,654f8848f5,linkerd-destination,linkerd-destination.linkerd.serviceaccount.identity.linkerd.cluster.local,,,
1613778641.011,response_latency_ms_count,,,10.1.7.224:4191,linkerd-proxy,linkerd,,linkerd-prometheus-5bccd64d4d-jzwmt,,2786,,,,,linkerd-prometheus,prometheus,linkerd,outbound,,5bccd64d4d,200,true,linkerd,10.1.7.217:9996,,linkerd,linkerd-destination,linkerd,linkerd-destination-654f8848f5-4tr7b,654f8848f5,linkerd-destination,linkerd-destination.linkerd.serviceaccount.identity.linkerd.cluster.local,,,
1613778591.012,response_latency_ms_count,,,10.1.7.224:4191,linkerd-proxy,linkerd,,linkerd-prometheus-5bccd64d4d-jzwmt,,2781,,,,,linkerd-prometheus,prometheus,linkerd,outbound,,5bccd64d4d,200,true,linkerd,10.1.7.219:9990,,linkerd,linkerd-identity,linkerd,linkerd-identity-57f4bc9db9-gb7rk,57f4bc9db9,linkerd-identity,linkerd-identity.linkerd.serviceaccount.identity.linkerd.cluster.local,,,
1613778601.012,response_latency_ms_count,,,10.1.7.224:4191,linkerd-proxy,linkerd,,linkerd-prometheus-5bccd64d4d-jzwmt,,2782,,,,,linkerd-prometheus,prometheus,linkerd,outbound,,5bccd64d4d,200,true,linkerd,10.1.7.219:9990,,linkerd,linkerd-identity,linkerd,linkerd-identity-57f4bc9db9-gb7rk,57f4bc9db9,linkerd-identity,linkerd-identity.linkerd.serviceaccount.identity.linkerd.cluster.local,,,
1613778611.011,response_latency_ms_count,,,10.1.7.224:4191,linkerd-proxy,linkerd,,linkerd-prometheus-5bccd64d4d-jzwmt,,2783,,,,,linkerd-prometheus,prometheus,linkerd,outbound,,5bccd64d4d,200,true,linkerd,10.1.7.219:9990,,linkerd,linkerd-identity,linkerd,linkerd-identity-57f4bc9db9-gb7rk,57f4bc9db9,linkerd-identity,linkerd-identity.linkerd.serviceaccount.identity.linkerd.cluster.local,,,
1613778621.012,response_latency_ms_count,,,10.1.7.224:4191,linkerd-proxy,linkerd,,linkerd-prometheus-5bccd64d4d-jzwmt,,2784,,,,,linkerd-prometheus,prometheus,linkerd,outbound,,5bccd64d4d,200,true,linkerd,10.1.7.219:9990,,linkerd,linkerd-identity,linkerd,linkerd-identity-57f4bc9db9-gb7rk,57f4bc9db9,linkerd-identity,linkerd-identity.linkerd.serviceaccount.identity.linkerd.cluster.local,,,
1613778631.011,response_latency_ms_count,,,10.1.7.224:4191,linkerd-proxy,linkerd,,linkerd-prometheus-5bccd64d4d-jzwmt,,2785,,,,,linkerd-prometheus,prometheus,linkerd,outbound,,5bccd64d4d,200,true,linkerd,10.1.7.219:9990,,linkerd,linkerd-identity,linkerd,linkerd-identity-57f4bc9db9-gb7rk,57f4bc9db9,linkerd-identity,linkerd-identity.linkerd.serviceaccount.identity.linkerd.cluster.local,,,
1613778641.011,response_latency_ms_count,,,10.1.7.224:4191,linkerd-proxy,linkerd,,linkerd-prometheus-5bccd64d4d-jzwmt,,2786,,,,,linkerd-prometheus,prometheus,linkerd,outbound,,5bccd64d4d,200,true,linkerd,10.1.7.219:9990,,linkerd,linkerd-identity,linkerd,linkerd-identity-57f4bc9db9-gb7rk,57f4bc9db9,linkerd-identity,linkerd-identity.linkerd.serviceaccount.identity.linkerd.cluster.local,,,
1613778591.012,response_latency_ms_count,,,10.1.7.224:4191,linkerd-proxy,linkerd,,linkerd-prometheus-5bccd64d4d-jzwmt,,2781,,,,,linkerd-prometheus,prometheus,linkerd,outbound,,5bccd64d4d,200,true,linkerd,10.1.7.216:4191,,linkerd,linkerd-web,linkerd,linkerd-web-b48d9c89b-49fzh,b48d9c89b,linkerd-web,linkerd-web.linkerd.serviceaccount.identity.linkerd.cluster.local,,,
1613778601.012,response_latency_ms_count,,,10.1.7.224:4191,linkerd-proxy,linkerd,,linkerd-prometheus-5bccd64d4d-jzwmt,,2782,,,,,linkerd-prometheus,prometheus,linkerd,outbound,,5bccd64d4d,200,true,linkerd,10.1.7.216:4191,,linkerd,linkerd-web,linkerd,linkerd-web-b48d9c89b-49fzh,b48d9c89b,linkerd-web,linkerd-web.linkerd.serviceaccount.identity.linkerd.cluster.local,,,
1613778611.011,response_latency_ms_count,,,10.1.7.224:4191,linkerd-proxy,linkerd,,linkerd-prometheus-5bccd64d4d-jzwmt,,2783,,,,,linkerd-prometheus,prometheus,linkerd,outbound,,5bccd64d4d,200,true,linkerd,10.1.7.216:4191,,linkerd,linkerd-web,linkerd,linkerd-web-b48d9c89b-49fzh,b48d9c89b,linkerd-web,linkerd-web.linkerd.serviceaccount.identity.linkerd.cluster.local,,,
1613778621.012,response_latency_ms_count,,,10.1.7.224:4191,linkerd-proxy,linkerd,,linkerd-prometheus-5bccd64d4d-jzwmt,,2784,,,,,linkerd-prometheus,prometheus,linkerd,outbound,,5bccd64d4d,200,true,linkerd,10.1.7.216:4191,,linkerd,linkerd-web,linkerd,linkerd-web-b48d9c89b-49fzh,b48d9c89b,linkerd-web,linkerd-web.linkerd.serviceaccount.identity.linkerd.cluster.local,,,
1613778631.011,response_latency_ms_count,,,10.1.7.224:4191,linkerd-proxy,linkerd,,linkerd-prometheus-5bccd64d4d-jzwmt,,2785,,,,,linkerd-prometheus,prometheus,linkerd,outbound,,5bccd64d4d,200,true,linkerd,10.1.7.216:4191,,linkerd,linkerd-web,linkerd,linkerd-web-b48d9c89b-49fzh,b48d9c89b,linkerd-web,linkerd-web.linkerd.serviceaccount.identity.linkerd.cluster.local,,,
1613778641.011,response_latency_ms_count,,,10.1.7.224:4191,linkerd-proxy,linkerd,,linkerd-prometheus-5bccd64d4d-jzwmt,,2786,,,,,linkerd-prometheus,prometheus,linkerd,outbound,,5bccd64d4d,200,true,linkerd,10.1.7.216:4191,,linkerd,linkerd-web,linkerd,linkerd-web-b48d9c89b-49fzh,b48d9c89b,linkerd-web,linkerd-web.linkerd.serviceaccount.identity.linkerd.cluster.local,,,
1613778591.012,response_latency_ms_count,,,10.1.7.224:4191,linkerd-proxy,linkerd,,linkerd-prometheus-5bccd64d4d-jzwmt,,2781,,,,,linkerd-prometheus,prometheus,linkerd,outbound,,5bccd64d4d,200,true,linkerd,10.1.7.219:4191,,linkerd,linkerd-identity,linkerd,linkerd-identity-57f4bc9db9-gb7rk,57f4bc9db9,linkerd-identity,linkerd-identity.linkerd.serviceaccount.identity.linkerd.cluster.local,,,
1613778601.012,response_latency_ms_count,,,10.1.7.224:4191,linkerd-proxy,linkerd,,linkerd-prometheus-5bccd64d4d-jzwmt,,2782,,,,,linkerd-prometheus,prometheus,linkerd,outbound,,5bccd64d4d,200,true,linkerd,10.1.7.219:4191,,linkerd,linkerd-identity,linkerd,linkerd-identity-57f4bc9db9-gb7rk,57f4bc9db9,linkerd-identity,linkerd-identity.linkerd.serviceaccount.identity.linkerd.cluster.local,,,
1613778611.011,response_latency_ms_count,,,10.1.7.224:4191,linkerd-proxy,linkerd,,linkerd-prometheus-5bccd64d4d-jzwmt,,2783,,,,,linkerd-prometheus,prometheus,linkerd,outbound,,5bccd64d4d,200,true,linkerd,10.1.7.219:4191,,linkerd,linkerd-identity,linkerd,linkerd-identity-57f4bc9db9-gb7rk,57f4bc9db9,linkerd-identity,linkerd-identity.linkerd.serviceaccount.identity.linkerd.cluster.local,,,
1613778621.012,response_latency_ms_count,,,10.1.7.224:4191,linkerd-proxy,linkerd,,linkerd-prometheus-5bccd64d4d-jzwmt,,2784,,,,,linkerd-prometheus,prometheus,linkerd,outbound,,5bccd64d4d,200,true,linkerd,10.1.7.219:4191,,linkerd,linkerd-identity,linkerd,linkerd-identity-57f4bc9db9-gb7rk,57f4bc9db9,linkerd-identity,linkerd-identity.linkerd.serviceaccount.identity.linkerd.cluster.local,,,
1613778631.011,response_latency_ms_count,,,10.1.7.224:4191,linkerd-proxy,linkerd,,linkerd-prometheus-5bccd64d4d-jzwmt,,2785,,,,,linkerd-prometheus,prometheus,linkerd,outbound,,5bccd64d4d,200,true,linkerd,10.1.7.219:4191,,linkerd,linkerd-identity,linkerd,linkerd-identity-57f4bc9db9-gb7rk,57f4bc9db9,linkerd-identity,linkerd-identity.linkerd.serviceaccount.identity.linkerd.cluster.local,,,
1613778641.011,response_latency_ms_count,,,10.1.7.224:4191,linkerd-proxy,linkerd,,linkerd-prometheus-5bccd64d4d-jzwmt,,2786,,,,,linkerd-prometheus,prometheus,linkerd,outbound,,5bccd64d4d,200,true,linkerd,10.1.7.219:4191,,linkerd,linkerd-identity,linkerd,linkerd-identity-57f4bc9db9-gb7rk,57f4bc9db9,linkerd-identity,linkerd-identity.linkerd.serviceaccount.identity.linkerd.cluster.local,,,
1613778591.012,response_latency_ms_count,,,10.1.7.224:4191,linkerd-proxy,linkerd,,linkerd-prometheus-5bccd64d4d-jzwmt,,2781,,,,,linkerd-prometheus,prometheus,linkerd,outbound,,5bccd64d4d,200,true,linkerd,10.1.7.221:4191,,linkerd,linkerd-controller,linkerd,linkerd-controller-798d449c77-qk6j4,798d449c77,linkerd-controller,linkerd-controller.linkerd.serviceaccount.identity.linkerd.cluster.local,,,
1613778601.012,response_latency_ms_count,,,10.1.7.224:4191,linkerd-proxy,linkerd,,linkerd-prometheus-5bccd64d4d-jzwmt,,2782,,,,,linkerd-prometheus,prometheus,linkerd,outbound,,5bccd64d4d,200,true,linkerd,10.1.7.221:4191,,linkerd,linkerd-controller,linkerd,linkerd-controller-798d449c77-qk6j4,798d449c77,linkerd-controller,linkerd-controller.linkerd.serviceaccount.identity.linkerd.cluster.local,,,
1613778611.011,response_latency_ms_count,,,10.1.7.224:4191,linkerd-proxy,linkerd,,linkerd-prometheus-5bccd64d4d-jzwmt,,2783,,,,,linkerd-prometheus,prometheus,linkerd,outbound,,5bccd64d4d,200,true,linkerd,10.1.7.221:4191,,linkerd,linkerd-controller,linkerd,linkerd-controller-798d449c77-qk6j4,798d449c77,linkerd-controller,linkerd-controller.linkerd.serviceaccount.identity.linkerd.cluster.local,,,
1613778621.012,response_latency_ms_count,,,10.1.7.224:4191,linkerd-proxy,linkerd,,linkerd-prometheus-5bccd64d4d-jzwmt,,2784,,,,,linkerd-prometheus,prometheus,linkerd,outbound,,5bccd64d4d,200,true,linkerd,10.1.7.221:4191,,linkerd,linkerd-controller,linkerd,linkerd-controller-798d449c77-qk6j4,798d449c77,linkerd-controller,linkerd-controller.linkerd.serviceaccount.identity.linkerd.cluster.local,,,
1613778631.011,response_latency_ms_count,,,10.1.7.224:4191,linkerd-proxy,linkerd,,linkerd-prometheus-5bccd64d4d-jzwmt,,2785,,,,,linkerd-prometheus,prometheus,linkerd,outbound,,5bccd64d4d,200,true,linkerd,10.1.7.221:4191,,linkerd,linkerd-controller,linkerd,linkerd-controller-798d449c77-qk6j4,798d449c77,linkerd-controller,linkerd-controller.linkerd.serviceaccount.identity.linkerd.cluster.local,,,
1613778641.011,response_latency_ms_count,,,10.1.7.224:4191,linkerd-proxy,linkerd,,linkerd-prometheus-5bccd64d4d-jzwmt,,2786,,,,,linkerd-prometheus,prometheus,linkerd,outbound,,5bccd64d4d,200,true,linkerd,10.1.7.221:4191,,linkerd,linkerd-controller,linkerd,linkerd-controller-798d449c77-qk6j4,798d449c77,linkerd-controller,linkerd-controller.linkerd.serviceaccount.identity.linkerd.cluster.local,,,
1613778591.012,response_latency_ms_count,,,10.1.7.224:4191,linkerd-proxy,linkerd,,linkerd-prometheus-5bccd64d4d-jzwmt,,2781,,,,,linkerd-prometheus,prometheus,linkerd,outbound,,5bccd64d4d,200,true,linkerd,10.1.7.218:9995,,linkerd,linkerd-proxy-injector,linkerd,linkerd-proxy-injector-666c478cbb-z7nnc,666c478cbb,linkerd-proxy-injector,linkerd-proxy-injector.linkerd.serviceaccount.identity.linkerd.cluster.local,,,
1613778601.012,response_latency_ms_count,,,10.1.7.224:4191,linkerd-proxy,linkerd,,linkerd-prometheus-5bccd64d4d-jzwmt,,2782,,,,,linkerd-prometheus,prometheus,linkerd,outbound,,5bccd64d4d,200,true,linkerd,10.1.7.218:9995,,linkerd,linkerd-proxy-injector,linkerd,linkerd-proxy-injector-666c478cbb-z7nnc,666c478cbb,linkerd-proxy-injector,linkerd-proxy-injector.linkerd.serviceaccount.identity.linkerd.cluster.local,,,
1613778611.011,response_latency_ms_count,,,10.1.7.224:4191,linkerd-proxy,linkerd,,linkerd-prometheus-5bccd64d4d-jzwmt,,2783,,,,,linkerd-prometheus,prometheus,linkerd,outbound,,5bccd64d4d,200,true,linkerd,10.1.7.218:9995,,linkerd,linkerd-proxy-injector,linkerd,linkerd-proxy-injector-666c478cbb-z7nnc,666c478cbb,linkerd-proxy-injector,linkerd-proxy-injector.linkerd.serviceaccount.identity.linkerd.cluster.local,,,
1613778621.012,response_latency_ms_count,,,10.1.7.224:4191,linkerd-proxy,linkerd,,linkerd-prometheus-5bccd64d4d-jzwmt,,2784,,,,,linkerd-prometheus,prometheus,linkerd,outbound,,5bccd64d4d,200,true,linkerd,10.1.7.218:9995,,linkerd,linkerd-proxy-injector,linkerd,linkerd-proxy-injector-666c478cbb-z7nnc,666c478cbb,linkerd-proxy-injector,linkerd-proxy-injector.linkerd.serviceaccount.identity.linkerd.cluster.local,,,
1613778631.011,response_latency_ms_count,,,10.1.7.224:4191,linkerd-proxy,linkerd,,linkerd-prometheus-5bccd64d4d-jzwmt,,2785,,,,,linkerd-prometheus,prometheus,linkerd,outbound,,5bccd64d4d,200,true,linkerd,10.1.7.218:9995,,linkerd,linkerd-proxy-injector,linkerd,linkerd-proxy-injector-666c478cbb-z7nnc,666c478cbb,linkerd-proxy-injector,linkerd-proxy-injector.linkerd.serviceaccount.identity.linkerd.cluster.local,,,
1613778641.011,response_latency_ms_count,,,10.1.7.224:4191,linkerd-proxy,linkerd,,linkerd-prometheus-5bccd64d4d-jzwmt,,2786,,,,,linkerd-prometheus,prometheus,linkerd,outbound,,5bccd64d4d,200,true,linkerd,10.1.7.218:9995,,linkerd,linkerd-proxy-injector,linkerd,linkerd-proxy-injector-666c478cbb-z7nnc,666c478cbb,linkerd-proxy-injector,linkerd-proxy-injector.linkerd.serviceaccount.identity.linkerd.cluster.local,,,
1613778591.012,response_latency_ms_count,,,10.1.7.224:4191,linkerd-proxy,linkerd,,linkerd-prometheus-5bccd64d4d-jzwmt,,2781,,,,,linkerd-prometheus,prometheus,linkerd,outbound,,5bccd64d4d,200,true,linkerd,10.1.7.222:9998,,linkerd,linkerd-tap,linkerd,linkerd-tap-75785bb98d-dvlv2,75785bb98d,linkerd-tap,linkerd-tap.linkerd.serviceaccount.identity.linkerd.cluster.local,,,
1613778601.012,response_latency_ms_count,,,10.1.7.224:4191,linkerd-proxy,linkerd,,linkerd-prometheus-5bccd64d4d-jzwmt,,2782,,,,,linkerd-prometheus,prometheus,linkerd,outbound,,5bccd64d4d,200,true,linkerd,10.1.7.222:9998,,linkerd,linkerd-tap,linkerd,linkerd-tap-75785bb98d-dvlv2,75785bb98d,linkerd-tap,linkerd-tap.linkerd.serviceaccount.identity.linkerd.cluster.local,,,
1613778611.011,response_latency_ms_count,,,10.1.7.224:4191,linkerd-proxy,linkerd,,linkerd-prometheus-5bccd64d4d-jzwmt,,2783,,,,,linkerd-prometheus,prometheus,linkerd,outbound,,5bccd64d4d,200,true,linkerd,10.1.7.222:9998,,linkerd,linkerd-tap,linkerd,linkerd-tap-75785bb98d-dvlv2,75785bb98d,linkerd-tap,linkerd-tap.linkerd.serviceaccount.identity.linkerd.cluster.local,,,
1613778621.012,response_latency_ms_count,,,10.1.7.224:4191,linkerd-proxy,linkerd,,linkerd-prometheus-5bccd64d4d-jzwmt,,2784,,,,,linkerd-prometheus,prometheus,linkerd,outbound,,5bccd64d4d,200,true,linkerd,10.1.7.222:9998,,linkerd,linkerd-tap,linkerd,linkerd-tap-75785bb98d-dvlv2,75785bb98d,linkerd-tap,linkerd-tap.linkerd.serviceaccount.identity.linkerd.cluster.local,,,
1613778631.011,response_latency_ms_count,,,10.1.7.224:4191,linkerd-proxy,linkerd,,linkerd-prometheus-5bccd64d4d-jzwmt,,2785,,,,,linkerd-prometheus,prometheus,linkerd,outbound,,5bccd64d4d,200,true,linkerd,10.1.7.222:9998,,linkerd,linkerd-tap,linkerd,linkerd-tap-75785bb98d-dvlv2,75785bb98d,linkerd-tap,linkerd-tap.linkerd.serviceaccount.identity.linkerd.cluster.local,,,
1613778641.011,response_latency_ms_count,,,10.1.7.224:4191,linkerd-proxy,linkerd,,linkerd-prometheus-5bccd64d4d-jzwmt,,2786,,,,,linkerd-prometheus,prometheus,linkerd,outbound,,5bccd64d4d,200,true,linkerd,10.1.7.222:9998,,linkerd,linkerd-tap,linkerd,linkerd-tap-75785bb98d-dvlv2,75785bb98d,linkerd-tap,linkerd-tap.linkerd.serviceaccount.identity.linkerd.cluster.local,,,
1613778588.136,response_latency_ms_count,,,10.1.7.217:4191,linkerd-proxy,linkerd,,linkerd-destination-654f8848f5-4tr7b,,1,,,,,linkerd-destination,destination,linkerd,inbound,,654f8848f5,200,true,linkerd,linkerd-dst-headless.linkerd.svc.cluster.local:8086,linkerd-controller.linkerd.serviceaccount.identity.linkerd.cluster.local,,,,,,,,,,
1613778598.136,response_latency_ms_count,,,10.1.7.217:4191,linkerd-proxy,linkerd,,linkerd-destination-654f8848f5-4tr7b,,1,,,,,linkerd-destination,destination,linkerd,inbound,,654f8848f5,200,true,linkerd,linkerd-dst-headless.linkerd.svc.cluster.local:8086,linkerd-controller.linkerd.serviceaccount.identity.linkerd.cluster.local,,,,,,,,,,
1613778608.136,response_latency_ms_count,,,10.1.7.217:4191,linkerd-proxy,linkerd,,linkerd-destination-654f8848f5-4tr7b,,1,,,,,linkerd-destination,destination,linkerd,inbound,,654f8848f5,200,true,linkerd,linkerd-dst-headless.linkerd.svc.cluster.local:8086,linkerd-controller.linkerd.serviceaccount.identity.linkerd.cluster.local,,,,,,,,,,
1613778618.136,response_latency_ms_count,,,10.1.7.217:4191,linkerd-proxy,linkerd,,linkerd-destination-654f8848f5-4tr7b,,1,,,,,linkerd-destination,destination,linkerd,inbound,,654f8848f5,200,true,linkerd,linkerd-dst-headless.linkerd.svc.cluster.local:8086,linkerd-controller.linkerd.serviceaccount.identity.linkerd.cluster.local,,,,,,,,,,
1613778628.136,response_latency_ms_count,,,10.1.7.217:4191,linkerd-proxy,linkerd,,linkerd-destination-654f8848f5-4tr7b,,1,,,,,linkerd-destination,destination,linkerd,inbound,,654f8848f5,200,true,linkerd,linkerd-dst-headless.linkerd.svc.cluster.local:8086,linkerd-controller.linkerd.serviceaccount.identity.linkerd.cluster.local,,,,,,,,,,
1613778638.136,response_latency_ms_count,,,10.1.7.217:4191,linkerd-proxy,linkerd,,linkerd-destination-654f8848f5-4tr7b,,1,,,,,linkerd-destination,destination,linkerd,inbound,,654f8848f5,200,true,linkerd,linkerd-dst-headless.linkerd.svc.cluster.local:8086,linkerd-controller.linkerd.serviceaccount.identity.linkerd.cluster.local,,,,,,,,,,
1613778588.136,response_latency_ms_count,,,10.1.7.217:4191,linkerd-proxy,linkerd,,linkerd-destination-654f8848f5-4tr7b,,77,,,,,linkerd-destination,destination,linkerd,inbound,,654f8848f5,200,true,linkerd,linkerd-dst-headless.linkerd.svc.cluster.local:8086,linkerd-identity.linkerd.serviceaccount.identity.linkerd.cluster.local,,,,,,,,,,
1613778598.136,response_latency_ms_count,,,10.1.7.217:4191,linkerd-proxy,linkerd,,linkerd-destination-654f8848f5-4tr7b,,77,,,,,linkerd-destination,destination,linkerd,inbound,,654f8848f5,200,true,linkerd,linkerd-dst-headless.linkerd.svc.cluster.local:8086,linkerd-identity.linkerd.serviceaccount.identity.linkerd.cluster.local,,,,,,,,,,
1613778608.136,response_latency_ms_count,,,10.1.7.217:4191,linkerd-proxy,linkerd,,linkerd-destination-654f8848f5-4tr7b,,77,,,,,linkerd-destination,destination,linkerd,inbound,,654f8848f5,200,true,linkerd,linkerd-dst-headless.linkerd.svc.cluster.local:8086,linkerd-identity.linkerd.serviceaccount.identity.linkerd.cluster.local,,,,,,,,,,
1613778618.136,response_latency_ms_count,,,10.1.7.217:4191,linkerd-proxy,linkerd,,linkerd-destination-654f8848f5-4tr7b,,77,,,,,linkerd-destination,destination,linkerd,inbound,,654f8848f5,200,true,linkerd,linkerd-dst-headless.linkerd.svc.cluster.local:8086,linkerd-identity.linkerd.serviceaccount.identity.linkerd.cluster.local,,,,,,,,,,
1613778628.136,response_latency_ms_count,,,10.1.7.217:4191,linkerd-proxy,linkerd,,linkerd-destination-654f8848f5-4tr7b,,77,,,,,linkerd-destination,destination,linkerd,inbound,,654f8848f5,200,true,linkerd,linkerd-dst-headless.linkerd.svc.cluster.local:8086,linkerd-identity.linkerd.serviceaccount.identity.linkerd.cluster.local,,,,,,,,,,
1613778638.136,response_latency_ms_count,,,10.1.7.217:4191,linkerd-proxy,linkerd,,linkerd-destination-654f8848f5-4tr7b,,77,,,,,linkerd-destination,destination,linkerd,inbound,,654f8848f5,200,true,linkerd,linkerd-dst-headless.linkerd.svc.cluster.local:8086,linkerd-identity.linkerd.serviceaccount.identity.linkerd.cluster.local,,,,,,,,,,
1613778588.136,response_latency_ms_count,,,10.1.7.217:4191,linkerd-proxy,linkerd,,linkerd-destination-654f8848f5-4tr7b,,6292557,,,,,linkerd-destination,destination,linkerd,inbound,,654f8848f5,200,true,linkerd,linkerd-dst-headless.linkerd.svc.cluster.local:8086,default.robot-shop.serviceaccount.identity.linkerd.cluster.local,,,,,,,,,,
1613778598.136,response_latency_ms_count,,,10.1.7.217:4191,linkerd-proxy,linkerd,,linkerd-destination-654f8848f5-4tr7b,,6292937,,,,,linkerd-destination,destination,linkerd,inbound,,654f8848f5,200,true,linkerd,linkerd-dst-headless.linkerd.svc.cluster.local:8086,default.robot-shop.serviceaccount.identity.linkerd.cluster.local,,,,,,,,,,
1613778608.136,response_latency_ms_count,,,10.1.7.217:4191,linkerd-proxy,linkerd,,linkerd-destination-654f8848f5-4tr7b,,6293668,,,,,linkerd-destination,destination,linkerd,inbound,,654f8848f5,200,true,linkerd,linkerd-dst-headless.linkerd.svc.cluster.local:8086,default.robot-shop.serviceaccount.identity.linkerd.cluster.local,,,,,,,,,,
1613778618.136,response_latency_ms_count,,,10.1.7.217:4191,linkerd-proxy,linkerd,,linkerd-destination-654f8848f5-4tr7b,,6295630,,,,,linkerd-destination,destination,linkerd,inbound,,654f8848f5,200,true,linkerd,linkerd-dst-headless.linkerd.svc.cluster.local:8086,default.robot-shop.serviceaccount.identity.linkerd.cluster.local,,,,,,,,,,
1613778628.136,response_latency_ms_count,,,10.1.7.217:4191,linkerd-proxy,linkerd,,linkerd-destination-654f8848f5-4tr7b,,6296849,,,,,linkerd-destination,destination,linkerd,inbound,,654f8848f5,200,true,linkerd,linkerd-dst-headless.linkerd.svc.cluster.local:8086,default.robot-shop.serviceaccount.identity.linkerd.cluster.local,,,,,,,,,,
1613778638.136,response_latency_ms_count,,,10.1.7.217:4191,linkerd-proxy,linkerd,,linkerd-destination-654f8848f5-4tr7b,,6297094,,,,,linkerd-destination,destination,linkerd,inbound,,654f8848f5,200,true,linkerd,linkerd-dst-headless.linkerd.svc.cluster.local:8086,default.robot-shop.serviceaccount.identity.linkerd.cluster.local,,,,,,,,,,
1613778591.012,response_latency_ms_count,,,10.1.7.224:4191,linkerd-proxy,linkerd,,linkerd-prometheus-5bccd64d4d-jzwmt,,2747,,,,,linkerd-prometheus,prometheus,linkerd,outbound,,5bccd64d4d,200,true,linkerd,10.1.8.3:4191,,linkerd,mysql,robot-shop,mysql-6fbdd859fd-zs86n,6fbdd859fd,default,default.robot-shop.serviceaccount.identity.linkerd.cluster.local,,,
1613778601.012,response_latency_ms_count,,,10.1.7.224:4191,linkerd-proxy,linkerd,,linkerd-prometheus-5bccd64d4d-jzwmt,,2748,,,,,linkerd-prometheus,prometheus,linkerd,outbound,,5bccd64d4d,200,true,linkerd,10.1.8.3:4191,,linkerd,mysql,robot-shop,mysql-6fbdd859fd-zs86n,6fbdd859fd,default,default.robot-shop.serviceaccount.identity.linkerd.cluster.local,,,
1613778611.011,response_latency_ms_count,,,10.1.7.224:4191,linkerd-proxy,linkerd,,linkerd-prometheus-5bccd64d4d-jzwmt,,2749,,,,,linkerd-prometheus,prometheus,linkerd,outbound,,5bccd64d4d,200,true,linkerd,10.1.8.3:4191,,linkerd,mysql,robot-shop,mysql-6fbdd859fd-zs86n,6fbdd859fd,default,default.robot-shop.serviceaccount.identity.linkerd.cluster.local,,,
1613778621.012,response_latency_ms_count,,,10.1.7.224:4191,linkerd-proxy,linkerd,,linkerd-prometheus-5bccd64d4d-jzwmt,,2750,,,,,linkerd-prometheus,prometheus,linkerd,outbound,,5bccd64d4d,200,true,linkerd,10.1.8.3:4191,,linkerd,mysql,robot-shop,mysql-6fbdd859fd-zs86n,6fbdd859fd,default,default.robot-shop.serviceaccount.identity.linkerd.cluster.local,,,
1613778631.011,response_latency_ms_count,,,10.1.7.224:4191,linkerd-proxy,linkerd,,linkerd-prometheus-5bccd64d4d-jzwmt,,2751,,,,,linkerd-prometheus,prometheus,linkerd,outbound,,5bccd64d4d,200,true,linkerd,10.1.8.3:4191,,linkerd,mysql,robot-shop,mysql-6fbdd859fd-zs86n,6fbdd859fd,default,default.robot-shop.serviceaccount.identity.linkerd.cluster.local,,,
1613778641.011,response_latency_ms_count,,,10.1.7.224:4191,linkerd-proxy,linkerd,,linkerd-prometheus-5bccd64d4d-jzwmt,,2752,,,,,linkerd-prometheus,prometheus,linkerd,outbound,,5bccd64d4d,200,true,linkerd,10.1.8.3:4191,,linkerd,mysql,robot-shop,mysql-6fbdd859fd-zs86n,6fbdd859fd,default,default.robot-shop.serviceaccount.identity.linkerd.cluster.local,,,
1613778591.012,response_latency_ms_count,,,10.1.7.224:4191,linkerd-proxy,linkerd,,linkerd-prometheus-5bccd64d4d-jzwmt,,2746,,,,,linkerd-prometheus,prometheus,linkerd,outbound,,5bccd64d4d,200,true,linkerd,10.1.8.13:4191,,linkerd,,robot-shop,redis-0,,default,default.robot-shop.serviceaccount.identity.linkerd.cluster.local,redis,,
1613778601.012,response_latency_ms_count,,,10.1.7.224:4191,linkerd-proxy,linkerd,,linkerd-prometheus-5bccd64d4d-jzwmt,,2747,,,,,linkerd-prometheus,prometheus,linkerd,outbound,,5bccd64d4d,200,true,linkerd,10.1.8.13:4191,,linkerd,,robot-shop,redis-0,,default,default.robot-shop.serviceaccount.identity.linkerd.cluster.local,redis,,
1613778611.011,response_latency_ms_count,,,10.1.7.224:4191,linkerd-proxy,linkerd,,linkerd-prometheus-5bccd64d4d-jzwmt,,2748,,,,,linkerd-prometheus,prometheus,linkerd,outbound,,5bccd64d4d,200,true,linkerd,10.1.8.13:4191,,linkerd,,robot-shop,redis-0,,default,default.robot-shop.serviceaccount.identity.linkerd.cluster.local,redis,,
1613778621.012,response_latency_ms_count,,,10.1.7.224:4191,linkerd-proxy,linkerd,,linkerd-prometheus-5bccd64d4d-jzwmt,,2749,,,,,linkerd-prometheus,prometheus,linkerd,outbound,,5bccd64d4d,200,true,linkerd,10.1.8.13:4191,,linkerd,,robot-shop,redis-0,,default,default.robot-shop.serviceaccount.identity.linkerd.cluster.local,redis,,
1613778631.011,response_latency_ms_count,,,10.1.7.224:4191,linkerd-proxy,linkerd,,linkerd-prometheus-5bccd64d4d-jzwmt,,2750,,,,,linkerd-prometheus,prometheus,linkerd,outbound,,5bccd64d4d,200,true,linkerd,10.1.8.13:4191,,linkerd,,robot-shop,redis-0,,default,default.robot-shop.serviceaccount.identity.linkerd.cluster.local,redis,,
1613778641.011,response_latency_ms_count,,,10.1.7.224:4191,linkerd-proxy,linkerd,,linkerd-prometheus-5bccd64d4d-jzwmt,,2751,,,,,linkerd-prometheus,prometheus,linkerd,outbound,,5bccd64d4d,200,true,linkerd,10.1.8.13:4191,,linkerd,,robot-shop,redis-0,,default,default.robot-shop.serviceaccount.identity.linkerd.cluster.local,redis,,
1613778591.012,response_latency_ms_count,,,10.1.7.224:4191,linkerd-proxy,linkerd,,linkerd-prometheus-5bccd64d4d-jzwmt,,2746,,,,,linkerd-prometheus,prometheus,linkerd,outbound,,5bccd64d4d,200,true,linkerd,10.1.8.5:4191,,linkerd,rabbitmq,robot-shop,rabbitmq-86f8d8c475-stzdn,86f8d8c475,default,default.robot-shop.serviceaccount.identity.linkerd.cluster.local,,,
1613778601.012,response_latency_ms_count,,,10.1.7.224:4191,linkerd-proxy,linkerd,,linkerd-prometheus-5bccd64d4d-jzwmt,,2747,,,,,linkerd-prometheus,prometheus,linkerd,outbound,,5bccd64d4d,200,true,linkerd,10.1.8.5:4191,,linkerd,rabbitmq,robot-shop,rabbitmq-86f8d8c475-stzdn,86f8d8c475,default,default.robot-shop.serviceaccount.identity.linkerd.cluster.local,,,
1613778611.011,response_latency_ms_count,,,10.1.7.224:4191,linkerd-proxy,linkerd,,linkerd-prometheus-5bccd64d4d-jzwmt,,2748,,,,,linkerd-prometheus,prometheus,linkerd,outbound,,5bccd64d4d,200,true,linkerd,10.1.8.5:4191,,linkerd,rabbitmq,robot-shop,rabbitmq-86f8d8c475-stzdn,86f8d8c475,default,default.robot-shop.serviceaccount.identity.linkerd.cluster.local,,,
1613778621.012,response_latency_ms_count,,,10.1.7.224:4191,linkerd-proxy,linkerd,,linkerd-prometheus-5bccd64d4d-jzwmt,,2749,,,,,linkerd-prometheus,prometheus,linkerd,outbound,,5bccd64d4d,200,true,linkerd,10.1.8.5:4191,,linkerd,rabbitmq,robot-shop,rabbitmq-86f8d8c475-stzdn,86f8d8c475,default,default.robot-shop.serviceaccount.identity.linkerd.cluster.local,,,
1613778631.011,response_latency_ms_count,,,10.1.7.224:4191,linkerd-proxy,linkerd,,linkerd-prometheus-5bccd64d4d-jzwmt,,2750,,,,,linkerd-prometheus,prometheus,linkerd,outbound,,5bccd64d4d,200,true,linkerd,10.1.8.5:4191,,linkerd,rabbitmq,robot-shop,rabbitmq-86f8d8c475-stzdn,86f8d8c475,default,default.robot-shop.serviceaccount.identity.linkerd.cluster.local,,,
1613778641.011,response_latency_ms_count,,,10.1.7.224:4191,linkerd-proxy,linkerd,,linkerd-prometheus-5bccd64d4d-jzwmt,,2751,,,,,linkerd-prometheus,prometheus,linkerd,outbound,,5bccd64d4d,200,true,linkerd,10.1.8.5:4191,,linkerd,rabbitmq,robot-shop,rabbitmq-86f8d8c475-stzdn,86f8d8c475,default,default.robot-shop.serviceaccount.identity.linkerd.cluster.local,,,
1613778591.012,response_latency_ms_count,,,10.1.7.224:4191,linkerd-proxy,linkerd,,linkerd-prometheus-5bccd64d4d-jzwmt,,2746,,,,,linkerd-prometheus,prometheus,linkerd,outbound,,5bccd64d4d,200,true,linkerd,10.1.8.2:4191,,linkerd,mongodb,robot-shop,mongodb-7fcc49887c-c86gw,7fcc49887c,default,default.robot-shop.serviceaccount.identity.linkerd.cluster.local,,,
1613778601.012,response_latency_ms_count,,,10.1.7.224:4191,linkerd-proxy,linkerd,,linkerd-prometheus-5bccd64d4d-jzwmt,,2747,,,,,linkerd-prometheus,prometheus,linkerd,outbound,,5bccd64d4d,200,true,linkerd,10.1.8.2:4191,,linkerd,mongodb,robot-shop,mongodb-7fcc49887c-c86gw,7fcc49887c,default,default.robot-shop.serviceaccount.identity.linkerd.cluster.local,,,
1613778611.011,response_latency_ms_count,,,10.1.7.224:4191,linkerd-proxy,linkerd,,linkerd-prometheus-5bccd64d4d-jzwmt,,2748,,,,,linkerd-prometheus,prometheus,linkerd,outbound,,5bccd64d4d,200,true,linkerd,10.1.8.2:4191,,linkerd,mongodb,robot-shop,mongodb-7fcc49887c-c86gw,7fcc49887c,default,default.robot-shop.serviceaccount.identity.linkerd.cluster.local,,,
1613778621.012,response_latency_ms_count,,,10.1.7.224:4191,linkerd-proxy,linkerd,,linkerd-prometheus-5bccd64d4d-jzwmt,,2749,,,,,linkerd-prometheus,prometheus,linkerd,outbound,,5bccd64d4d,200,true,linkerd,10.1.8.2:4191,,linkerd,mongodb,robot-shop,mongodb-7fcc49887c-c86gw,7fcc49887c,default,default.robot-shop.serviceaccount.identity.linkerd.cluster.local,,,
1613778631.011,response_latency_ms_count,,,10.1.7.224:4191,linkerd-proxy,linkerd,,linkerd-prometheus-5bccd64d4d-jzwmt,,2750,,,,,linkerd-prometheus,prometheus,linkerd,outbound,,5bccd64d4d,200,true,linkerd,10.1.8.2:4191,,linkerd,mongodb,robot-shop,mongodb-7fcc49887c-c86gw,7fcc49887c,default,default.robot-shop.serviceaccount.identity.linkerd.cluster.local,,,
1613778641.011,response_latency_ms_count,,,10.1.7.224:4191,linkerd-proxy,linkerd,,linkerd-prometheus-5bccd64d4d-jzwmt,,2751,,,,,linkerd-prometheus,prometheus,linkerd,outbound,,5bccd64d4d,200,true,linkerd,10.1.8.2:4191,,linkerd,mongodb,robot-shop,mongodb-7fcc49887c-c86gw,7fcc49887c,default,default.robot-shop.serviceaccount.identity.linkerd.cluster.local,,,
1613778591.012,response_latency_ms_count,,,10.1.7.224:4191,linkerd-proxy,linkerd,,linkerd-prometheus-5bccd64d4d-jzwmt,,150,,,,,linkerd-prometheus,prometheus,linkerd,inbound,no_tls_from_remote,5bccd64d4d,200,no_identity,linkerd,localhost:31275,,,,,,,,,,,
1613778601.012,response_latency_ms_count,,,10.1.7.224:4191,linkerd-proxy,linkerd,,linkerd-prometheus-5bccd64d4d-jzwmt,,150,,,,,linkerd-prometheus,prometheus,linkerd,inbound,no_tls_from_remote,5bccd64d4d,200,no_identity,linkerd,localhost:31275,,,,,,,,,,,
1613778611.011,response_latency_ms_count,,,10.1.7.224:4191,linkerd-proxy,linkerd,,linkerd-prometheus-5bccd64d4d-jzwmt,,150,,,,,linkerd-prometheus,prometheus,linkerd,inbound,no_tls_from_remote,5bccd64d4d,200,no_identity,linkerd,localhost:31275,,,,,,,,,,,
1613778621.012,response_latency_ms_count,,,10.1.7.224:4191,linkerd-proxy,linkerd,,linkerd-prometheus-5bccd64d4d-jzwmt,,150,,,,,linkerd-prometheus,prometheus,linkerd,inbound,no_tls_from_remote,5bccd64d4d,200,no_identity,linkerd,localhost:31275,,,,,,,,,,,
1613778631.011,response_latency_ms_count,,,10.1.7.224:4191,linkerd-proxy,linkerd,,linkerd-prometheus-5bccd64d4d-jzwmt,,150,,,,,linkerd-prometheus,prometheus,linkerd,inbound,no_tls_from_remote,5bccd64d4d,200,no_identity,linkerd,localhost:31275,,,,,,,,,,,
1613778641.011,response_latency_ms_count,,,10.1.7.224:4191,linkerd-proxy,linkerd,,linkerd-prometheus-5bccd64d4d-jzwmt,,150,,,,,linkerd-prometheus,prometheus,linkerd,inbound,no_tls_from_remote,5bccd64d4d,200,no_identity,linkerd,localhost:31275,,,,,,,,,,,
1613778590.094,response_latency_ms_count,,,10.1.7.218:4191,linkerd-proxy,linkerd,,linkerd-proxy-injector-666c478cbb-z7nnc,,0,,,,,linkerd-proxy-injector,proxy-injector,linkerd,inbound,no_tls_from_remote,666c478cbb,,no_identity,linkerd,,,,,,,,,,,,
1613778600.094,response_latency_ms_count,,,10.1.7.218:4191,linkerd-proxy,linkerd,,linkerd-proxy-injector-666c478cbb-z7nnc,,0,,,,,linkerd-proxy-injector,proxy-injector,linkerd,inbound,no_tls_from_remote,666c478cbb,,no_identity,linkerd,,,,,,,,,,,,
1613778610.095,response_latency_ms_count,,,10.1.7.218:4191,linkerd-proxy,linkerd,,linkerd-proxy-injector-666c478cbb-z7nnc,,0,,,,,linkerd-proxy-injector,proxy-injector,linkerd,inbound,no_tls_from_remote,666c478cbb,,no_identity,linkerd,,,,,,,,,,,,
1613778620.094,response_latency_ms_count,,,10.1.7.218:4191,linkerd-proxy,linkerd,,linkerd-proxy-injector-666c478cbb-z7nnc,,0,,,,,linkerd-proxy-injector,proxy-injector,linkerd,inbound,no_tls_from_remote,666c478cbb,,no_identity,linkerd,,,,,,,,,,,,
1613778630.094,response_latency_ms_count,,,10.1.7.218:4191,linkerd-proxy,linkerd,,linkerd-proxy-injector-666c478cbb-z7nnc,,0,,,,,linkerd-proxy-injector,proxy-injector,linkerd,inbound,no_tls_from_remote,666c478cbb,,no_identity,linkerd,,,,,,,,,,,,
1613778640.094,response_latency_ms_count,,,10.1.7.218:4191,linkerd-proxy,linkerd,,linkerd-proxy-injector-666c478cbb-z7nnc,,0,,,,,linkerd-proxy-injector,proxy-injector,linkerd,inbound,no_tls_from_remote,666c478cbb,,no_identity,linkerd,,,,,,,,,,,,
1613778591.012,response_latency_ms_count,,,10.1.7.224:4191,linkerd-proxy,linkerd,,linkerd-prometheus-5bccd64d4d-jzwmt,,185,,,,,linkerd-prometheus,prometheus,linkerd,outbound,,5bccd64d4d,200,true,linkerd,10.1.10.70:4191,,linkerd,cart,robot-shop,cart-7b6b494d5d-7g9ck,7b6b494d5d,default,default.robot-shop.serviceaccount.identity.linkerd.cluster.local,,,
1613778601.012,response_latency_ms_count,,,10.1.7.224:4191,linkerd-proxy,linkerd,,linkerd-prometheus-5bccd64d4d-jzwmt,,185,,,,,linkerd-prometheus,prometheus,linkerd,outbound,,5bccd64d4d,200,true,linkerd,10.1.10.70:4191,,linkerd,cart,robot-shop,cart-7b6b494d5d-7g9ck,7b6b494d5d,default,default.robot-shop.serviceaccount.identity.linkerd.cluster.local,,,
1613778611.011,response_latency_ms_count,,,10.1.7.224:4191,linkerd-proxy,linkerd,,linkerd-prometheus-5bccd64d4d-jzwmt,,185,,,,,linkerd-prometheus,prometheus,linkerd,outbound,,5bccd64d4d,200,true,linkerd,10.1.10.70:4191,,linkerd,cart,robot-shop,cart-7b6b494d5d-7g9ck,7b6b494d5d,default,default.robot-shop.serviceaccount.identity.linkerd.cluster.local,,,
1613778621.012,response_latency_ms_count,,,10.1.7.224:4191,linkerd-proxy,linkerd,,linkerd-prometheus-5bccd64d4d-jzwmt,,185,,,,,linkerd-prometheus,prometheus,linkerd,outbound,,5bccd64d4d,200,true,linkerd,10.1.10.70:4191,,linkerd,cart,robot-shop,cart-7b6b494d5d-7g9ck,7b6b494d5d,default,default.robot-shop.serviceaccount.identity.linkerd.cluster.local,,,
1613778631.011,response_latency_ms_count,,,10.1.7.224:4191,linkerd-proxy,linkerd,,linkerd-prometheus-5bccd64d4d-jzwmt,,185,,,,,linkerd-prometheus,prometheus,linkerd,outbound,,5bccd64d4d,200,true,linkerd,10.1.10.70:4191,,linkerd,cart,robot-shop,cart-7b6b494d5d-7g9ck,7b6b494d5d,default,default.robot-shop.serviceaccount.identity.linkerd.cluster.local,,,
1613778641.011,response_latency_ms_count,,,10.1.7.224:4191,linkerd-proxy,linkerd,,linkerd-prometheus-5bccd64d4d-jzwmt,,185,,,,,linkerd-prometheus,prometheus,linkerd,outbound,,5bccd64d4d,200,true,linkerd,10.1.10.70:4191,,linkerd,cart,robot-shop,cart-7b6b494d5d-7g9ck,7b6b494d5d,default,default.robot-shop.serviceaccount.identity.linkerd.cluster.local,,,
1613778591.012,response_latency_ms_count,,,10.1.7.224:4191,linkerd-proxy,linkerd,,linkerd-prometheus-5bccd64d4d-jzwmt,,182,,,,,linkerd-prometheus,prometheus,linkerd,outbound,,5bccd64d4d,200,true,linkerd,10.1.10.73:4191,,linkerd,payment,robot-shop,payment-c67d9b657-rjw5v,c67d9b657,default,default.robot-shop.serviceaccount.identity.linkerd.cluster.local,,,
1613778601.012,response_latency_ms_count,,,10.1.7.224:4191,linkerd-proxy,linkerd,,linkerd-prometheus-5bccd64d4d-jzwmt,,182,,,,,linkerd-prometheus,prometheus,linkerd,outbound,,5bccd64d4d,200,true,linkerd,10.1.10.73:4191,,linkerd,payment,robot-shop,payment-c67d9b657-rjw5v,c67d9b657,default,default.robot-shop.serviceaccount.identity.linkerd.cluster.local,,,
1613778611.011,response_latency_ms_count,,,10.1.7.224:4191,linkerd-proxy,linkerd,,linkerd-prometheus-5bccd64d4d-jzwmt,,182,,,,,linkerd-prometheus,prometheus,linkerd,outbound,,5bccd64d4d,200,true,linkerd,10.1.10.73:4191,,linkerd,payment,robot-shop,payment-c67d9b657-rjw5v,c67d9b657,default,default.robot-shop.serviceaccount.identity.linkerd.cluster.local,,,
1613778621.012,response_latency_ms_count,,,10.1.7.224:4191,linkerd-proxy,linkerd,,linkerd-prometheus-5bccd64d4d-jzwmt,,182,,,,,linkerd-prometheus,prometheus,linkerd,outbound,,5bccd64d4d,200,true,linkerd,10.1.10.73:4191,,linkerd,payment,robot-shop,payment-c67d9b657-rjw5v,c67d9b657,default,default.robot-shop.serviceaccount.identity.linkerd.cluster.local,,,
1613778631.011,response_latency_ms_count,,,10.1.7.224:4191,linkerd-proxy,linkerd,,linkerd-prometheus-5bccd64d4d-jzwmt,,182,,,,,linkerd-prometheus,prometheus,linkerd,outbound,,5bccd64d4d,200,true,linkerd,10.1.10.73:4191,,linkerd,payment,robot-shop,payment-c67d9b657-rjw5v,c67d9b657,default,default.robot-shop.serviceaccount.identity.linkerd.cluster.local,,,
1613778641.011,response_latency_ms_count,,,10.1.7.224:4191,linkerd-proxy,linkerd,,linkerd-prometheus-5bccd64d4d-jzwmt,,182,,,,,linkerd-prometheus,prometheus,linkerd,outbound,,5bccd64d4d,200,true,linkerd,10.1.10.73:4191,,linkerd,payment,robot-shop,payment-c67d9b657-rjw5v,c67d9b657,default,default.robot-shop.serviceaccount.identity.linkerd.cluster.local,,,
1613778591.012,response_latency_ms_count,,,10.1.7.224:4191,linkerd-proxy,linkerd,,linkerd-prometheus-5bccd64d4d-jzwmt,,185,,,,,linkerd-prometheus,prometheus,linkerd,outbound,,5bccd64d4d,200,true,linkerd,10.1.10.76:4191,,linkerd,user,robot-shop,user-585f6dddcc-wfnkw,585f6dddcc,default,default.robot-shop.serviceaccount.identity.linkerd.cluster.local,,,
1613778601.012,response_latency_ms_count,,,10.1.7.224:4191,linkerd-proxy,linkerd,,linkerd-prometheus-5bccd64d4d-jzwmt,,185,,,,,linkerd-prometheus,prometheus,linkerd,outbound,,5bccd64d4d,200,true,linkerd,10.1.10.76:4191,,linkerd,user,robot-shop,user-585f6dddcc-wfnkw,585f6dddcc,default,default.robot-shop.serviceaccount.identity.linkerd.cluster.local,,,
1613778611.011,response_latency_ms_count,,,10.1.7.224:4191,linkerd-proxy,linkerd,,linkerd-prometheus-5bccd64d4d-jzwmt,,185,,,,,linkerd-prometheus,prometheus,linkerd,outbound,,5bccd64d4d,200,true,linkerd,10.1.10.76:4191,,linkerd,user,robot-shop,user-585f6dddcc-wfnkw,585f6dddcc,default,default.robot-shop.serviceaccount.identity.linkerd.cluster.local,,,
1613778621.012,response_latency_ms_count,,,10.1.7.224:4191,linkerd-proxy,linkerd,,linkerd-prometheus-5bccd64d4d-jzwmt,,185,,,,,linkerd-prometheus,prometheus,linkerd,outbound,,5bccd64d4d,200,true,linkerd,10.1.10.76:4191,,linkerd,user,robot-shop,user-585f6dddcc-wfnkw,585f6dddcc,default,default.robot-shop.serviceaccount.identity.linkerd.cluster.local,,,
1613778631.011,response_latency_ms_count,,,10.1.7.224:4191,linkerd-proxy,linkerd,,linkerd-prometheus-5bccd64d4d-jzwmt,,185,,,,,linkerd-prometheus,prometheus,linkerd,outbound,,5bccd64d4d,200,true,linkerd,10.1.10.76:4191,,linkerd,user,robot-shop,user-585f6dddcc-wfnkw,585f6dddcc,default,default.robot-shop.serviceaccount.identity.linkerd.cluster.local,,,
1613778641.011,response_latency_ms_count,,,10.1.7.224:4191,linkerd-proxy,linkerd,,linkerd-prometheus-5bccd64d4d-jzwmt,,185,,,,,linkerd-prometheus,prometheus,linkerd,outbound,,5bccd64d4d,200,true,linkerd,10.1.10.76:4191,,linkerd,user,robot-shop,user-585f6dddcc-wfnkw,585f6dddcc,default,default.robot-shop.serviceaccount.identity.linkerd.cluster.local,,,
1613778591.012,response_latency_ms_count,,,10.1.7.224:4191,linkerd-proxy,linkerd,,linkerd-prometheus-5bccd64d4d-jzwmt,,182,,,,,linkerd-prometheus,prometheus,linkerd,outbound,,5bccd64d4d,200,true,linkerd,10.1.10.74:4191,,linkerd,ratings,robot-shop,ratings-5bc6694dc9-bqwbp,5bc6694dc9,default,default.robot-shop.serviceaccount.identity.linkerd.cluster.local,,,
1613778601.012,response_latency_ms_count,,,10.1.7.224:4191,linkerd-proxy,linkerd,,linkerd-prometheus-5bccd64d4d-jzwmt,,182,,,,,linkerd-prometheus,prometheus,linkerd,outbound,,5bccd64d4d,200,true,linkerd,10.1.10.74:4191,,linkerd,ratings,robot-shop,ratings-5bc6694dc9-bqwbp,5bc6694dc9,default,default.robot-shop.serviceaccount.identity.linkerd.cluster.local,,,
1613778611.011,response_latency_ms_count,,,10.1.7.224:4191,linkerd-proxy,linkerd,,linkerd-prometheus-5bccd64d4d-jzwmt,,182,,,,,linkerd-prometheus,prometheus,linkerd,outbound,,5bccd64d4d,200,true,linkerd,10.1.10.74:4191,,linkerd,ratings,robot-shop,ratings-5bc6694dc9-bqwbp,5bc6694dc9,default,default.robot-shop.serviceaccount.identity.linkerd.cluster.local,,,
1613778621.012,response_latency_ms_count,,,10.1.7.224:4191,linkerd-proxy,linkerd,,linkerd-prometheus-5bccd64d4d-jzwmt,,182,,,,,linkerd-prometheus,prometheus,linkerd,outbound,,5bccd64d4d,200,true,linkerd,10.1.10.74:4191,,linkerd,ratings,robot-shop,ratings-5bc6694dc9-bqwbp,5bc6694dc9,default,default.robot-shop.serviceaccount.identity.linkerd.cluster.local,,,
1613778631.011,response_latency_ms_count,,,10.1.7.224:4191,linkerd-proxy,linkerd,,linkerd-prometheus-5bccd64d4d-jzwmt,,182,,,,,linkerd-prometheus,prometheus,linkerd,outbound,,5bccd64d4d,200,true,linkerd,10.1.10.74:4191,,linkerd,ratings,robot-shop,ratings-5bc6694dc9-bqwbp,5bc6694dc9,default,default.robot-shop.serviceaccount.identity.linkerd.cluster.local,,,
1613778641.011,response_latency_ms_count,,,10.1.7.224:4191,linkerd-proxy,linkerd,,linkerd-prometheus-5bccd64d4d-jzwmt,,182,,,,,linkerd-prometheus,prometheus,linkerd,outbound,,5bccd64d4d,200,true,linkerd,10.1.10.74:4191,,linkerd,ratings,robot-shop,ratings-5bc6694dc9-bqwbp,5bc6694dc9,default,default.robot-shop.serviceaccount.identity.linkerd.cluster.local,,,
1613778591.012,response_latency_ms_count,,,10.1.7.224:4191,linkerd-proxy,linkerd,,linkerd-prometheus-5bccd64d4d-jzwmt,,185,,,,,linkerd-prometheus,prometheus,linkerd,outbound,,5bccd64d4d,200,true,linkerd,10.1.10.71:4191,,linkerd,dispatch,robot-shop,dispatch-56cc554d57-9z5wk,56cc554d57,default,default.robot-shop.serviceaccount.identity.linkerd.cluster.local,,,
1613778601.012,response_latency_ms_count,,,10.1.7.224:4191,linkerd-proxy,linkerd,,linkerd-prometheus-5bccd64d4d-jzwmt,,185,,,,,linkerd-prometheus,prometheus,linkerd,outbound,,5bccd64d4d,200,true,linkerd,10.1.10.71:4191,,linkerd,dispatch,robot-shop,dispatch-56cc554d57-9z5wk,56cc554d57,default,default.robot-shop.serviceaccount.identity.linkerd.cluster.local,,,
1613778611.011,response_latency_ms_count,,,10.1.7.224:4191,linkerd-proxy,linkerd,,linkerd-prometheus-5bccd64d4d-jzwmt,,185,,,,,linkerd-prometheus,prometheus,linkerd,outbound,,5bccd64d4d,200,true,linkerd,10.1.10.71:4191,,linkerd,dispatch,robot-shop,dispatch-56cc554d57-9z5wk,56cc554d57,default,default.robot-shop.serviceaccount.identity.linkerd.cluster.local,,,
1613778621.012,response_latency_ms_count,,,10.1.7.224:4191,linkerd-proxy,linkerd,,linkerd-prometheus-5bccd64d4d-jzwmt,,185,,,,,linkerd-prometheus,prometheus,linkerd,outbound,,5bccd64d4d,200,true,linkerd,10.1.10.71:4191,,linkerd,dispatch,robot-shop,dispatch-56cc554d57-9z5wk,56cc554d57,default,default.robot-shop.serviceaccount.identity.linkerd.cluster.local,,,
1613778631.011,response_latency_ms_count,,,10.1.7.224:4191,linkerd-proxy,linkerd,,linkerd-prometheus-5bccd64d4d-jzwmt,,185,,,,,linkerd-prometheus,prometheus,linkerd,outbound,,5bccd64d4d,200,true,linkerd,10.1.10.71:4191,,linkerd,dispatch,robot-shop,dispatch-56cc554d57-9z5wk,56cc554d57,default,default.robot-shop.serviceaccount.identity.linkerd.cluster.local,,,
1613778641.011,response_latency_ms_count,,,10.1.7.224:4191,linkerd-proxy,linkerd,,linkerd-prometheus-5bccd64d4d-jzwmt,,185,,,,,linkerd-prometheus,prometheus,linkerd,outbound,,5bccd64d4d,200,true,linkerd,10.1.10.71:4191,,linkerd,dispatch,robot-shop,dispatch-56cc554d57-9z5wk,56cc554d57,default,default.robot-shop.serviceaccount.identity.linkerd.cluster.local,,,
1613778591.012,response_latency_ms_count,,,10.1.7.224:4191,linkerd-proxy,linkerd,,linkerd-prometheus-5bccd64d4d-jzwmt,,181,,,,,linkerd-prometheus,prometheus,linkerd,outbound,,5bccd64d4d,200,true,linkerd,10.1.10.77:4191,,linkerd,web,robot-shop,web-7b9d5b8875-r6fz9,7b9d5b8875,default,default.robot-shop.serviceaccount.identity.linkerd.cluster.local,,,
1613778601.012,response_latency_ms_count,,,10.1.7.224:4191,linkerd-proxy,linkerd,,linkerd-prometheus-5bccd64d4d-jzwmt,,181,,,,,linkerd-prometheus,prometheus,linkerd,outbound,,5bccd64d4d,200,true,linkerd,10.1.10.77:4191,,linkerd,web,robot-shop,web-7b9d5b8875-r6fz9,7b9d5b8875,default,default.robot-shop.serviceaccount.identity.linkerd.cluster.local,,,
1613778611.011,response_latency_ms_count,,,10.1.7.224:4191,linkerd-proxy,linkerd,,linkerd-prometheus-5bccd64d4d-jzwmt,,181,,,,,linkerd-prometheus,prometheus,linkerd,outbound,,5bccd64d4d,200,true,linkerd,10.1.10.77:4191,,linkerd,web,robot-shop,web-7b9d5b8875-r6fz9,7b9d5b8875,default,default.robot-shop.serviceaccount.identity.linkerd.cluster.local,,,
1613778621.012,response_latency_ms_count,,,10.1.7.224:4191,linkerd-proxy,linkerd,,linkerd-prometheus-5bccd64d4d-jzwmt,,181,,,,,linkerd-prometheus,prometheus,linkerd,outbound,,5bccd64d4d,200,true,linkerd,10.1.10.77:4191,,linkerd,web,robot-shop,web-7b9d5b8875-r6fz9,7b9d5b8875,default,default.robot-shop.serviceaccount.identity.linkerd.cluster.local,,,
1613778631.011,response_latency_ms_count,,,10.1.7.224:4191,linkerd-proxy,linkerd,,linkerd-prometheus-5bccd64d4d-jzwmt,,181,,,,,linkerd-prometheus,prometheus,linkerd,outbound,,5bccd64d4d,200,true,linkerd,10.1.10.77:4191,,linkerd,web,robot-shop,web-7b9d5b8875-r6fz9,7b9d5b8875,default,default.robot-shop.serviceaccount.identity.linkerd.cluster.local,,,
1613778641.011,response_latency_ms_count,,,10.1.7.224:4191,linkerd-proxy,linkerd,,linkerd-prometheus-5bccd64d4d-jzwmt,,181,,,,,linkerd-prometheus,prometheus,linkerd,outbound,,5bccd64d4d,200,true,linkerd,10.1.10.77:4191,,linkerd,web,robot-shop,web-7b9d5b8875-r6fz9,7b9d5b8875,default,default.robot-shop.serviceaccount.identity.linkerd.cluster.local,,,
1613778591.012,response_latency_ms_count,,,10.1.7.224:4191,linkerd-proxy,linkerd,,linkerd-prometheus-5bccd64d4d-jzwmt,,185,,,,,linkerd-prometheus,prometheus,linkerd,outbound,,5bccd64d4d,200,true,linkerd,10.1.10.72:4191,,linkerd,catalogue,robot-shop,catalogue-c855cf79c-6mkjn,c855cf79c,default,default.robot-shop.serviceaccount.identity.linkerd.cluster.local,,,
1613778601.012,response_latency_ms_count,,,10.1.7.224:4191,linkerd-proxy,linkerd,,linkerd-prometheus-5bccd64d4d-jzwmt,,185,,,,,linkerd-prometheus,prometheus,linkerd,outbound,,5bccd64d4d,200,true,linkerd,10.1.10.72:4191,,linkerd,catalogue,robot-shop,catalogue-c855cf79c-6mkjn,c855cf79c,default,default.robot-shop.serviceaccount.identity.linkerd.cluster.local,,,
1613778611.011,response_latency_ms_count,,,10.1.7.224:4191,linkerd-proxy,linkerd,,linkerd-prometheus-5bccd64d4d-jzwmt,,185,,,,,linkerd-prometheus,prometheus,linkerd,outbound,,5bccd64d4d,200,true,linkerd,10.1.10.72:4191,,linkerd,catalogue,robot-shop,catalogue-c855cf79c-6mkjn,c855cf79c,default,default.robot-shop.serviceaccount.identity.linkerd.cluster.local,,,
1613778621.012,response_latency_ms_count,,,10.1.7.224:4191,linkerd-proxy,linkerd,,linkerd-prometheus-5bccd64d4d-jzwmt,,185,,,,,linkerd-prometheus,prometheus,linkerd,outbound,,5bccd64d4d,200,true,linkerd,10.1.10.72:4191,,linkerd,catalogue,robot-shop,catalogue-c855cf79c-6mkjn,c855cf79c,default,default.robot-shop.serviceaccount.identity.linkerd.cluster.local,,,
1613778631.011,response_latency_ms_count,,,10.1.7.224:4191,linkerd-proxy,linkerd,,linkerd-prometheus-5bccd64d4d-jzwmt,,185,,,,,linkerd-prometheus,prometheus,linkerd,outbound,,5bccd64d4d,200,true,linkerd,10.1.10.72:4191,,linkerd,catalogue,robot-shop,catalogue-c855cf79c-6mkjn,c855cf79c,default,default.robot-shop.serviceaccount.identity.linkerd.cluster.local,,,
1613778641.011,response_latency_ms_count,,,10.1.7.224:4191,linkerd-proxy,linkerd,,linkerd-prometheus-5bccd64d4d-jzwmt,,185,,,,,linkerd-prometheus,prometheus,linkerd,outbound,,5bccd64d4d,200,true,linkerd,10.1.10.72:4191,,linkerd,catalogue,robot-shop,catalogue-c855cf79c-6mkjn,c855cf79c,default,default.robot-shop.serviceaccount.identity.linkerd.cluster.local,,,
1613778591.012,response_latency_ms_count,,,10.1.7.224:4191,linkerd-proxy,linkerd,,linkerd-prometheus-5bccd64d4d-jzwmt,,179,,,,,linkerd-prometheus,prometheus,linkerd,outbound,,5bccd64d4d,200,true,linkerd,10.1.10.75:4191,,linkerd,shipping,robot-shop,shipping-596cccbb5d-w88mj,596cccbb5d,default,default.robot-shop.serviceaccount.identity.linkerd.cluster.local,,,
1613778601.012,response_latency_ms_count,,,10.1.7.224:4191,linkerd-proxy,linkerd,,linkerd-prometheus-5bccd64d4d-jzwmt,,179,,,,,linkerd-prometheus,prometheus,linkerd,outbound,,5bccd64d4d,200,true,linkerd,10.1.10.75:4191,,linkerd,shipping,robot-shop,shipping-596cccbb5d-w88mj,596cccbb5d,default,default.robot-shop.serviceaccount.identity.linkerd.cluster.local,,,
1613778611.011,response_latency_ms_count,,,10.1.7.224:4191,linkerd-proxy,linkerd,,linkerd-prometheus-5bccd64d4d-jzwmt,,179,,,,,linkerd-prometheus,prometheus,linkerd,outbound,,5bccd64d4d,200,true,linkerd,10.1.10.75:4191,,linkerd,shipping,robot-shop,shipping-596cccbb5d-w88mj,596cccbb5d,default,default.robot-shop.serviceaccount.identity.linkerd.cluster.local,,,
1613778621.012,response_latency_ms_count,,,10.1.7.224:4191,linkerd-proxy,linkerd,,linkerd-prometheus-5bccd64d4d-jzwmt,,179,,,,,linkerd-prometheus,prometheus,linkerd,outbound,,5bccd64d4d,200,true,linkerd,10.1.10.75:4191,,linkerd,shipping,robot-shop,shipping-596cccbb5d-w88mj,596cccbb5d,default,default.robot-shop.serviceaccount.identity.linkerd.cluster.local,,,
1613778631.011,response_latency_ms_count,,,10.1.7.224:4191,linkerd-proxy,linkerd,,linkerd-prometheus-5bccd64d4d-jzwmt,,179,,,,,linkerd-prometheus,prometheus,linkerd,outbound,,5bccd64d4d,200,true,linkerd,10.1.10.75:4191,,linkerd,shipping,robot-shop,shipping-596cccbb5d-w88mj,596cccbb5d,default,default.robot-shop.serviceaccount.identity.linkerd.cluster.local,,,
1613778641.011,response_latency_ms_count,,,10.1.7.224:4191,linkerd-proxy,linkerd,,linkerd-prometheus-5bccd64d4d-jzwmt,,179,,,,,linkerd-prometheus,prometheus,linkerd,outbound,,5bccd64d4d,200,true,linkerd,10.1.10.75:4191,,linkerd,shipping,robot-shop,shipping-596cccbb5d-w88mj,596cccbb5d,default,default.robot-shop.serviceaccount.identity.linkerd.cluster.local,,,
1613778591.012,response_latency_ms_count,,,10.1.7.224:4191,linkerd-proxy,linkerd,,linkerd-prometheus-5bccd64d4d-jzwmt,,145,,,,,linkerd-prometheus,prometheus,linkerd,outbound,,5bccd64d4d,200,true,linkerd,10.1.10.84:4191,,linkerd,web,robot-shop,web-7b9d5b8875-gj8q7,7b9d5b8875,default,default.robot-shop.serviceaccount.identity.linkerd.cluster.local,,,
1613778601.012,response_latency_ms_count,,,10.1.7.224:4191,linkerd-proxy,linkerd,,linkerd-prometheus-5bccd64d4d-jzwmt,,145,,,,,linkerd-prometheus,prometheus,linkerd,outbound,,5bccd64d4d,200,true,linkerd,10.1.10.84:4191,,linkerd,web,robot-shop,web-7b9d5b8875-gj8q7,7b9d5b8875,default,default.robot-shop.serviceaccount.identity.linkerd.cluster.local,,,
1613778611.011,response_latency_ms_count,,,10.1.7.224:4191,linkerd-proxy,linkerd,,linkerd-prometheus-5bccd64d4d-jzwmt,,145,,,,,linkerd-prometheus,prometheus,linkerd,outbound,,5bccd64d4d,200,true,linkerd,10.1.10.84:4191,,linkerd,web,robot-shop,web-7b9d5b8875-gj8q7,7b9d5b8875,default,default.robot-shop.serviceaccount.identity.linkerd.cluster.local,,,
1613778621.012,response_latency_ms_count,,,10.1.7.224:4191,linkerd-proxy,linkerd,,linkerd-prometheus-5bccd64d4d-jzwmt,,145,,,,,linkerd-prometheus,prometheus,linkerd,outbound,,5bccd64d4d,200,true,linkerd,10.1.10.84:4191,,linkerd,web,robot-shop,web-7b9d5b8875-gj8q7,7b9d5b8875,default,default.robot-shop.serviceaccount.identity.linkerd.cluster.local,,,
1613778631.011,response_latency_ms_count,,,10.1.7.224:4191,linkerd-proxy,linkerd,,linkerd-prometheus-5bccd64d4d-jzwmt,,145,,,,,linkerd-prometheus,prometheus,linkerd,outbound,,5bccd64d4d,200,true,linkerd,10.1.10.84:4191,,linkerd,web,robot-shop,web-7b9d5b8875-gj8q7,7b9d5b8875,default,default.robot-shop.serviceaccount.identity.linkerd.cluster.local,,,
1613778641.011,response_latency_ms_count,,,10.1.7.224:4191,linkerd-proxy,linkerd,,linkerd-prometheus-5bccd64d4d-jzwmt,,145,,,,,linkerd-prometheus,prometheus,linkerd,outbound,,5bccd64d4d,200,true,linkerd,10.1.10.84:4191,,linkerd,web,robot-shop,web-7b9d5b8875-gj8q7,7b9d5b8875,default,default.robot-shop.serviceaccount.identity.linkerd.cluster.local,,,
1613778591.012,response_latency_ms_count,,,10.1.7.224:4191,linkerd-proxy,linkerd,,linkerd-prometheus-5bccd64d4d-jzwmt,,147,,,,,linkerd-prometheus,prometheus,linkerd,outbound,,5bccd64d4d,200,true,linkerd,10.1.10.79:4191,,linkerd,dispatch,robot-shop,dispatch-56cc554d57-bznj6,56cc554d57,default,default.robot-shop.serviceaccount.identity.linkerd.cluster.local,,,
1613778601.012,response_latency_ms_count,,,10.1.7.224:4191,linkerd-proxy,linkerd,,linkerd-prometheus-5bccd64d4d-jzwmt,,147,,,,,linkerd-prometheus,prometheus,linkerd,outbound,,5bccd64d4d,200,true,linkerd,10.1.10.79:4191,,linkerd,dispatch,robot-shop,dispatch-56cc554d57-bznj6,56cc554d57,default,default.robot-shop.serviceaccount.identity.linkerd.cluster.local,,,
1613778611.011,response_latency_ms_count,,,10.1.7.224:4191,linkerd-proxy,linkerd,,linkerd-prometheus-5bccd64d4d-jzwmt,,147,,,,,linkerd-prometheus,prometheus,linkerd,outbound,,5bccd64d4d,200,true,linkerd,10.1.10.79:4191,,linkerd,dispatch,robot-shop,dispatch-56cc554d57-bznj6,56cc554d57,default,default.robot-shop.serviceaccount.identity.linkerd.cluster.local,,,
1613778621.012,response_latency_ms_count,,,10.1.7.224:4191,linkerd-proxy,linkerd,,linkerd-prometheus-5bccd64d4d-jzwmt,,147,,,,,linkerd-prometheus,prometheus,linkerd,outbound,,5bccd64d4d,200,true,linkerd,10.1.10.79:4191,,linkerd,dispatch,robot-shop,dispatch-56cc554d57-bznj6,56cc554d57,default,default.robot-shop.serviceaccount.identity.linkerd.cluster.local,,,
1613778631.011,response_latency_ms_count,,,10.1.7.224:4191,linkerd-proxy,linkerd,,linkerd-prometheus-5bccd64d4d-jzwmt,,147,,,,,linkerd-prometheus,prometheus,linkerd,outbound,,5bccd64d4d,200,true,linkerd,10.1.10.79:4191,,linkerd,dispatch,robot-shop,dispatch-56cc554d57-bznj6,56cc554d57,default,default.robot-shop.serviceaccount.identity.linkerd.cluster.local,,,
1613778641.011,response_latency_ms_count,,,10.1.7.224:4191,linkerd-proxy,linkerd,,linkerd-prometheus-5bccd64d4d-jzwmt,,147,,,,,linkerd-prometheus,prometheus,linkerd,outbound,,5bccd64d4d,200,true,linkerd,10.1.10.79:4191,,linkerd,dispatch,robot-shop,dispatch-56cc554d57-bznj6,56cc554d57,default,default.robot-shop.serviceaccount.identity.linkerd.cluster.local,,,
1613778591.012,response_latency_ms_count,,,10.1.7.224:4191,linkerd-proxy,linkerd,,linkerd-prometheus-5bccd64d4d-jzwmt,,147,,,,,linkerd-prometheus,prometheus,linkerd,outbound,,5bccd64d4d,200,true,linkerd,10.1.10.82:4191,,linkerd,payment,robot-shop,payment-c67d9b657-sx8rg,c67d9b657,default,default.robot-shop.serviceaccount.identity.linkerd.cluster.local,,,
1613778601.012,response_latency_ms_count,,,10.1.7.224:4191,linkerd-proxy,linkerd,,linkerd-prometheus-5bccd64d4d-jzwmt,,147,,,,,linkerd-prometheus,prometheus,linkerd,outbound,,5bccd64d4d,200,true,linkerd,10.1.10.82:4191,,linkerd,payment,robot-shop,payment-c67d9b657-sx8rg,c67d9b657,default,default.robot-shop.serviceaccount.identity.linkerd.cluster.local,,,
1613778611.011,response_latency_ms_count,,,10.1.7.224:4191,linkerd-proxy,linkerd,,linkerd-prometheus-5bccd64d4d-jzwmt,,147,,,,,linkerd-prometheus,prometheus,linkerd,outbound,,5bccd64d4d,200,true,linkerd,10.1.10.82:4191,,linkerd,payment,robot-shop,payment-c67d9b657-sx8rg,c67d9b657,default,default.robot-shop.serviceaccount.identity.linkerd.cluster.local,,,
1613778621.012,response_latency_ms_count,,,10.1.7.224:4191,linkerd-proxy,linkerd,,linkerd-prometheus-5bccd64d4d-jzwmt,,147,,,,,linkerd-prometheus,prometheus,linkerd,outbound,,5bccd64d4d,200,true,linkerd,10.1.10.82:4191,,linkerd,payment,robot-shop,payment-c67d9b657-sx8rg,c67d9b657,default,default.robot-shop.serviceaccount.identity.linkerd.cluster.local,,,
1613778631.011,response_latency_ms_count,,,10.1.7.224:4191,linkerd-proxy,linkerd,,linkerd-prometheus-5bccd64d4d-jzwmt,,147,,,,,linkerd-prometheus,prometheus,linkerd,outbound,,5bccd64d4d,200,true,linkerd,10.1.10.82:4191,,linkerd,payment,robot-shop,payment-c67d9b657-sx8rg,c67d9b657,default,default.robot-shop.serviceaccount.identity.linkerd.cluster.local,,,
1613778641.011,response_latency_ms_count,,,10.1.7.224:4191,linkerd-proxy,linkerd,,linkerd-prometheus-5bccd64d4d-jzwmt,,147,,,,,linkerd-prometheus,prometheus,linkerd,outbound,,5bccd64d4d,200,true,linkerd,10.1.10.82:4191,,linkerd,payment,robot-shop,payment-c67d9b657-sx8rg,c67d9b657,default,default.robot-shop.serviceaccount.identity.linkerd.cluster.local,,,
1613778591.012,response_latency_ms_count,,,10.1.7.224:4191,linkerd-proxy,linkerd,,linkerd-prometheus-5bccd64d4d-jzwmt,,147,,,,,linkerd-prometheus,prometheus,linkerd,outbound,,5bccd64d4d,200,true,linkerd,10.1.10.78:4191,,linkerd,cart,robot-shop,cart-7b6b494d5d-btrvc,7b6b494d5d,default,default.robot-shop.serviceaccount.identity.linkerd.cluster.local,,,
1613778601.012,response_latency_ms_count,,,10.1.7.224:4191,linkerd-proxy,linkerd,,linkerd-prometheus-5bccd64d4d-jzwmt,,147,,,,,linkerd-prometheus,prometheus,linkerd,outbound,,5bccd64d4d,200,true,linkerd,10.1.10.78:4191,,linkerd,cart,robot-shop,cart-7b6b494d5d-btrvc,7b6b494d5d,default,default.robot-shop.serviceaccount.identity.linkerd.cluster.local,,,
1613778611.011,response_latency_ms_count,,,10.1.7.224:4191,linkerd-proxy,linkerd,,linkerd-prometheus-5bccd64d4d-jzwmt,,147,,,,,linkerd-prometheus,prometheus,linkerd,outbound,,5bccd64d4d,200,true,linkerd,10.1.10.78:4191,,linkerd,cart,robot-shop,cart-7b6b494d5d-btrvc,7b6b494d5d,default,default.robot-shop.serviceaccount.identity.linkerd.cluster.local,,,
1613778621.012,response_latency_ms_count,,,10.1.7.224:4191,linkerd-proxy,linkerd,,linkerd-prometheus-5bccd64d4d-jzwmt,,147,,,,,linkerd-prometheus,prometheus,linkerd,outbound,,5bccd64d4d,200,true,linkerd,10.1.10.78:4191,,linkerd,cart,robot-shop,cart-7b6b494d5d-btrvc,7b6b494d5d,default,default.robot-shop.serviceaccount.identity.linkerd.cluster.local,,,
1613778631.011,response_latency_ms_count,,,10.1.7.224:4191,linkerd-proxy,linkerd,,linkerd-prometheus-5bccd64d4d-jzwmt,,147,,,,,linkerd-prometheus,prometheus,linkerd,outbound,,5bccd64d4d,200,true,linkerd,10.1.10.78:4191,,linkerd,cart,robot-shop,cart-7b6b494d5d-btrvc,7b6b494d5d,default,default.robot-shop.serviceaccount.identity.linkerd.cluster.local,,,
1613778641.011,response_latency_ms_count,,,10.1.7.224:4191,linkerd-proxy,linkerd,,linkerd-prometheus-5bccd64d4d-jzwmt,,147,,,,,linkerd-prometheus,prometheus,linkerd,outbound,,5bccd64d4d,200,true,linkerd,10.1.10.78:4191,,linkerd,cart,robot-shop,cart-7b6b494d5d-btrvc,7b6b494d5d,default,default.robot-shop.serviceaccount.identity.linkerd.cluster.local,,,
1613778591.012,response_latency_ms_count,,,10.1.7.224:4191,linkerd-proxy,linkerd,,linkerd-prometheus-5bccd64d4d-jzwmt,,147,,,,,linkerd-prometheus,prometheus,linkerd,outbound,,5bccd64d4d,200,true,linkerd,10.1.10.83:4191,,linkerd,user,robot-shop,user-585f6dddcc-b72tw,585f6dddcc,default,default.robot-shop.serviceaccount.identity.linkerd.cluster.local,,,
1613778601.012,response_latency_ms_count,,,10.1.7.224:4191,linkerd-proxy,linkerd,,linkerd-prometheus-5bccd64d4d-jzwmt,,147,,,,,linkerd-prometheus,prometheus,linkerd,outbound,,5bccd64d4d,200,true,linkerd,10.1.10.83:4191,,linkerd,user,robot-shop,user-585f6dddcc-b72tw,585f6dddcc,default,default.robot-shop.serviceaccount.identity.linkerd.cluster.local,,,
1613778611.011,response_latency_ms_count,,,10.1.7.224:4191,linkerd-proxy,linkerd,,linkerd-prometheus-5bccd64d4d-jzwmt,,147,,,,,linkerd-prometheus,prometheus,linkerd,outbound,,5bccd64d4d,200,true,linkerd,10.1.10.83:4191,,linkerd,user,robot-shop,user-585f6dddcc-b72tw,585f6dddcc,default,default.robot-shop.serviceaccount.identity.linkerd.cluster.local,,,
1613778621.012,response_latency_ms_count,,,10.1.7.224:4191,linkerd-proxy,linkerd,,linkerd-prometheus-5bccd64d4d-jzwmt,,147,,,,,linkerd-prometheus,prometheus,linkerd,outbound,,5bccd64d4d,200,true,linkerd,10.1.10.83:4191,,linkerd,user,robot-shop,user-585f6dddcc-b72tw,585f6dddcc,default,default.robot-shop.serviceaccount.identity.linkerd.cluster.local,,,
1613778631.011,response_latency_ms_count,,,10.1.7.224:4191,linkerd-proxy,linkerd,,linkerd-prometheus-5bccd64d4d-jzwmt,,147,,,,,linkerd-prometheus,prometheus,linkerd,outbound,,5bccd64d4d,200,true,linkerd,10.1.10.83:4191,,linkerd,user,robot-shop,user-585f6dddcc-b72tw,585f6dddcc,default,default.robot-shop.serviceaccount.identity.linkerd.cluster.local,,,
1613778641.011,response_latency_ms_count,,,10.1.7.224:4191,linkerd-proxy,linkerd,,linkerd-prometheus-5bccd64d4d-jzwmt,,147,,,,,linkerd-prometheus,prometheus,linkerd,outbound,,5bccd64d4d,200,true,linkerd,10.1.10.83:4191,,linkerd,user,robot-shop,user-585f6dddcc-b72tw,585f6dddcc,default,default.robot-shop.serviceaccount.identity.linkerd.cluster.local,,,
1613778591.012,response_latency_ms_count,,,10.1.7.224:4191,linkerd-proxy,linkerd,,linkerd-prometheus-5bccd64d4d-jzwmt,,147,,,,,linkerd-prometheus,prometheus,linkerd,outbound,,5bccd64d4d,200,true,linkerd,10.1.10.80:4191,,linkerd,catalogue,robot-shop,catalogue-c855cf79c-lwggt,c855cf79c,default,default.robot-shop.serviceaccount.identity.linkerd.cluster.local,,,
1613778601.012,response_latency_ms_count,,,10.1.7.224:4191,linkerd-proxy,linkerd,,linkerd-prometheus-5bccd64d4d-jzwmt,,147,,,,,linkerd-prometheus,prometheus,linkerd,outbound,,5bccd64d4d,200,true,linkerd,10.1.10.80:4191,,linkerd,catalogue,robot-shop,catalogue-c855cf79c-lwggt,c855cf79c,default,default.robot-shop.serviceaccount.identity.linkerd.cluster.local,,,
1613778611.011,response_latency_ms_count,,,10.1.7.224:4191,linkerd-proxy,linkerd,,linkerd-prometheus-5bccd64d4d-jzwmt,,147,,,,,linkerd-prometheus,prometheus,linkerd,outbound,,5bccd64d4d,200,true,linkerd,10.1.10.80:4191,,linkerd,catalogue,robot-shop,catalogue-c855cf79c-lwggt,c855cf79c,default,default.robot-shop.serviceaccount.identity.linkerd.cluster.local,,,
1613778621.012,response_latency_ms_count,,,10.1.7.224:4191,linkerd-proxy,linkerd,,linkerd-prometheus-5bccd64d4d-jzwmt,,147,,,,,linkerd-prometheus,prometheus,linkerd,outbound,,5bccd64d4d,200,true,linkerd,10.1.10.80:4191,,linkerd,catalogue,robot-shop,catalogue-c855cf79c-lwggt,c855cf79c,default,default.robot-shop.serviceaccount.identity.linkerd.cluster.local,,,
1613778631.011,response_latency_ms_count,,,10.1.7.224:4191,linkerd-proxy,linkerd,,linkerd-prometheus-5bccd64d4d-jzwmt,,147,,,,,linkerd-prometheus,prometheus,linkerd,outbound,,5bccd64d4d,200,true,linkerd,10.1.10.80:4191,,linkerd,catalogue,robot-shop,catalogue-c855cf79c-lwggt,c855cf79c,default,default.robot-shop.serviceaccount.identity.linkerd.cluster.local,,,
1613778641.011,response_latency_ms_count,,,10.1.7.224:4191,linkerd-proxy,linkerd,,linkerd-prometheus-5bccd64d4d-jzwmt,,147,,,,,linkerd-prometheus,prometheus,linkerd,outbound,,5bccd64d4d,200,true,linkerd,10.1.10.80:4191,,linkerd,catalogue,robot-shop,catalogue-c855cf79c-lwggt,c855cf79c,default,default.robot-shop.serviceaccount.identity.linkerd.cluster.local,,,
1613778591.012,response_latency_ms_count,,,10.1.7.224:4191,linkerd-proxy,linkerd,,linkerd-prometheus-5bccd64d4d-jzwmt,,144,,,,,linkerd-prometheus,prometheus,linkerd,outbound,,5bccd64d4d,200,true,linkerd,10.1.10.81:4191,,linkerd,ratings,robot-shop,ratings-5bc6694dc9-lfn96,5bc6694dc9,default,default.robot-shop.serviceaccount.identity.linkerd.cluster.local,,,
1613778601.012,response_latency_ms_count,,,10.1.7.224:4191,linkerd-proxy,linkerd,,linkerd-prometheus-5bccd64d4d-jzwmt,,144,,,,,linkerd-prometheus,prometheus,linkerd,outbound,,5bccd64d4d,200,true,linkerd,10.1.10.81:4191,,linkerd,ratings,robot-shop,ratings-5bc6694dc9-lfn96,5bc6694dc9,default,default.robot-shop.serviceaccount.identity.linkerd.cluster.local,,,
1613778611.011,response_latency_ms_count,,,10.1.7.224:4191,linkerd-proxy,linkerd,,linkerd-prometheus-5bccd64d4d-jzwmt,,144,,,,,linkerd-prometheus,prometheus,linkerd,outbound,,5bccd64d4d,200,true,linkerd,10.1.10.81:4191,,linkerd,ratings,robot-shop,ratings-5bc6694dc9-lfn96,5bc6694dc9,default,default.robot-shop.serviceaccount.identity.linkerd.cluster.local,,,
1613778621.012,response_latency_ms_count,,,10.1.7.224:4191,linkerd-proxy,linkerd,,linkerd-prometheus-5bccd64d4d-jzwmt,,144,,,,,linkerd-prometheus,prometheus,linkerd,outbound,,5bccd64d4d,200,true,linkerd,10.1.10.81:4191,,linkerd,ratings,robot-shop,ratings-5bc6694dc9-lfn96,5bc6694dc9,default,default.robot-shop.serviceaccount.identity.linkerd.cluster.local,,,
1613778631.011,response_latency_ms_count,,,10.1.7.224:4191,linkerd-proxy,linkerd,,linkerd-prometheus-5bccd64d4d-jzwmt,,144,,,,,linkerd-prometheus,prometheus,linkerd,outbound,,5bccd64d4d,200,true,linkerd,10.1.10.81:4191,,linkerd,ratings,robot-shop,ratings-5bc6694dc9-lfn96,5bc6694dc9,default,default.robot-shop.serviceaccount.identity.linkerd.cluster.local,,,
1613778641.011,response_latency_ms_count,,,10.1.7.224:4191,linkerd-proxy,linkerd,,linkerd-prometheus-5bccd64d4d-jzwmt,,144,,,,,linkerd-prometheus,prometheus,linkerd,outbound,,5bccd64d4d,200,true,linkerd,10.1.10.81:4191,,linkerd,ratings,robot-shop,ratings-5bc6694dc9-lfn96,5bc6694dc9,default,default.robot-shop.serviceaccount.identity.linkerd.cluster.local,,,
1613778591.012,response_latency_ms_count,,,10.1.7.224:4191,linkerd-proxy,linkerd,,linkerd-prometheus-5bccd64d4d-jzwmt,,111,,,,,linkerd-prometheus,prometheus,linkerd,outbound,,5bccd64d4d,200,true,linkerd,10.1.10.86:4191,,linkerd,cart,robot-shop,cart-7b6b494d5d-vzjj4,7b6b494d5d,default,default.robot-shop.serviceaccount.identity.linkerd.cluster.local,,,
1613778601.012,response_latency_ms_count,,,10.1.7.224:4191,linkerd-proxy,linkerd,,linkerd-prometheus-5bccd64d4d-jzwmt,,111,,,,,linkerd-prometheus,prometheus,linkerd,outbound,,5bccd64d4d,200,true,linkerd,10.1.10.86:4191,,linkerd,cart,robot-shop,cart-7b6b494d5d-vzjj4,7b6b494d5d,default,default.robot-shop.serviceaccount.identity.linkerd.cluster.local,,,
1613778611.011,response_latency_ms_count,,,10.1.7.224:4191,linkerd-proxy,linkerd,,linkerd-prometheus-5bccd64d4d-jzwmt,,111,,,,,linkerd-prometheus,prometheus,linkerd,outbound,,5bccd64d4d,200,true,linkerd,10.1.10.86:4191,,linkerd,cart,robot-shop,cart-7b6b494d5d-vzjj4,7b6b494d5d,default,default.robot-shop.serviceaccount.identity.linkerd.cluster.local,,,
1613778621.012,response_latency_ms_count,,,10.1.7.224:4191,linkerd-proxy,linkerd,,linkerd-prometheus-5bccd64d4d-jzwmt,,111,,,,,linkerd-prometheus,prometheus,linkerd,outbound,,5bccd64d4d,200,true,linkerd,10.1.10.86:4191,,linkerd,cart,robot-shop,cart-7b6b494d5d-vzjj4,7b6b494d5d,default,default.robot-shop.serviceaccount.identity.linkerd.cluster.local,,,
1613778631.011,response_latency_ms_count,,,10.1.7.224:4191,linkerd-proxy,linkerd,,linkerd-prometheus-5bccd64d4d-jzwmt,,111,,,,,linkerd-prometheus,prometheus,linkerd,outbound,,5bccd64d4d,200,true,linkerd,10.1.10.86:4191,,linkerd,cart,robot-shop,cart-7b6b494d5d-vzjj4,7b6b494d5d,default,default.robot-shop.serviceaccount.identity.linkerd.cluster.local,,,
1613778641.011,response_latency_ms_count,,,10.1.7.224:4191,linkerd-proxy,linkerd,,linkerd-prometheus-5bccd64d4d-jzwmt,,111,,,,,linkerd-prometheus,prometheus,linkerd,outbound,,5bccd64d4d,200,true,linkerd,10.1.10.86:4191,,linkerd,cart,robot-shop,cart-7b6b494d5d-vzjj4,7b6b494d5d,default,default.robot-shop.serviceaccount.identity.linkerd.cluster.local,,,
1613778591.012,response_latency_ms_count,,,10.1.7.224:4191,linkerd-proxy,linkerd,,linkerd-prometheus-5bccd64d4d-jzwmt,,109,,,,,linkerd-prometheus,prometheus,linkerd,outbound,,5bccd64d4d,200,true,linkerd,10.1.10.90:4191,,linkerd,shipping,robot-shop,shipping-596cccbb5d-dd9nw,596cccbb5d,default,default.robot-shop.serviceaccount.identity.linkerd.cluster.local,,,
1613778601.012,response_latency_ms_count,,,10.1.7.224:4191,linkerd-proxy,linkerd,,linkerd-prometheus-5bccd64d4d-jzwmt,,109,,,,,linkerd-prometheus,prometheus,linkerd,outbound,,5bccd64d4d,200,true,linkerd,10.1.10.90:4191,,linkerd,shipping,robot-shop,shipping-596cccbb5d-dd9nw,596cccbb5d,default,default.robot-shop.serviceaccount.identity.linkerd.cluster.local,,,
1613778611.011,response_latency_ms_count,,,10.1.7.224:4191,linkerd-proxy,linkerd,,linkerd-prometheus-5bccd64d4d-jzwmt,,109,,,,,linkerd-prometheus,prometheus,linkerd,outbound,,5bccd64d4d,200,true,linkerd,10.1.10.90:4191,,linkerd,shipping,robot-shop,shipping-596cccbb5d-dd9nw,596cccbb5d,default,default.robot-shop.serviceaccount.identity.linkerd.cluster.local,,,
1613778621.012,response_latency_ms_count,,,10.1.7.224:4191,linkerd-proxy,linkerd,,linkerd-prometheus-5bccd64d4d-jzwmt,,109,,,,,linkerd-prometheus,prometheus,linkerd,outbound,,5bccd64d4d,200,true,linkerd,10.1.10.90:4191,,linkerd,shipping,robot-shop,shipping-596cccbb5d-dd9nw,596cccbb5d,default,default.robot-shop.serviceaccount.identity.linkerd.cluster.local,,,
1613778631.011,response_latency_ms_count,,,10.1.7.224:4191,linkerd-proxy,linkerd,,linkerd-prometheus-5bccd64d4d-jzwmt,,109,,,,,linkerd-prometheus,prometheus,linkerd,outbound,,5bccd64d4d,200,true,linkerd,10.1.10.90:4191,,linkerd,shipping,robot-shop,shipping-596cccbb5d-dd9nw,596cccbb5d,default,default.robot-shop.serviceaccount.identity.linkerd.cluster.local,,,
1613778641.011,response_latency_ms_count,,,10.1.7.224:4191,linkerd-proxy,linkerd,,linkerd-prometheus-5bccd64d4d-jzwmt,,109,,,,,linkerd-prometheus,prometheus,linkerd,outbound,,5bccd64d4d,200,true,linkerd,10.1.10.90:4191,,linkerd,shipping,robot-shop,shipping-596cccbb5d-dd9nw,596cccbb5d,default,default.robot-shop.serviceaccount.identity.linkerd.cluster.local,,,
1613778591.012,response_latency_ms_count,,,10.1.7.224:4191,linkerd-proxy,linkerd,,linkerd-prometheus-5bccd64d4d-jzwmt,,111,,,,,linkerd-prometheus,prometheus,linkerd,outbound,,5bccd64d4d,200,true,linkerd,10.1.10.92:4191,,linkerd,user,robot-shop,user-585f6dddcc-m779x,585f6dddcc,default,default.robot-shop.serviceaccount.identity.linkerd.cluster.local,,,
1613778601.012,response_latency_ms_count,,,10.1.7.224:4191,linkerd-proxy,linkerd,,linkerd-prometheus-5bccd64d4d-jzwmt,,111,,,,,linkerd-prometheus,prometheus,linkerd,outbound,,5bccd64d4d,200,true,linkerd,10.1.10.92:4191,,linkerd,user,robot-shop,user-585f6dddcc-m779x,585f6dddcc,default,default.robot-shop.serviceaccount.identity.linkerd.cluster.local,,,
1613778611.011,response_latency_ms_count,,,10.1.7.224:4191,linkerd-proxy,linkerd,,linkerd-prometheus-5bccd64d4d-jzwmt,,111,,,,,linkerd-prometheus,prometheus,linkerd,outbound,,5bccd64d4d,200,true,linkerd,10.1.10.92:4191,,linkerd,user,robot-shop,user-585f6dddcc-m779x,585f6dddcc,default,default.robot-shop.serviceaccount.identity.linkerd.cluster.local,,,
1613778621.012,response_latency_ms_count,,,10.1.7.224:4191,linkerd-proxy,linkerd,,linkerd-prometheus-5bccd64d4d-jzwmt,,111,,,,,linkerd-prometheus,prometheus,linkerd,outbound,,5bccd64d4d,200,true,linkerd,10.1.10.92:4191,,linkerd,user,robot-shop,user-585f6dddcc-m779x,585f6dddcc,default,default.robot-shop.serviceaccount.identity.linkerd.cluster.local,,,
1613778631.011,response_latency_ms_count,,,10.1.7.224:4191,linkerd-proxy,linkerd,,linkerd-prometheus-5bccd64d4d-jzwmt,,111,,,,,linkerd-prometheus,prometheus,linkerd,outbound,,5bccd64d4d,200,true,linkerd,10.1.10.92:4191,,linkerd,user,robot-shop,user-585f6dddcc-m779x,585f6dddcc,default,default.robot-shop.serviceaccount.identity.linkerd.cluster.local,,,
1613778641.011,response_latency_ms_count,,,10.1.7.224:4191,linkerd-proxy,linkerd,,linkerd-prometheus-5bccd64d4d-jzwmt,,111,,,,,linkerd-prometheus,prometheus,linkerd,outbound,,5bccd64d4d,200,true,linkerd,10.1.10.92:4191,,linkerd,user,robot-shop,user-585f6dddcc-m779x,585f6dddcc,default,default.robot-shop.serviceaccount.identity.linkerd.cluster.local,,,
1613778591.012,response_latency_ms_count,,,10.1.7.224:4191,linkerd-proxy,linkerd,,linkerd-prometheus-5bccd64d4d-jzwmt,,108,,,,,linkerd-prometheus,prometheus,linkerd,outbound,,5bccd64d4d,200,true,linkerd,10.1.10.89:4191,,linkerd,ratings,robot-shop,ratings-5bc6694dc9-q7tp4,5bc6694dc9,default,default.robot-shop.serviceaccount.identity.linkerd.cluster.local,,,
1613778601.012,response_latency_ms_count,,,10.1.7.224:4191,linkerd-proxy,linkerd,,linkerd-prometheus-5bccd64d4d-jzwmt,,108,,,,,linkerd-prometheus,prometheus,linkerd,outbound,,5bccd64d4d,200,true,linkerd,10.1.10.89:4191,,linkerd,ratings,robot-shop,ratings-5bc6694dc9-q7tp4,5bc6694dc9,default,default.robot-shop.serviceaccount.identity.linkerd.cluster.local,,,
1613778611.011,response_latency_ms_count,,,10.1.7.224:4191,linkerd-proxy,linkerd,,linkerd-prometheus-5bccd64d4d-jzwmt,,108,,,,,linkerd-prometheus,prometheus,linkerd,outbound,,5bccd64d4d,200,true,linkerd,10.1.10.89:4191,,linkerd,ratings,robot-shop,ratings-5bc6694dc9-q7tp4,5bc6694dc9,default,default.robot-shop.serviceaccount.identity.linkerd.cluster.local,,,
1613778621.012,response_latency_ms_count,,,10.1.7.224:4191,linkerd-proxy,linkerd,,linkerd-prometheus-5bccd64d4d-jzwmt,,108,,,,,linkerd-prometheus,prometheus,linkerd,outbound,,5bccd64d4d,200,true,linkerd,10.1.10.89:4191,,linkerd,ratings,robot-shop,ratings-5bc6694dc9-q7tp4,5bc6694dc9,default,default.robot-shop.serviceaccount.identity.linkerd.cluster.local,,,
1613778631.011,response_latency_ms_count,,,10.1.7.224:4191,linkerd-proxy,linkerd,,linkerd-prometheus-5bccd64d4d-jzwmt,,108,,,,,linkerd-prometheus,prometheus,linkerd,outbound,,5bccd64d4d,200,true,linkerd,10.1.10.89:4191,,linkerd,ratings,robot-shop,ratings-5bc6694dc9-q7tp4,5bc6694dc9,default,default.robot-shop.serviceaccount.identity.linkerd.cluster.local,,,
1613778641.011,response_latency_ms_count,,,10.1.7.224:4191,linkerd-proxy,linkerd,,linkerd-prometheus-5bccd64d4d-jzwmt,,108,,,,,linkerd-prometheus,prometheus,linkerd,outbound,,5bccd64d4d,200,true,linkerd,10.1.10.89:4191,,linkerd,ratings,robot-shop,ratings-5bc6694dc9-q7tp4,5bc6694dc9,default,default.robot-shop.serviceaccount.identity.linkerd.cluster.local,,,
1613778591.012,response_latency_ms_count,,,10.1.7.224:4191,linkerd-proxy,linkerd,,linkerd-prometheus-5bccd64d4d-jzwmt,,111,,,,,linkerd-prometheus,prometheus,linkerd,outbound,,5bccd64d4d,200,true,linkerd,10.1.10.88:4191,,linkerd,payment,robot-shop,payment-c67d9b657-v427z,c67d9b657,default,default.robot-shop.serviceaccount.identity.linkerd.cluster.local,,,
1613778601.012,response_latency_ms_count,,,10.1.7.224:4191,linkerd-proxy,linkerd,,linkerd-prometheus-5bccd64d4d-jzwmt,,111,,,,,linkerd-prometheus,prometheus,linkerd,outbound,,5bccd64d4d,200,true,linkerd,10.1.10.88:4191,,linkerd,payment,robot-shop,payment-c67d9b657-v427z,c67d9b657,default,default.robot-shop.serviceaccount.identity.linkerd.cluster.local,,,
1613778611.011,response_latency_ms_count,,,10.1.7.224:4191,linkerd-proxy,linkerd,,linkerd-prometheus-5bccd64d4d-jzwmt,,111,,,,,linkerd-prometheus,prometheus,linkerd,outbound,,5bccd64d4d,200,true,linkerd,10.1.10.88:4191,,linkerd,payment,robot-shop,payment-c67d9b657-v427z,c67d9b657,default,default.robot-shop.serviceaccount.identity.linkerd.cluster.local,,,
1613778621.012,response_latency_ms_count,,,10.1.7.224:4191,linkerd-proxy,linkerd,,linkerd-prometheus-5bccd64d4d-jzwmt,,111,,,,,linkerd-prometheus,prometheus,linkerd,outbound,,5bccd64d4d,200,true,linkerd,10.1.10.88:4191,,linkerd,payment,robot-shop,payment-c67d9b657-v427z,c67d9b657,default,default.robot-shop.serviceaccount.identity.linkerd.cluster.local,,,
1613778631.011,response_latency_ms_count,,,10.1.7.224:4191,linkerd-proxy,linkerd,,linkerd-prometheus-5bccd64d4d-jzwmt,,111,,,,,linkerd-prometheus,prometheus,linkerd,outbound,,5bccd64d4d,200,true,linkerd,10.1.10.88:4191,,linkerd,payment,robot-shop,payment-c67d9b657-v427z,c67d9b657,default,default.robot-shop.serviceaccount.identity.linkerd.cluster.local,,,
1613778641.011,response_latency_ms_count,,,10.1.7.224:4191,linkerd-proxy,linkerd,,linkerd-prometheus-5bccd64d4d-jzwmt,,111,,,,,linkerd-prometheus,prometheus,linkerd,outbound,,5bccd64d4d,200,true,linkerd,10.1.10.88:4191,,linkerd,payment,robot-shop,payment-c67d9b657-v427z,c67d9b657,default,default.robot-shop.serviceaccount.identity.linkerd.cluster.local,,,
1613778591.012,response_latency_ms_count,,,10.1.7.224:4191,linkerd-proxy,linkerd,,linkerd-prometheus-5bccd64d4d-jzwmt,,111,,,,,linkerd-prometheus,prometheus,linkerd,outbound,,5bccd64d4d,200,true,linkerd,10.1.10.85:4191,,linkerd,catalogue,robot-shop,catalogue-c855cf79c-j9nll,c855cf79c,default,default.robot-shop.serviceaccount.identity.linkerd.cluster.local,,,
1613778601.012,response_latency_ms_count,,,10.1.7.224:4191,linkerd-proxy,linkerd,,linkerd-prometheus-5bccd64d4d-jzwmt,,111,,,,,linkerd-prometheus,prometheus,linkerd,outbound,,5bccd64d4d,200,true,linkerd,10.1.10.85:4191,,linkerd,catalogue,robot-shop,catalogue-c855cf79c-j9nll,c855cf79c,default,default.robot-shop.serviceaccount.identity.linkerd.cluster.local,,,
1613778611.011,response_latency_ms_count,,,10.1.7.224:4191,linkerd-proxy,linkerd,,linkerd-prometheus-5bccd64d4d-jzwmt,,111,,,,,linkerd-prometheus,prometheus,linkerd,outbound,,5bccd64d4d,200,true,linkerd,10.1.10.85:4191,,linkerd,catalogue,robot-shop,catalogue-c855cf79c-j9nll,c855cf79c,default,default.robot-shop.serviceaccount.identity.linkerd.cluster.local,,,
1613778621.012,response_latency_ms_count,,,10.1.7.224:4191,linkerd-proxy,linkerd,,linkerd-prometheus-5bccd64d4d-jzwmt,,111,,,,,linkerd-prometheus,prometheus,linkerd,outbound,,5bccd64d4d,200,true,linkerd,10.1.10.85:4191,,linkerd,catalogue,robot-shop,catalogue-c855cf79c-j9nll,c855cf79c,default,default.robot-shop.serviceaccount.identity.linkerd.cluster.local,,,
1613778631.011,response_latency_ms_count,,,10.1.7.224:4191,linkerd-proxy,linkerd,,linkerd-prometheus-5bccd64d4d-jzwmt,,111,,,,,linkerd-prometheus,prometheus,linkerd,outbound,,5bccd64d4d,200,true,linkerd,10.1.10.85:4191,,linkerd,catalogue,robot-shop,catalogue-c855cf79c-j9nll,c855cf79c,default,default.robot-shop.serviceaccount.identity.linkerd.cluster.local,,,
1613778641.011,response_latency_ms_count,,,10.1.7.224:4191,linkerd-proxy,linkerd,,linkerd-prometheus-5bccd64d4d-jzwmt,,111,,,,,linkerd-prometheus,prometheus,linkerd,outbound,,5bccd64d4d,200,true,linkerd,10.1.10.85:4191,,linkerd,catalogue,robot-shop,catalogue-c855cf79c-j9nll,c855cf79c,default,default.robot-shop.serviceaccount.identity.linkerd.cluster.local,,,
1613778591.012,response_latency_ms_count,,,10.1.7.224:4191,linkerd-proxy,linkerd,,linkerd-prometheus-5bccd64d4d-jzwmt,,108,,,,,linkerd-prometheus,prometheus,linkerd,outbound,,5bccd64d4d,200,true,linkerd,10.1.10.91:4191,,linkerd,shipping,robot-shop,shipping-596cccbb5d-sj4dc,596cccbb5d,default,default.robot-shop.serviceaccount.identity.linkerd.cluster.local,,,
1613778601.012,response_latency_ms_count,,,10.1.7.224:4191,linkerd-proxy,linkerd,,linkerd-prometheus-5bccd64d4d-jzwmt,,108,,,,,linkerd-prometheus,prometheus,linkerd,outbound,,5bccd64d4d,200,true,linkerd,10.1.10.91:4191,,linkerd,shipping,robot-shop,shipping-596cccbb5d-sj4dc,596cccbb5d,default,default.robot-shop.serviceaccount.identity.linkerd.cluster.local,,,
1613778611.011,response_latency_ms_count,,,10.1.7.224:4191,linkerd-proxy,linkerd,,linkerd-prometheus-5bccd64d4d-jzwmt,,108,,,,,linkerd-prometheus,prometheus,linkerd,outbound,,5bccd64d4d,200,true,linkerd,10.1.10.91:4191,,linkerd,shipping,robot-shop,shipping-596cccbb5d-sj4dc,596cccbb5d,default,default.robot-shop.serviceaccount.identity.linkerd.cluster.local,,,
1613778621.012,response_latency_ms_count,,,10.1.7.224:4191,linkerd-proxy,linkerd,,linkerd-prometheus-5bccd64d4d-jzwmt,,108,,,,,linkerd-prometheus,prometheus,linkerd,outbound,,5bccd64d4d,200,true,linkerd,10.1.10.91:4191,,linkerd,shipping,robot-shop,shipping-596cccbb5d-sj4dc,596cccbb5d,default,default.robot-shop.serviceaccount.identity.linkerd.cluster.local,,,
1613778631.011,response_latency_ms_count,,,10.1.7.224:4191,linkerd-proxy,linkerd,,linkerd-prometheus-5bccd64d4d-jzwmt,,108,,,,,linkerd-prometheus,prometheus,linkerd,outbound,,5bccd64d4d,200,true,linkerd,10.1.10.91:4191,,linkerd,shipping,robot-shop,shipping-596cccbb5d-sj4dc,596cccbb5d,default,default.robot-shop.serviceaccount.identity.linkerd.cluster.local,,,
1613778641.011,response_latency_ms_count,,,10.1.7.224:4191,linkerd-proxy,linkerd,,linkerd-prometheus-5bccd64d4d-jzwmt,,108,,,,,linkerd-prometheus,prometheus,linkerd,outbound,,5bccd64d4d,200,true,linkerd,10.1.10.91:4191,,linkerd,shipping,robot-shop,shipping-596cccbb5d-sj4dc,596cccbb5d,default,default.robot-shop.serviceaccount.identity.linkerd.cluster.local,,,
1613778591.012,response_latency_ms_count,,,10.1.7.224:4191,linkerd-proxy,linkerd,,linkerd-prometheus-5bccd64d4d-jzwmt,,111,,,,,linkerd-prometheus,prometheus,linkerd,outbound,,5bccd64d4d,200,true,linkerd,10.1.10.87:4191,,linkerd,dispatch,robot-shop,dispatch-56cc554d57-m228z,56cc554d57,default,default.robot-shop.serviceaccount.identity.linkerd.cluster.local,,,
1613778601.012,response_latency_ms_count,,,10.1.7.224:4191,linkerd-proxy,linkerd,,linkerd-prometheus-5bccd64d4d-jzwmt,,111,,,,,linkerd-prometheus,prometheus,linkerd,outbound,,5bccd64d4d,200,true,linkerd,10.1.10.87:4191,,linkerd,dispatch,robot-shop,dispatch-56cc554d57-m228z,56cc554d57,default,default.robot-shop.serviceaccount.identity.linkerd.cluster.local,,,
1613778611.011,response_latency_ms_count,,,10.1.7.224:4191,linkerd-proxy,linkerd,,linkerd-prometheus-5bccd64d4d-jzwmt,,111,,,,,linkerd-prometheus,prometheus,linkerd,outbound,,5bccd64d4d,200,true,linkerd,10.1.10.87:4191,,linkerd,dispatch,robot-shop,dispatch-56cc554d57-m228z,56cc554d57,default,default.robot-shop.serviceaccount.identity.linkerd.cluster.local,,,
1613778621.012,response_latency_ms_count,,,10.1.7.224:4191,linkerd-proxy,linkerd,,linkerd-prometheus-5bccd64d4d-jzwmt,,111,,,,,linkerd-prometheus,prometheus,linkerd,outbound,,5bccd64d4d,200,true,linkerd,10.1.10.87:4191,,linkerd,dispatch,robot-shop,dispatch-56cc554d57-m228z,56cc554d57,default,default.robot-shop.serviceaccount.identity.linkerd.cluster.local,,,
1613778631.011,response_latency_ms_count,,,10.1.7.224:4191,linkerd-proxy,linkerd,,linkerd-prometheus-5bccd64d4d-jzwmt,,111,,,,,linkerd-prometheus,prometheus,linkerd,outbound,,5bccd64d4d,200,true,linkerd,10.1.10.87:4191,,linkerd,dispatch,robot-shop,dispatch-56cc554d57-m228z,56cc554d57,default,default.robot-shop.serviceaccount.identity.linkerd.cluster.local,,,
1613778641.011,response_latency_ms_count,,,10.1.7.224:4191,linkerd-proxy,linkerd,,linkerd-prometheus-5bccd64d4d-jzwmt,,111,,,,,linkerd-prometheus,prometheus,linkerd,outbound,,5bccd64d4d,200,true,linkerd,10.1.10.87:4191,,linkerd,dispatch,robot-shop,dispatch-56cc554d57-m228z,56cc554d57,default,default.robot-shop.serviceaccount.identity.linkerd.cluster.local,,,
1613778591.012,response_latency_ms_count,,,10.1.7.224:4191,linkerd-proxy,linkerd,,linkerd-prometheus-5bccd64d4d-jzwmt,,108,,,,,linkerd-prometheus,prometheus,linkerd,outbound,,5bccd64d4d,200,true,linkerd,10.1.10.93:4191,,linkerd,web,robot-shop,web-7b9d5b8875-b7jxw,7b9d5b8875,default,default.robot-shop.serviceaccount.identity.linkerd.cluster.local,,,
1613778601.012,response_latency_ms_count,,,10.1.7.224:4191,linkerd-proxy,linkerd,,linkerd-prometheus-5bccd64d4d-jzwmt,,108,,,,,linkerd-prometheus,prometheus,linkerd,outbound,,5bccd64d4d,200,true,linkerd,10.1.10.93:4191,,linkerd,web,robot-shop,web-7b9d5b8875-b7jxw,7b9d5b8875,default,default.robot-shop.serviceaccount.identity.linkerd.cluster.local,,,
1613778611.011,response_latency_ms_count,,,10.1.7.224:4191,linkerd-proxy,linkerd,,linkerd-prometheus-5bccd64d4d-jzwmt,,108,,,,,linkerd-prometheus,prometheus,linkerd,outbound,,5bccd64d4d,200,true,linkerd,10.1.10.93:4191,,linkerd,web,robot-shop,web-7b9d5b8875-b7jxw,7b9d5b8875,default,default.robot-shop.serviceaccount.identity.linkerd.cluster.local,,,
1613778621.012,response_latency_ms_count,,,10.1.7.224:4191,linkerd-proxy,linkerd,,linkerd-prometheus-5bccd64d4d-jzwmt,,108,,,,,linkerd-prometheus,prometheus,linkerd,outbound,,5bccd64d4d,200,true,linkerd,10.1.10.93:4191,,linkerd,web,robot-shop,web-7b9d5b8875-b7jxw,7b9d5b8875,default,default.robot-shop.serviceaccount.identity.linkerd.cluster.local,,,
1613778631.011,response_latency_ms_count,,,10.1.7.224:4191,linkerd-proxy,linkerd,,linkerd-prometheus-5bccd64d4d-jzwmt,,108,,,,,linkerd-prometheus,prometheus,linkerd,outbound,,5bccd64d4d,200,true,linkerd,10.1.10.93:4191,,linkerd,web,robot-shop,web-7b9d5b8875-b7jxw,7b9d5b8875,default,default.robot-shop.serviceaccount.identity.linkerd.cluster.local,,,
1613778641.011,response_latency_ms_count,,,10.1.7.224:4191,linkerd-proxy,linkerd,,linkerd-prometheus-5bccd64d4d-jzwmt,,108,,,,,linkerd-prometheus,prometheus,linkerd,outbound,,5bccd64d4d,200,true,linkerd,10.1.10.93:4191,,linkerd,web,robot-shop,web-7b9d5b8875-b7jxw,7b9d5b8875,default,default.robot-shop.serviceaccount.identity.linkerd.cluster.local,,,
1613778591.012,response_latency_ms_count,,,10.1.7.224:4191,linkerd-proxy,linkerd,,linkerd-prometheus-5bccd64d4d-jzwmt,,72,,,,,linkerd-prometheus,prometheus,linkerd,outbound,,5bccd64d4d,200,true,linkerd,10.1.10.99:4191,,linkerd,shipping,robot-shop,shipping-596cccbb5d-wrhgb,596cccbb5d,default,default.robot-shop.serviceaccount.identity.linkerd.cluster.local,,,
1613778601.012,response_latency_ms_count,,,10.1.7.224:4191,linkerd-proxy,linkerd,,linkerd-prometheus-5bccd64d4d-jzwmt,,72,,,,,linkerd-prometheus,prometheus,linkerd,outbound,,5bccd64d4d,200,true,linkerd,10.1.10.99:4191,,linkerd,shipping,robot-shop,shipping-596cccbb5d-wrhgb,596cccbb5d,default,default.robot-shop.serviceaccount.identity.linkerd.cluster.local,,,
1613778611.011,response_latency_ms_count,,,10.1.7.224:4191,linkerd-proxy,linkerd,,linkerd-prometheus-5bccd64d4d-jzwmt,,72,,,,,linkerd-prometheus,prometheus,linkerd,outbound,,5bccd64d4d,200,true,linkerd,10.1.10.99:4191,,linkerd,shipping,robot-shop,shipping-596cccbb5d-wrhgb,596cccbb5d,default,default.robot-shop.serviceaccount.identity.linkerd.cluster.local,,,
1613778621.012,response_latency_ms_count,,,10.1.7.224:4191,linkerd-proxy,linkerd,,linkerd-prometheus-5bccd64d4d-jzwmt,,72,,,,,linkerd-prometheus,prometheus,linkerd,outbound,,5bccd64d4d,200,true,linkerd,10.1.10.99:4191,,linkerd,shipping,robot-shop,shipping-596cccbb5d-wrhgb,596cccbb5d,default,default.robot-shop.serviceaccount.identity.linkerd.cluster.local,,,
1613778631.011,response_latency_ms_count,,,10.1.7.224:4191,linkerd-proxy,linkerd,,linkerd-prometheus-5bccd64d4d-jzwmt,,72,,,,,linkerd-prometheus,prometheus,linkerd,outbound,,5bccd64d4d,200,true,linkerd,10.1.10.99:4191,,linkerd,shipping,robot-shop,shipping-596cccbb5d-wrhgb,596cccbb5d,default,default.robot-shop.serviceaccount.identity.linkerd.cluster.local,,,
1613778641.011,response_latency_ms_count,,,10.1.7.224:4191,linkerd-proxy,linkerd,,linkerd-prometheus-5bccd64d4d-jzwmt,,72,,,,,linkerd-prometheus,prometheus,linkerd,outbound,,5bccd64d4d,200,true,linkerd,10.1.10.99:4191,,linkerd,shipping,robot-shop,shipping-596cccbb5d-wrhgb,596cccbb5d,default,default.robot-shop.serviceaccount.identity.linkerd.cluster.local,,,
1613778591.012,response_latency_ms_count,,,10.1.7.224:4191,linkerd-proxy,linkerd,,linkerd-prometheus-5bccd64d4d-jzwmt,,75,,,,,linkerd-prometheus,prometheus,linkerd,outbound,,5bccd64d4d,200,true,linkerd,10.1.10.96:4191,,linkerd,dispatch,robot-shop,dispatch-56cc554d57-rq5jr,56cc554d57,default,default.robot-shop.serviceaccount.identity.linkerd.cluster.local,,,
1613778601.012,response_latency_ms_count,,,10.1.7.224:4191,linkerd-proxy,linkerd,,linkerd-prometheus-5bccd64d4d-jzwmt,,75,,,,,linkerd-prometheus,prometheus,linkerd,outbound,,5bccd64d4d,200,true,linkerd,10.1.10.96:4191,,linkerd,dispatch,robot-shop,dispatch-56cc554d57-rq5jr,56cc554d57,default,default.robot-shop.serviceaccount.identity.linkerd.cluster.local,,,
1613778611.011,response_latency_ms_count,,,10.1.7.224:4191,linkerd-proxy,linkerd,,linkerd-prometheus-5bccd64d4d-jzwmt,,75,,,,,linkerd-prometheus,prometheus,linkerd,outbound,,5bccd64d4d,200,true,linkerd,10.1.10.96:4191,,linkerd,dispatch,robot-shop,dispatch-56cc554d57-rq5jr,56cc554d57,default,default.robot-shop.serviceaccount.identity.linkerd.cluster.local,,,
1613778621.012,response_latency_ms_count,,,10.1.7.224:4191,linkerd-proxy,linkerd,,linkerd-prometheus-5bccd64d4d-jzwmt,,75,,,,,linkerd-prometheus,prometheus,linkerd,outbound,,5bccd64d4d,200,true,linkerd,10.1.10.96:4191,,linkerd,dispatch,robot-shop,dispatch-56cc554d57-rq5jr,56cc554d57,default,default.robot-shop.serviceaccount.identity.linkerd.cluster.local,,,
1613778631.011,response_latency_ms_count,,,10.1.7.224:4191,linkerd-proxy,linkerd,,linkerd-prometheus-5bccd64d4d-jzwmt,,75,,,,,linkerd-prometheus,prometheus,linkerd,outbound,,5bccd64d4d,200,true,linkerd,10.1.10.96:4191,,linkerd,dispatch,robot-shop,dispatch-56cc554d57-rq5jr,56cc554d57,default,default.robot-shop.serviceaccount.identity.linkerd.cluster.local,,,
1613778641.011,response_latency_ms_count,,,10.1.7.224:4191,linkerd-proxy,linkerd,,linkerd-prometheus-5bccd64d4d-jzwmt,,75,,,,,linkerd-prometheus,prometheus,linkerd,outbound,,5bccd64d4d,200,true,linkerd,10.1.10.96:4191,,linkerd,dispatch,robot-shop,dispatch-56cc554d57-rq5jr,56cc554d57,default,default.robot-shop.serviceaccount.identity.linkerd.cluster.local,,,
1613778591.012,response_latency_ms_count,,,10.1.7.224:4191,linkerd-proxy,linkerd,,linkerd-prometheus-5bccd64d4d-jzwmt,,72,,,,,linkerd-prometheus,prometheus,linkerd,outbound,,5bccd64d4d,200,true,linkerd,10.1.10.98:4191,,linkerd,ratings,robot-shop,ratings-5bc6694dc9-fdfnt,5bc6694dc9,default,default.robot-shop.serviceaccount.identity.linkerd.cluster.local,,,
1613778601.012,response_latency_ms_count,,,10.1.7.224:4191,linkerd-proxy,linkerd,,linkerd-prometheus-5bccd64d4d-jzwmt,,72,,,,,linkerd-prometheus,prometheus,linkerd,outbound,,5bccd64d4d,200,true,linkerd,10.1.10.98:4191,,linkerd,ratings,robot-shop,ratings-5bc6694dc9-fdfnt,5bc6694dc9,default,default.robot-shop.serviceaccount.identity.linkerd.cluster.local,,,
1613778611.011,response_latency_ms_count,,,10.1.7.224:4191,linkerd-proxy,linkerd,,linkerd-prometheus-5bccd64d4d-jzwmt,,72,,,,,linkerd-prometheus,prometheus,linkerd,outbound,,5bccd64d4d,200,true,linkerd,10.1.10.98:4191,,linkerd,ratings,robot-shop,ratings-5bc6694dc9-fdfnt,5bc6694dc9,default,default.robot-shop.serviceaccount.identity.linkerd.cluster.local,,,
1613778621.012,response_latency_ms_count,,,10.1.7.224:4191,linkerd-proxy,linkerd,,linkerd-prometheus-5bccd64d4d-jzwmt,,72,,,,,linkerd-prometheus,prometheus,linkerd,outbound,,5bccd64d4d,200,true,linkerd,10.1.10.98:4191,,linkerd,ratings,robot-shop,ratings-5bc6694dc9-fdfnt,5bc6694dc9,default,default.robot-shop.serviceaccount.identity.linkerd.cluster.local,,,
1613778631.011,response_latency_ms_count,,,10.1.7.224:4191,linkerd-proxy,linkerd,,linkerd-prometheus-5bccd64d4d-jzwmt,,72,,,,,linkerd-prometheus,prometheus,linkerd,outbound,,5bccd64d4d,200,true,linkerd,10.1.10.98:4191,,linkerd,ratings,robot-shop,ratings-5bc6694dc9-fdfnt,5bc6694dc9,default,default.robot-shop.serviceaccount.identity.linkerd.cluster.local,,,
1613778641.011,response_latency_ms_count,,,10.1.7.224:4191,linkerd-proxy,linkerd,,linkerd-prometheus-5bccd64d4d-jzwmt,,72,,,,,linkerd-prometheus,prometheus,linkerd,outbound,,5bccd64d4d,200,true,linkerd,10.1.10.98:4191,,linkerd,ratings,robot-shop,ratings-5bc6694dc9-fdfnt,5bc6694dc9,default,default.robot-shop.serviceaccount.identity.linkerd.cluster.local,,,
1613778591.012,response_latency_ms_count,,,10.1.7.224:4191,linkerd-proxy,linkerd,,linkerd-prometheus-5bccd64d4d-jzwmt,,75,,,,,linkerd-prometheus,prometheus,linkerd,outbound,,5bccd64d4d,200,true,linkerd,10.1.10.94:4191,,linkerd,cart,robot-shop,cart-7b6b494d5d-twcd7,7b6b494d5d,default,default.robot-shop.serviceaccount.identity.linkerd.cluster.local,,,
1613778601.012,response_latency_ms_count,,,10.1.7.224:4191,linkerd-proxy,linkerd,,linkerd-prometheus-5bccd64d4d-jzwmt,,75,,,,,linkerd-prometheus,prometheus,linkerd,outbound,,5bccd64d4d,200,true,linkerd,10.1.10.94:4191,,linkerd,cart,robot-shop,cart-7b6b494d5d-twcd7,7b6b494d5d,default,default.robot-shop.serviceaccount.identity.linkerd.cluster.local,,,
1613778611.011,response_latency_ms_count,,,10.1.7.224:4191,linkerd-proxy,linkerd,,linkerd-prometheus-5bccd64d4d-jzwmt,,75,,,,,linkerd-prometheus,prometheus,linkerd,outbound,,5bccd64d4d,200,true,linkerd,10.1.10.94:4191,,linkerd,cart,robot-shop,cart-7b6b494d5d-twcd7,7b6b494d5d,default,default.robot-shop.serviceaccount.identity.linkerd.cluster.local,,,
1613778621.012,response_latency_ms_count,,,10.1.7.224:4191,linkerd-proxy,linkerd,,linkerd-prometheus-5bccd64d4d-jzwmt,,75,,,,,linkerd-prometheus,prometheus,linkerd,outbound,,5bccd64d4d,200,true,linkerd,10.1.10.94:4191,,linkerd,cart,robot-shop,cart-7b6b494d5d-twcd7,7b6b494d5d,default,default.robot-shop.serviceaccount.identity.linkerd.cluster.local,,,
1613778631.011,response_latency_ms_count,,,10.1.7.224:4191,linkerd-proxy,linkerd,,linkerd-prometheus-5bccd64d4d-jzwmt,,75,,,,,linkerd-prometheus,prometheus,linkerd,outbound,,5bccd64d4d,200,true,linkerd,10.1.10.94:4191,,linkerd,cart,robot-shop,cart-7b6b494d5d-twcd7,7b6b494d5d,default,default.robot-shop.serviceaccount.identity.linkerd.cluster.local,,,
1613778641.011,response_latency_ms_count,,,10.1.7.224:4191,linkerd-proxy,linkerd,,linkerd-prometheus-5bccd64d4d-jzwmt,,75,,,,,linkerd-prometheus,prometheus,linkerd,outbound,,5bccd64d4d,200,true,linkerd,10.1.10.94:4191,,linkerd,cart,robot-shop,cart-7b6b494d5d-twcd7,7b6b494d5d,default,default.robot-shop.serviceaccount.identity.linkerd.cluster.local,,,
1613778591.012,response_latency_ms_count,,,10.1.7.224:4191,linkerd-proxy,linkerd,,linkerd-prometheus-5bccd64d4d-jzwmt,,74,,,,,linkerd-prometheus,prometheus,linkerd,outbound,,5bccd64d4d,200,true,linkerd,10.1.10.95:4191,,linkerd,catalogue,robot-shop,catalogue-c855cf79c-d6qwk,c855cf79c,default,default.robot-shop.serviceaccount.identity.linkerd.cluster.local,,,
1613778601.012,response_latency_ms_count,,,10.1.7.224:4191,linkerd-proxy,linkerd,,linkerd-prometheus-5bccd64d4d-jzwmt,,74,,,,,linkerd-prometheus,prometheus,linkerd,outbound,,5bccd64d4d,200,true,linkerd,10.1.10.95:4191,,linkerd,catalogue,robot-shop,catalogue-c855cf79c-d6qwk,c855cf79c,default,default.robot-shop.serviceaccount.identity.linkerd.cluster.local,,,
1613778611.011,response_latency_ms_count,,,10.1.7.224:4191,linkerd-proxy,linkerd,,linkerd-prometheus-5bccd64d4d-jzwmt,,74,,,,,linkerd-prometheus,prometheus,linkerd,outbound,,5bccd64d4d,200,true,linkerd,10.1.10.95:4191,,linkerd,catalogue,robot-shop,catalogue-c855cf79c-d6qwk,c855cf79c,default,default.robot-shop.serviceaccount.identity.linkerd.cluster.local,,,
1613778621.012,response_latency_ms_count,,,10.1.7.224:4191,linkerd-proxy,linkerd,,linkerd-prometheus-5bccd64d4d-jzwmt,,74,,,,,linkerd-prometheus,prometheus,linkerd,outbound,,5bccd64d4d,200,true,linkerd,10.1.10.95:4191,,linkerd,catalogue,robot-shop,catalogue-c855cf79c-d6qwk,c855cf79c,default,default.robot-shop.serviceaccount.identity.linkerd.cluster.local,,,
1613778631.011,response_latency_ms_count,,,10.1.7.224:4191,linkerd-proxy,linkerd,,linkerd-prometheus-5bccd64d4d-jzwmt,,74,,,,,linkerd-prometheus,prometheus,linkerd,outbound,,5bccd64d4d,200,true,linkerd,10.1.10.95:4191,,linkerd,catalogue,robot-shop,catalogue-c855cf79c-d6qwk,c855cf79c,default,default.robot-shop.serviceaccount.identity.linkerd.cluster.local,,,
1613778641.011,response_latency_ms_count,,,10.1.7.224:4191,linkerd-proxy,linkerd,,linkerd-prometheus-5bccd64d4d-jzwmt,,74,,,,,linkerd-prometheus,prometheus,linkerd,outbound,,5bccd64d4d,200,true,linkerd,10.1.10.95:4191,,linkerd,catalogue,robot-shop,catalogue-c855cf79c-d6qwk,c855cf79c,default,default.robot-shop.serviceaccount.identity.linkerd.cluster.local,,,
1613778591.012,response_latency_ms_count,,,10.1.7.224:4191,linkerd-proxy,linkerd,,linkerd-prometheus-5bccd64d4d-jzwmt,,75,,,,,linkerd-prometheus,prometheus,linkerd,outbound,,5bccd64d4d,200,true,linkerd,10.1.10.97:4191,,linkerd,payment,robot-shop,payment-c67d9b657-x8jgz,c67d9b657,default,default.robot-shop.serviceaccount.identity.linkerd.cluster.local,,,
1613778601.012,response_latency_ms_count,,,10.1.7.224:4191,linkerd-proxy,linkerd,,linkerd-prometheus-5bccd64d4d-jzwmt,,75,,,,,linkerd-prometheus,prometheus,linkerd,outbound,,5bccd64d4d,200,true,linkerd,10.1.10.97:4191,,linkerd,payment,robot-shop,payment-c67d9b657-x8jgz,c67d9b657,default,default.robot-shop.serviceaccount.identity.linkerd.cluster.local,,,
1613778611.011,response_latency_ms_count,,,10.1.7.224:4191,linkerd-proxy,linkerd,,linkerd-prometheus-5bccd64d4d-jzwmt,,75,,,,,linkerd-prometheus,prometheus,linkerd,outbound,,5bccd64d4d,200,true,linkerd,10.1.10.97:4191,,linkerd,payment,robot-shop,payment-c67d9b657-x8jgz,c67d9b657,default,default.robot-shop.serviceaccount.identity.linkerd.cluster.local,,,
1613778621.012,response_latency_ms_count,,,10.1.7.224:4191,linkerd-proxy,linkerd,,linkerd-prometheus-5bccd64d4d-jzwmt,,75,,,,,linkerd-prometheus,prometheus,linkerd,outbound,,5bccd64d4d,200,true,linkerd,10.1.10.97:4191,,linkerd,payment,robot-shop,payment-c67d9b657-x8jgz,c67d9b657,default,default.robot-shop.serviceaccount.identity.linkerd.cluster.local,,,
1613778631.011,response_latency_ms_count,,,10.1.7.224:4191,linkerd-proxy,linkerd,,linkerd-prometheus-5bccd64d4d-jzwmt,,75,,,,,linkerd-prometheus,prometheus,linkerd,outbound,,5bccd64d4d,200,true,linkerd,10.1.10.97:4191,,linkerd,payment,robot-shop,payment-c67d9b657-x8jgz,c67d9b657,default,default.robot-shop.serviceaccount.identity.linkerd.cluster.local,,,
1613778641.011,response_latency_ms_count,,,10.1.7.224:4191,linkerd-proxy,linkerd,,linkerd-prometheus-5bccd64d4d-jzwmt,,75,,,,,linkerd-prometheus,prometheus,linkerd,outbound,,5bccd64d4d,200,true,linkerd,10.1.10.97:4191,,linkerd,payment,robot-shop,payment-c67d9b657-x8jgz,c67d9b657,default,default.robot-shop.serviceaccount.identity.linkerd.cluster.local,,,
1613778591.012,response_latency_ms_count,,,10.1.7.224:4191,linkerd-proxy,linkerd,,linkerd-prometheus-5bccd64d4d-jzwmt,,72,,,,,linkerd-prometheus,prometheus,linkerd,outbound,,5bccd64d4d,200,true,linkerd,10.1.10.101:4191,,linkerd,web,robot-shop,web-7b9d5b8875-pq5wv,7b9d5b8875,default,default.robot-shop.serviceaccount.identity.linkerd.cluster.local,,,
1613778601.012,response_latency_ms_count,,,10.1.7.224:4191,linkerd-proxy,linkerd,,linkerd-prometheus-5bccd64d4d-jzwmt,,72,,,,,linkerd-prometheus,prometheus,linkerd,outbound,,5bccd64d4d,200,true,linkerd,10.1.10.101:4191,,linkerd,web,robot-shop,web-7b9d5b8875-pq5wv,7b9d5b8875,default,default.robot-shop.serviceaccount.identity.linkerd.cluster.local,,,
1613778611.011,response_latency_ms_count,,,10.1.7.224:4191,linkerd-proxy,linkerd,,linkerd-prometheus-5bccd64d4d-jzwmt,,72,,,,,linkerd-prometheus,prometheus,linkerd,outbound,,5bccd64d4d,200,true,linkerd,10.1.10.101:4191,,linkerd,web,robot-shop,web-7b9d5b8875-pq5wv,7b9d5b8875,default,default.robot-shop.serviceaccount.identity.linkerd.cluster.local,,,
1613778621.012,response_latency_ms_count,,,10.1.7.224:4191,linkerd-proxy,linkerd,,linkerd-prometheus-5bccd64d4d-jzwmt,,72,,,,,linkerd-prometheus,prometheus,linkerd,outbound,,5bccd64d4d,200,true,linkerd,10.1.10.101:4191,,linkerd,web,robot-shop,web-7b9d5b8875-pq5wv,7b9d5b8875,default,default.robot-shop.serviceaccount.identity.linkerd.cluster.local,,,
1613778631.011,response_latency_ms_count,,,10.1.7.224:4191,linkerd-proxy,linkerd,,linkerd-prometheus-5bccd64d4d-jzwmt,,72,,,,,linkerd-prometheus,prometheus,linkerd,outbound,,5bccd64d4d,200,true,linkerd,10.1.10.101:4191,,linkerd,web,robot-shop,web-7b9d5b8875-pq5wv,7b9d5b8875,default,default.robot-shop.serviceaccount.identity.linkerd.cluster.local,,,
1613778641.011,response_latency_ms_count,,,10.1.7.224:4191,linkerd-proxy,linkerd,,linkerd-prometheus-5bccd64d4d-jzwmt,,72,,,,,linkerd-prometheus,prometheus,linkerd,outbound,,5bccd64d4d,200,true,linkerd,10.1.10.101:4191,,linkerd,web,robot-shop,web-7b9d5b8875-pq5wv,7b9d5b8875,default,default.robot-shop.serviceaccount.identity.linkerd.cluster.local,,,
1613778591.012,response_latency_ms_count,,,10.1.7.224:4191,linkerd-proxy,linkerd,,linkerd-prometheus-5bccd64d4d-jzwmt,,74,,,,,linkerd-prometheus,prometheus,linkerd,outbound,,5bccd64d4d,200,true,linkerd,10.1.10.100:4191,,linkerd,user,robot-shop,user-585f6dddcc-fw6lg,585f6dddcc,default,default.robot-shop.serviceaccount.identity.linkerd.cluster.local,,,
1613778601.012,response_latency_ms_count,,,10.1.7.224:4191,linkerd-proxy,linkerd,,linkerd-prometheus-5bccd64d4d-jzwmt,,74,,,,,linkerd-prometheus,prometheus,linkerd,outbound,,5bccd64d4d,200,true,linkerd,10.1.10.100:4191,,linkerd,user,robot-shop,user-585f6dddcc-fw6lg,585f6dddcc,default,default.robot-shop.serviceaccount.identity.linkerd.cluster.local,,,
1613778611.011,response_latency_ms_count,,,10.1.7.224:4191,linkerd-proxy,linkerd,,linkerd-prometheus-5bccd64d4d-jzwmt,,74,,,,,linkerd-prometheus,prometheus,linkerd,outbound,,5bccd64d4d,200,true,linkerd,10.1.10.100:4191,,linkerd,user,robot-shop,user-585f6dddcc-fw6lg,585f6dddcc,default,default.robot-shop.serviceaccount.identity.linkerd.cluster.local,,,
1613778621.012,response_latency_ms_count,,,10.1.7.224:4191,linkerd-proxy,linkerd,,linkerd-prometheus-5bccd64d4d-jzwmt,,74,,,,,linkerd-prometheus,prometheus,linkerd,outbound,,5bccd64d4d,200,true,linkerd,10.1.10.100:4191,,linkerd,user,robot-shop,user-585f6dddcc-fw6lg,585f6dddcc,default,default.robot-shop.serviceaccount.identity.linkerd.cluster.local,,,
1613778631.011,response_latency_ms_count,,,10.1.7.224:4191,linkerd-proxy,linkerd,,linkerd-prometheus-5bccd64d4d-jzwmt,,74,,,,,linkerd-prometheus,prometheus,linkerd,outbound,,5bccd64d4d,200,true,linkerd,10.1.10.100:4191,,linkerd,user,robot-shop,user-585f6dddcc-fw6lg,585f6dddcc,default,default.robot-shop.serviceaccount.identity.linkerd.cluster.local,,,
1613778641.011,response_latency_ms_count,,,10.1.7.224:4191,linkerd-proxy,linkerd,,linkerd-prometheus-5bccd64d4d-jzwmt,,74,,,,,linkerd-prometheus,prometheus,linkerd,outbound,,5bccd64d4d,200,true,linkerd,10.1.10.100:4191,,linkerd,user,robot-shop,user-585f6dddcc-fw6lg,585f6dddcc,default,default.robot-shop.serviceaccount.identity.linkerd.cluster.local,,,
1613778591.012,response_latency_ms_count,,,10.1.7.224:4191,linkerd-proxy,linkerd,,linkerd-prometheus-5bccd64d4d-jzwmt,,39,,,,,linkerd-prometheus,prometheus,linkerd,outbound,,5bccd64d4d,200,true,linkerd,10.1.10.102:4191,,linkerd,cart,robot-shop,cart-7b6b494d5d-kvlvw,7b6b494d5d,default,default.robot-shop.serviceaccount.identity.linkerd.cluster.local,,,
1613778601.012,response_latency_ms_count,,,10.1.7.224:4191,linkerd-proxy,linkerd,,linkerd-prometheus-5bccd64d4d-jzwmt,,39,,,,,linkerd-prometheus,prometheus,linkerd,outbound,,5bccd64d4d,200,true,linkerd,10.1.10.102:4191,,linkerd,cart,robot-shop,cart-7b6b494d5d-kvlvw,7b6b494d5d,default,default.robot-shop.serviceaccount.identity.linkerd.cluster.local,,,
1613778611.011,response_latency_ms_count,,,10.1.7.224:4191,linkerd-proxy,linkerd,,linkerd-prometheus-5bccd64d4d-jzwmt,,39,,,,,linkerd-prometheus,prometheus,linkerd,outbound,,5bccd64d4d,200,true,linkerd,10.1.10.102:4191,,linkerd,cart,robot-shop,cart-7b6b494d5d-kvlvw,7b6b494d5d,default,default.robot-shop.serviceaccount.identity.linkerd.cluster.local,,,
1613778621.012,response_latency_ms_count,,,10.1.7.224:4191,linkerd-proxy,linkerd,,linkerd-prometheus-5bccd64d4d-jzwmt,,39,,,,,linkerd-prometheus,prometheus,linkerd,outbound,,5bccd64d4d,200,true,linkerd,10.1.10.102:4191,,linkerd,cart,robot-shop,cart-7b6b494d5d-kvlvw,7b6b494d5d,default,default.robot-shop.serviceaccount.identity.linkerd.cluster.local,,,
1613778631.011,response_latency_ms_count,,,10.1.7.224:4191,linkerd-proxy,linkerd,,linkerd-prometheus-5bccd64d4d-jzwmt,,39,,,,,linkerd-prometheus,prometheus,linkerd,outbound,,5bccd64d4d,200,true,linkerd,10.1.10.102:4191,,linkerd,cart,robot-shop,cart-7b6b494d5d-kvlvw,7b6b494d5d,default,default.robot-shop.serviceaccount.identity.linkerd.cluster.local,,,
1613778641.011,response_latency_ms_count,,,10.1.7.224:4191,linkerd-proxy,linkerd,,linkerd-prometheus-5bccd64d4d-jzwmt,,39,,,,,linkerd-prometheus,prometheus,linkerd,outbound,,5bccd64d4d,200,true,linkerd,10.1.10.102:4191,,linkerd,cart,robot-shop,cart-7b6b494d5d-kvlvw,7b6b494d5d,default,default.robot-shop.serviceaccount.identity.linkerd.cluster.local,,,
1613778591.012,response_latency_ms_count,,,10.1.7.224:4191,linkerd-proxy,linkerd,,linkerd-prometheus-5bccd64d4d-jzwmt,,36,,,,,linkerd-prometheus,prometheus,linkerd,outbound,,5bccd64d4d,200,true,linkerd,10.1.10.105:4191,,linkerd,payment,robot-shop,payment-c67d9b657-mrd7j,c67d9b657,default,default.robot-shop.serviceaccount.identity.linkerd.cluster.local,,,
1613778601.012,response_latency_ms_count,,,10.1.7.224:4191,linkerd-proxy,linkerd,,linkerd-prometheus-5bccd64d4d-jzwmt,,36,,,,,linkerd-prometheus,prometheus,linkerd,outbound,,5bccd64d4d,200,true,linkerd,10.1.10.105:4191,,linkerd,payment,robot-shop,payment-c67d9b657-mrd7j,c67d9b657,default,default.robot-shop.serviceaccount.identity.linkerd.cluster.local,,,
1613778611.011,response_latency_ms_count,,,10.1.7.224:4191,linkerd-proxy,linkerd,,linkerd-prometheus-5bccd64d4d-jzwmt,,36,,,,,linkerd-prometheus,prometheus,linkerd,outbound,,5bccd64d4d,200,true,linkerd,10.1.10.105:4191,,linkerd,payment,robot-shop,payment-c67d9b657-mrd7j,c67d9b657,default,default.robot-shop.serviceaccount.identity.linkerd.cluster.local,,,
1613778621.012,response_latency_ms_count,,,10.1.7.224:4191,linkerd-proxy,linkerd,,linkerd-prometheus-5bccd64d4d-jzwmt,,36,,,,,linkerd-prometheus,prometheus,linkerd,outbound,,5bccd64d4d,200,true,linkerd,10.1.10.105:4191,,linkerd,payment,robot-shop,payment-c67d9b657-mrd7j,c67d9b657,default,default.robot-shop.serviceaccount.identity.linkerd.cluster.local,,,
1613778631.011,response_latency_ms_count,,,10.1.7.224:4191,linkerd-proxy,linkerd,,linkerd-prometheus-5bccd64d4d-jzwmt,,36,,,,,linkerd-prometheus,prometheus,linkerd,outbound,,5bccd64d4d,200,true,linkerd,10.1.10.105:4191,,linkerd,payment,robot-shop,payment-c67d9b657-mrd7j,c67d9b657,default,default.robot-shop.serviceaccount.identity.linkerd.cluster.local,,,
1613778641.011,response_latency_ms_count,,,10.1.7.224:4191,linkerd-proxy,linkerd,,linkerd-prometheus-5bccd64d4d-jzwmt,,36,,,,,linkerd-prometheus,prometheus,linkerd,outbound,,5bccd64d4d,200,true,linkerd,10.1.10.105:4191,,linkerd,payment,robot-shop,payment-c67d9b657-mrd7j,c67d9b657,default,default.robot-shop.serviceaccount.identity.linkerd.cluster.local,,,
1613778591.012,response_latency_ms_count,,,10.1.7.224:4191,linkerd-proxy,linkerd,,linkerd-prometheus-5bccd64d4d-jzwmt,,39,,,,,linkerd-prometheus,prometheus,linkerd,outbound,,5bccd64d4d,200,true,linkerd,10.1.10.103:4191,,linkerd,catalogue,robot-shop,catalogue-c855cf79c-qhvtq,c855cf79c,default,default.robot-shop.serviceaccount.identity.linkerd.cluster.local,,,
1613778601.012,response_latency_ms_count,,,10.1.7.224:4191,linkerd-proxy,linkerd,,linkerd-prometheus-5bccd64d4d-jzwmt,,39,,,,,linkerd-prometheus,prometheus,linkerd,outbound,,5bccd64d4d,200,true,linkerd,10.1.10.103:4191,,linkerd,catalogue,robot-shop,catalogue-c855cf79c-qhvtq,c855cf79c,default,default.robot-shop.serviceaccount.identity.linkerd.cluster.local,,,
1613778611.011,response_latency_ms_count,,,10.1.7.224:4191,linkerd-proxy,linkerd,,linkerd-prometheus-5bccd64d4d-jzwmt,,39,,,,,linkerd-prometheus,prometheus,linkerd,outbound,,5bccd64d4d,200,true,linkerd,10.1.10.103:4191,,linkerd,catalogue,robot-shop,catalogue-c855cf79c-qhvtq,c855cf79c,default,default.robot-shop.serviceaccount.identity.linkerd.cluster.local,,,
1613778621.012,response_latency_ms_count,,,10.1.7.224:4191,linkerd-proxy,linkerd,,linkerd-prometheus-5bccd64d4d-jzwmt,,39,,,,,linkerd-prometheus,prometheus,linkerd,outbound,,5bccd64d4d,200,true,linkerd,10.1.10.103:4191,,linkerd,catalogue,robot-shop,catalogue-c855cf79c-qhvtq,c855cf79c,default,default.robot-shop.serviceaccount.identity.linkerd.cluster.local,,,
1613778631.011,response_latency_ms_count,,,10.1.7.224:4191,linkerd-proxy,linkerd,,linkerd-prometheus-5bccd64d4d-jzwmt,,39,,,,,linkerd-prometheus,prometheus,linkerd,outbound,,5bccd64d4d,200,true,linkerd,10.1.10.103:4191,,linkerd,catalogue,robot-shop,catalogue-c855cf79c-qhvtq,c855cf79c,default,default.robot-shop.serviceaccount.identity.linkerd.cluster.local,,,
1613778641.011,response_latency_ms_count,,,10.1.7.224:4191,linkerd-proxy,linkerd,,linkerd-prometheus-5bccd64d4d-jzwmt,,39,,,,,linkerd-prometheus,prometheus,linkerd,outbound,,5bccd64d4d,200,true,linkerd,10.1.10.103:4191,,linkerd,catalogue,robot-shop,catalogue-c855cf79c-qhvtq,c855cf79c,default,default.robot-shop.serviceaccount.identity.linkerd.cluster.local,,,
1613778591.012,response_latency_ms_count,,,10.1.7.224:4191,linkerd-proxy,linkerd,,linkerd-prometheus-5bccd64d4d-jzwmt,,45,,,,,linkerd-prometheus,prometheus,linkerd,outbound,,5bccd64d4d,200,true,linkerd,10.1.10.107:4191,,linkerd,shipping,robot-shop,shipping-596cccbb5d-9gxc5,596cccbb5d,default,default.robot-shop.serviceaccount.identity.linkerd.cluster.local,,,
1613778601.012,response_latency_ms_count,,,10.1.7.224:4191,linkerd-proxy,linkerd,,linkerd-prometheus-5bccd64d4d-jzwmt,,45,,,,,linkerd-prometheus,prometheus,linkerd,outbound,,5bccd64d4d,200,true,linkerd,10.1.10.107:4191,,linkerd,shipping,robot-shop,shipping-596cccbb5d-9gxc5,596cccbb5d,default,default.robot-shop.serviceaccount.identity.linkerd.cluster.local,,,
1613778611.011,response_latency_ms_count,,,10.1.7.224:4191,linkerd-proxy,linkerd,,linkerd-prometheus-5bccd64d4d-jzwmt,,45,,,,,linkerd-prometheus,prometheus,linkerd,outbound,,5bccd64d4d,200,true,linkerd,10.1.10.107:4191,,linkerd,shipping,robot-shop,shipping-596cccbb5d-9gxc5,596cccbb5d,default,default.robot-shop.serviceaccount.identity.linkerd.cluster.local,,,
1613778621.012,response_latency_ms_count,,,10.1.7.224:4191,linkerd-proxy,linkerd,,linkerd-prometheus-5bccd64d4d-jzwmt,,45,,,,,linkerd-prometheus,prometheus,linkerd,outbound,,5bccd64d4d,200,true,linkerd,10.1.10.107:4191,,linkerd,shipping,robot-shop,shipping-596cccbb5d-9gxc5,596cccbb5d,default,default.robot-shop.serviceaccount.identity.linkerd.cluster.local,,,
1613778631.011,response_latency_ms_count,,,10.1.7.224:4191,linkerd-proxy,linkerd,,linkerd-prometheus-5bccd64d4d-jzwmt,,45,,,,,linkerd-prometheus,prometheus,linkerd,outbound,,5bccd64d4d,200,true,linkerd,10.1.10.107:4191,,linkerd,shipping,robot-shop,shipping-596cccbb5d-9gxc5,596cccbb5d,default,default.robot-shop.serviceaccount.identity.linkerd.cluster.local,,,
1613778641.011,response_latency_ms_count,,,10.1.7.224:4191,linkerd-proxy,linkerd,,linkerd-prometheus-5bccd64d4d-jzwmt,,45,,,,,linkerd-prometheus,prometheus,linkerd,outbound,,5bccd64d4d,200,true,linkerd,10.1.10.107:4191,,linkerd,shipping,robot-shop,shipping-596cccbb5d-9gxc5,596cccbb5d,default,default.robot-shop.serviceaccount.identity.linkerd.cluster.local,,,
1613778591.012,response_latency_ms_count,,,10.1.7.224:4191,linkerd-proxy,linkerd,,linkerd-prometheus-5bccd64d4d-jzwmt,,39,,,,,linkerd-prometheus,prometheus,linkerd,outbound,,5bccd64d4d,200,true,linkerd,10.1.10.108:4191,,linkerd,user,robot-shop,user-585f6dddcc-f8kng,585f6dddcc,default,default.robot-shop.serviceaccount.identity.linkerd.cluster.local,,,
1613778601.012,response_latency_ms_count,,,10.1.7.224:4191,linkerd-proxy,linkerd,,linkerd-prometheus-5bccd64d4d-jzwmt,,39,,,,,linkerd-prometheus,prometheus,linkerd,outbound,,5bccd64d4d,200,true,linkerd,10.1.10.108:4191,,linkerd,user,robot-shop,user-585f6dddcc-f8kng,585f6dddcc,default,default.robot-shop.serviceaccount.identity.linkerd.cluster.local,,,
1613778611.011,response_latency_ms_count,,,10.1.7.224:4191,linkerd-proxy,linkerd,,linkerd-prometheus-5bccd64d4d-jzwmt,,39,,,,,linkerd-prometheus,prometheus,linkerd,outbound,,5bccd64d4d,200,true,linkerd,10.1.10.108:4191,,linkerd,user,robot-shop,user-585f6dddcc-f8kng,585f6dddcc,default,default.robot-shop.serviceaccount.identity.linkerd.cluster.local,,,
1613778621.012,response_latency_ms_count,,,10.1.7.224:4191,linkerd-proxy,linkerd,,linkerd-prometheus-5bccd64d4d-jzwmt,,39,,,,,linkerd-prometheus,prometheus,linkerd,outbound,,5bccd64d4d,200,true,linkerd,10.1.10.108:4191,,linkerd,user,robot-shop,user-585f6dddcc-f8kng,585f6dddcc,default,default.robot-shop.serviceaccount.identity.linkerd.cluster.local,,,
1613778631.011,response_latency_ms_count,,,10.1.7.224:4191,linkerd-proxy,linkerd,,linkerd-prometheus-5bccd64d4d-jzwmt,,39,,,,,linkerd-prometheus,prometheus,linkerd,outbound,,5bccd64d4d,200,true,linkerd,10.1.10.108:4191,,linkerd,user,robot-shop,user-585f6dddcc-f8kng,585f6dddcc,default,default.robot-shop.serviceaccount.identity.linkerd.cluster.local,,,
1613778641.011,response_latency_ms_count,,,10.1.7.224:4191,linkerd-proxy,linkerd,,linkerd-prometheus-5bccd64d4d-jzwmt,,39,,,,,linkerd-prometheus,prometheus,linkerd,outbound,,5bccd64d4d,200,true,linkerd,10.1.10.108:4191,,linkerd,user,robot-shop,user-585f6dddcc-f8kng,585f6dddcc,default,default.robot-shop.serviceaccount.identity.linkerd.cluster.local,,,
1613778591.012,response_latency_ms_count,,,10.1.7.224:4191,linkerd-proxy,linkerd,,linkerd-prometheus-5bccd64d4d-jzwmt,,38,,,,,linkerd-prometheus,prometheus,linkerd,outbound,,5bccd64d4d,200,true,linkerd,10.1.10.104:4191,,linkerd,dispatch,robot-shop,dispatch-56cc554d57-vwsg9,56cc554d57,default,default.robot-shop.serviceaccount.identity.linkerd.cluster.local,,,
1613778601.012,response_latency_ms_count,,,10.1.7.224:4191,linkerd-proxy,linkerd,,linkerd-prometheus-5bccd64d4d-jzwmt,,38,,,,,linkerd-prometheus,prometheus,linkerd,outbound,,5bccd64d4d,200,true,linkerd,10.1.10.104:4191,,linkerd,dispatch,robot-shop,dispatch-56cc554d57-vwsg9,56cc554d57,default,default.robot-shop.serviceaccount.identity.linkerd.cluster.local,,,
1613778611.011,response_latency_ms_count,,,10.1.7.224:4191,linkerd-proxy,linkerd,,linkerd-prometheus-5bccd64d4d-jzwmt,,38,,,,,linkerd-prometheus,prometheus,linkerd,outbound,,5bccd64d4d,200,true,linkerd,10.1.10.104:4191,,linkerd,dispatch,robot-shop,dispatch-56cc554d57-vwsg9,56cc554d57,default,default.robot-shop.serviceaccount.identity.linkerd.cluster.local,,,
1613778621.012,response_latency_ms_count,,,10.1.7.224:4191,linkerd-proxy,linkerd,,linkerd-prometheus-5bccd64d4d-jzwmt,,38,,,,,linkerd-prometheus,prometheus,linkerd,outbound,,5bccd64d4d,200,true,linkerd,10.1.10.104:4191,,linkerd,dispatch,robot-shop,dispatch-56cc554d57-vwsg9,56cc554d57,default,default.robot-shop.serviceaccount.identity.linkerd.cluster.local,,,
1613778631.011,response_latency_ms_count,,,10.1.7.224:4191,linkerd-proxy,linkerd,,linkerd-prometheus-5bccd64d4d-jzwmt,,38,,,,,linkerd-prometheus,prometheus,linkerd,outbound,,5bccd64d4d,200,true,linkerd,10.1.10.104:4191,,linkerd,dispatch,robot-shop,dispatch-56cc554d57-vwsg9,56cc554d57,default,default.robot-shop.serviceaccount.identity.linkerd.cluster.local,,,
1613778641.011,response_latency_ms_count,,,10.1.7.224:4191,linkerd-proxy,linkerd,,linkerd-prometheus-5bccd64d4d-jzwmt,,38,,,,,linkerd-prometheus,prometheus,linkerd,outbound,,5bccd64d4d,200,true,linkerd,10.1.10.104:4191,,linkerd,dispatch,robot-shop,dispatch-56cc554d57-vwsg9,56cc554d57,default,default.robot-shop.serviceaccount.identity.linkerd.cluster.local,,,
1613778591.012,response_latency_ms_count,,,10.1.7.224:4191,linkerd-proxy,linkerd,,linkerd-prometheus-5bccd64d4d-jzwmt,,35,,,,,linkerd-prometheus,prometheus,linkerd,outbound,,5bccd64d4d,200,true,linkerd,10.1.10.106:4191,,linkerd,ratings,robot-shop,ratings-5bc6694dc9-t52cx,5bc6694dc9,default,default.robot-shop.serviceaccount.identity.linkerd.cluster.local,,,
1613778601.012,response_latency_ms_count,,,10.1.7.224:4191,linkerd-proxy,linkerd,,linkerd-prometheus-5bccd64d4d-jzwmt,,35,,,,,linkerd-prometheus,prometheus,linkerd,outbound,,5bccd64d4d,200,true,linkerd,10.1.10.106:4191,,linkerd,ratings,robot-shop,ratings-5bc6694dc9-t52cx,5bc6694dc9,default,default.robot-shop.serviceaccount.identity.linkerd.cluster.local,,,
1613778611.011,response_latency_ms_count,,,10.1.7.224:4191,linkerd-proxy,linkerd,,linkerd-prometheus-5bccd64d4d-jzwmt,,35,,,,,linkerd-prometheus,prometheus,linkerd,outbound,,5bccd64d4d,200,true,linkerd,10.1.10.106:4191,,linkerd,ratings,robot-shop,ratings-5bc6694dc9-t52cx,5bc6694dc9,default,default.robot-shop.serviceaccount.identity.linkerd.cluster.local,,,
1613778621.012,response_latency_ms_count,,,10.1.7.224:4191,linkerd-proxy,linkerd,,linkerd-prometheus-5bccd64d4d-jzwmt,,35,,,,,linkerd-prometheus,prometheus,linkerd,outbound,,5bccd64d4d,200,true,linkerd,10.1.10.106:4191,,linkerd,ratings,robot-shop,ratings-5bc6694dc9-t52cx,5bc6694dc9,default,default.robot-shop.serviceaccount.identity.linkerd.cluster.local,,,
1613778631.011,response_latency_ms_count,,,10.1.7.224:4191,linkerd-proxy,linkerd,,linkerd-prometheus-5bccd64d4d-jzwmt,,35,,,,,linkerd-prometheus,prometheus,linkerd,outbound,,5bccd64d4d,200,true,linkerd,10.1.10.106:4191,,linkerd,ratings,robot-shop,ratings-5bc6694dc9-t52cx,5bc6694dc9,default,default.robot-shop.serviceaccount.identity.linkerd.cluster.local,,,
1613778641.011,response_latency_ms_count,,,10.1.7.224:4191,linkerd-proxy,linkerd,,linkerd-prometheus-5bccd64d4d-jzwmt,,35,,,,,linkerd-prometheus,prometheus,linkerd,outbound,,5bccd64d4d,200,true,linkerd,10.1.10.106:4191,,linkerd,ratings,robot-shop,ratings-5bc6694dc9-t52cx,5bc6694dc9,default,default.robot-shop.serviceaccount.identity.linkerd.cluster.local,,,
1613778591.012,response_latency_ms_count,,,10.1.7.224:4191,linkerd-proxy,linkerd,,linkerd-prometheus-5bccd64d4d-jzwmt,,35,,,,,linkerd-prometheus,prometheus,linkerd,outbound,,5bccd64d4d,200,true,linkerd,10.1.10.109:4191,,linkerd,web,robot-shop,web-7b9d5b8875-m997p,7b9d5b8875,default,default.robot-shop.serviceaccount.identity.linkerd.cluster.local,,,
1613778601.012,response_latency_ms_count,,,10.1.7.224:4191,linkerd-proxy,linkerd,,linkerd-prometheus-5bccd64d4d-jzwmt,,35,,,,,linkerd-prometheus,prometheus,linkerd,outbound,,5bccd64d4d,200,true,linkerd,10.1.10.109:4191,,linkerd,web,robot-shop,web-7b9d5b8875-m997p,7b9d5b8875,default,default.robot-shop.serviceaccount.identity.linkerd.cluster.local,,,
1613778611.011,response_latency_ms_count,,,10.1.7.224:4191,linkerd-proxy,linkerd,,linkerd-prometheus-5bccd64d4d-jzwmt,,35,,,,,linkerd-prometheus,prometheus,linkerd,outbound,,5bccd64d4d,200,true,linkerd,10.1.10.109:4191,,linkerd,web,robot-shop,web-7b9d5b8875-m997p,7b9d5b8875,default,default.robot-shop.serviceaccount.identity.linkerd.cluster.local,,,
1613778621.012,response_latency_ms_count,,,10.1.7.224:4191,linkerd-proxy,linkerd,,linkerd-prometheus-5bccd64d4d-jzwmt,,35,,,,,linkerd-prometheus,prometheus,linkerd,outbound,,5bccd64d4d,200,true,linkerd,10.1.10.109:4191,,linkerd,web,robot-shop,web-7b9d5b8875-m997p,7b9d5b8875,default,default.robot-shop.serviceaccount.identity.linkerd.cluster.local,,,
1613778631.011,response_latency_ms_count,,,10.1.7.224:4191,linkerd-proxy,linkerd,,linkerd-prometheus-5bccd64d4d-jzwmt,,35,,,,,linkerd-prometheus,prometheus,linkerd,outbound,,5bccd64d4d,200,true,linkerd,10.1.10.109:4191,,linkerd,web,robot-shop,web-7b9d5b8875-m997p,7b9d5b8875,default,default.robot-shop.serviceaccount.identity.linkerd.cluster.local,,,
1613778641.011,response_latency_ms_count,,,10.1.7.224:4191,linkerd-proxy,linkerd,,linkerd-prometheus-5bccd64d4d-jzwmt,,35,,,,,linkerd-prometheus,prometheus,linkerd,outbound,,5bccd64d4d,200,true,linkerd,10.1.10.109:4191,,linkerd,web,robot-shop,web-7b9d5b8875-m997p,7b9d5b8875,default,default.robot-shop.serviceaccount.identity.linkerd.cluster.local,,,
1613778591.012,response_latency_ms_count,,,10.1.7.224:4191,linkerd-proxy,linkerd,,linkerd-prometheus-5bccd64d4d-jzwmt,,30,,,,,linkerd-prometheus,prometheus,linkerd,outbound,,5bccd64d4d,200,true,linkerd,10.1.10.110:4191,,linkerd,cart,robot-shop,cart-6d995f7dc6-56fjs,6d995f7dc6,default,default.robot-shop.serviceaccount.identity.linkerd.cluster.local,,,
1613778601.012,response_latency_ms_count,,,10.1.7.224:4191,linkerd-proxy,linkerd,,linkerd-prometheus-5bccd64d4d-jzwmt,,31,,,,,linkerd-prometheus,prometheus,linkerd,outbound,,5bccd64d4d,200,true,linkerd,10.1.10.110:4191,,linkerd,cart,robot-shop,cart-6d995f7dc6-56fjs,6d995f7dc6,default,default.robot-shop.serviceaccount.identity.linkerd.cluster.local,,,
1613778611.011,response_latency_ms_count,,,10.1.7.224:4191,linkerd-proxy,linkerd,,linkerd-prometheus-5bccd64d4d-jzwmt,,32,,,,,linkerd-prometheus,prometheus,linkerd,outbound,,5bccd64d4d,200,true,linkerd,10.1.10.110:4191,,linkerd,cart,robot-shop,cart-6d995f7dc6-56fjs,6d995f7dc6,default,default.robot-shop.serviceaccount.identity.linkerd.cluster.local,,,
1613778621.012,response_latency_ms_count,,,10.1.7.224:4191,linkerd-proxy,linkerd,,linkerd-prometheus-5bccd64d4d-jzwmt,,33,,,,,linkerd-prometheus,prometheus,linkerd,outbound,,5bccd64d4d,200,true,linkerd,10.1.10.110:4191,,linkerd,cart,robot-shop,cart-6d995f7dc6-56fjs,6d995f7dc6,default,default.robot-shop.serviceaccount.identity.linkerd.cluster.local,,,
1613778631.011,response_latency_ms_count,,,10.1.7.224:4191,linkerd-proxy,linkerd,,linkerd-prometheus-5bccd64d4d-jzwmt,,34,,,,,linkerd-prometheus,prometheus,linkerd,outbound,,5bccd64d4d,200,true,linkerd,10.1.10.110:4191,,linkerd,cart,robot-shop,cart-6d995f7dc6-56fjs,6d995f7dc6,default,default.robot-shop.serviceaccount.identity.linkerd.cluster.local,,,
1613778641.011,response_latency_ms_count,,,10.1.7.224:4191,linkerd-proxy,linkerd,,linkerd-prometheus-5bccd64d4d-jzwmt,,35,,,,,linkerd-prometheus,prometheus,linkerd,outbound,,5bccd64d4d,200,true,linkerd,10.1.10.110:4191,,linkerd,cart,robot-shop,cart-6d995f7dc6-56fjs,6d995f7dc6,default,default.robot-shop.serviceaccount.identity.linkerd.cluster.local,,,
1613778591.012,response_latency_ms_count,,,10.1.7.224:4191,linkerd-proxy,linkerd,,linkerd-prometheus-5bccd64d4d-jzwmt,,30,,,,,linkerd-prometheus,prometheus,linkerd,outbound,,5bccd64d4d,200,true,linkerd,10.1.10.116:4191,,linkerd,web,robot-shop,web-686969bf8f-52hlc,686969bf8f,default,default.robot-shop.serviceaccount.identity.linkerd.cluster.local,,,
1613778601.012,response_latency_ms_count,,,10.1.7.224:4191,linkerd-proxy,linkerd,,linkerd-prometheus-5bccd64d4d-jzwmt,,31,,,,,linkerd-prometheus,prometheus,linkerd,outbound,,5bccd64d4d,200,true,linkerd,10.1.10.116:4191,,linkerd,web,robot-shop,web-686969bf8f-52hlc,686969bf8f,default,default.robot-shop.serviceaccount.identity.linkerd.cluster.local,,,
1613778611.011,response_latency_ms_count,,,10.1.7.224:4191,linkerd-proxy,linkerd,,linkerd-prometheus-5bccd64d4d-jzwmt,,32,,,,,linkerd-prometheus,prometheus,linkerd,outbound,,5bccd64d4d,200,true,linkerd,10.1.10.116:4191,,linkerd,web,robot-shop,web-686969bf8f-52hlc,686969bf8f,default,default.robot-shop.serviceaccount.identity.linkerd.cluster.local,,,
1613778621.012,response_latency_ms_count,,,10.1.7.224:4191,linkerd-proxy,linkerd,,linkerd-prometheus-5bccd64d4d-jzwmt,,33,,,,,linkerd-prometheus,prometheus,linkerd,outbound,,5bccd64d4d,200,true,linkerd,10.1.10.116:4191,,linkerd,web,robot-shop,web-686969bf8f-52hlc,686969bf8f,default,default.robot-shop.serviceaccount.identity.linkerd.cluster.local,,,
1613778631.011,response_latency_ms_count,,,10.1.7.224:4191,linkerd-proxy,linkerd,,linkerd-prometheus-5bccd64d4d-jzwmt,,34,,,,,linkerd-prometheus,prometheus,linkerd,outbound,,5bccd64d4d,200,true,linkerd,10.1.10.116:4191,,linkerd,web,robot-shop,web-686969bf8f-52hlc,686969bf8f,default,default.robot-shop.serviceaccount.identity.linkerd.cluster.local,,,
1613778641.011,response_latency_ms_count,,,10.1.7.224:4191,linkerd-proxy,linkerd,,linkerd-prometheus-5bccd64d4d-jzwmt,,35,,,,,linkerd-prometheus,prometheus,linkerd,outbound,,5bccd64d4d,200,true,linkerd,10.1.10.116:4191,,linkerd,web,robot-shop,web-686969bf8f-52hlc,686969bf8f,default,default.robot-shop.serviceaccount.identity.linkerd.cluster.local,,,
1613778591.012,response_latency_ms_count,,,10.1.7.224:4191,linkerd-proxy,linkerd,,linkerd-prometheus-5bccd64d4d-jzwmt,,30,,,,,linkerd-prometheus,prometheus,linkerd,outbound,,5bccd64d4d,200,true,linkerd,10.1.10.112:4191,,linkerd,dispatch,robot-shop,dispatch-6464b86c7f-kkzz9,6464b86c7f,default,default.robot-shop.serviceaccount.identity.linkerd.cluster.local,,,
1613778601.012,response_latency_ms_count,,,10.1.7.224:4191,linkerd-proxy,linkerd,,linkerd-prometheus-5bccd64d4d-jzwmt,,31,,,,,linkerd-prometheus,prometheus,linkerd,outbound,,5bccd64d4d,200,true,linkerd,10.1.10.112:4191,,linkerd,dispatch,robot-shop,dispatch-6464b86c7f-kkzz9,6464b86c7f,default,default.robot-shop.serviceaccount.identity.linkerd.cluster.local,,,
1613778611.011,response_latency_ms_count,,,10.1.7.224:4191,linkerd-proxy,linkerd,,linkerd-prometheus-5bccd64d4d-jzwmt,,32,,,,,linkerd-prometheus,prometheus,linkerd,outbound,,5bccd64d4d,200,true,linkerd,10.1.10.112:4191,,linkerd,dispatch,robot-shop,dispatch-6464b86c7f-kkzz9,6464b86c7f,default,default.robot-shop.serviceaccount.identity.linkerd.cluster.local,,,
1613778621.012,response_latency_ms_count,,,10.1.7.224:4191,linkerd-proxy,linkerd,,linkerd-prometheus-5bccd64d4d-jzwmt,,33,,,,,linkerd-prometheus,prometheus,linkerd,outbound,,5bccd64d4d,200,true,linkerd,10.1.10.112:4191,,linkerd,dispatch,robot-shop,dispatch-6464b86c7f-kkzz9,6464b86c7f,default,default.robot-shop.serviceaccount.identity.linkerd.cluster.local,,,
1613778631.011,response_latency_ms_count,,,10.1.7.224:4191,linkerd-proxy,linkerd,,linkerd-prometheus-5bccd64d4d-jzwmt,,34,,,,,linkerd-prometheus,prometheus,linkerd,outbound,,5bccd64d4d,200,true,linkerd,10.1.10.112:4191,,linkerd,dispatch,robot-shop,dispatch-6464b86c7f-kkzz9,6464b86c7f,default,default.robot-shop.serviceaccount.identity.linkerd.cluster.local,,,
1613778641.011,response_latency_ms_count,,,10.1.7.224:4191,linkerd-proxy,linkerd,,linkerd-prometheus-5bccd64d4d-jzwmt,,35,,,,,linkerd-prometheus,prometheus,linkerd,outbound,,5bccd64d4d,200,true,linkerd,10.1.10.112:4191,,linkerd,dispatch,robot-shop,dispatch-6464b86c7f-kkzz9,6464b86c7f,default,default.robot-shop.serviceaccount.identity.linkerd.cluster.local,,,
1613778591.012,response_latency_ms_count,,,10.1.7.224:4191,linkerd-proxy,linkerd,,linkerd-prometheus-5bccd64d4d-jzwmt,,0,,,,,linkerd-prometheus,prometheus,linkerd,outbound,not_provided_by_service_discovery,5bccd64d4d,,no_identity,linkerd,10.1.10.106:4191,,,,,,,,,,,
1613778601.012,response_latency_ms_count,,,10.1.7.224:4191,linkerd-proxy,linkerd,,linkerd-prometheus-5bccd64d4d-jzwmt,,0,,,,,linkerd-prometheus,prometheus,linkerd,outbound,not_provided_by_service_discovery,5bccd64d4d,,no_identity,linkerd,10.1.10.106:4191,,,,,,,,,,,
1613778611.011,response_latency_ms_count,,,10.1.7.224:4191,linkerd-proxy,linkerd,,linkerd-prometheus-5bccd64d4d-jzwmt,,0,,,,,linkerd-prometheus,prometheus,linkerd,outbound,not_provided_by_service_discovery,5bccd64d4d,,no_identity,linkerd,10.1.10.106:4191,,,,,,,,,,,
1613778621.012,response_latency_ms_count,,,10.1.7.224:4191,linkerd-proxy,linkerd,,linkerd-prometheus-5bccd64d4d-jzwmt,,0,,,,,linkerd-prometheus,prometheus,linkerd,outbound,not_provided_by_service_discovery,5bccd64d4d,,no_identity,linkerd,10.1.10.106:4191,,,,,,,,,,,
1613778631.011,response_latency_ms_count,,,10.1.7.224:4191,linkerd-proxy,linkerd,,linkerd-prometheus-5bccd64d4d-jzwmt,,0,,,,,linkerd-prometheus,prometheus,linkerd,outbound,not_provided_by_service_discovery,5bccd64d4d,,no_identity,linkerd,10.1.10.106:4191,,,,,,,,,,,
1613778641.011,response_latency_ms_count,,,10.1.7.224:4191,linkerd-proxy,linkerd,,linkerd-prometheus-5bccd64d4d-jzwmt,,0,,,,,linkerd-prometheus,prometheus,linkerd,outbound,not_provided_by_service_discovery,5bccd64d4d,,no_identity,linkerd,10.1.10.106:4191,,,,,,,,,,,
1613778592.297,response_latency_ms_count,,,10.1.10.111:4191,linkerd-proxy,robot-shop,,catalogue-586db9967-5jtnh,catalogue,0,,,,,catalogue,,linkerd,outbound,not_provided_by_service_discovery,586db9967,,no_identity,robot-shop,10.1.0.1:42699,,,,,,,,,,,
1613778602.297,response_latency_ms_count,,,10.1.10.111:4191,linkerd-proxy,robot-shop,,catalogue-586db9967-5jtnh,catalogue,0,,,,,catalogue,,linkerd,outbound,not_provided_by_service_discovery,586db9967,,no_identity,robot-shop,10.1.0.1:42699,,,,,,,,,,,
1613778612.297,response_latency_ms_count,,,10.1.10.111:4191,linkerd-proxy,robot-shop,,catalogue-586db9967-5jtnh,catalogue,0,,,,,catalogue,,linkerd,outbound,not_provided_by_service_discovery,586db9967,,no_identity,robot-shop,10.1.0.1:42699,,,,,,,,,,,
1613778622.297,response_latency_ms_count,,,10.1.10.111:4191,linkerd-proxy,robot-shop,,catalogue-586db9967-5jtnh,catalogue,0,,,,,catalogue,,linkerd,outbound,not_provided_by_service_discovery,586db9967,,no_identity,robot-shop,10.1.0.1:42699,,,,,,,,,,,
1613778632.297,response_latency_ms_count,,,10.1.10.111:4191,linkerd-proxy,robot-shop,,catalogue-586db9967-5jtnh,catalogue,0,,,,,catalogue,,linkerd,outbound,not_provided_by_service_discovery,586db9967,,no_identity,robot-shop,10.1.0.1:42699,,,,,,,,,,,
1613778642.297,response_latency_ms_count,,,10.1.10.111:4191,linkerd-proxy,robot-shop,,catalogue-586db9967-5jtnh,catalogue,0,,,,,catalogue,,linkerd,outbound,not_provided_by_service_discovery,586db9967,,no_identity,robot-shop,10.1.0.1:42699,,,,,,,,,,,
1613778593.622,response_latency_ms_count,,,10.1.10.113:4191,linkerd-proxy,robot-shop,,payment-76c66c7d5f-2kcf5,payment,0,,,,,payment,,linkerd,outbound,not_provided_by_service_discovery,76c66c7d5f,,no_identity,robot-shop,10.1.0.1:42699,,,,,,,,,,prod,
1613778603.621,response_latency_ms_count,,,10.1.10.113:4191,linkerd-proxy,robot-shop,,payment-76c66c7d5f-2kcf5,payment,0,,,,,payment,,linkerd,outbound,not_provided_by_service_discovery,76c66c7d5f,,no_identity,robot-shop,10.1.0.1:42699,,,,,,,,,,prod,
1613778613.632,response_latency_ms_count,,,10.1.10.113:4191,linkerd-proxy,robot-shop,,payment-76c66c7d5f-2kcf5,payment,0,,,,,payment,,linkerd,outbound,not_provided_by_service_discovery,76c66c7d5f,,no_identity,robot-shop,10.1.0.1:42699,,,,,,,,,,prod,
1613778623.621,response_latency_ms_count,,,10.1.10.113:4191,linkerd-proxy,robot-shop,,payment-76c66c7d5f-2kcf5,payment,0,,,,,payment,,linkerd,outbound,not_provided_by_service_discovery,76c66c7d5f,,no_identity,robot-shop,10.1.0.1:42699,,,,,,,,,,prod,
1613778633.621,response_latency_ms_count,,,10.1.10.113:4191,linkerd-proxy,robot-shop,,payment-76c66c7d5f-2kcf5,payment,0,,,,,payment,,linkerd,outbound,not_provided_by_service_discovery,76c66c7d5f,,no_identity,robot-shop,10.1.0.1:42699,,,,,,,,,,prod,
1613778643.622,response_latency_ms_count,,,10.1.10.113:4191,linkerd-proxy,robot-shop,,payment-76c66c7d5f-2kcf5,payment,0,,,,,payment,,linkerd,outbound,not_provided_by_service_discovery,76c66c7d5f,,no_identity,robot-shop,10.1.0.1:42699,,,,,,,,,,prod,
1613778586.956,response_latency_ms_count,,,10.1.10.110:4191,linkerd-proxy,robot-shop,,cart-6d995f7dc6-56fjs,cart,0,,,,,cart,,linkerd,outbound,not_provided_by_service_discovery,6d995f7dc6,,no_identity,robot-shop,10.1.0.1:42699,,,,,,,,,,,
1613778596.956,response_latency_ms_count,,,10.1.10.110:4191,linkerd-proxy,robot-shop,,cart-6d995f7dc6-56fjs,cart,0,,,,,cart,,linkerd,outbound,not_provided_by_service_discovery,6d995f7dc6,,no_identity,robot-shop,10.1.0.1:42699,,,,,,,,,,,
1613778606.956,response_latency_ms_count,,,10.1.10.110:4191,linkerd-proxy,robot-shop,,cart-6d995f7dc6-56fjs,cart,0,,,,,cart,,linkerd,outbound,not_provided_by_service_discovery,6d995f7dc6,,no_identity,robot-shop,10.1.0.1:42699,,,,,,,,,,,
1613778616.956,response_latency_ms_count,,,10.1.10.110:4191,linkerd-proxy,robot-shop,,cart-6d995f7dc6-56fjs,cart,0,,,,,cart,,linkerd,outbound,not_provided_by_service_discovery,6d995f7dc6,,no_identity,robot-shop,10.1.0.1:42699,,,,,,,,,,,
1613778626.956,response_latency_ms_count,,,10.1.10.110:4191,linkerd-proxy,robot-shop,,cart-6d995f7dc6-56fjs,cart,0,,,,,cart,,linkerd,outbound,not_provided_by_service_discovery,6d995f7dc6,,no_identity,robot-shop,10.1.0.1:42699,,,,,,,,,,,
1613778636.956,response_latency_ms_count,,,10.1.10.110:4191,linkerd-proxy,robot-shop,,cart-6d995f7dc6-56fjs,cart,0,,,,,cart,,linkerd,outbound,not_provided_by_service_discovery,6d995f7dc6,,no_identity,robot-shop,10.1.0.1:42699,,,,,,,,,,,
1613778588.04,response_latency_ms_count,,,10.1.10.115:4191,linkerd-proxy,robot-shop,,shipping-5cd699998d-n4jtr,shipping,0,,,,,shipping,,linkerd,inbound,no_tls_from_remote,5cd699998d,,no_identity,robot-shop,,,,,,,,,,,,
1613778598.04,response_latency_ms_count,,,10.1.10.115:4191,linkerd-proxy,robot-shop,,shipping-5cd699998d-n4jtr,shipping,0,,,,,shipping,,linkerd,inbound,no_tls_from_remote,5cd699998d,,no_identity,robot-shop,,,,,,,,,,,,
1613778608.04,response_latency_ms_count,,,10.1.10.115:4191,linkerd-proxy,robot-shop,,shipping-5cd699998d-n4jtr,shipping,0,,,,,shipping,,linkerd,inbound,no_tls_from_remote,5cd699998d,,no_identity,robot-shop,,,,,,,,,,,,
1613778618.04,response_latency_ms_count,,,10.1.10.115:4191,linkerd-proxy,robot-shop,,shipping-5cd699998d-n4jtr,shipping,0,,,,,shipping,,linkerd,inbound,no_tls_from_remote,5cd699998d,,no_identity,robot-shop,,,,,,,,,,,,
1613778628.04,response_latency_ms_count,,,10.1.10.115:4191,linkerd-proxy,robot-shop,,shipping-5cd699998d-n4jtr,shipping,0,,,,,shipping,,linkerd,inbound,no_tls_from_remote,5cd699998d,,no_identity,robot-shop,,,,,,,,,,,,
1613778638.04,response_latency_ms_count,,,10.1.10.115:4191,linkerd-proxy,robot-shop,,shipping-5cd699998d-n4jtr,shipping,0,,,,,shipping,,linkerd,inbound,no_tls_from_remote,5cd699998d,,no_identity,robot-shop,,,,,,,,,,,,
1613778589.788,response_latency_ms_count,,,10.1.10.117:4191,linkerd-proxy,robot-shop,,user-6757745759-ggdcp,user,0,,,,,user,,linkerd,outbound,not_provided_by_service_discovery,6757745759,,no_identity,robot-shop,10.1.0.1:42699,,,,,,,,,,,
1613778599.788,response_latency_ms_count,,,10.1.10.117:4191,linkerd-proxy,robot-shop,,user-6757745759-ggdcp,user,0,,,,,user,,linkerd,outbound,not_provided_by_service_discovery,6757745759,,no_identity,robot-shop,10.1.0.1:42699,,,,,,,,,,,
1613778609.789,response_latency_ms_count,,,10.1.10.117:4191,linkerd-proxy,robot-shop,,user-6757745759-ggdcp,user,0,,,,,user,,linkerd,outbound,not_provided_by_service_discovery,6757745759,,no_identity,robot-shop,10.1.0.1:42699,,,,,,,,,,,
1613778619.788,response_latency_ms_count,,,10.1.10.117:4191,linkerd-proxy,robot-shop,,user-6757745759-ggdcp,user,0,,,,,user,,linkerd,outbound,not_provided_by_service_discovery,6757745759,,no_identity,robot-shop,10.1.0.1:42699,,,,,,,,,,,
1613778629.788,response_latency_ms_count,,,10.1.10.117:4191,linkerd-proxy,robot-shop,,user-6757745759-ggdcp,user,0,,,,,user,,linkerd,outbound,not_provided_by_service_discovery,6757745759,,no_identity,robot-shop,10.1.0.1:42699,,,,,,,,,,,
1613778639.788,response_latency_ms_count,,,10.1.10.117:4191,linkerd-proxy,robot-shop,,user-6757745759-ggdcp,user,0,,,,,user,,linkerd,outbound,not_provided_by_service_discovery,6757745759,,no_identity,robot-shop,10.1.0.1:42699,,,,,,,,,,,
1613778591.012,response_latency_ms_count,,,10.1.7.224:4191,linkerd-proxy,linkerd,,linkerd-prometheus-5bccd64d4d-jzwmt,,29,,,,,linkerd-prometheus,prometheus,linkerd,outbound,,5bccd64d4d,200,true,linkerd,10.1.10.111:4191,,linkerd,catalogue,robot-shop,catalogue-586db9967-5jtnh,586db9967,default,default.robot-shop.serviceaccount.identity.linkerd.cluster.local,,,
1613778601.012,response_latency_ms_count,,,10.1.7.224:4191,linkerd-proxy,linkerd,,linkerd-prometheus-5bccd64d4d-jzwmt,,30,,,,,linkerd-prometheus,prometheus,linkerd,outbound,,5bccd64d4d,200,true,linkerd,10.1.10.111:4191,,linkerd,catalogue,robot-shop,catalogue-586db9967-5jtnh,586db9967,default,default.robot-shop.serviceaccount.identity.linkerd.cluster.local,,,
1613778611.011,response_latency_ms_count,,,10.1.7.224:4191,linkerd-proxy,linkerd,,linkerd-prometheus-5bccd64d4d-jzwmt,,31,,,,,linkerd-prometheus,prometheus,linkerd,outbound,,5bccd64d4d,200,true,linkerd,10.1.10.111:4191,,linkerd,catalogue,robot-shop,catalogue-586db9967-5jtnh,586db9967,default,default.robot-shop.serviceaccount.identity.linkerd.cluster.local,,,
1613778621.012,response_latency_ms_count,,,10.1.7.224:4191,linkerd-proxy,linkerd,,linkerd-prometheus-5bccd64d4d-jzwmt,,32,,,,,linkerd-prometheus,prometheus,linkerd,outbound,,5bccd64d4d,200,true,linkerd,10.1.10.111:4191,,linkerd,catalogue,robot-shop,catalogue-586db9967-5jtnh,586db9967,default,default.robot-shop.serviceaccount.identity.linkerd.cluster.local,,,
1613778631.011,response_latency_ms_count,,,10.1.7.224:4191,linkerd-proxy,linkerd,,linkerd-prometheus-5bccd64d4d-jzwmt,,33,,,,,linkerd-prometheus,prometheus,linkerd,outbound,,5bccd64d4d,200,true,linkerd,10.1.10.111:4191,,linkerd,catalogue,robot-shop,catalogue-586db9967-5jtnh,586db9967,default,default.robot-shop.serviceaccount.identity.linkerd.cluster.local,,,
1613778641.011,response_latency_ms_count,,,10.1.7.224:4191,linkerd-proxy,linkerd,,linkerd-prometheus-5bccd64d4d-jzwmt,,34,,,,,linkerd-prometheus,prometheus,linkerd,outbound,,5bccd64d4d,200,true,linkerd,10.1.10.111:4191,,linkerd,catalogue,robot-shop,catalogue-586db9967-5jtnh,586db9967,default,default.robot-shop.serviceaccount.identity.linkerd.cluster.local,,,
1613778591.012,response_latency_ms_count,,,10.1.7.224:4191,linkerd-proxy,linkerd,,linkerd-prometheus-5bccd64d4d-jzwmt,,0,,,,,linkerd-prometheus,prometheus,linkerd,outbound,not_provided_by_service_discovery,5bccd64d4d,,no_identity,linkerd,10.1.10.93:4191,,,,,,,,,,,
1613778601.012,response_latency_ms_count,,,10.1.7.224:4191,linkerd-proxy,linkerd,,linkerd-prometheus-5bccd64d4d-jzwmt,,0,,,,,linkerd-prometheus,prometheus,linkerd,outbound,not_provided_by_service_discovery,5bccd64d4d,,no_identity,linkerd,10.1.10.93:4191,,,,,,,,,,,
1613778611.011,response_latency_ms_count,,,10.1.7.224:4191,linkerd-proxy,linkerd,,linkerd-prometheus-5bccd64d4d-jzwmt,,0,,,,,linkerd-prometheus,prometheus,linkerd,outbound,not_provided_by_service_discovery,5bccd64d4d,,no_identity,linkerd,10.1.10.93:4191,,,,,,,,,,,
1613778621.012,response_latency_ms_count,,,10.1.7.224:4191,linkerd-proxy,linkerd,,linkerd-prometheus-5bccd64d4d-jzwmt,,0,,,,,linkerd-prometheus,prometheus,linkerd,outbound,not_provided_by_service_discovery,5bccd64d4d,,no_identity,linkerd,10.1.10.93:4191,,,,,,,,,,,
1613778631.011,response_latency_ms_count,,,10.1.7.224:4191,linkerd-proxy,linkerd,,linkerd-prometheus-5bccd64d4d-jzwmt,,0,,,,,linkerd-prometheus,prometheus,linkerd,outbound,not_provided_by_service_discovery,5bccd64d4d,,no_identity,linkerd,10.1.10.93:4191,,,,,,,,,,,
1613778641.011,response_latency_ms_count,,,10.1.7.224:4191,linkerd-proxy,linkerd,,linkerd-prometheus-5bccd64d4d-jzwmt,,0,,,,,linkerd-prometheus,prometheus,linkerd,outbound,not_provided_by_service_discovery,5bccd64d4d,,no_identity,linkerd,10.1.10.93:4191,,,,,,,,,,,
1613778591.012,response_latency_ms_count,,,10.1.7.224:4191,linkerd-proxy,linkerd,,linkerd-prometheus-5bccd64d4d-jzwmt,,29,,,,,linkerd-prometheus,prometheus,linkerd,outbound,,5bccd64d4d,200,true,linkerd,10.1.10.113:4191,,linkerd,payment,robot-shop,payment-76c66c7d5f-2kcf5,76c66c7d5f,default,default.robot-shop.serviceaccount.identity.linkerd.cluster.local,,,
1613778601.012,response_latency_ms_count,,,10.1.7.224:4191,linkerd-proxy,linkerd,,linkerd-prometheus-5bccd64d4d-jzwmt,,30,,,,,linkerd-prometheus,prometheus,linkerd,outbound,,5bccd64d4d,200,true,linkerd,10.1.10.113:4191,,linkerd,payment,robot-shop,payment-76c66c7d5f-2kcf5,76c66c7d5f,default,default.robot-shop.serviceaccount.identity.linkerd.cluster.local,,,
1613778611.011,response_latency_ms_count,,,10.1.7.224:4191,linkerd-proxy,linkerd,,linkerd-prometheus-5bccd64d4d-jzwmt,,31,,,,,linkerd-prometheus,prometheus,linkerd,outbound,,5bccd64d4d,200,true,linkerd,10.1.10.113:4191,,linkerd,payment,robot-shop,payment-76c66c7d5f-2kcf5,76c66c7d5f,default,default.robot-shop.serviceaccount.identity.linkerd.cluster.local,,,
1613778621.012,response_latency_ms_count,,,10.1.7.224:4191,linkerd-proxy,linkerd,,linkerd-prometheus-5bccd64d4d-jzwmt,,32,,,,,linkerd-prometheus,prometheus,linkerd,outbound,,5bccd64d4d,200,true,linkerd,10.1.10.113:4191,,linkerd,payment,robot-shop,payment-76c66c7d5f-2kcf5,76c66c7d5f,default,default.robot-shop.serviceaccount.identity.linkerd.cluster.local,,,
1613778631.011,response_latency_ms_count,,,10.1.7.224:4191,linkerd-proxy,linkerd,,linkerd-prometheus-5bccd64d4d-jzwmt,,33,,,,,linkerd-prometheus,prometheus,linkerd,outbound,,5bccd64d4d,200,true,linkerd,10.1.10.113:4191,,linkerd,payment,robot-shop,payment-76c66c7d5f-2kcf5,76c66c7d5f,default,default.robot-shop.serviceaccount.identity.linkerd.cluster.local,,,
1613778641.011,response_latency_ms_count,,,10.1.7.224:4191,linkerd-proxy,linkerd,,linkerd-prometheus-5bccd64d4d-jzwmt,,34,,,,,linkerd-prometheus,prometheus,linkerd,outbound,,5bccd64d4d,200,true,linkerd,10.1.10.113:4191,,linkerd,payment,robot-shop,payment-76c66c7d5f-2kcf5,76c66c7d5f,default,default.robot-shop.serviceaccount.identity.linkerd.cluster.local,,,
1613778591.012,response_latency_ms_count,,,10.1.7.224:4191,linkerd-proxy,linkerd,,linkerd-prometheus-5bccd64d4d-jzwmt,,29,,,,,linkerd-prometheus,prometheus,linkerd,outbound,,5bccd64d4d,200,true,linkerd,10.1.10.114:4191,,linkerd,ratings,robot-shop,ratings-688d98cd8f-fvxpt,688d98cd8f,default,default.robot-shop.serviceaccount.identity.linkerd.cluster.local,,,
1613778601.012,response_latency_ms_count,,,10.1.7.224:4191,linkerd-proxy,linkerd,,linkerd-prometheus-5bccd64d4d-jzwmt,,30,,,,,linkerd-prometheus,prometheus,linkerd,outbound,,5bccd64d4d,200,true,linkerd,10.1.10.114:4191,,linkerd,ratings,robot-shop,ratings-688d98cd8f-fvxpt,688d98cd8f,default,default.robot-shop.serviceaccount.identity.linkerd.cluster.local,,,
1613778611.011,response_latency_ms_count,,,10.1.7.224:4191,linkerd-proxy,linkerd,,linkerd-prometheus-5bccd64d4d-jzwmt,,31,,,,,linkerd-prometheus,prometheus,linkerd,outbound,,5bccd64d4d,200,true,linkerd,10.1.10.114:4191,,linkerd,ratings,robot-shop,ratings-688d98cd8f-fvxpt,688d98cd8f,default,default.robot-shop.serviceaccount.identity.linkerd.cluster.local,,,
1613778621.012,response_latency_ms_count,,,10.1.7.224:4191,linkerd-proxy,linkerd,,linkerd-prometheus-5bccd64d4d-jzwmt,,32,,,,,linkerd-prometheus,prometheus,linkerd,outbound,,5bccd64d4d,200,true,linkerd,10.1.10.114:4191,,linkerd,ratings,robot-shop,ratings-688d98cd8f-fvxpt,688d98cd8f,default,default.robot-shop.serviceaccount.identity.linkerd.cluster.local,,,
1613778631.011,response_latency_ms_count,,,10.1.7.224:4191,linkerd-proxy,linkerd,,linkerd-prometheus-5bccd64d4d-jzwmt,,33,,,,,linkerd-prometheus,prometheus,linkerd,outbound,,5bccd64d4d,200,true,linkerd,10.1.10.114:4191,,linkerd,ratings,robot-shop,ratings-688d98cd8f-fvxpt,688d98cd8f,default,default.robot-shop.serviceaccount.identity.linkerd.cluster.local,,,
1613778641.011,response_latency_ms_count,,,10.1.7.224:4191,linkerd-proxy,linkerd,,linkerd-prometheus-5bccd64d4d-jzwmt,,34,,,,,linkerd-prometheus,prometheus,linkerd,outbound,,5bccd64d4d,200,true,linkerd,10.1.10.114:4191,,linkerd,ratings,robot-shop,ratings-688d98cd8f-fvxpt,688d98cd8f,default,default.robot-shop.serviceaccount.identity.linkerd.cluster.local,,,
1613778591.012,response_latency_ms_count,,,10.1.7.224:4191,linkerd-proxy,linkerd,,linkerd-prometheus-5bccd64d4d-jzwmt,,29,,,,,linkerd-prometheus,prometheus,linkerd,outbound,,5bccd64d4d,200,true,linkerd,10.1.10.115:4191,,linkerd,shipping,robot-shop,shipping-5cd699998d-n4jtr,5cd699998d,default,default.robot-shop.serviceaccount.identity.linkerd.cluster.local,,,
1613778601.012,response_latency_ms_count,,,10.1.7.224:4191,linkerd-proxy,linkerd,,linkerd-prometheus-5bccd64d4d-jzwmt,,30,,,,,linkerd-prometheus,prometheus,linkerd,outbound,,5bccd64d4d,200,true,linkerd,10.1.10.115:4191,,linkerd,shipping,robot-shop,shipping-5cd699998d-n4jtr,5cd699998d,default,default.robot-shop.serviceaccount.identity.linkerd.cluster.local,,,
1613778611.011,response_latency_ms_count,,,10.1.7.224:4191,linkerd-proxy,linkerd,,linkerd-prometheus-5bccd64d4d-jzwmt,,31,,,,,linkerd-prometheus,prometheus,linkerd,outbound,,5bccd64d4d,200,true,linkerd,10.1.10.115:4191,,linkerd,shipping,robot-shop,shipping-5cd699998d-n4jtr,5cd699998d,default,default.robot-shop.serviceaccount.identity.linkerd.cluster.local,,,
1613778621.012,response_latency_ms_count,,,10.1.7.224:4191,linkerd-proxy,linkerd,,linkerd-prometheus-5bccd64d4d-jzwmt,,32,,,,,linkerd-prometheus,prometheus,linkerd,outbound,,5bccd64d4d,200,true,linkerd,10.1.10.115:4191,,linkerd,shipping,robot-shop,shipping-5cd699998d-n4jtr,5cd699998d,default,default.robot-shop.serviceaccount.identity.linkerd.cluster.local,,,
1613778631.011,response_latency_ms_count,,,10.1.7.224:4191,linkerd-proxy,linkerd,,linkerd-prometheus-5bccd64d4d-jzwmt,,33,,,,,linkerd-prometheus,prometheus,linkerd,outbound,,5bccd64d4d,200,true,linkerd,10.1.10.115:4191,,linkerd,shipping,robot-shop,shipping-5cd699998d-n4jtr,5cd699998d,default,default.robot-shop.serviceaccount.identity.linkerd.cluster.local,,,
1613778641.011,response_latency_ms_count,,,10.1.7.224:4191,linkerd-proxy,linkerd,,linkerd-prometheus-5bccd64d4d-jzwmt,,34,,,,,linkerd-prometheus,prometheus,linkerd,outbound,,5bccd64d4d,200,true,linkerd,10.1.10.115:4191,,linkerd,shipping,robot-shop,shipping-5cd699998d-n4jtr,5cd699998d,default,default.robot-shop.serviceaccount.identity.linkerd.cluster.local,,,
1613778591.012,response_latency_ms_count,,,10.1.7.224:4191,linkerd-proxy,linkerd,,linkerd-prometheus-5bccd64d4d-jzwmt,,29,,,,,linkerd-prometheus,prometheus,linkerd,outbound,,5bccd64d4d,200,true,linkerd,10.1.10.117:4191,,linkerd,user,robot-shop,user-6757745759-ggdcp,6757745759,default,default.robot-shop.serviceaccount.identity.linkerd.cluster.local,,,
1613778601.012,response_latency_ms_count,,,10.1.7.224:4191,linkerd-proxy,linkerd,,linkerd-prometheus-5bccd64d4d-jzwmt,,30,,,,,linkerd-prometheus,prometheus,linkerd,outbound,,5bccd64d4d,200,true,linkerd,10.1.10.117:4191,,linkerd,user,robot-shop,user-6757745759-ggdcp,6757745759,default,default.robot-shop.serviceaccount.identity.linkerd.cluster.local,,,
1613778611.011,response_latency_ms_count,,,10.1.7.224:4191,linkerd-proxy,linkerd,,linkerd-prometheus-5bccd64d4d-jzwmt,,31,,,,,linkerd-prometheus,prometheus,linkerd,outbound,,5bccd64d4d,200,true,linkerd,10.1.10.117:4191,,linkerd,user,robot-shop,user-6757745759-ggdcp,6757745759,default,default.robot-shop.serviceaccount.identity.linkerd.cluster.local,,,
1613778621.012,response_latency_ms_count,,,10.1.7.224:4191,linkerd-proxy,linkerd,,linkerd-prometheus-5bccd64d4d-jzwmt,,32,,,,,linkerd-prometheus,prometheus,linkerd,outbound,,5bccd64d4d,200,true,linkerd,10.1.10.117:4191,,linkerd,user,robot-shop,user-6757745759-ggdcp,6757745759,default,default.robot-shop.serviceaccount.identity.linkerd.cluster.local,,,
1613778631.011,response_latency_ms_count,,,10.1.7.224:4191,linkerd-proxy,linkerd,,linkerd-prometheus-5bccd64d4d-jzwmt,,33,,,,,linkerd-prometheus,prometheus,linkerd,outbound,,5bccd64d4d,200,true,linkerd,10.1.10.117:4191,,linkerd,user,robot-shop,user-6757745759-ggdcp,6757745759,default,default.robot-shop.serviceaccount.identity.linkerd.cluster.local,,,
1613778641.011,response_latency_ms_count,,,10.1.7.224:4191,linkerd-proxy,linkerd,,linkerd-prometheus-5bccd64d4d-jzwmt,,34,,,,,linkerd-prometheus,prometheus,linkerd,outbound,,5bccd64d4d,200,true,linkerd,10.1.10.117:4191,,linkerd,user,robot-shop,user-6757745759-ggdcp,6757745759,default,default.robot-shop.serviceaccount.identity.linkerd.cluster.local,,,
1613778593.752,response_latency_ms_count,,,10.1.10.114:4191,linkerd-proxy,robot-shop,,ratings-688d98cd8f-fvxpt,ratings,57,,,,,ratings,,linkerd,inbound,no_tls_from_remote,688d98cd8f,200,no_identity,robot-shop,,,,,,,,,,,,
1613778603.752,response_latency_ms_count,,,10.1.10.114:4191,linkerd-proxy,robot-shop,,ratings-688d98cd8f-fvxpt,ratings,58,,,,,ratings,,linkerd,inbound,no_tls_from_remote,688d98cd8f,200,no_identity,robot-shop,,,,,,,,,,,,
1613778613.753,response_latency_ms_count,,,10.1.10.114:4191,linkerd-proxy,robot-shop,,ratings-688d98cd8f-fvxpt,ratings,60,,,,,ratings,,linkerd,inbound,no_tls_from_remote,688d98cd8f,200,no_identity,robot-shop,,,,,,,,,,,,
1613778623.752,response_latency_ms_count,,,10.1.10.114:4191,linkerd-proxy,robot-shop,,ratings-688d98cd8f-fvxpt,ratings,60,,,,,ratings,,linkerd,inbound,no_tls_from_remote,688d98cd8f,200,no_identity,robot-shop,,,,,,,,,,,,
1613778633.752,response_latency_ms_count,,,10.1.10.114:4191,linkerd-proxy,robot-shop,,ratings-688d98cd8f-fvxpt,ratings,60,,,,,ratings,,linkerd,inbound,no_tls_from_remote,688d98cd8f,200,no_identity,robot-shop,,,,,,,,,,,,
1613778643.753,response_latency_ms_count,,,10.1.10.114:4191,linkerd-proxy,robot-shop,,ratings-688d98cd8f-fvxpt,ratings,60,,,,,ratings,,linkerd,inbound,no_tls_from_remote,688d98cd8f,200,no_identity,robot-shop,,,,,,,,,,,,
1613778587.317,response_latency_ms_count,,,10.1.10.112:4191,linkerd-proxy,robot-shop,,dispatch-6464b86c7f-kkzz9,dispatch,0,,,,,dispatch,,linkerd,outbound,not_provided_by_service_discovery,6464b86c7f,,no_identity,robot-shop,10.1.0.1:42699,,,,,,,,,,,
1613778597.311,response_latency_ms_count,,,10.1.10.112:4191,linkerd-proxy,robot-shop,,dispatch-6464b86c7f-kkzz9,dispatch,0,,,,,dispatch,,linkerd,outbound,not_provided_by_service_discovery,6464b86c7f,,no_identity,robot-shop,10.1.0.1:42699,,,,,,,,,,,
1613778607.311,response_latency_ms_count,,,10.1.10.112:4191,linkerd-proxy,robot-shop,,dispatch-6464b86c7f-kkzz9,dispatch,0,,,,,dispatch,,linkerd,outbound,not_provided_by_service_discovery,6464b86c7f,,no_identity,robot-shop,10.1.0.1:42699,,,,,,,,,,,
1613778617.311,response_latency_ms_count,,,10.1.10.112:4191,linkerd-proxy,robot-shop,,dispatch-6464b86c7f-kkzz9,dispatch,0,,,,,dispatch,,linkerd,outbound,not_provided_by_service_discovery,6464b86c7f,,no_identity,robot-shop,10.1.0.1:42699,,,,,,,,,,,
1613778627.311,response_latency_ms_count,,,10.1.10.112:4191,linkerd-proxy,robot-shop,,dispatch-6464b86c7f-kkzz9,dispatch,0,,,,,dispatch,,linkerd,outbound,not_provided_by_service_discovery,6464b86c7f,,no_identity,robot-shop,10.1.0.1:42699,,,,,,,,,,,
1613778637.311,response_latency_ms_count,,,10.1.10.112:4191,linkerd-proxy,robot-shop,,dispatch-6464b86c7f-kkzz9,dispatch,0,,,,,dispatch,,linkerd,outbound,not_provided_by_service_discovery,6464b86c7f,,no_identity,robot-shop,10.1.0.1:42699,,,,,,,,,,,
1613778591.012,response_latency_ms_count,,,10.1.7.224:4191,linkerd-proxy,linkerd,,linkerd-prometheus-5bccd64d4d-jzwmt,,0,,,,,linkerd-prometheus,prometheus,linkerd,outbound,not_provided_by_service_discovery,5bccd64d4d,,no_identity,linkerd,10.1.10.82:4191,,,,,,,,,,,
1613778601.012,response_latency_ms_count,,,10.1.7.224:4191,linkerd-proxy,linkerd,,linkerd-prometheus-5bccd64d4d-jzwmt,,0,,,,,linkerd-prometheus,prometheus,linkerd,outbound,not_provided_by_service_discovery,5bccd64d4d,,no_identity,linkerd,10.1.10.82:4191,,,,,,,,,,,
1613778611.011,response_latency_ms_count,,,10.1.7.224:4191,linkerd-proxy,linkerd,,linkerd-prometheus-5bccd64d4d-jzwmt,,0,,,,,linkerd-prometheus,prometheus,linkerd,outbound,not_provided_by_service_discovery,5bccd64d4d,,no_identity,linkerd,10.1.10.82:4191,,,,,,,,,,,
1613778621.012,response_latency_ms_count,,,10.1.7.224:4191,linkerd-proxy,linkerd,,linkerd-prometheus-5bccd64d4d-jzwmt,,0,,,,,linkerd-prometheus,prometheus,linkerd,outbound,not_provided_by_service_discovery,5bccd64d4d,,no_identity,linkerd,10.1.10.82:4191,,,,,,,,,,,
1613778631.011,response_latency_ms_count,,,10.1.7.224:4191,linkerd-proxy,linkerd,,linkerd-prometheus-5bccd64d4d-jzwmt,,0,,,,,linkerd-prometheus,prometheus,linkerd,outbound,not_provided_by_service_discovery,5bccd64d4d,,no_identity,linkerd,10.1.10.82:4191,,,,,,,,,,,
1613778641.011,response_latency_ms_count,,,10.1.7.224:4191,linkerd-proxy,linkerd,,linkerd-prometheus-5bccd64d4d-jzwmt,,0,,,,,linkerd-prometheus,prometheus,linkerd,outbound,not_provided_by_service_discovery,5bccd64d4d,,no_identity,linkerd,10.1.10.82:4191,,,,,,,,,,,
1613778591.012,response_latency_ms_count,,,10.1.7.224:4191,linkerd-proxy,linkerd,,linkerd-prometheus-5bccd64d4d-jzwmt,,0,,,,,linkerd-prometheus,prometheus,linkerd,outbound,not_provided_by_service_discovery,5bccd64d4d,,no_identity,linkerd,10.1.10.100:4191,,,,,,,,,,,
1613778601.012,response_latency_ms_count,,,10.1.7.224:4191,linkerd-proxy,linkerd,,linkerd-prometheus-5bccd64d4d-jzwmt,,0,,,,,linkerd-prometheus,prometheus,linkerd,outbound,not_provided_by_service_discovery,5bccd64d4d,,no_identity,linkerd,10.1.10.100:4191,,,,,,,,,,,
1613778611.011,response_latency_ms_count,,,10.1.7.224:4191,linkerd-proxy,linkerd,,linkerd-prometheus-5bccd64d4d-jzwmt,,0,,,,,linkerd-prometheus,prometheus,linkerd,outbound,not_provided_by_service_discovery,5bccd64d4d,,no_identity,linkerd,10.1.10.100:4191,,,,,,,,,,,
1613778621.012,response_latency_ms_count,,,10.1.7.224:4191,linkerd-proxy,linkerd,,linkerd-prometheus-5bccd64d4d-jzwmt,,0,,,,,linkerd-prometheus,prometheus,linkerd,outbound,not_provided_by_service_discovery,5bccd64d4d,,no_identity,linkerd,10.1.10.100:4191,,,,,,,,,,,
1613778631.011,response_latency_ms_count,,,10.1.7.224:4191,linkerd-proxy,linkerd,,linkerd-prometheus-5bccd64d4d-jzwmt,,0,,,,,linkerd-prometheus,prometheus,linkerd,outbound,not_provided_by_service_discovery,5bccd64d4d,,no_identity,linkerd,10.1.10.100:4191,,,,,,,,,,,
1613778641.011,response_latency_ms_count,,,10.1.7.224:4191,linkerd-proxy,linkerd,,linkerd-prometheus-5bccd64d4d-jzwmt,,0,,,,,linkerd-prometheus,prometheus,linkerd,outbound,not_provided_by_service_discovery,5bccd64d4d,,no_identity,linkerd,10.1.10.100:4191,,,,,,,,,,,
1613778591.012,response_latency_ms_count,,,10.1.7.224:4191,linkerd-proxy,linkerd,,linkerd-prometheus-5bccd64d4d-jzwmt,,0,,,,,linkerd-prometheus,prometheus,linkerd,outbound,not_provided_by_service_discovery,5bccd64d4d,,no_identity,linkerd,10.1.10.83:4191,,,,,,,,,,,
1613778601.012,response_latency_ms_count,,,10.1.7.224:4191,linkerd-proxy,linkerd,,linkerd-prometheus-5bccd64d4d-jzwmt,,0,,,,,linkerd-prometheus,prometheus,linkerd,outbound,not_provided_by_service_discovery,5bccd64d4d,,no_identity,linkerd,10.1.10.83:4191,,,,,,,,,,,
1613778611.011,response_latency_ms_count,,,10.1.7.224:4191,linkerd-proxy,linkerd,,linkerd-prometheus-5bccd64d4d-jzwmt,,0,,,,,linkerd-prometheus,prometheus,linkerd,outbound,not_provided_by_service_discovery,5bccd64d4d,,no_identity,linkerd,10.1.10.83:4191,,,,,,,,,,,
1613778621.012,response_latency_ms_count,,,10.1.7.224:4191,linkerd-proxy,linkerd,,linkerd-prometheus-5bccd64d4d-jzwmt,,0,,,,,linkerd-prometheus,prometheus,linkerd,outbound,not_provided_by_service_discovery,5bccd64d4d,,no_identity,linkerd,10.1.10.83:4191,,,,,,,,,,,
1613778631.011,response_latency_ms_count,,,10.1.7.224:4191,linkerd-proxy,linkerd,,linkerd-prometheus-5bccd64d4d-jzwmt,,0,,,,,linkerd-prometheus,prometheus,linkerd,outbound,not_provided_by_service_discovery,5bccd64d4d,,no_identity,linkerd,10.1.10.83:4191,,,,,,,,,,,
1613778641.011,response_latency_ms_count,,,10.1.7.224:4191,linkerd-proxy,linkerd,,linkerd-prometheus-5bccd64d4d-jzwmt,,0,,,,,linkerd-prometheus,prometheus,linkerd,outbound,not_provided_by_service_discovery,5bccd64d4d,,no_identity,linkerd,10.1.10.83:4191,,,,,,,,,,,
1613778591.012,response_latency_ms_count,,,10.1.7.224:4191,linkerd-proxy,linkerd,,linkerd-prometheus-5bccd64d4d-jzwmt,,0,,,,,linkerd-prometheus,prometheus,linkerd,outbound,not_provided_by_service_discovery,5bccd64d4d,,no_identity,linkerd,10.1.10.97:4191,,,,,,,,,,,
1613778601.012,response_latency_ms_count,,,10.1.7.224:4191,linkerd-proxy,linkerd,,linkerd-prometheus-5bccd64d4d-jzwmt,,0,,,,,linkerd-prometheus,prometheus,linkerd,outbound,not_provided_by_service_discovery,5bccd64d4d,,no_identity,linkerd,10.1.10.97:4191,,,,,,,,,,,
1613778611.011,response_latency_ms_count,,,10.1.7.224:4191,linkerd-proxy,linkerd,,linkerd-prometheus-5bccd64d4d-jzwmt,,0,,,,,linkerd-prometheus,prometheus,linkerd,outbound,not_provided_by_service_discovery,5bccd64d4d,,no_identity,linkerd,10.1.10.97:4191,,,,,,,,,,,
1613778621.012,response_latency_ms_count,,,10.1.7.224:4191,linkerd-proxy,linkerd,,linkerd-prometheus-5bccd64d4d-jzwmt,,0,,,,,linkerd-prometheus,prometheus,linkerd,outbound,not_provided_by_service_discovery,5bccd64d4d,,no_identity,linkerd,10.1.10.97:4191,,,,,,,,,,,
1613778631.011,response_latency_ms_count,,,10.1.7.224:4191,linkerd-proxy,linkerd,,linkerd-prometheus-5bccd64d4d-jzwmt,,0,,,,,linkerd-prometheus,prometheus,linkerd,outbound,not_provided_by_service_discovery,5bccd64d4d,,no_identity,linkerd,10.1.10.97:4191,,,,,,,,,,,
1613778641.011,response_latency_ms_count,,,10.1.7.224:4191,linkerd-proxy,linkerd,,linkerd-prometheus-5bccd64d4d-jzwmt,,0,,,,,linkerd-prometheus,prometheus,linkerd,outbound,not_provided_by_service_discovery,5bccd64d4d,,no_identity,linkerd,10.1.10.97:4191,,,,,,,,,,,
1613778591.012,response_latency_ms_count,,,10.1.7.224:4191,linkerd-proxy,linkerd,,linkerd-prometheus-5bccd64d4d-jzwmt,,0,,,,,linkerd-prometheus,prometheus,linkerd,outbound,not_provided_by_service_discovery,5bccd64d4d,,no_identity,linkerd,10.1.10.96:4191,,,,,,,,,,,
1613778601.012,response_latency_ms_count,,,10.1.7.224:4191,linkerd-proxy,linkerd,,linkerd-prometheus-5bccd64d4d-jzwmt,,0,,,,,linkerd-prometheus,prometheus,linkerd,outbound,not_provided_by_service_discovery,5bccd64d4d,,no_identity,linkerd,10.1.10.96:4191,,,,,,,,,,,
1613778611.011,response_latency_ms_count,,,10.1.7.224:4191,linkerd-proxy,linkerd,,linkerd-prometheus-5bccd64d4d-jzwmt,,0,,,,,linkerd-prometheus,prometheus,linkerd,outbound,not_provided_by_service_discovery,5bccd64d4d,,no_identity,linkerd,10.1.10.96:4191,,,,,,,,,,,
1613778621.012,response_latency_ms_count,,,10.1.7.224:4191,linkerd-proxy,linkerd,,linkerd-prometheus-5bccd64d4d-jzwmt,,0,,,,,linkerd-prometheus,prometheus,linkerd,outbound,not_provided_by_service_discovery,5bccd64d4d,,no_identity,linkerd,10.1.10.96:4191,,,,,,,,,,,
1613778631.011,response_latency_ms_count,,,10.1.7.224:4191,linkerd-proxy,linkerd,,linkerd-prometheus-5bccd64d4d-jzwmt,,0,,,,,linkerd-prometheus,prometheus,linkerd,outbound,not_provided_by_service_discovery,5bccd64d4d,,no_identity,linkerd,10.1.10.96:4191,,,,,,,,,,,
1613778641.011,response_latency_ms_count,,,10.1.7.224:4191,linkerd-proxy,linkerd,,linkerd-prometheus-5bccd64d4d-jzwmt,,0,,,,,linkerd-prometheus,prometheus,linkerd,outbound,not_provided_by_service_discovery,5bccd64d4d,,no_identity,linkerd,10.1.10.96:4191,,,,,,,,,,,
1613778588.04,response_latency_ms_count,,,10.1.10.115:4191,linkerd-proxy,robot-shop,,shipping-5cd699998d-n4jtr,shipping,42,,,,,shipping,,linkerd,inbound,no_tls_from_remote,5cd699998d,200,no_identity,robot-shop,,,,,,,,,,,,
1613778598.04,response_latency_ms_count,,,10.1.10.115:4191,linkerd-proxy,robot-shop,,shipping-5cd699998d-n4jtr,shipping,44,,,,,shipping,,linkerd,inbound,no_tls_from_remote,5cd699998d,200,no_identity,robot-shop,,,,,,,,,,,,
1613778608.04,response_latency_ms_count,,,10.1.10.115:4191,linkerd-proxy,robot-shop,,shipping-5cd699998d-n4jtr,shipping,44,,,,,shipping,,linkerd,inbound,no_tls_from_remote,5cd699998d,200,no_identity,robot-shop,,,,,,,,,,,,
1613778618.04,response_latency_ms_count,,,10.1.10.115:4191,linkerd-proxy,robot-shop,,shipping-5cd699998d-n4jtr,shipping,44,,,,,shipping,,linkerd,inbound,no_tls_from_remote,5cd699998d,200,no_identity,robot-shop,,,,,,,,,,,,
1613778628.04,response_latency_ms_count,,,10.1.10.115:4191,linkerd-proxy,robot-shop,,shipping-5cd699998d-n4jtr,shipping,44,,,,,shipping,,linkerd,inbound,no_tls_from_remote,5cd699998d,200,no_identity,robot-shop,,,,,,,,,,,,
1613778638.04,response_latency_ms_count,,,10.1.10.115:4191,linkerd-proxy,robot-shop,,shipping-5cd699998d-n4jtr,shipping,44,,,,,shipping,,linkerd,inbound,no_tls_from_remote,5cd699998d,200,no_identity,robot-shop,,,,,,,,,,,,
1613778586.956,response_latency_ms_count,,,10.1.10.110:4191,linkerd-proxy,robot-shop,,cart-6d995f7dc6-56fjs,cart,26,,,,,cart,,linkerd,inbound,,6d995f7dc6,200,true,robot-shop,cart.robot-shop.svc.cluster.local:8080,default.robot-shop.serviceaccount.identity.linkerd.cluster.local,,,,,,,,,,
1613778596.956,response_latency_ms_count,,,10.1.10.110:4191,linkerd-proxy,robot-shop,,cart-6d995f7dc6-56fjs,cart,215,,,,,cart,,linkerd,inbound,,6d995f7dc6,200,true,robot-shop,cart.robot-shop.svc.cluster.local:8080,default.robot-shop.serviceaccount.identity.linkerd.cluster.local,,,,,,,,,,
1613778606.956,response_latency_ms_count,,,10.1.10.110:4191,linkerd-proxy,robot-shop,,cart-6d995f7dc6-56fjs,cart,600,,,,,cart,,linkerd,inbound,,6d995f7dc6,200,true,robot-shop,cart.robot-shop.svc.cluster.local:8080,default.robot-shop.serviceaccount.identity.linkerd.cluster.local,,,,,,,,,,
1613778616.956,response_latency_ms_count,,,10.1.10.110:4191,linkerd-proxy,robot-shop,,cart-6d995f7dc6-56fjs,cart,608,,,,,cart,,linkerd,inbound,,6d995f7dc6,200,true,robot-shop,cart.robot-shop.svc.cluster.local:8080,default.robot-shop.serviceaccount.identity.linkerd.cluster.local,,,,,,,,,,
1613778626.956,response_latency_ms_count,,,10.1.10.110:4191,linkerd-proxy,robot-shop,,cart-6d995f7dc6-56fjs,cart,855,,,,,cart,,linkerd,inbound,,6d995f7dc6,200,true,robot-shop,cart.robot-shop.svc.cluster.local:8080,default.robot-shop.serviceaccount.identity.linkerd.cluster.local,,,,,,,,,,
1613778636.956,response_latency_ms_count,,,10.1.10.110:4191,linkerd-proxy,robot-shop,,cart-6d995f7dc6-56fjs,cart,1861,,,,,cart,,linkerd,inbound,,6d995f7dc6,200,true,robot-shop,cart.robot-shop.svc.cluster.local:8080,default.robot-shop.serviceaccount.identity.linkerd.cluster.local,,,,,,,,,,
1613778586.956,response_latency_ms_count,,,10.1.10.110:4191,linkerd-proxy,robot-shop,,cart-6d995f7dc6-56fjs,cart,16,,,,,cart,,linkerd,outbound,,6d995f7dc6,200,true,robot-shop,catalogue.robot-shop.svc.cluster.local:8080,,linkerd,catalogue,robot-shop,catalogue-586db9967-5jtnh,586db9967,default,default.robot-shop.serviceaccount.identity.linkerd.cluster.local,,,catalogue
1613778596.956,response_latency_ms_count,,,10.1.10.110:4191,linkerd-proxy,robot-shop,,cart-6d995f7dc6-56fjs,cart,143,,,,,cart,,linkerd,outbound,,6d995f7dc6,200,true,robot-shop,catalogue.robot-shop.svc.cluster.local:8080,,linkerd,catalogue,robot-shop,catalogue-586db9967-5jtnh,586db9967,default,default.robot-shop.serviceaccount.identity.linkerd.cluster.local,,,catalogue
1613778606.956,response_latency_ms_count,,,10.1.10.110:4191,linkerd-proxy,robot-shop,,cart-6d995f7dc6-56fjs,cart,300,,,,,cart,,linkerd,outbound,,6d995f7dc6,200,true,robot-shop,catalogue.robot-shop.svc.cluster.local:8080,,linkerd,catalogue,robot-shop,catalogue-586db9967-5jtnh,586db9967,default,default.robot-shop.serviceaccount.identity.linkerd.cluster.local,,,catalogue
1613778616.956,response_latency_ms_count,,,10.1.10.110:4191,linkerd-proxy,robot-shop,,cart-6d995f7dc6-56fjs,cart,308,,,,,cart,,linkerd,outbound,,6d995f7dc6,200,true,robot-shop,catalogue.robot-shop.svc.cluster.local:8080,,linkerd,catalogue,robot-shop,catalogue-586db9967-5jtnh,586db9967,default,default.robot-shop.serviceaccount.identity.linkerd.cluster.local,,,catalogue
1613778626.956,response_latency_ms_count,,,10.1.10.110:4191,linkerd-proxy,robot-shop,,cart-6d995f7dc6-56fjs,cart,502,,,,,cart,,linkerd,outbound,,6d995f7dc6,200,true,robot-shop,catalogue.robot-shop.svc.cluster.local:8080,,linkerd,catalogue,robot-shop,catalogue-586db9967-5jtnh,586db9967,default,default.robot-shop.serviceaccount.identity.linkerd.cluster.local,,,catalogue
1613778636.956,response_latency_ms_count,,,10.1.10.110:4191,linkerd-proxy,robot-shop,,cart-6d995f7dc6-56fjs,cart,951,,,,,cart,,linkerd,outbound,,6d995f7dc6,200,true,robot-shop,catalogue.robot-shop.svc.cluster.local:8080,,linkerd,catalogue,robot-shop,catalogue-586db9967-5jtnh,586db9967,default,default.robot-shop.serviceaccount.identity.linkerd.cluster.local,,,catalogue
1613778587.113,response_latency_ms_count,,,10.1.10.116:4191,linkerd-proxy,robot-shop,,web-686969bf8f-52hlc,web,200,,,,,web,,linkerd,inbound,no_tls_from_remote,686969bf8f,200,no_identity,robot-shop,localhost:31776,,,,,,,,,,,
1613778597.113,response_latency_ms_count,,,10.1.10.116:4191,linkerd-proxy,robot-shop,,web-686969bf8f-52hlc,web,1169,,,,,web,,linkerd,inbound,no_tls_from_remote,686969bf8f,200,no_identity,robot-shop,localhost:31776,,,,,,,,,,,
1613778607.113,response_latency_ms_count,,,10.1.10.116:4191,linkerd-proxy,robot-shop,,web-686969bf8f-52hlc,web,1742,,,,,web,,linkerd,inbound,no_tls_from_remote,686969bf8f,200,no_identity,robot-shop,localhost:31776,,,,,,,,,,,
1613778617.113,response_latency_ms_count,,,10.1.10.116:4191,linkerd-proxy,robot-shop,,web-686969bf8f-52hlc,web,2501,,,,,web,,linkerd,inbound,no_tls_from_remote,686969bf8f,200,no_identity,robot-shop,localhost:31776,,,,,,,,,,,
1613778627.113,response_latency_ms_count,,,10.1.10.116:4191,linkerd-proxy,robot-shop,,web-686969bf8f-52hlc,web,3186,,,,,web,,linkerd,inbound,no_tls_from_remote,686969bf8f,200,no_identity,robot-shop,localhost:31776,,,,,,,,,,,
1613778637.113,response_latency_ms_count,,,10.1.10.116:4191,linkerd-proxy,robot-shop,,web-686969bf8f-52hlc,web,5575,,,,,web,,linkerd,inbound,no_tls_from_remote,686969bf8f,200,no_identity,robot-shop,localhost:31776,,,,,,,,,,,
1613778587.113,response_latency_ms_count,,,10.1.10.116:4191,linkerd-proxy,robot-shop,,web-686969bf8f-52hlc,web,55,,,,,web,,linkerd,outbound,,686969bf8f,200,true,robot-shop,user.robot-shop.svc.cluster.local:8080,,linkerd,user,robot-shop,user-6757745759-ggdcp,6757745759,default,default.robot-shop.serviceaccount.identity.linkerd.cluster.local,,,user
1613778597.113,response_latency_ms_count,,,10.1.10.116:4191,linkerd-proxy,robot-shop,,web-686969bf8f-52hlc,web,297,,,,,web,,linkerd,outbound,,686969bf8f,200,true,robot-shop,user.robot-shop.svc.cluster.local:8080,,linkerd,user,robot-shop,user-6757745759-ggdcp,6757745759,default,default.robot-shop.serviceaccount.identity.linkerd.cluster.local,,,user
1613778607.113,response_latency_ms_count,,,10.1.10.116:4191,linkerd-proxy,robot-shop,,web-686969bf8f-52hlc,web,328,,,,,web,,linkerd,outbound,,686969bf8f,200,true,robot-shop,user.robot-shop.svc.cluster.local:8080,,linkerd,user,robot-shop,user-6757745759-ggdcp,6757745759,default,default.robot-shop.serviceaccount.identity.linkerd.cluster.local,,,user
1613778617.113,response_latency_ms_count,,,10.1.10.116:4191,linkerd-proxy,robot-shop,,web-686969bf8f-52hlc,web,590,,,,,web,,linkerd,outbound,,686969bf8f,200,true,robot-shop,user.robot-shop.svc.cluster.local:8080,,linkerd,user,robot-shop,user-6757745759-ggdcp,6757745759,default,default.robot-shop.serviceaccount.identity.linkerd.cluster.local,,,user
1613778627.113,response_latency_ms_count,,,10.1.10.116:4191,linkerd-proxy,robot-shop,,web-686969bf8f-52hlc,web,666,,,,,web,,linkerd,outbound,,686969bf8f,200,true,robot-shop,user.robot-shop.svc.cluster.local:8080,,linkerd,user,robot-shop,user-6757745759-ggdcp,6757745759,default,default.robot-shop.serviceaccount.identity.linkerd.cluster.local,,,user
1613778637.113,response_latency_ms_count,,,10.1.10.116:4191,linkerd-proxy,robot-shop,,web-686969bf8f-52hlc,web,1076,,,,,web,,linkerd,outbound,,686969bf8f,200,true,robot-shop,user.robot-shop.svc.cluster.local:8080,,linkerd,user,robot-shop,user-6757745759-ggdcp,6757745759,default,default.robot-shop.serviceaccount.identity.linkerd.cluster.local,,,user
1613778587.113,response_latency_ms_count,,,10.1.10.116:4191,linkerd-proxy,robot-shop,,web-686969bf8f-52hlc,web,73,,,,,web,,linkerd,outbound,,686969bf8f,200,true,robot-shop,catalogue.robot-shop.svc.cluster.local:8080,,linkerd,catalogue,robot-shop,catalogue-586db9967-5jtnh,586db9967,default,default.robot-shop.serviceaccount.identity.linkerd.cluster.local,,,catalogue
1613778597.113,response_latency_ms_count,,,10.1.10.116:4191,linkerd-proxy,robot-shop,,web-686969bf8f-52hlc,web,477,,,,,web,,linkerd,outbound,,686969bf8f,200,true,robot-shop,catalogue.robot-shop.svc.cluster.local:8080,,linkerd,catalogue,robot-shop,catalogue-586db9967-5jtnh,586db9967,default,default.robot-shop.serviceaccount.identity.linkerd.cluster.local,,,catalogue
1613778607.113,response_latency_ms_count,,,10.1.10.116:4191,linkerd-proxy,robot-shop,,web-686969bf8f-52hlc,web,600,,,,,web,,linkerd,outbound,,686969bf8f,200,true,robot-shop,catalogue.robot-shop.svc.cluster.local:8080,,linkerd,catalogue,robot-shop,catalogue-586db9967-5jtnh,586db9967,default,default.robot-shop.serviceaccount.identity.linkerd.cluster.local,,,catalogue
1613778617.113,response_latency_ms_count,,,10.1.10.116:4191,linkerd-proxy,robot-shop,,web-686969bf8f-52hlc,web,944,,,,,web,,linkerd,outbound,,686969bf8f,200,true,robot-shop,catalogue.robot-shop.svc.cluster.local:8080,,linkerd,catalogue,robot-shop,catalogue-586db9967-5jtnh,586db9967,default,default.robot-shop.serviceaccount.identity.linkerd.cluster.local,,,catalogue
1613778627.113,response_latency_ms_count,,,10.1.10.116:4191,linkerd-proxy,robot-shop,,web-686969bf8f-52hlc,web,1247,,,,,web,,linkerd,outbound,,686969bf8f,200,true,robot-shop,catalogue.robot-shop.svc.cluster.local:8080,,linkerd,catalogue,robot-shop,catalogue-586db9967-5jtnh,586db9967,default,default.robot-shop.serviceaccount.identity.linkerd.cluster.local,,,catalogue
1613778637.113,response_latency_ms_count,,,10.1.10.116:4191,linkerd-proxy,robot-shop,,web-686969bf8f-52hlc,web,2016,,,,,web,,linkerd,outbound,,686969bf8f,200,true,robot-shop,catalogue.robot-shop.svc.cluster.local:8080,,linkerd,catalogue,robot-shop,catalogue-586db9967-5jtnh,586db9967,default,default.robot-shop.serviceaccount.identity.linkerd.cluster.local,,,catalogue
1613778587.113,response_latency_ms_count,,,10.1.10.116:4191,linkerd-proxy,robot-shop,,web-686969bf8f-52hlc,web,19,,,,,web,,linkerd,outbound,,686969bf8f,200,true,robot-shop,ratings.robot-shop.svc.cluster.local,,linkerd,ratings,robot-shop,ratings-688d98cd8f-fvxpt,688d98cd8f,default,default.robot-shop.serviceaccount.identity.linkerd.cluster.local,,,ratings
1613778597.113,response_latency_ms_count,,,10.1.10.116:4191,linkerd-proxy,robot-shop,,web-686969bf8f-52hlc,web,37,,,,,web,,linkerd,outbound,,686969bf8f,200,true,robot-shop,ratings.robot-shop.svc.cluster.local,,linkerd,ratings,robot-shop,ratings-688d98cd8f-fvxpt,688d98cd8f,default,default.robot-shop.serviceaccount.identity.linkerd.cluster.local,,,ratings
1613778607.113,response_latency_ms_count,,,10.1.10.116:4191,linkerd-proxy,robot-shop,,web-686969bf8f-52hlc,web,54,,,,,web,,linkerd,outbound,,686969bf8f,200,true,robot-shop,ratings.robot-shop.svc.cluster.local,,linkerd,ratings,robot-shop,ratings-688d98cd8f-fvxpt,688d98cd8f,default,default.robot-shop.serviceaccount.identity.linkerd.cluster.local,,,ratings
1613778617.113,response_latency_ms_count,,,10.1.10.116:4191,linkerd-proxy,robot-shop,,web-686969bf8f-52hlc,web,72,,,,,web,,linkerd,outbound,,686969bf8f,200,true,robot-shop,ratings.robot-shop.svc.cluster.local,,linkerd,ratings,robot-shop,ratings-688d98cd8f-fvxpt,688d98cd8f,default,default.robot-shop.serviceaccount.identity.linkerd.cluster.local,,,ratings
1613778627.113,response_latency_ms_count,,,10.1.10.116:4191,linkerd-proxy,robot-shop,,web-686969bf8f-52hlc,web,85,,,,,web,,linkerd,outbound,,686969bf8f,200,true,robot-shop,ratings.robot-shop.svc.cluster.local,,linkerd,ratings,robot-shop,ratings-688d98cd8f-fvxpt,688d98cd8f,default,default.robot-shop.serviceaccount.identity.linkerd.cluster.local,,,ratings
1613778637.113,response_latency_ms_count,,,10.1.10.116:4191,linkerd-proxy,robot-shop,,web-686969bf8f-52hlc,web,85,,,,,web,,linkerd,outbound,,686969bf8f,200,true,robot-shop,ratings.robot-shop.svc.cluster.local,,linkerd,ratings,robot-shop,ratings-688d98cd8f-fvxpt,688d98cd8f,default,default.robot-shop.serviceaccount.identity.linkerd.cluster.local,,,ratings
1613778587.113,response_latency_ms_count,,,10.1.10.116:4191,linkerd-proxy,robot-shop,,web-686969bf8f-52hlc,web,26,,,,,web,,linkerd,outbound,,686969bf8f,200,true,robot-shop,cart.robot-shop.svc.cluster.local:8080,,linkerd,cart,robot-shop,cart-6d995f7dc6-56fjs,6d995f7dc6,default,default.robot-shop.serviceaccount.identity.linkerd.cluster.local,,,cart
1613778597.113,response_latency_ms_count,,,10.1.10.116:4191,linkerd-proxy,robot-shop,,web-686969bf8f-52hlc,web,215,,,,,web,,linkerd,outbound,,686969bf8f,200,true,robot-shop,cart.robot-shop.svc.cluster.local:8080,,linkerd,cart,robot-shop,cart-6d995f7dc6-56fjs,6d995f7dc6,default,default.robot-shop.serviceaccount.identity.linkerd.cluster.local,,,cart
1613778607.113,response_latency_ms_count,,,10.1.10.116:4191,linkerd-proxy,robot-shop,,web-686969bf8f-52hlc,web,600,,,,,web,,linkerd,outbound,,686969bf8f,200,true,robot-shop,cart.robot-shop.svc.cluster.local:8080,,linkerd,cart,robot-shop,cart-6d995f7dc6-56fjs,6d995f7dc6,default,default.robot-shop.serviceaccount.identity.linkerd.cluster.local,,,cart
1613778617.113,response_latency_ms_count,,,10.1.10.116:4191,linkerd-proxy,robot-shop,,web-686969bf8f-52hlc,web,611,,,,,web,,linkerd,outbound,,686969bf8f,200,true,robot-shop,cart.robot-shop.svc.cluster.local:8080,,linkerd,cart,robot-shop,cart-6d995f7dc6-56fjs,6d995f7dc6,default,default.robot-shop.serviceaccount.identity.linkerd.cluster.local,,,cart
1613778627.113,response_latency_ms_count,,,10.1.10.116:4191,linkerd-proxy,robot-shop,,web-686969bf8f-52hlc,web,861,,,,,web,,linkerd,outbound,,686969bf8f,200,true,robot-shop,cart.robot-shop.svc.cluster.local:8080,,linkerd,cart,robot-shop,cart-6d995f7dc6-56fjs,6d995f7dc6,default,default.robot-shop.serviceaccount.identity.linkerd.cluster.local,,,cart
1613778637.113,response_latency_ms_count,,,10.1.10.116:4191,linkerd-proxy,robot-shop,,web-686969bf8f-52hlc,web,1866,,,,,web,,linkerd,outbound,,686969bf8f,200,true,robot-shop,cart.robot-shop.svc.cluster.local:8080,,linkerd,cart,robot-shop,cart-6d995f7dc6-56fjs,6d995f7dc6,default,default.robot-shop.serviceaccount.identity.linkerd.cluster.local,,,cart
1613778587.113,response_latency_ms_count,,,10.1.10.116:4191,linkerd-proxy,robot-shop,,web-686969bf8f-52hlc,web,5,,,,,web,,linkerd,outbound,,686969bf8f,200,true,robot-shop,shipping.robot-shop.svc.cluster.local:8080,,linkerd,shipping,robot-shop,shipping-5cd699998d-n4jtr,5cd699998d,default,default.robot-shop.serviceaccount.identity.linkerd.cluster.local,,,shipping
1613778597.113,response_latency_ms_count,,,10.1.10.116:4191,linkerd-proxy,robot-shop,,web-686969bf8f-52hlc,web,10,,,,,web,,linkerd,outbound,,686969bf8f,200,true,robot-shop,shipping.robot-shop.svc.cluster.local:8080,,linkerd,shipping,robot-shop,shipping-5cd699998d-n4jtr,5cd699998d,default,default.robot-shop.serviceaccount.identity.linkerd.cluster.local,,,shipping
1613778607.113,response_latency_ms_count,,,10.1.10.116:4191,linkerd-proxy,robot-shop,,web-686969bf8f-52hlc,web,10,,,,,web,,linkerd,outbound,,686969bf8f,200,true,robot-shop,shipping.robot-shop.svc.cluster.local:8080,,linkerd,shipping,robot-shop,shipping-5cd699998d-n4jtr,5cd699998d,default,default.robot-shop.serviceaccount.identity.linkerd.cluster.local,,,shipping
1613778617.113,response_latency_ms_count,,,10.1.10.116:4191,linkerd-proxy,robot-shop,,web-686969bf8f-52hlc,web,10,,,,,web,,linkerd,outbound,,686969bf8f,200,true,robot-shop,shipping.robot-shop.svc.cluster.local:8080,,linkerd,shipping,robot-shop,shipping-5cd699998d-n4jtr,5cd699998d,default,default.robot-shop.serviceaccount.identity.linkerd.cluster.local,,,shipping
1613778627.113,response_latency_ms_count,,,10.1.10.116:4191,linkerd-proxy,robot-shop,,web-686969bf8f-52hlc,web,10,,,,,web,,linkerd,outbound,,686969bf8f,200,true,robot-shop,shipping.robot-shop.svc.cluster.local:8080,,linkerd,shipping,robot-shop,shipping-5cd699998d-n4jtr,5cd699998d,default,default.robot-shop.serviceaccount.identity.linkerd.cluster.local,,,shipping
1613778637.113,response_latency_ms_count,,,10.1.10.116:4191,linkerd-proxy,robot-shop,,web-686969bf8f-52hlc,web,10,,,,,web,,linkerd,outbound,,686969bf8f,200,true,robot-shop,shipping.robot-shop.svc.cluster.local:8080,,linkerd,shipping,robot-shop,shipping-5cd699998d-n4jtr,5cd699998d,default,default.robot-shop.serviceaccount.identity.linkerd.cluster.local,,,shipping
1613778588.04,response_latency_ms_count,,,10.1.10.115:4191,linkerd-proxy,robot-shop,,shipping-5cd699998d-n4jtr,shipping,5,,,,,shipping,,linkerd,inbound,,5cd699998d,200,true,robot-shop,shipping.robot-shop.svc.cluster.local:8080,default.robot-shop.serviceaccount.identity.linkerd.cluster.local,,,,,,,,,,
1613778598.04,response_latency_ms_count,,,10.1.10.115:4191,linkerd-proxy,robot-shop,,shipping-5cd699998d-n4jtr,shipping,10,,,,,shipping,,linkerd,inbound,,5cd699998d,200,true,robot-shop,shipping.robot-shop.svc.cluster.local:8080,default.robot-shop.serviceaccount.identity.linkerd.cluster.local,,,,,,,,,,
1613778608.04,response_latency_ms_count,,,10.1.10.115:4191,linkerd-proxy,robot-shop,,shipping-5cd699998d-n4jtr,shipping,10,,,,,shipping,,linkerd,inbound,,5cd699998d,200,true,robot-shop,shipping.robot-shop.svc.cluster.local:8080,default.robot-shop.serviceaccount.identity.linkerd.cluster.local,,,,,,,,,,
1613778618.04,response_latency_ms_count,,,10.1.10.115:4191,linkerd-proxy,robot-shop,,shipping-5cd699998d-n4jtr,shipping,10,,,,,shipping,,linkerd,inbound,,5cd699998d,200,true,robot-shop,shipping.robot-shop.svc.cluster.local:8080,default.robot-shop.serviceaccount.identity.linkerd.cluster.local,,,,,,,,,,
1613778628.04,response_latency_ms_count,,,10.1.10.115:4191,linkerd-proxy,robot-shop,,shipping-5cd699998d-n4jtr,shipping,10,,,,,shipping,,linkerd,inbound,,5cd699998d,200,true,robot-shop,shipping.robot-shop.svc.cluster.local:8080,default.robot-shop.serviceaccount.identity.linkerd.cluster.local,,,,,,,,,,
1613778638.04,response_latency_ms_count,,,10.1.10.115:4191,linkerd-proxy,robot-shop,,shipping-5cd699998d-n4jtr,shipping,10,,,,,shipping,,linkerd,inbound,,5cd699998d,200,true,robot-shop,shipping.robot-shop.svc.cluster.local:8080,default.robot-shop.serviceaccount.identity.linkerd.cluster.local,,,,,,,,,,
1613778589.788,response_latency_ms_count,,,10.1.10.117:4191,linkerd-proxy,robot-shop,,user-6757745759-ggdcp,user,123,,,,,user,,linkerd,inbound,,6757745759,200,true,robot-shop,user.robot-shop.svc.cluster.local:8080,default.robot-shop.serviceaccount.identity.linkerd.cluster.local,,,,,,,,,,
1613778599.788,response_latency_ms_count,,,10.1.10.117:4191,linkerd-proxy,robot-shop,,user-6757745759-ggdcp,user,318,,,,,user,,linkerd,inbound,,6757745759,200,true,robot-shop,user.robot-shop.svc.cluster.local:8080,default.robot-shop.serviceaccount.identity.linkerd.cluster.local,,,,,,,,,,
1613778609.789,response_latency_ms_count,,,10.1.10.117:4191,linkerd-proxy,robot-shop,,user-6757745759-ggdcp,user,328,,,,,user,,linkerd,inbound,,6757745759,200,true,robot-shop,user.robot-shop.svc.cluster.local:8080,default.robot-shop.serviceaccount.identity.linkerd.cluster.local,,,,,,,,,,
1613778619.788,response_latency_ms_count,,,10.1.10.117:4191,linkerd-proxy,robot-shop,,user-6757745759-ggdcp,user,621,,,,,user,,linkerd,inbound,,6757745759,200,true,robot-shop,user.robot-shop.svc.cluster.local:8080,default.robot-shop.serviceaccount.identity.linkerd.cluster.local,,,,,,,,,,
1613778629.788,response_latency_ms_count,,,10.1.10.117:4191,linkerd-proxy,robot-shop,,user-6757745759-ggdcp,user,718,,,,,user,,linkerd,inbound,,6757745759,200,true,robot-shop,user.robot-shop.svc.cluster.local:8080,default.robot-shop.serviceaccount.identity.linkerd.cluster.local,,,,,,,,,,
1613778639.788,response_latency_ms_count,,,10.1.10.117:4191,linkerd-proxy,robot-shop,,user-6757745759-ggdcp,user,1178,,,,,user,,linkerd,inbound,,6757745759,200,true,robot-shop,user.robot-shop.svc.cluster.local:8080,default.robot-shop.serviceaccount.identity.linkerd.cluster.local,,,,,,,,,,
1613778592.297,response_latency_ms_count,,,10.1.10.111:4191,linkerd-proxy,robot-shop,,catalogue-586db9967-5jtnh,catalogue,303,,,,,catalogue,,linkerd,inbound,,586db9967,200,true,robot-shop,catalogue.robot-shop.svc.cluster.local:8080,default.robot-shop.serviceaccount.identity.linkerd.cluster.local,,,,,,,,,,
1613778602.297,response_latency_ms_count,,,10.1.10.111:4191,linkerd-proxy,robot-shop,,catalogue-586db9967-5jtnh,catalogue,890,,,,,catalogue,,linkerd,inbound,,586db9967,200,true,robot-shop,catalogue.robot-shop.svc.cluster.local:8080,default.robot-shop.serviceaccount.identity.linkerd.cluster.local,,,,,,,,,,
1613778612.297,response_latency_ms_count,,,10.1.10.111:4191,linkerd-proxy,robot-shop,,catalogue-586db9967-5jtnh,catalogue,1027,,,,,catalogue,,linkerd,inbound,,586db9967,200,true,robot-shop,catalogue.robot-shop.svc.cluster.local:8080,default.robot-shop.serviceaccount.identity.linkerd.cluster.local,,,,,,,,,,
1613778622.297,response_latency_ms_count,,,10.1.10.111:4191,linkerd-proxy,robot-shop,,catalogue-586db9967-5jtnh,catalogue,1401,,,,,catalogue,,linkerd,inbound,,586db9967,200,true,robot-shop,catalogue.robot-shop.svc.cluster.local:8080,default.robot-shop.serviceaccount.identity.linkerd.cluster.local,,,,,,,,,,
1613778632.297,response_latency_ms_count,,,10.1.10.111:4191,linkerd-proxy,robot-shop,,catalogue-586db9967-5jtnh,catalogue,2369,,,,,catalogue,,linkerd,inbound,,586db9967,200,true,robot-shop,catalogue.robot-shop.svc.cluster.local:8080,default.robot-shop.serviceaccount.identity.linkerd.cluster.local,,,,,,,,,,
1613778642.297,response_latency_ms_count,,,10.1.10.111:4191,linkerd-proxy,robot-shop,,catalogue-586db9967-5jtnh,catalogue,3614,,,,,catalogue,,linkerd,inbound,,586db9967,200,true,robot-shop,catalogue.robot-shop.svc.cluster.local:8080,default.robot-shop.serviceaccount.identity.linkerd.cluster.local,,,,,,,,,,
1613778593.752,response_latency_ms_count,,,10.1.10.114:4191,linkerd-proxy,robot-shop,,ratings-688d98cd8f-fvxpt,ratings,37,,,,,ratings,,linkerd,inbound,,688d98cd8f,200,true,robot-shop,ratings.robot-shop.svc.cluster.local,default.robot-shop.serviceaccount.identity.linkerd.cluster.local,,,,,,,,,,
1613778603.752,response_latency_ms_count,,,10.1.10.114:4191,linkerd-proxy,robot-shop,,ratings-688d98cd8f-fvxpt,ratings,51,,,,,ratings,,linkerd,inbound,,688d98cd8f,200,true,robot-shop,ratings.robot-shop.svc.cluster.local,default.robot-shop.serviceaccount.identity.linkerd.cluster.local,,,,,,,,,,
1613778613.753,response_latency_ms_count,,,10.1.10.114:4191,linkerd-proxy,robot-shop,,ratings-688d98cd8f-fvxpt,ratings,63,,,,,ratings,,linkerd,inbound,,688d98cd8f,200,true,robot-shop,ratings.robot-shop.svc.cluster.local,default.robot-shop.serviceaccount.identity.linkerd.cluster.local,,,,,,,,,,
1613778623.752,response_latency_ms_count,,,10.1.10.114:4191,linkerd-proxy,robot-shop,,ratings-688d98cd8f-fvxpt,ratings,85,,,,,ratings,,linkerd,inbound,,688d98cd8f,200,true,robot-shop,ratings.robot-shop.svc.cluster.local,default.robot-shop.serviceaccount.identity.linkerd.cluster.local,,,,,,,,,,
1613778633.752,response_latency_ms_count,,,10.1.10.114:4191,linkerd-proxy,robot-shop,,ratings-688d98cd8f-fvxpt,ratings,85,,,,,ratings,,linkerd,inbound,,688d98cd8f,200,true,robot-shop,ratings.robot-shop.svc.cluster.local,default.robot-shop.serviceaccount.identity.linkerd.cluster.local,,,,,,,,,,
1613778643.753,response_latency_ms_count,,,10.1.10.114:4191,linkerd-proxy,robot-shop,,ratings-688d98cd8f-fvxpt,ratings,85,,,,,ratings,,linkerd,inbound,,688d98cd8f,200,true,robot-shop,ratings.robot-shop.svc.cluster.local,default.robot-shop.serviceaccount.identity.linkerd.cluster.local,,,,,,,,,,
1613778593.752,response_latency_ms_count,,,10.1.10.114:4191,linkerd-proxy,robot-shop,,ratings-688d98cd8f-fvxpt,ratings,0,,,,,ratings,,linkerd,inbound,,688d98cd8f,,true,robot-shop,ratings.robot-shop.svc.cluster.local,default.robot-shop.serviceaccount.identity.linkerd.cluster.local,,,,,,,,,,
1613778603.752,response_latency_ms_count,,,10.1.10.114:4191,linkerd-proxy,robot-shop,,ratings-688d98cd8f-fvxpt,ratings,0,,,,,ratings,,linkerd,inbound,,688d98cd8f,,true,robot-shop,ratings.robot-shop.svc.cluster.local,default.robot-shop.serviceaccount.identity.linkerd.cluster.local,,,,,,,,,,
1613778613.753,response_latency_ms_count,,,10.1.10.114:4191,linkerd-proxy,robot-shop,,ratings-688d98cd8f-fvxpt,ratings,0,,,,,ratings,,linkerd,inbound,,688d98cd8f,,true,robot-shop,ratings.robot-shop.svc.cluster.local,default.robot-shop.serviceaccount.identity.linkerd.cluster.local,,,,,,,,,,
1613778623.752,response_latency_ms_count,,,10.1.10.114:4191,linkerd-proxy,robot-shop,,ratings-688d98cd8f-fvxpt,ratings,0,,,,,ratings,,linkerd,inbound,,688d98cd8f,,true,robot-shop,ratings.robot-shop.svc.cluster.local,default.robot-shop.serviceaccount.identity.linkerd.cluster.local,,,,,,,,,,
1613778633.752,response_latency_ms_count,,,10.1.10.114:4191,linkerd-proxy,robot-shop,,ratings-688d98cd8f-fvxpt,ratings,0,,,,,ratings,,linkerd,inbound,,688d98cd8f,,true,robot-shop,ratings.robot-shop.svc.cluster.local,default.robot-shop.serviceaccount.identity.linkerd.cluster.local,,,,,,,,,,
1613778643.753,response_latency_ms_count,,,10.1.10.114:4191,linkerd-proxy,robot-shop,,ratings-688d98cd8f-fvxpt,ratings,0,,,,,ratings,,linkerd,inbound,,688d98cd8f,,true,robot-shop,ratings.robot-shop.svc.cluster.local,default.robot-shop.serviceaccount.identity.linkerd.cluster.local,,,,,,,,,,
1613778593.752,response_latency_ms_count,,,10.1.10.114:4191,linkerd-proxy,robot-shop,,ratings-688d98cd8f-fvxpt,ratings,6,,,,,ratings,,linkerd,outbound,,688d98cd8f,200,true,robot-shop,catalogue.robot-shop.svc.cluster.local:8080,,linkerd,catalogue,robot-shop,catalogue-586db9967-5jtnh,586db9967,default,default.robot-shop.serviceaccount.identity.linkerd.cluster.local,,,catalogue
1613778603.752,response_latency_ms_count,,,10.1.10.114:4191,linkerd-proxy,robot-shop,,ratings-688d98cd8f-fvxpt,ratings,10,,,,,ratings,,linkerd,outbound,,688d98cd8f,200,true,robot-shop,catalogue.robot-shop.svc.cluster.local:8080,,linkerd,catalogue,robot-shop,catalogue-586db9967-5jtnh,586db9967,default,default.robot-shop.serviceaccount.identity.linkerd.cluster.local,,,catalogue
1613778613.753,response_latency_ms_count,,,10.1.10.114:4191,linkerd-proxy,robot-shop,,ratings-688d98cd8f-fvxpt,ratings,16,,,,,ratings,,linkerd,outbound,,688d98cd8f,200,true,robot-shop,catalogue.robot-shop.svc.cluster.local:8080,,linkerd,catalogue,robot-shop,catalogue-586db9967-5jtnh,586db9967,default,default.robot-shop.serviceaccount.identity.linkerd.cluster.local,,,catalogue
1613778623.752,response_latency_ms_count,,,10.1.10.114:4191,linkerd-proxy,robot-shop,,ratings-688d98cd8f-fvxpt,ratings,24,,,,,ratings,,linkerd,outbound,,688d98cd8f,200,true,robot-shop,catalogue.robot-shop.svc.cluster.local:8080,,linkerd,catalogue,robot-shop,catalogue-586db9967-5jtnh,586db9967,default,default.robot-shop.serviceaccount.identity.linkerd.cluster.local,,,catalogue
1613778633.752,response_latency_ms_count,,,10.1.10.114:4191,linkerd-proxy,robot-shop,,ratings-688d98cd8f-fvxpt,ratings,24,,,,,ratings,,linkerd,outbound,,688d98cd8f,200,true,robot-shop,catalogue.robot-shop.svc.cluster.local:8080,,linkerd,catalogue,robot-shop,catalogue-586db9967-5jtnh,586db9967,default,default.robot-shop.serviceaccount.identity.linkerd.cluster.local,,,catalogue
1613778643.753,response_latency_ms_count,,,10.1.10.114:4191,linkerd-proxy,robot-shop,,ratings-688d98cd8f-fvxpt,ratings,24,,,,,ratings,,linkerd,outbound,,688d98cd8f,200,true,robot-shop,catalogue.robot-shop.svc.cluster.local:8080,,linkerd,catalogue,robot-shop,catalogue-586db9967-5jtnh,586db9967,default,default.robot-shop.serviceaccount.identity.linkerd.cluster.local,,,catalogue
1613778597.113,response_latency_ms_count,,,10.1.10.116:4191,linkerd-proxy,robot-shop,,web-686969bf8f-52hlc,web,144,,,,,web,,linkerd,inbound,no_tls_from_remote,686969bf8f,502,no_identity,robot-shop,localhost:31776,,,,,,,,,,,
1613778607.113,response_latency_ms_count,,,10.1.10.116:4191,linkerd-proxy,robot-shop,,web-686969bf8f-52hlc,web,144,,,,,web,,linkerd,inbound,no_tls_from_remote,686969bf8f,502,no_identity,robot-shop,localhost:31776,,,,,,,,,,,
1613778617.113,response_latency_ms_count,,,10.1.10.116:4191,linkerd-proxy,robot-shop,,web-686969bf8f-52hlc,web,294,,,,,web,,linkerd,inbound,no_tls_from_remote,686969bf8f,502,no_identity,robot-shop,localhost:31776,,,,,,,,,,,
1613778627.113,response_latency_ms_count,,,10.1.10.116:4191,linkerd-proxy,robot-shop,,web-686969bf8f-52hlc,web,496,,,,,web,,linkerd,inbound,no_tls_from_remote,686969bf8f,502,no_identity,robot-shop,localhost:31776,,,,,,,,,,,
1613778637.113,response_latency_ms_count,,,10.1.10.116:4191,linkerd-proxy,robot-shop,,web-686969bf8f-52hlc,web,496,,,,,web,,linkerd,inbound,no_tls_from_remote,686969bf8f,502,no_identity,robot-shop,localhost:31776,,,,,,,,,,,
1613778597.113,response_latency_ms_count,,,10.1.10.116:4191,linkerd-proxy,robot-shop,,web-686969bf8f-52hlc,web,95,,,,,web,,linkerd,inbound,no_tls_from_remote,686969bf8f,503,no_identity,robot-shop,localhost:31776,,,,,,,,,,,
1613778607.113,response_latency_ms_count,,,10.1.10.116:4191,linkerd-proxy,robot-shop,,web-686969bf8f-52hlc,web,197,,,,,web,,linkerd,inbound,no_tls_from_remote,686969bf8f,503,no_identity,robot-shop,localhost:31776,,,,,,,,,,,
1613778617.113,response_latency_ms_count,,,10.1.10.116:4191,linkerd-proxy,robot-shop,,web-686969bf8f-52hlc,web,197,,,,,web,,linkerd,inbound,no_tls_from_remote,686969bf8f,503,no_identity,robot-shop,localhost:31776,,,,,,,,,,,
1613778627.113,response_latency_ms_count,,,10.1.10.116:4191,linkerd-proxy,robot-shop,,web-686969bf8f-52hlc,web,415,,,,,web,,linkerd,inbound,no_tls_from_remote,686969bf8f,503,no_identity,robot-shop,localhost:31776,,,,,,,,,,,
1613778637.113,response_latency_ms_count,,,10.1.10.116:4191,linkerd-proxy,robot-shop,,web-686969bf8f-52hlc,web,1181,,,,,web,,linkerd,inbound,no_tls_from_remote,686969bf8f,503,no_identity,robot-shop,localhost:31776,,,,,,,,,,,
1613778597.113,response_latency_ms_count,,,10.1.10.116:4191,linkerd-proxy,robot-shop,,web-686969bf8f-52hlc,web,138,,,,,web,,linkerd,outbound,,686969bf8f,502,true,robot-shop,ratings.robot-shop.svc.cluster.local,,linkerd,ratings,robot-shop,ratings-688d98cd8f-fvxpt,688d98cd8f,default,default.robot-shop.serviceaccount.identity.linkerd.cluster.local,,,ratings
1613778607.113,response_latency_ms_count,,,10.1.10.116:4191,linkerd-proxy,robot-shop,,web-686969bf8f-52hlc,web,138,,,,,web,,linkerd,outbound,,686969bf8f,502,true,robot-shop,ratings.robot-shop.svc.cluster.local,,linkerd,ratings,robot-shop,ratings-688d98cd8f-fvxpt,688d98cd8f,default,default.robot-shop.serviceaccount.identity.linkerd.cluster.local,,,ratings
1613778617.113,response_latency_ms_count,,,10.1.10.116:4191,linkerd-proxy,robot-shop,,web-686969bf8f-52hlc,web,138,,,,,web,,linkerd,outbound,,686969bf8f,502,true,robot-shop,ratings.robot-shop.svc.cluster.local,,linkerd,ratings,robot-shop,ratings-688d98cd8f-fvxpt,688d98cd8f,default,default.robot-shop.serviceaccount.identity.linkerd.cluster.local,,,ratings
1613778627.113,response_latency_ms_count,,,10.1.10.116:4191,linkerd-proxy,robot-shop,,web-686969bf8f-52hlc,web,333,,,,,web,,linkerd,outbound,,686969bf8f,502,true,robot-shop,ratings.robot-shop.svc.cluster.local,,linkerd,ratings,robot-shop,ratings-688d98cd8f-fvxpt,688d98cd8f,default,default.robot-shop.serviceaccount.identity.linkerd.cluster.local,,,ratings
1613778637.113,response_latency_ms_count,,,10.1.10.116:4191,linkerd-proxy,robot-shop,,web-686969bf8f-52hlc,web,333,,,,,web,,linkerd,outbound,,686969bf8f,502,true,robot-shop,ratings.robot-shop.svc.cluster.local,,linkerd,ratings,robot-shop,ratings-688d98cd8f-fvxpt,688d98cd8f,default,default.robot-shop.serviceaccount.identity.linkerd.cluster.local,,,ratings
1613778597.113,response_latency_ms_count,,,10.1.10.116:4191,linkerd-proxy,robot-shop,,web-686969bf8f-52hlc,web,0,,,,,web,,linkerd,outbound,,686969bf8f,,true,robot-shop,ratings.robot-shop.svc.cluster.local,,linkerd,ratings,robot-shop,ratings-688d98cd8f-fvxpt,688d98cd8f,default,default.robot-shop.serviceaccount.identity.linkerd.cluster.local,,,ratings
1613778607.113,response_latency_ms_count,,,10.1.10.116:4191,linkerd-proxy,robot-shop,,web-686969bf8f-52hlc,web,0,,,,,web,,linkerd,outbound,,686969bf8f,,true,robot-shop,ratings.robot-shop.svc.cluster.local,,linkerd,ratings,robot-shop,ratings-688d98cd8f-fvxpt,688d98cd8f,default,default.robot-shop.serviceaccount.identity.linkerd.cluster.local,,,ratings
1613778617.113,response_latency_ms_count,,,10.1.10.116:4191,linkerd-proxy,robot-shop,,web-686969bf8f-52hlc,web,0,,,,,web,,linkerd,outbound,,686969bf8f,,true,robot-shop,ratings.robot-shop.svc.cluster.local,,linkerd,ratings,robot-shop,ratings-688d98cd8f-fvxpt,688d98cd8f,default,default.robot-shop.serviceaccount.identity.linkerd.cluster.local,,,ratings
1613778627.113,response_latency_ms_count,,,10.1.10.116:4191,linkerd-proxy,robot-shop,,web-686969bf8f-52hlc,web,0,,,,,web,,linkerd,outbound,,686969bf8f,,true,robot-shop,ratings.robot-shop.svc.cluster.local,,linkerd,ratings,robot-shop,ratings-688d98cd8f-fvxpt,688d98cd8f,default,default.robot-shop.serviceaccount.identity.linkerd.cluster.local,,,ratings
1613778637.113,response_latency_ms_count,,,10.1.10.116:4191,linkerd-proxy,robot-shop,,web-686969bf8f-52hlc,web,0,,,,,web,,linkerd,outbound,,686969bf8f,,true,robot-shop,ratings.robot-shop.svc.cluster.local,,linkerd,ratings,robot-shop,ratings-688d98cd8f-fvxpt,688d98cd8f,default,default.robot-shop.serviceaccount.identity.linkerd.cluster.local,,,ratings
1613778617.113,response_latency_ms_count,,,10.1.10.116:4191,linkerd-proxy,robot-shop,,web-686969bf8f-52hlc,web,150,,,,,web,,linkerd,outbound,,686969bf8f,502,true,robot-shop,shipping.robot-shop.svc.cluster.local:8080,,linkerd,shipping,robot-shop,shipping-5cd699998d-n4jtr,5cd699998d,default,default.robot-shop.serviceaccount.identity.linkerd.cluster.local,,,shipping
1613778627.113,response_latency_ms_count,,,10.1.10.116:4191,linkerd-proxy,robot-shop,,web-686969bf8f-52hlc,web,150,,,,,web,,linkerd,outbound,,686969bf8f,502,true,robot-shop,shipping.robot-shop.svc.cluster.local:8080,,linkerd,shipping,robot-shop,shipping-5cd699998d-n4jtr,5cd699998d,default,default.robot-shop.serviceaccount.identity.linkerd.cluster.local,,,shipping
1613778637.113,response_latency_ms_count,,,10.1.10.116:4191,linkerd-proxy,robot-shop,,web-686969bf8f-52hlc,web,150,,,,,web,,linkerd,outbound,,686969bf8f,502,true,robot-shop,shipping.robot-shop.svc.cluster.local:8080,,linkerd,shipping,robot-shop,shipping-5cd699998d-n4jtr,5cd699998d,default,default.robot-shop.serviceaccount.identity.linkerd.cluster.local,,,shipping
1613778618.04,response_latency_ms_count,,,10.1.10.115:4191,linkerd-proxy,robot-shop,,shipping-5cd699998d-n4jtr,shipping,0,,,,,shipping,,linkerd,inbound,,5cd699998d,,true,robot-shop,shipping.robot-shop.svc.cluster.local:8080,default.robot-shop.serviceaccount.identity.linkerd.cluster.local,,,,,,,,,,
1613778628.04,response_latency_ms_count,,,10.1.10.115:4191,linkerd-proxy,robot-shop,,shipping-5cd699998d-n4jtr,shipping,0,,,,,shipping,,linkerd,inbound,,5cd699998d,,true,robot-shop,shipping.robot-shop.svc.cluster.local:8080,default.robot-shop.serviceaccount.identity.linkerd.cluster.local,,,,,,,,,,
1613778638.04,response_latency_ms_count,,,10.1.10.115:4191,linkerd-proxy,robot-shop,,shipping-5cd699998d-n4jtr,shipping,0,,,,,shipping,,linkerd,inbound,,5cd699998d,,true,robot-shop,shipping.robot-shop.svc.cluster.local:8080,default.robot-shop.serviceaccount.identity.linkerd.cluster.local,,,,,,,,,,
