timestamp,__name__,container,endpoint,instance,job,namespace,node,pod,service,value,id,image,metrics_path,name,deployment,control_plane_component,control_plane_ns,direction,no_tls_reason,pod_template_hash,status_code,tls,workload_ns,authority,client_id,dst_control_plane_ns,dst_deployment,dst_namespace,dst_pod,dst_pod_template_hash,dst_serviceaccount,server_id,dst_statefulset,stage,dst_service
1613873572.288,kube_pod_container_resource_requests_memory_bytes,alertmanager,http,10.1.7.232:8080,kube-state-metrics,default,docker-desktop,alertmanager-prometheus-kube-prometheus-alertmanager-0,prometheus-kube-state-metrics,209715200,,,,,,,,,,,,,,,,,,,,,,,,,
1613873602.288,kube_pod_container_resource_requests_memory_bytes,alertmanager,http,10.1.7.232:8080,kube-state-metrics,default,docker-desktop,alertmanager-prometheus-kube-prometheus-alertmanager-0,prometheus-kube-state-metrics,209715200,,,,,,,,,,,,,,,,,,,,,,,,,
1613873572.288,kube_pod_container_resource_requests_memory_bytes,cart,http,10.1.7.232:8080,kube-state-metrics,robot-shop,docker-desktop,cart-5c4fff577-qbhqr,prometheus-kube-state-metrics,52428800,,,,,,,,,,,,,,,,,,,,,,,,,
1613873602.288,kube_pod_container_resource_requests_memory_bytes,cart,http,10.1.7.232:8080,kube-state-metrics,robot-shop,docker-desktop,cart-5c4fff577-qbhqr,prometheus-kube-state-metrics,52428800,,,,,,,,,,,,,,,,,,,,,,,,,
1613873572.288,kube_pod_container_resource_requests_memory_bytes,cart,http,10.1.7.232:8080,kube-state-metrics,robot-shop,docker-desktop,cart-5c4fff577-tcf95,prometheus-kube-state-metrics,52428800,,,,,,,,,,,,,,,,,,,,,,,,,
1613873602.288,kube_pod_container_resource_requests_memory_bytes,cart,http,10.1.7.232:8080,kube-state-metrics,robot-shop,docker-desktop,cart-5c4fff577-tcf95,prometheus-kube-state-metrics,52428800,,,,,,,,,,,,,,,,,,,,,,,,,
1613873572.288,kube_pod_container_resource_requests_memory_bytes,catalogue,http,10.1.7.232:8080,kube-state-metrics,robot-shop,docker-desktop,catalogue-7f9d94b4db-9dxvq,prometheus-kube-state-metrics,52428800,,,,,,,,,,,,,,,,,,,,,,,,,
1613873602.288,kube_pod_container_resource_requests_memory_bytes,catalogue,http,10.1.7.232:8080,kube-state-metrics,robot-shop,docker-desktop,catalogue-7f9d94b4db-9dxvq,prometheus-kube-state-metrics,52428800,,,,,,,,,,,,,,,,,,,,,,,,,
1613873572.288,kube_pod_container_resource_requests_memory_bytes,catalogue,http,10.1.7.232:8080,kube-state-metrics,robot-shop,docker-desktop,catalogue-7f9d94b4db-pvr5l,prometheus-kube-state-metrics,52428800,,,,,,,,,,,,,,,,,,,,,,,,,
1613873602.288,kube_pod_container_resource_requests_memory_bytes,catalogue,http,10.1.7.232:8080,kube-state-metrics,robot-shop,docker-desktop,catalogue-7f9d94b4db-pvr5l,prometheus-kube-state-metrics,52428800,,,,,,,,,,,,,,,,,,,,,,,,,
1613873572.288,kube_pod_container_resource_requests_memory_bytes,config-reloader,http,10.1.7.232:8080,kube-state-metrics,default,docker-desktop,alertmanager-prometheus-kube-prometheus-alertmanager-0,prometheus-kube-state-metrics,52428800,,,,,,,,,,,,,,,,,,,,,,,,,
1613873602.288,kube_pod_container_resource_requests_memory_bytes,config-reloader,http,10.1.7.232:8080,kube-state-metrics,default,docker-desktop,alertmanager-prometheus-kube-prometheus-alertmanager-0,prometheus-kube-state-metrics,52428800,,,,,,,,,,,,,,,,,,,,,,,,,
1613873572.288,kube_pod_container_resource_requests_memory_bytes,config-reloader,http,10.1.7.232:8080,kube-state-metrics,default,docker-desktop,prometheus-prometheus-kube-prometheus-prometheus-0,prometheus-kube-state-metrics,52428800,,,,,,,,,,,,,,,,,,,,,,,,,
1613873602.288,kube_pod_container_resource_requests_memory_bytes,config-reloader,http,10.1.7.232:8080,kube-state-metrics,default,docker-desktop,prometheus-prometheus-kube-prometheus-prometheus-0,prometheus-kube-state-metrics,52428800,,,,,,,,,,,,,,,,,,,,,,,,,
1613873572.288,kube_pod_container_resource_requests_memory_bytes,coredns,http,10.1.7.232:8080,kube-state-metrics,kube-system,docker-desktop,coredns-f9fd979d6-4b2l5,prometheus-kube-state-metrics,73400320,,,,,,,,,,,,,,,,,,,,,,,,,
1613873602.288,kube_pod_container_resource_requests_memory_bytes,coredns,http,10.1.7.232:8080,kube-state-metrics,kube-system,docker-desktop,coredns-f9fd979d6-4b2l5,prometheus-kube-state-metrics,73400320,,,,,,,,,,,,,,,,,,,,,,,,,
1613873572.288,kube_pod_container_resource_requests_memory_bytes,coredns,http,10.1.7.232:8080,kube-state-metrics,kube-system,docker-desktop,coredns-f9fd979d6-gsfph,prometheus-kube-state-metrics,73400320,,,,,,,,,,,,,,,,,,,,,,,,,
1613873602.288,kube_pod_container_resource_requests_memory_bytes,coredns,http,10.1.7.232:8080,kube-state-metrics,kube-system,docker-desktop,coredns-f9fd979d6-gsfph,prometheus-kube-state-metrics,73400320,,,,,,,,,,,,,,,,,,,,,,,,,
1613873572.288,kube_pod_container_resource_requests_memory_bytes,dispatch,http,10.1.7.232:8080,kube-state-metrics,robot-shop,docker-desktop,dispatch-54f9f7c88b-bblkl,prometheus-kube-state-metrics,52428800,,,,,,,,,,,,,,,,,,,,,,,,,
1613873602.288,kube_pod_container_resource_requests_memory_bytes,dispatch,http,10.1.7.232:8080,kube-state-metrics,robot-shop,docker-desktop,dispatch-54f9f7c88b-bblkl,prometheus-kube-state-metrics,52428800,,,,,,,,,,,,,,,,,,,,,,,,,
1613873572.288,kube_pod_container_resource_requests_memory_bytes,dispatch,http,10.1.7.232:8080,kube-state-metrics,robot-shop,docker-desktop,dispatch-54f9f7c88b-tsk66,prometheus-kube-state-metrics,52428800,,,,,,,,,,,,,,,,,,,,,,,,,
1613873602.288,kube_pod_container_resource_requests_memory_bytes,dispatch,http,10.1.7.232:8080,kube-state-metrics,robot-shop,docker-desktop,dispatch-54f9f7c88b-tsk66,prometheus-kube-state-metrics,52428800,,,,,,,,,,,,,,,,,,,,,,,,,
1613873572.288,kube_pod_container_resource_requests_memory_bytes,mongodb,http,10.1.7.232:8080,kube-state-metrics,robot-shop,docker-desktop,mongodb-7fcc49887c-cg2k7,prometheus-kube-state-metrics,104857600,,,,,,,,,,,,,,,,,,,,,,,,,
1613873602.288,kube_pod_container_resource_requests_memory_bytes,mongodb,http,10.1.7.232:8080,kube-state-metrics,robot-shop,docker-desktop,mongodb-7fcc49887c-cg2k7,prometheus-kube-state-metrics,104857600,,,,,,,,,,,,,,,,,,,,,,,,,
1613873572.288,kube_pod_container_resource_requests_memory_bytes,mysql,http,10.1.7.232:8080,kube-state-metrics,robot-shop,docker-desktop,mysql-6fbdd859fd-swpgv,prometheus-kube-state-metrics,734003200,,,,,,,,,,,,,,,,,,,,,,,,,
1613873602.288,kube_pod_container_resource_requests_memory_bytes,mysql,http,10.1.7.232:8080,kube-state-metrics,robot-shop,docker-desktop,mysql-6fbdd859fd-swpgv,prometheus-kube-state-metrics,734003200,,,,,,,,,,,,,,,,,,,,,,,,,
1613873572.288,kube_pod_container_resource_requests_memory_bytes,payment,http,10.1.7.232:8080,kube-state-metrics,robot-shop,docker-desktop,payment-568954696b-mvlb7,prometheus-kube-state-metrics,52428800,,,,,,,,,,,,,,,,,,,,,,,,,
1613873602.288,kube_pod_container_resource_requests_memory_bytes,payment,http,10.1.7.232:8080,kube-state-metrics,robot-shop,docker-desktop,payment-568954696b-mvlb7,prometheus-kube-state-metrics,52428800,,,,,,,,,,,,,,,,,,,,,,,,,
1613873572.288,kube_pod_container_resource_requests_memory_bytes,payment,http,10.1.7.232:8080,kube-state-metrics,robot-shop,docker-desktop,payment-568954696b-t7dz5,prometheus-kube-state-metrics,52428800,,,,,,,,,,,,,,,,,,,,,,,,,
1613873602.288,kube_pod_container_resource_requests_memory_bytes,payment,http,10.1.7.232:8080,kube-state-metrics,robot-shop,docker-desktop,payment-568954696b-t7dz5,prometheus-kube-state-metrics,52428800,,,,,,,,,,,,,,,,,,,,,,,,,
1613873572.288,kube_pod_container_resource_requests_memory_bytes,rabbitmq,http,10.1.7.232:8080,kube-state-metrics,robot-shop,docker-desktop,rabbitmq-86f8d8c475-779sq,prometheus-kube-state-metrics,268435456,,,,,,,,,,,,,,,,,,,,,,,,,
1613873602.288,kube_pod_container_resource_requests_memory_bytes,rabbitmq,http,10.1.7.232:8080,kube-state-metrics,robot-shop,docker-desktop,rabbitmq-86f8d8c475-779sq,prometheus-kube-state-metrics,268435456,,,,,,,,,,,,,,,,,,,,,,,,,
1613873572.288,kube_pod_container_resource_requests_memory_bytes,ratings,http,10.1.7.232:8080,kube-state-metrics,robot-shop,docker-desktop,ratings-57874f848b-g4dvs,prometheus-kube-state-metrics,52428800,,,,,,,,,,,,,,,,,,,,,,,,,
1613873602.288,kube_pod_container_resource_requests_memory_bytes,ratings,http,10.1.7.232:8080,kube-state-metrics,robot-shop,docker-desktop,ratings-57874f848b-g4dvs,prometheus-kube-state-metrics,52428800,,,,,,,,,,,,,,,,,,,,,,,,,
1613873572.288,kube_pod_container_resource_requests_memory_bytes,ratings,http,10.1.7.232:8080,kube-state-metrics,robot-shop,docker-desktop,ratings-57874f848b-xtvx6,prometheus-kube-state-metrics,52428800,,,,,,,,,,,,,,,,,,,,,,,,,
1613873602.288,kube_pod_container_resource_requests_memory_bytes,ratings,http,10.1.7.232:8080,kube-state-metrics,robot-shop,docker-desktop,ratings-57874f848b-xtvx6,prometheus-kube-state-metrics,52428800,,,,,,,,,,,,,,,,,,,,,,,,,
1613873572.288,kube_pod_container_resource_requests_memory_bytes,redis,http,10.1.7.232:8080,kube-state-metrics,robot-shop,docker-desktop,redis-0,prometheus-kube-state-metrics,52428800,,,,,,,,,,,,,,,,,,,,,,,,,
1613873602.288,kube_pod_container_resource_requests_memory_bytes,redis,http,10.1.7.232:8080,kube-state-metrics,robot-shop,docker-desktop,redis-0,prometheus-kube-state-metrics,52428800,,,,,,,,,,,,,,,,,,,,,,,,,
1613873572.288,kube_pod_container_resource_requests_memory_bytes,shipping,http,10.1.7.232:8080,kube-state-metrics,robot-shop,docker-desktop,shipping-85c8bd8d95-fm6ps,prometheus-kube-state-metrics,52428800,,,,,,,,,,,,,,,,,,,,,,,,,
1613873602.288,kube_pod_container_resource_requests_memory_bytes,shipping,http,10.1.7.232:8080,kube-state-metrics,robot-shop,docker-desktop,shipping-85c8bd8d95-fm6ps,prometheus-kube-state-metrics,52428800,,,,,,,,,,,,,,,,,,,,,,,,,
1613873572.288,kube_pod_container_resource_requests_memory_bytes,shipping,http,10.1.7.232:8080,kube-state-metrics,robot-shop,docker-desktop,shipping-85c8bd8d95-nwfnb,prometheus-kube-state-metrics,52428800,,,,,,,,,,,,,,,,,,,,,,,,,
1613873602.288,kube_pod_container_resource_requests_memory_bytes,shipping,http,10.1.7.232:8080,kube-state-metrics,robot-shop,docker-desktop,shipping-85c8bd8d95-nwfnb,prometheus-kube-state-metrics,52428800,,,,,,,,,,,,,,,,,,,,,,,,,
1613873572.288,kube_pod_container_resource_requests_memory_bytes,user,http,10.1.7.232:8080,kube-state-metrics,robot-shop,docker-desktop,user-5bc66cc67d-7h8d6,prometheus-kube-state-metrics,52428800,,,,,,,,,,,,,,,,,,,,,,,,,
1613873602.288,kube_pod_container_resource_requests_memory_bytes,user,http,10.1.7.232:8080,kube-state-metrics,robot-shop,docker-desktop,user-5bc66cc67d-7h8d6,prometheus-kube-state-metrics,52428800,,,,,,,,,,,,,,,,,,,,,,,,,
1613873572.288,kube_pod_container_resource_requests_memory_bytes,user,http,10.1.7.232:8080,kube-state-metrics,robot-shop,docker-desktop,user-5bc66cc67d-nkqq4,prometheus-kube-state-metrics,52428800,,,,,,,,,,,,,,,,,,,,,,,,,
1613873602.288,kube_pod_container_resource_requests_memory_bytes,user,http,10.1.7.232:8080,kube-state-metrics,robot-shop,docker-desktop,user-5bc66cc67d-nkqq4,prometheus-kube-state-metrics,52428800,,,,,,,,,,,,,,,,,,,,,,,,,
1613873572.288,kube_pod_container_resource_requests_memory_bytes,web,http,10.1.7.232:8080,kube-state-metrics,robot-shop,docker-desktop,web-6b7cd5d75b-cq4k9,prometheus-kube-state-metrics,52428800,,,,,,,,,,,,,,,,,,,,,,,,,
1613873602.288,kube_pod_container_resource_requests_memory_bytes,web,http,10.1.7.232:8080,kube-state-metrics,robot-shop,docker-desktop,web-6b7cd5d75b-cq4k9,prometheus-kube-state-metrics,52428800,,,,,,,,,,,,,,,,,,,,,,,,,
1613873572.288,kube_pod_container_resource_requests_memory_bytes,web,http,10.1.7.232:8080,kube-state-metrics,robot-shop,docker-desktop,web-6b7cd5d75b-vl9w8,prometheus-kube-state-metrics,52428800,,,,,,,,,,,,,,,,,,,,,,,,,
1613873602.288,kube_pod_container_resource_requests_memory_bytes,web,http,10.1.7.232:8080,kube-state-metrics,robot-shop,docker-desktop,web-6b7cd5d75b-vl9w8,prometheus-kube-state-metrics,52428800,,,,,,,,,,,,,,,,,,,,,,,,,
1613873572.288,kube_pod_container_resource_limits_memory_bytes,cart,http,10.1.7.232:8080,kube-state-metrics,robot-shop,docker-desktop,cart-5c4fff577-qbhqr,prometheus-kube-state-metrics,262144000,,,,,,,,,,,,,,,,,,,,,,,,,
1613873602.288,kube_pod_container_resource_limits_memory_bytes,cart,http,10.1.7.232:8080,kube-state-metrics,robot-shop,docker-desktop,cart-5c4fff577-qbhqr,prometheus-kube-state-metrics,262144000,,,,,,,,,,,,,,,,,,,,,,,,,
1613873572.288,kube_pod_container_resource_limits_memory_bytes,cart,http,10.1.7.232:8080,kube-state-metrics,robot-shop,docker-desktop,cart-5c4fff577-tcf95,prometheus-kube-state-metrics,262144000,,,,,,,,,,,,,,,,,,,,,,,,,
1613873602.288,kube_pod_container_resource_limits_memory_bytes,cart,http,10.1.7.232:8080,kube-state-metrics,robot-shop,docker-desktop,cart-5c4fff577-tcf95,prometheus-kube-state-metrics,262144000,,,,,,,,,,,,,,,,,,,,,,,,,
1613873572.288,kube_pod_container_resource_limits_memory_bytes,catalogue,http,10.1.7.232:8080,kube-state-metrics,robot-shop,docker-desktop,catalogue-7f9d94b4db-9dxvq,prometheus-kube-state-metrics,262144000,,,,,,,,,,,,,,,,,,,,,,,,,
1613873602.288,kube_pod_container_resource_limits_memory_bytes,catalogue,http,10.1.7.232:8080,kube-state-metrics,robot-shop,docker-desktop,catalogue-7f9d94b4db-9dxvq,prometheus-kube-state-metrics,262144000,,,,,,,,,,,,,,,,,,,,,,,,,
1613873572.288,kube_pod_container_resource_limits_memory_bytes,catalogue,http,10.1.7.232:8080,kube-state-metrics,robot-shop,docker-desktop,catalogue-7f9d94b4db-pvr5l,prometheus-kube-state-metrics,262144000,,,,,,,,,,,,,,,,,,,,,,,,,
1613873602.288,kube_pod_container_resource_limits_memory_bytes,catalogue,http,10.1.7.232:8080,kube-state-metrics,robot-shop,docker-desktop,catalogue-7f9d94b4db-pvr5l,prometheus-kube-state-metrics,262144000,,,,,,,,,,,,,,,,,,,,,,,,,
1613873572.288,kube_pod_container_resource_limits_memory_bytes,config-reloader,http,10.1.7.232:8080,kube-state-metrics,default,docker-desktop,alertmanager-prometheus-kube-prometheus-alertmanager-0,prometheus-kube-state-metrics,52428800,,,,,,,,,,,,,,,,,,,,,,,,,
1613873602.288,kube_pod_container_resource_limits_memory_bytes,config-reloader,http,10.1.7.232:8080,kube-state-metrics,default,docker-desktop,alertmanager-prometheus-kube-prometheus-alertmanager-0,prometheus-kube-state-metrics,52428800,,,,,,,,,,,,,,,,,,,,,,,,,
1613873572.288,kube_pod_container_resource_limits_memory_bytes,config-reloader,http,10.1.7.232:8080,kube-state-metrics,default,docker-desktop,prometheus-prometheus-kube-prometheus-prometheus-0,prometheus-kube-state-metrics,52428800,,,,,,,,,,,,,,,,,,,,,,,,,
1613873602.288,kube_pod_container_resource_limits_memory_bytes,config-reloader,http,10.1.7.232:8080,kube-state-metrics,default,docker-desktop,prometheus-prometheus-kube-prometheus-prometheus-0,prometheus-kube-state-metrics,52428800,,,,,,,,,,,,,,,,,,,,,,,,,
1613873572.288,kube_pod_container_resource_limits_memory_bytes,coredns,http,10.1.7.232:8080,kube-state-metrics,kube-system,docker-desktop,coredns-f9fd979d6-4b2l5,prometheus-kube-state-metrics,178257920,,,,,,,,,,,,,,,,,,,,,,,,,
1613873602.288,kube_pod_container_resource_limits_memory_bytes,coredns,http,10.1.7.232:8080,kube-state-metrics,kube-system,docker-desktop,coredns-f9fd979d6-4b2l5,prometheus-kube-state-metrics,178257920,,,,,,,,,,,,,,,,,,,,,,,,,
1613873572.288,kube_pod_container_resource_limits_memory_bytes,coredns,http,10.1.7.232:8080,kube-state-metrics,kube-system,docker-desktop,coredns-f9fd979d6-gsfph,prometheus-kube-state-metrics,178257920,,,,,,,,,,,,,,,,,,,,,,,,,
1613873602.288,kube_pod_container_resource_limits_memory_bytes,coredns,http,10.1.7.232:8080,kube-state-metrics,kube-system,docker-desktop,coredns-f9fd979d6-gsfph,prometheus-kube-state-metrics,178257920,,,,,,,,,,,,,,,,,,,,,,,,,
1613873572.288,kube_pod_container_resource_limits_memory_bytes,dispatch,http,10.1.7.232:8080,kube-state-metrics,robot-shop,docker-desktop,dispatch-54f9f7c88b-bblkl,prometheus-kube-state-metrics,262144000,,,,,,,,,,,,,,,,,,,,,,,,,
1613873602.288,kube_pod_container_resource_limits_memory_bytes,dispatch,http,10.1.7.232:8080,kube-state-metrics,robot-shop,docker-desktop,dispatch-54f9f7c88b-bblkl,prometheus-kube-state-metrics,262144000,,,,,,,,,,,,,,,,,,,,,,,,,
1613873572.288,kube_pod_container_resource_limits_memory_bytes,dispatch,http,10.1.7.232:8080,kube-state-metrics,robot-shop,docker-desktop,dispatch-54f9f7c88b-tsk66,prometheus-kube-state-metrics,262144000,,,,,,,,,,,,,,,,,,,,,,,,,
1613873602.288,kube_pod_container_resource_limits_memory_bytes,dispatch,http,10.1.7.232:8080,kube-state-metrics,robot-shop,docker-desktop,dispatch-54f9f7c88b-tsk66,prometheus-kube-state-metrics,262144000,,,,,,,,,,,,,,,,,,,,,,,,,
1613873572.288,kube_pod_container_resource_limits_memory_bytes,mongodb,http,10.1.7.232:8080,kube-state-metrics,robot-shop,docker-desktop,mongodb-7fcc49887c-cg2k7,prometheus-kube-state-metrics,209715200,,,,,,,,,,,,,,,,,,,,,,,,,
1613873602.288,kube_pod_container_resource_limits_memory_bytes,mongodb,http,10.1.7.232:8080,kube-state-metrics,robot-shop,docker-desktop,mongodb-7fcc49887c-cg2k7,prometheus-kube-state-metrics,209715200,,,,,,,,,,,,,,,,,,,,,,,,,
1613873572.288,kube_pod_container_resource_limits_memory_bytes,mysql,http,10.1.7.232:8080,kube-state-metrics,robot-shop,docker-desktop,mysql-6fbdd859fd-swpgv,prometheus-kube-state-metrics,1073741824,,,,,,,,,,,,,,,,,,,,,,,,,
1613873602.288,kube_pod_container_resource_limits_memory_bytes,mysql,http,10.1.7.232:8080,kube-state-metrics,robot-shop,docker-desktop,mysql-6fbdd859fd-swpgv,prometheus-kube-state-metrics,1073741824,,,,,,,,,,,,,,,,,,,,,,,,,
1613873572.288,kube_pod_container_resource_limits_memory_bytes,payment,http,10.1.7.232:8080,kube-state-metrics,robot-shop,docker-desktop,payment-568954696b-mvlb7,prometheus-kube-state-metrics,262144000,,,,,,,,,,,,,,,,,,,,,,,,,
1613873602.288,kube_pod_container_resource_limits_memory_bytes,payment,http,10.1.7.232:8080,kube-state-metrics,robot-shop,docker-desktop,payment-568954696b-mvlb7,prometheus-kube-state-metrics,262144000,,,,,,,,,,,,,,,,,,,,,,,,,
1613873572.288,kube_pod_container_resource_limits_memory_bytes,payment,http,10.1.7.232:8080,kube-state-metrics,robot-shop,docker-desktop,payment-568954696b-t7dz5,prometheus-kube-state-metrics,262144000,,,,,,,,,,,,,,,,,,,,,,,,,
1613873602.288,kube_pod_container_resource_limits_memory_bytes,payment,http,10.1.7.232:8080,kube-state-metrics,robot-shop,docker-desktop,payment-568954696b-t7dz5,prometheus-kube-state-metrics,262144000,,,,,,,,,,,,,,,,,,,,,,,,,
1613873572.288,kube_pod_container_resource_limits_memory_bytes,rabbitmq,http,10.1.7.232:8080,kube-state-metrics,robot-shop,docker-desktop,rabbitmq-86f8d8c475-779sq,prometheus-kube-state-metrics,536870912,,,,,,,,,,,,,,,,,,,,,,,,,
1613873602.288,kube_pod_container_resource_limits_memory_bytes,rabbitmq,http,10.1.7.232:8080,kube-state-metrics,robot-shop,docker-desktop,rabbitmq-86f8d8c475-779sq,prometheus-kube-state-metrics,536870912,,,,,,,,,,,,,,,,,,,,,,,,,
1613873572.288,kube_pod_container_resource_limits_memory_bytes,ratings,http,10.1.7.232:8080,kube-state-metrics,robot-shop,docker-desktop,ratings-57874f848b-g4dvs,prometheus-kube-state-metrics,262144000,,,,,,,,,,,,,,,,,,,,,,,,,
1613873602.288,kube_pod_container_resource_limits_memory_bytes,ratings,http,10.1.7.232:8080,kube-state-metrics,robot-shop,docker-desktop,ratings-57874f848b-g4dvs,prometheus-kube-state-metrics,262144000,,,,,,,,,,,,,,,,,,,,,,,,,
1613873572.288,kube_pod_container_resource_limits_memory_bytes,ratings,http,10.1.7.232:8080,kube-state-metrics,robot-shop,docker-desktop,ratings-57874f848b-xtvx6,prometheus-kube-state-metrics,262144000,,,,,,,,,,,,,,,,,,,,,,,,,
1613873602.288,kube_pod_container_resource_limits_memory_bytes,ratings,http,10.1.7.232:8080,kube-state-metrics,robot-shop,docker-desktop,ratings-57874f848b-xtvx6,prometheus-kube-state-metrics,262144000,,,,,,,,,,,,,,,,,,,,,,,,,
1613873572.288,kube_pod_container_resource_limits_memory_bytes,redis,http,10.1.7.232:8080,kube-state-metrics,robot-shop,docker-desktop,redis-0,prometheus-kube-state-metrics,104857600,,,,,,,,,,,,,,,,,,,,,,,,,
1613873602.288,kube_pod_container_resource_limits_memory_bytes,redis,http,10.1.7.232:8080,kube-state-metrics,robot-shop,docker-desktop,redis-0,prometheus-kube-state-metrics,104857600,,,,,,,,,,,,,,,,,,,,,,,,,
1613873572.288,kube_pod_container_resource_limits_memory_bytes,shipping,http,10.1.7.232:8080,kube-state-metrics,robot-shop,docker-desktop,shipping-85c8bd8d95-fm6ps,prometheus-kube-state-metrics,734003200,,,,,,,,,,,,,,,,,,,,,,,,,
1613873602.288,kube_pod_container_resource_limits_memory_bytes,shipping,http,10.1.7.232:8080,kube-state-metrics,robot-shop,docker-desktop,shipping-85c8bd8d95-fm6ps,prometheus-kube-state-metrics,734003200,,,,,,,,,,,,,,,,,,,,,,,,,
1613873572.288,kube_pod_container_resource_limits_memory_bytes,shipping,http,10.1.7.232:8080,kube-state-metrics,robot-shop,docker-desktop,shipping-85c8bd8d95-nwfnb,prometheus-kube-state-metrics,734003200,,,,,,,,,,,,,,,,,,,,,,,,,
1613873602.288,kube_pod_container_resource_limits_memory_bytes,shipping,http,10.1.7.232:8080,kube-state-metrics,robot-shop,docker-desktop,shipping-85c8bd8d95-nwfnb,prometheus-kube-state-metrics,734003200,,,,,,,,,,,,,,,,,,,,,,,,,
1613873572.288,kube_pod_container_resource_limits_memory_bytes,user,http,10.1.7.232:8080,kube-state-metrics,robot-shop,docker-desktop,user-5bc66cc67d-7h8d6,prometheus-kube-state-metrics,262144000,,,,,,,,,,,,,,,,,,,,,,,,,
1613873602.288,kube_pod_container_resource_limits_memory_bytes,user,http,10.1.7.232:8080,kube-state-metrics,robot-shop,docker-desktop,user-5bc66cc67d-7h8d6,prometheus-kube-state-metrics,262144000,,,,,,,,,,,,,,,,,,,,,,,,,
1613873572.288,kube_pod_container_resource_limits_memory_bytes,user,http,10.1.7.232:8080,kube-state-metrics,robot-shop,docker-desktop,user-5bc66cc67d-nkqq4,prometheus-kube-state-metrics,262144000,,,,,,,,,,,,,,,,,,,,,,,,,
1613873602.288,kube_pod_container_resource_limits_memory_bytes,user,http,10.1.7.232:8080,kube-state-metrics,robot-shop,docker-desktop,user-5bc66cc67d-nkqq4,prometheus-kube-state-metrics,262144000,,,,,,,,,,,,,,,,,,,,,,,,,
1613873572.288,kube_pod_container_resource_limits_memory_bytes,web,http,10.1.7.232:8080,kube-state-metrics,robot-shop,docker-desktop,web-6b7cd5d75b-cq4k9,prometheus-kube-state-metrics,262144000,,,,,,,,,,,,,,,,,,,,,,,,,
1613873602.288,kube_pod_container_resource_limits_memory_bytes,web,http,10.1.7.232:8080,kube-state-metrics,robot-shop,docker-desktop,web-6b7cd5d75b-cq4k9,prometheus-kube-state-metrics,262144000,,,,,,,,,,,,,,,,,,,,,,,,,
1613873572.288,kube_pod_container_resource_limits_memory_bytes,web,http,10.1.7.232:8080,kube-state-metrics,robot-shop,docker-desktop,web-6b7cd5d75b-vl9w8,prometheus-kube-state-metrics,262144000,,,,,,,,,,,,,,,,,,,,,,,,,
1613873602.288,kube_pod_container_resource_limits_memory_bytes,web,http,10.1.7.232:8080,kube-state-metrics,robot-shop,docker-desktop,web-6b7cd5d75b-vl9w8,prometheus-kube-state-metrics,262144000,,,,,,,,,,,,,,,,,,,,,,,,,
1613873572.288,kube_pod_container_resource_limits_cpu_cores,cart,http,10.1.7.232:8080,kube-state-metrics,robot-shop,docker-desktop,cart-5c4fff577-qbhqr,prometheus-kube-state-metrics,0.35,,,,,,,,,,,,,,,,,,,,,,,,,
1613873602.288,kube_pod_container_resource_limits_cpu_cores,cart,http,10.1.7.232:8080,kube-state-metrics,robot-shop,docker-desktop,cart-5c4fff577-qbhqr,prometheus-kube-state-metrics,0.35,,,,,,,,,,,,,,,,,,,,,,,,,
1613873572.288,kube_pod_container_resource_limits_cpu_cores,cart,http,10.1.7.232:8080,kube-state-metrics,robot-shop,docker-desktop,cart-5c4fff577-tcf95,prometheus-kube-state-metrics,0.35,,,,,,,,,,,,,,,,,,,,,,,,,
1613873602.288,kube_pod_container_resource_limits_cpu_cores,cart,http,10.1.7.232:8080,kube-state-metrics,robot-shop,docker-desktop,cart-5c4fff577-tcf95,prometheus-kube-state-metrics,0.35,,,,,,,,,,,,,,,,,,,,,,,,,
1613873572.288,kube_pod_container_resource_limits_cpu_cores,catalogue,http,10.1.7.232:8080,kube-state-metrics,robot-shop,docker-desktop,catalogue-7f9d94b4db-9dxvq,prometheus-kube-state-metrics,0.35,,,,,,,,,,,,,,,,,,,,,,,,,
1613873602.288,kube_pod_container_resource_limits_cpu_cores,catalogue,http,10.1.7.232:8080,kube-state-metrics,robot-shop,docker-desktop,catalogue-7f9d94b4db-9dxvq,prometheus-kube-state-metrics,0.35,,,,,,,,,,,,,,,,,,,,,,,,,
1613873572.288,kube_pod_container_resource_limits_cpu_cores,catalogue,http,10.1.7.232:8080,kube-state-metrics,robot-shop,docker-desktop,catalogue-7f9d94b4db-pvr5l,prometheus-kube-state-metrics,0.35,,,,,,,,,,,,,,,,,,,,,,,,,
1613873602.288,kube_pod_container_resource_limits_cpu_cores,catalogue,http,10.1.7.232:8080,kube-state-metrics,robot-shop,docker-desktop,catalogue-7f9d94b4db-pvr5l,prometheus-kube-state-metrics,0.35,,,,,,,,,,,,,,,,,,,,,,,,,
1613873572.288,kube_pod_container_resource_limits_cpu_cores,config-reloader,http,10.1.7.232:8080,kube-state-metrics,default,docker-desktop,alertmanager-prometheus-kube-prometheus-alertmanager-0,prometheus-kube-state-metrics,0.1,,,,,,,,,,,,,,,,,,,,,,,,,
1613873602.288,kube_pod_container_resource_limits_cpu_cores,config-reloader,http,10.1.7.232:8080,kube-state-metrics,default,docker-desktop,alertmanager-prometheus-kube-prometheus-alertmanager-0,prometheus-kube-state-metrics,0.1,,,,,,,,,,,,,,,,,,,,,,,,,
1613873572.288,kube_pod_container_resource_limits_cpu_cores,config-reloader,http,10.1.7.232:8080,kube-state-metrics,default,docker-desktop,prometheus-prometheus-kube-prometheus-prometheus-0,prometheus-kube-state-metrics,0.1,,,,,,,,,,,,,,,,,,,,,,,,,
1613873602.288,kube_pod_container_resource_limits_cpu_cores,config-reloader,http,10.1.7.232:8080,kube-state-metrics,default,docker-desktop,prometheus-prometheus-kube-prometheus-prometheus-0,prometheus-kube-state-metrics,0.1,,,,,,,,,,,,,,,,,,,,,,,,,
1613873572.288,kube_pod_container_resource_limits_cpu_cores,dispatch,http,10.1.7.232:8080,kube-state-metrics,robot-shop,docker-desktop,dispatch-54f9f7c88b-bblkl,prometheus-kube-state-metrics,0.35,,,,,,,,,,,,,,,,,,,,,,,,,
1613873602.288,kube_pod_container_resource_limits_cpu_cores,dispatch,http,10.1.7.232:8080,kube-state-metrics,robot-shop,docker-desktop,dispatch-54f9f7c88b-bblkl,prometheus-kube-state-metrics,0.35,,,,,,,,,,,,,,,,,,,,,,,,,
1613873572.288,kube_pod_container_resource_limits_cpu_cores,dispatch,http,10.1.7.232:8080,kube-state-metrics,robot-shop,docker-desktop,dispatch-54f9f7c88b-tsk66,prometheus-kube-state-metrics,0.35,,,,,,,,,,,,,,,,,,,,,,,,,
1613873602.288,kube_pod_container_resource_limits_cpu_cores,dispatch,http,10.1.7.232:8080,kube-state-metrics,robot-shop,docker-desktop,dispatch-54f9f7c88b-tsk66,prometheus-kube-state-metrics,0.35,,,,,,,,,,,,,,,,,,,,,,,,,
1613873572.288,kube_pod_container_resource_limits_cpu_cores,mongodb,http,10.1.7.232:8080,kube-state-metrics,robot-shop,docker-desktop,mongodb-7fcc49887c-cg2k7,prometheus-kube-state-metrics,0.2,,,,,,,,,,,,,,,,,,,,,,,,,
1613873602.288,kube_pod_container_resource_limits_cpu_cores,mongodb,http,10.1.7.232:8080,kube-state-metrics,robot-shop,docker-desktop,mongodb-7fcc49887c-cg2k7,prometheus-kube-state-metrics,0.2,,,,,,,,,,,,,,,,,,,,,,,,,
1613873572.288,kube_pod_container_resource_limits_cpu_cores,mysql,http,10.1.7.232:8080,kube-state-metrics,robot-shop,docker-desktop,mysql-6fbdd859fd-swpgv,prometheus-kube-state-metrics,0.2,,,,,,,,,,,,,,,,,,,,,,,,,
1613873602.288,kube_pod_container_resource_limits_cpu_cores,mysql,http,10.1.7.232:8080,kube-state-metrics,robot-shop,docker-desktop,mysql-6fbdd859fd-swpgv,prometheus-kube-state-metrics,0.2,,,,,,,,,,,,,,,,,,,,,,,,,
1613873572.288,kube_pod_container_resource_limits_cpu_cores,payment,http,10.1.7.232:8080,kube-state-metrics,robot-shop,docker-desktop,payment-568954696b-mvlb7,prometheus-kube-state-metrics,0.35,,,,,,,,,,,,,,,,,,,,,,,,,
1613873602.288,kube_pod_container_resource_limits_cpu_cores,payment,http,10.1.7.232:8080,kube-state-metrics,robot-shop,docker-desktop,payment-568954696b-mvlb7,prometheus-kube-state-metrics,0.35,,,,,,,,,,,,,,,,,,,,,,,,,
1613873572.288,kube_pod_container_resource_limits_cpu_cores,payment,http,10.1.7.232:8080,kube-state-metrics,robot-shop,docker-desktop,payment-568954696b-t7dz5,prometheus-kube-state-metrics,0.35,,,,,,,,,,,,,,,,,,,,,,,,,
1613873602.288,kube_pod_container_resource_limits_cpu_cores,payment,http,10.1.7.232:8080,kube-state-metrics,robot-shop,docker-desktop,payment-568954696b-t7dz5,prometheus-kube-state-metrics,0.35,,,,,,,,,,,,,,,,,,,,,,,,,
1613873572.288,kube_pod_container_resource_limits_cpu_cores,rabbitmq,http,10.1.7.232:8080,kube-state-metrics,robot-shop,docker-desktop,rabbitmq-86f8d8c475-779sq,prometheus-kube-state-metrics,0.2,,,,,,,,,,,,,,,,,,,,,,,,,
1613873602.288,kube_pod_container_resource_limits_cpu_cores,rabbitmq,http,10.1.7.232:8080,kube-state-metrics,robot-shop,docker-desktop,rabbitmq-86f8d8c475-779sq,prometheus-kube-state-metrics,0.2,,,,,,,,,,,,,,,,,,,,,,,,,
1613873572.288,kube_pod_container_resource_limits_cpu_cores,ratings,http,10.1.7.232:8080,kube-state-metrics,robot-shop,docker-desktop,ratings-57874f848b-g4dvs,prometheus-kube-state-metrics,0.35,,,,,,,,,,,,,,,,,,,,,,,,,
1613873602.288,kube_pod_container_resource_limits_cpu_cores,ratings,http,10.1.7.232:8080,kube-state-metrics,robot-shop,docker-desktop,ratings-57874f848b-g4dvs,prometheus-kube-state-metrics,0.35,,,,,,,,,,,,,,,,,,,,,,,,,
1613873572.288,kube_pod_container_resource_limits_cpu_cores,ratings,http,10.1.7.232:8080,kube-state-metrics,robot-shop,docker-desktop,ratings-57874f848b-xtvx6,prometheus-kube-state-metrics,0.35,,,,,,,,,,,,,,,,,,,,,,,,,
1613873602.288,kube_pod_container_resource_limits_cpu_cores,ratings,http,10.1.7.232:8080,kube-state-metrics,robot-shop,docker-desktop,ratings-57874f848b-xtvx6,prometheus-kube-state-metrics,0.35,,,,,,,,,,,,,,,,,,,,,,,,,
1613873572.288,kube_pod_container_resource_limits_cpu_cores,redis,http,10.1.7.232:8080,kube-state-metrics,robot-shop,docker-desktop,redis-0,prometheus-kube-state-metrics,0.2,,,,,,,,,,,,,,,,,,,,,,,,,
1613873602.288,kube_pod_container_resource_limits_cpu_cores,redis,http,10.1.7.232:8080,kube-state-metrics,robot-shop,docker-desktop,redis-0,prometheus-kube-state-metrics,0.2,,,,,,,,,,,,,,,,,,,,,,,,,
1613873572.288,kube_pod_container_resource_limits_cpu_cores,shipping,http,10.1.7.232:8080,kube-state-metrics,robot-shop,docker-desktop,shipping-85c8bd8d95-fm6ps,prometheus-kube-state-metrics,0.35,,,,,,,,,,,,,,,,,,,,,,,,,
1613873602.288,kube_pod_container_resource_limits_cpu_cores,shipping,http,10.1.7.232:8080,kube-state-metrics,robot-shop,docker-desktop,shipping-85c8bd8d95-fm6ps,prometheus-kube-state-metrics,0.35,,,,,,,,,,,,,,,,,,,,,,,,,
1613873572.288,kube_pod_container_resource_limits_cpu_cores,shipping,http,10.1.7.232:8080,kube-state-metrics,robot-shop,docker-desktop,shipping-85c8bd8d95-nwfnb,prometheus-kube-state-metrics,0.35,,,,,,,,,,,,,,,,,,,,,,,,,
1613873602.288,kube_pod_container_resource_limits_cpu_cores,shipping,http,10.1.7.232:8080,kube-state-metrics,robot-shop,docker-desktop,shipping-85c8bd8d95-nwfnb,prometheus-kube-state-metrics,0.35,,,,,,,,,,,,,,,,,,,,,,,,,
1613873572.288,kube_pod_container_resource_limits_cpu_cores,user,http,10.1.7.232:8080,kube-state-metrics,robot-shop,docker-desktop,user-5bc66cc67d-7h8d6,prometheus-kube-state-metrics,0.35,,,,,,,,,,,,,,,,,,,,,,,,,
1613873602.288,kube_pod_container_resource_limits_cpu_cores,user,http,10.1.7.232:8080,kube-state-metrics,robot-shop,docker-desktop,user-5bc66cc67d-7h8d6,prometheus-kube-state-metrics,0.35,,,,,,,,,,,,,,,,,,,,,,,,,
1613873572.288,kube_pod_container_resource_limits_cpu_cores,user,http,10.1.7.232:8080,kube-state-metrics,robot-shop,docker-desktop,user-5bc66cc67d-nkqq4,prometheus-kube-state-metrics,0.35,,,,,,,,,,,,,,,,,,,,,,,,,
1613873602.288,kube_pod_container_resource_limits_cpu_cores,user,http,10.1.7.232:8080,kube-state-metrics,robot-shop,docker-desktop,user-5bc66cc67d-nkqq4,prometheus-kube-state-metrics,0.35,,,,,,,,,,,,,,,,,,,,,,,,,
1613873572.288,kube_pod_container_resource_limits_cpu_cores,web,http,10.1.7.232:8080,kube-state-metrics,robot-shop,docker-desktop,web-6b7cd5d75b-cq4k9,prometheus-kube-state-metrics,0.35,,,,,,,,,,,,,,,,,,,,,,,,,
1613873602.288,kube_pod_container_resource_limits_cpu_cores,web,http,10.1.7.232:8080,kube-state-metrics,robot-shop,docker-desktop,web-6b7cd5d75b-cq4k9,prometheus-kube-state-metrics,0.35,,,,,,,,,,,,,,,,,,,,,,,,,
1613873572.288,kube_pod_container_resource_limits_cpu_cores,web,http,10.1.7.232:8080,kube-state-metrics,robot-shop,docker-desktop,web-6b7cd5d75b-vl9w8,prometheus-kube-state-metrics,0.35,,,,,,,,,,,,,,,,,,,,,,,,,
1613873602.288,kube_pod_container_resource_limits_cpu_cores,web,http,10.1.7.232:8080,kube-state-metrics,robot-shop,docker-desktop,web-6b7cd5d75b-vl9w8,prometheus-kube-state-metrics,0.35,,,,,,,,,,,,,,,,,,,,,,,,,
1613873572.288,kube_pod_container_resource_requests_cpu_cores,cart,http,10.1.7.232:8080,kube-state-metrics,robot-shop,docker-desktop,cart-5c4fff577-qbhqr,prometheus-kube-state-metrics,0.1,,,,,,,,,,,,,,,,,,,,,,,,,
1613873602.288,kube_pod_container_resource_requests_cpu_cores,cart,http,10.1.7.232:8080,kube-state-metrics,robot-shop,docker-desktop,cart-5c4fff577-qbhqr,prometheus-kube-state-metrics,0.1,,,,,,,,,,,,,,,,,,,,,,,,,
1613873572.288,kube_pod_container_resource_requests_cpu_cores,cart,http,10.1.7.232:8080,kube-state-metrics,robot-shop,docker-desktop,cart-5c4fff577-tcf95,prometheus-kube-state-metrics,0.1,,,,,,,,,,,,,,,,,,,,,,,,,
1613873602.288,kube_pod_container_resource_requests_cpu_cores,cart,http,10.1.7.232:8080,kube-state-metrics,robot-shop,docker-desktop,cart-5c4fff577-tcf95,prometheus-kube-state-metrics,0.1,,,,,,,,,,,,,,,,,,,,,,,,,
1613873572.288,kube_pod_container_resource_requests_cpu_cores,catalogue,http,10.1.7.232:8080,kube-state-metrics,robot-shop,docker-desktop,catalogue-7f9d94b4db-9dxvq,prometheus-kube-state-metrics,0.1,,,,,,,,,,,,,,,,,,,,,,,,,
1613873602.288,kube_pod_container_resource_requests_cpu_cores,catalogue,http,10.1.7.232:8080,kube-state-metrics,robot-shop,docker-desktop,catalogue-7f9d94b4db-9dxvq,prometheus-kube-state-metrics,0.1,,,,,,,,,,,,,,,,,,,,,,,,,
1613873572.288,kube_pod_container_resource_requests_cpu_cores,catalogue,http,10.1.7.232:8080,kube-state-metrics,robot-shop,docker-desktop,catalogue-7f9d94b4db-pvr5l,prometheus-kube-state-metrics,0.1,,,,,,,,,,,,,,,,,,,,,,,,,
1613873602.288,kube_pod_container_resource_requests_cpu_cores,catalogue,http,10.1.7.232:8080,kube-state-metrics,robot-shop,docker-desktop,catalogue-7f9d94b4db-pvr5l,prometheus-kube-state-metrics,0.1,,,,,,,,,,,,,,,,,,,,,,,,,
1613873572.288,kube_pod_container_resource_requests_cpu_cores,config-reloader,http,10.1.7.232:8080,kube-state-metrics,default,docker-desktop,alertmanager-prometheus-kube-prometheus-alertmanager-0,prometheus-kube-state-metrics,0.1,,,,,,,,,,,,,,,,,,,,,,,,,
1613873602.288,kube_pod_container_resource_requests_cpu_cores,config-reloader,http,10.1.7.232:8080,kube-state-metrics,default,docker-desktop,alertmanager-prometheus-kube-prometheus-alertmanager-0,prometheus-kube-state-metrics,0.1,,,,,,,,,,,,,,,,,,,,,,,,,
1613873572.288,kube_pod_container_resource_requests_cpu_cores,config-reloader,http,10.1.7.232:8080,kube-state-metrics,default,docker-desktop,prometheus-prometheus-kube-prometheus-prometheus-0,prometheus-kube-state-metrics,0.1,,,,,,,,,,,,,,,,,,,,,,,,,
1613873602.288,kube_pod_container_resource_requests_cpu_cores,config-reloader,http,10.1.7.232:8080,kube-state-metrics,default,docker-desktop,prometheus-prometheus-kube-prometheus-prometheus-0,prometheus-kube-state-metrics,0.1,,,,,,,,,,,,,,,,,,,,,,,,,
1613873572.288,kube_pod_container_resource_requests_cpu_cores,coredns,http,10.1.7.232:8080,kube-state-metrics,kube-system,docker-desktop,coredns-f9fd979d6-4b2l5,prometheus-kube-state-metrics,0.1,,,,,,,,,,,,,,,,,,,,,,,,,
1613873602.288,kube_pod_container_resource_requests_cpu_cores,coredns,http,10.1.7.232:8080,kube-state-metrics,kube-system,docker-desktop,coredns-f9fd979d6-4b2l5,prometheus-kube-state-metrics,0.1,,,,,,,,,,,,,,,,,,,,,,,,,
1613873572.288,kube_pod_container_resource_requests_cpu_cores,coredns,http,10.1.7.232:8080,kube-state-metrics,kube-system,docker-desktop,coredns-f9fd979d6-gsfph,prometheus-kube-state-metrics,0.1,,,,,,,,,,,,,,,,,,,,,,,,,
1613873602.288,kube_pod_container_resource_requests_cpu_cores,coredns,http,10.1.7.232:8080,kube-state-metrics,kube-system,docker-desktop,coredns-f9fd979d6-gsfph,prometheus-kube-state-metrics,0.1,,,,,,,,,,,,,,,,,,,,,,,,,
1613873572.288,kube_pod_container_resource_requests_cpu_cores,dispatch,http,10.1.7.232:8080,kube-state-metrics,robot-shop,docker-desktop,dispatch-54f9f7c88b-bblkl,prometheus-kube-state-metrics,0.1,,,,,,,,,,,,,,,,,,,,,,,,,
1613873602.288,kube_pod_container_resource_requests_cpu_cores,dispatch,http,10.1.7.232:8080,kube-state-metrics,robot-shop,docker-desktop,dispatch-54f9f7c88b-bblkl,prometheus-kube-state-metrics,0.1,,,,,,,,,,,,,,,,,,,,,,,,,
1613873572.288,kube_pod_container_resource_requests_cpu_cores,dispatch,http,10.1.7.232:8080,kube-state-metrics,robot-shop,docker-desktop,dispatch-54f9f7c88b-tsk66,prometheus-kube-state-metrics,0.1,,,,,,,,,,,,,,,,,,,,,,,,,
1613873602.288,kube_pod_container_resource_requests_cpu_cores,dispatch,http,10.1.7.232:8080,kube-state-metrics,robot-shop,docker-desktop,dispatch-54f9f7c88b-tsk66,prometheus-kube-state-metrics,0.1,,,,,,,,,,,,,,,,,,,,,,,,,
1613873572.288,kube_pod_container_resource_requests_cpu_cores,kube-apiserver,http,10.1.7.232:8080,kube-state-metrics,kube-system,docker-desktop,kube-apiserver-docker-desktop,prometheus-kube-state-metrics,0.25,,,,,,,,,,,,,,,,,,,,,,,,,
1613873602.288,kube_pod_container_resource_requests_cpu_cores,kube-apiserver,http,10.1.7.232:8080,kube-state-metrics,kube-system,docker-desktop,kube-apiserver-docker-desktop,prometheus-kube-state-metrics,0.25,,,,,,,,,,,,,,,,,,,,,,,,,
1613873572.288,kube_pod_container_resource_requests_cpu_cores,kube-controller-manager,http,10.1.7.232:8080,kube-state-metrics,kube-system,docker-desktop,kube-controller-manager-docker-desktop,prometheus-kube-state-metrics,0.2,,,,,,,,,,,,,,,,,,,,,,,,,
1613873602.288,kube_pod_container_resource_requests_cpu_cores,kube-controller-manager,http,10.1.7.232:8080,kube-state-metrics,kube-system,docker-desktop,kube-controller-manager-docker-desktop,prometheus-kube-state-metrics,0.2,,,,,,,,,,,,,,,,,,,,,,,,,
1613873572.288,kube_pod_container_resource_requests_cpu_cores,kube-scheduler,http,10.1.7.232:8080,kube-state-metrics,kube-system,docker-desktop,kube-scheduler-docker-desktop,prometheus-kube-state-metrics,0.1,,,,,,,,,,,,,,,,,,,,,,,,,
1613873602.288,kube_pod_container_resource_requests_cpu_cores,kube-scheduler,http,10.1.7.232:8080,kube-state-metrics,kube-system,docker-desktop,kube-scheduler-docker-desktop,prometheus-kube-state-metrics,0.1,,,,,,,,,,,,,,,,,,,,,,,,,
1613873572.288,kube_pod_container_resource_requests_cpu_cores,mongodb,http,10.1.7.232:8080,kube-state-metrics,robot-shop,docker-desktop,mongodb-7fcc49887c-cg2k7,prometheus-kube-state-metrics,0.1,,,,,,,,,,,,,,,,,,,,,,,,,
1613873602.288,kube_pod_container_resource_requests_cpu_cores,mongodb,http,10.1.7.232:8080,kube-state-metrics,robot-shop,docker-desktop,mongodb-7fcc49887c-cg2k7,prometheus-kube-state-metrics,0.1,,,,,,,,,,,,,,,,,,,,,,,,,
1613873572.288,kube_pod_container_resource_requests_cpu_cores,mysql,http,10.1.7.232:8080,kube-state-metrics,robot-shop,docker-desktop,mysql-6fbdd859fd-swpgv,prometheus-kube-state-metrics,0.1,,,,,,,,,,,,,,,,,,,,,,,,,
1613873602.288,kube_pod_container_resource_requests_cpu_cores,mysql,http,10.1.7.232:8080,kube-state-metrics,robot-shop,docker-desktop,mysql-6fbdd859fd-swpgv,prometheus-kube-state-metrics,0.1,,,,,,,,,,,,,,,,,,,,,,,,,
1613873572.288,kube_pod_container_resource_requests_cpu_cores,payment,http,10.1.7.232:8080,kube-state-metrics,robot-shop,docker-desktop,payment-568954696b-mvlb7,prometheus-kube-state-metrics,0.1,,,,,,,,,,,,,,,,,,,,,,,,,
1613873602.288,kube_pod_container_resource_requests_cpu_cores,payment,http,10.1.7.232:8080,kube-state-metrics,robot-shop,docker-desktop,payment-568954696b-mvlb7,prometheus-kube-state-metrics,0.1,,,,,,,,,,,,,,,,,,,,,,,,,
1613873572.288,kube_pod_container_resource_requests_cpu_cores,payment,http,10.1.7.232:8080,kube-state-metrics,robot-shop,docker-desktop,payment-568954696b-t7dz5,prometheus-kube-state-metrics,0.1,,,,,,,,,,,,,,,,,,,,,,,,,
1613873602.288,kube_pod_container_resource_requests_cpu_cores,payment,http,10.1.7.232:8080,kube-state-metrics,robot-shop,docker-desktop,payment-568954696b-t7dz5,prometheus-kube-state-metrics,0.1,,,,,,,,,,,,,,,,,,,,,,,,,
1613873572.288,kube_pod_container_resource_requests_cpu_cores,rabbitmq,http,10.1.7.232:8080,kube-state-metrics,robot-shop,docker-desktop,rabbitmq-86f8d8c475-779sq,prometheus-kube-state-metrics,0.1,,,,,,,,,,,,,,,,,,,,,,,,,
1613873602.288,kube_pod_container_resource_requests_cpu_cores,rabbitmq,http,10.1.7.232:8080,kube-state-metrics,robot-shop,docker-desktop,rabbitmq-86f8d8c475-779sq,prometheus-kube-state-metrics,0.1,,,,,,,,,,,,,,,,,,,,,,,,,
1613873572.288,kube_pod_container_resource_requests_cpu_cores,ratings,http,10.1.7.232:8080,kube-state-metrics,robot-shop,docker-desktop,ratings-57874f848b-g4dvs,prometheus-kube-state-metrics,0.1,,,,,,,,,,,,,,,,,,,,,,,,,
1613873602.288,kube_pod_container_resource_requests_cpu_cores,ratings,http,10.1.7.232:8080,kube-state-metrics,robot-shop,docker-desktop,ratings-57874f848b-g4dvs,prometheus-kube-state-metrics,0.1,,,,,,,,,,,,,,,,,,,,,,,,,
1613873572.288,kube_pod_container_resource_requests_cpu_cores,ratings,http,10.1.7.232:8080,kube-state-metrics,robot-shop,docker-desktop,ratings-57874f848b-xtvx6,prometheus-kube-state-metrics,0.1,,,,,,,,,,,,,,,,,,,,,,,,,
1613873602.288,kube_pod_container_resource_requests_cpu_cores,ratings,http,10.1.7.232:8080,kube-state-metrics,robot-shop,docker-desktop,ratings-57874f848b-xtvx6,prometheus-kube-state-metrics,0.1,,,,,,,,,,,,,,,,,,,,,,,,,
1613873572.288,kube_pod_container_resource_requests_cpu_cores,redis,http,10.1.7.232:8080,kube-state-metrics,robot-shop,docker-desktop,redis-0,prometheus-kube-state-metrics,0.1,,,,,,,,,,,,,,,,,,,,,,,,,
1613873602.288,kube_pod_container_resource_requests_cpu_cores,redis,http,10.1.7.232:8080,kube-state-metrics,robot-shop,docker-desktop,redis-0,prometheus-kube-state-metrics,0.1,,,,,,,,,,,,,,,,,,,,,,,,,
1613873572.288,kube_pod_container_resource_requests_cpu_cores,shipping,http,10.1.7.232:8080,kube-state-metrics,robot-shop,docker-desktop,shipping-85c8bd8d95-fm6ps,prometheus-kube-state-metrics,0.1,,,,,,,,,,,,,,,,,,,,,,,,,
1613873602.288,kube_pod_container_resource_requests_cpu_cores,shipping,http,10.1.7.232:8080,kube-state-metrics,robot-shop,docker-desktop,shipping-85c8bd8d95-fm6ps,prometheus-kube-state-metrics,0.1,,,,,,,,,,,,,,,,,,,,,,,,,
1613873572.288,kube_pod_container_resource_requests_cpu_cores,shipping,http,10.1.7.232:8080,kube-state-metrics,robot-shop,docker-desktop,shipping-85c8bd8d95-nwfnb,prometheus-kube-state-metrics,0.1,,,,,,,,,,,,,,,,,,,,,,,,,
1613873602.288,kube_pod_container_resource_requests_cpu_cores,shipping,http,10.1.7.232:8080,kube-state-metrics,robot-shop,docker-desktop,shipping-85c8bd8d95-nwfnb,prometheus-kube-state-metrics,0.1,,,,,,,,,,,,,,,,,,,,,,,,,
1613873572.288,kube_pod_container_resource_requests_cpu_cores,user,http,10.1.7.232:8080,kube-state-metrics,robot-shop,docker-desktop,user-5bc66cc67d-7h8d6,prometheus-kube-state-metrics,0.1,,,,,,,,,,,,,,,,,,,,,,,,,
1613873602.288,kube_pod_container_resource_requests_cpu_cores,user,http,10.1.7.232:8080,kube-state-metrics,robot-shop,docker-desktop,user-5bc66cc67d-7h8d6,prometheus-kube-state-metrics,0.1,,,,,,,,,,,,,,,,,,,,,,,,,
1613873572.288,kube_pod_container_resource_requests_cpu_cores,user,http,10.1.7.232:8080,kube-state-metrics,robot-shop,docker-desktop,user-5bc66cc67d-nkqq4,prometheus-kube-state-metrics,0.1,,,,,,,,,,,,,,,,,,,,,,,,,
1613873602.288,kube_pod_container_resource_requests_cpu_cores,user,http,10.1.7.232:8080,kube-state-metrics,robot-shop,docker-desktop,user-5bc66cc67d-nkqq4,prometheus-kube-state-metrics,0.1,,,,,,,,,,,,,,,,,,,,,,,,,
1613873572.288,kube_pod_container_resource_requests_cpu_cores,web,http,10.1.7.232:8080,kube-state-metrics,robot-shop,docker-desktop,web-6b7cd5d75b-cq4k9,prometheus-kube-state-metrics,0.1,,,,,,,,,,,,,,,,,,,,,,,,,
1613873602.288,kube_pod_container_resource_requests_cpu_cores,web,http,10.1.7.232:8080,kube-state-metrics,robot-shop,docker-desktop,web-6b7cd5d75b-cq4k9,prometheus-kube-state-metrics,0.1,,,,,,,,,,,,,,,,,,,,,,,,,
1613873572.288,kube_pod_container_resource_requests_cpu_cores,web,http,10.1.7.232:8080,kube-state-metrics,robot-shop,docker-desktop,web-6b7cd5d75b-vl9w8,prometheus-kube-state-metrics,0.1,,,,,,,,,,,,,,,,,,,,,,,,,
1613873602.288,kube_pod_container_resource_requests_cpu_cores,web,http,10.1.7.232:8080,kube-state-metrics,robot-shop,docker-desktop,web-6b7cd5d75b-vl9w8,prometheus-kube-state-metrics,0.1,,,,,,,,,,,,,,,,,,,,,,,,,
1613873563.604,container_cpu_cfs_throttled_seconds_total,cart,https-metrics,192.168.65.3:10250,kubelet,robot-shop,docker-desktop,cart-5c4fff577-tcf95,prometheus-kube-prometheus-kubelet,21.275058,/kubepods/kubepods/burstable/podb9f6eb66-fc3b-45d7-b050-9e2f869a174e/a16c6524533e34001e007ba4d02f838705d24341772989850f1e4c2de9191e24,sha256:bf5efcded352621eec6051df00489ec225270ab074e9c731b3dbebb3270a4782,/metrics/cadvisor,k8s_cart_cart-5c4fff577-tcf95_robot-shop_b9f6eb66-fc3b-45d7-b050-9e2f869a174e_0,,,,,,,,,,,,,,,,,,,,,
1613873579.107,container_cpu_cfs_throttled_seconds_total,cart,https-metrics,192.168.65.3:10250,kubelet,robot-shop,docker-desktop,cart-5c4fff577-tcf95,prometheus-kube-prometheus-kubelet,21.275058,/kubepods/kubepods/burstable/podb9f6eb66-fc3b-45d7-b050-9e2f869a174e/a16c6524533e34001e007ba4d02f838705d24341772989850f1e4c2de9191e24,sha256:bf5efcded352621eec6051df00489ec225270ab074e9c731b3dbebb3270a4782,/metrics/cadvisor,k8s_cart_cart-5c4fff577-tcf95_robot-shop_b9f6eb66-fc3b-45d7-b050-9e2f869a174e_0,,,,,,,,,,,,,,,,,,,,,
1613873595.274,container_cpu_cfs_throttled_seconds_total,cart,https-metrics,192.168.65.3:10250,kubelet,robot-shop,docker-desktop,cart-5c4fff577-qbhqr,prometheus-kube-prometheus-kubelet,7.5076404,/kubepods/kubepods/burstable/poded6b746f-f8d5-4cc6-9fc5-796888520b07/0c5f39ed6b6b85c8420e6b88f7a96bcf50172090f5d4fda46bb1850e1f0607c8,sha256:bf5efcded352621eec6051df00489ec225270ab074e9c731b3dbebb3270a4782,/metrics/cadvisor,k8s_cart_cart-5c4fff577-qbhqr_robot-shop_ed6b746f-f8d5-4cc6-9fc5-796888520b07_0,,,,,,,,,,,,,,,,,,,,,
1613873562.6,container_cpu_cfs_throttled_seconds_total,catalogue,https-metrics,192.168.65.3:10250,kubelet,robot-shop,docker-desktop,catalogue-7f9d94b4db-pvr5l,prometheus-kube-prometheus-kubelet,4.8971137,/kubepods/kubepods/burstable/pod6afcf23c-0367-4479-ae8e-be207b87cc91/468e82494626c3be3f0e6b9c9af7fae22fd71fba6066c4b21f2f049281a0a8e9,sha256:a293fd6d3230e848ec1b06ed14e03c2c311e56be0e8d257c3442c54a3b7f62ee,/metrics/cadvisor,k8s_catalogue_catalogue-7f9d94b4db-pvr5l_robot-shop_6afcf23c-0367-4479-ae8e-be207b87cc91_0,,,,,,,,,,,,,,,,,,,,,
1613873594.19,container_cpu_cfs_throttled_seconds_total,catalogue,https-metrics,192.168.65.3:10250,kubelet,robot-shop,docker-desktop,catalogue-7f9d94b4db-pvr5l,prometheus-kube-prometheus-kubelet,5.4376421,/kubepods/kubepods/burstable/pod6afcf23c-0367-4479-ae8e-be207b87cc91/468e82494626c3be3f0e6b9c9af7fae22fd71fba6066c4b21f2f049281a0a8e9,sha256:a293fd6d3230e848ec1b06ed14e03c2c311e56be0e8d257c3442c54a3b7f62ee,/metrics/cadvisor,k8s_catalogue_catalogue-7f9d94b4db-pvr5l_robot-shop_6afcf23c-0367-4479-ae8e-be207b87cc91_0,,,,,,,,,,,,,,,,,,,,,
1613873565.037,container_cpu_cfs_throttled_seconds_total,catalogue,https-metrics,192.168.65.3:10250,kubelet,robot-shop,docker-desktop,catalogue-7f9d94b4db-9dxvq,prometheus-kube-prometheus-kubelet,17.4518122,/kubepods/kubepods/burstable/pod733ea34a-baa5-4b3c-8c04-4910c6279f2b/8ec55baf06f082eca21a9ab7dce5d307695948da590650e95cd1bf6b7f154215,sha256:a293fd6d3230e848ec1b06ed14e03c2c311e56be0e8d257c3442c54a3b7f62ee,/metrics/cadvisor,k8s_catalogue_catalogue-7f9d94b4db-9dxvq_robot-shop_733ea34a-baa5-4b3c-8c04-4910c6279f2b_0,,,,,,,,,,,,,,,,,,,,,
1613873578.43,container_cpu_cfs_throttled_seconds_total,catalogue,https-metrics,192.168.65.3:10250,kubelet,robot-shop,docker-desktop,catalogue-7f9d94b4db-9dxvq,prometheus-kube-prometheus-kubelet,17.5991614,/kubepods/kubepods/burstable/pod733ea34a-baa5-4b3c-8c04-4910c6279f2b/8ec55baf06f082eca21a9ab7dce5d307695948da590650e95cd1bf6b7f154215,sha256:a293fd6d3230e848ec1b06ed14e03c2c311e56be0e8d257c3442c54a3b7f62ee,/metrics/cadvisor,k8s_catalogue_catalogue-7f9d94b4db-9dxvq_robot-shop_733ea34a-baa5-4b3c-8c04-4910c6279f2b_0,,,,,,,,,,,,,,,,,,,,,
1613873564.104,container_cpu_cfs_throttled_seconds_total,config-reloader,https-metrics,192.168.65.3:10250,kubelet,default,docker-desktop,prometheus-prometheus-kube-prometheus-prometheus-0,prometheus-kube-prometheus-kubelet,453.996947,/kubepods/kubepods/burstable/pod2e96bfc4-3c10-4d82-8559-96ee02c50c31/12211e76a1f430c5bf38e511cf274f735ad5bc6b07aa5467f2c77f8e91e81747,sha256:73bc771f8028b1accae9e696fb577750cc9ff09feea8a3a30b590d4a4c2766d2,/metrics/cadvisor,k8s_config-reloader_prometheus-prometheus-kube-prometheus-prometheus-0_default_2e96bfc4-3c10-4d82-8559-96ee02c50c31_5,,,,,,,,,,,,,,,,,,,,,
1613873582.906,container_cpu_cfs_throttled_seconds_total,config-reloader,https-metrics,192.168.65.3:10250,kubelet,default,docker-desktop,prometheus-prometheus-kube-prometheus-prometheus-0,prometheus-kube-prometheus-kubelet,453.996947,/kubepods/kubepods/burstable/pod2e96bfc4-3c10-4d82-8559-96ee02c50c31/12211e76a1f430c5bf38e511cf274f735ad5bc6b07aa5467f2c77f8e91e81747,sha256:73bc771f8028b1accae9e696fb577750cc9ff09feea8a3a30b590d4a4c2766d2,/metrics/cadvisor,k8s_config-reloader_prometheus-prometheus-kube-prometheus-prometheus-0_default_2e96bfc4-3c10-4d82-8559-96ee02c50c31_5,,,,,,,,,,,,,,,,,,,,,
1613873575.916,container_cpu_cfs_throttled_seconds_total,config-reloader,https-metrics,192.168.65.3:10250,kubelet,default,docker-desktop,alertmanager-prometheus-kube-prometheus-alertmanager-0,prometheus-kube-prometheus-kubelet,7.5045959,/kubepods/kubepods/burstable/pod414fed11-6938-47e9-8069-d32074624822/f0c0fc5f823683a93246c0398a62f46022cb0598a305ba820bd48de8d80385ac,sha256:73bc771f8028b1accae9e696fb577750cc9ff09feea8a3a30b590d4a4c2766d2,/metrics/cadvisor,k8s_config-reloader_alertmanager-prometheus-kube-prometheus-alertmanager-0_default_414fed11-6938-47e9-8069-d32074624822_5,,,,,,,,,,,,,,,,,,,,,
1613873586.989,container_cpu_cfs_throttled_seconds_total,dispatch,https-metrics,192.168.65.3:10250,kubelet,robot-shop,docker-desktop,dispatch-54f9f7c88b-tsk66,prometheus-kube-prometheus-kubelet,0.0458222,/kubepods/kubepods/burstable/pod10bc741a-9cc6-46c3-81e6-300107df5384/12d9acd3ba59f13b91e33b11ea701ae7a8117cf71cf2c66c72f24152f4adff99,sha256:6c8d68a0ec465a1c2e22722f5809f3453650b9cb992f5aba28a792a5fb0adda8,/metrics/cadvisor,k8s_dispatch_dispatch-54f9f7c88b-tsk66_robot-shop_10bc741a-9cc6-46c3-81e6-300107df5384_0,,,,,,,,,,,,,,,,,,,,,
1613873592.196,container_cpu_cfs_throttled_seconds_total,dispatch,https-metrics,192.168.65.3:10250,kubelet,robot-shop,docker-desktop,dispatch-54f9f7c88b-bblkl,prometheus-kube-prometheus-kubelet,0,/kubepods/kubepods/burstable/pod92577ffe-4602-428e-ae05-1d22eb8f5e56/17b6b223c55fcfaf1f3bf1073942e9facdc2662cd64f0d8b0dad140239bc6970,sha256:6c8d68a0ec465a1c2e22722f5809f3453650b9cb992f5aba28a792a5fb0adda8,/metrics/cadvisor,k8s_dispatch_dispatch-54f9f7c88b-bblkl_robot-shop_92577ffe-4602-428e-ae05-1d22eb8f5e56_0,,,,,,,,,,,,,,,,,,,,,
1613873590.654,container_cpu_cfs_throttled_seconds_total,mongodb,https-metrics,192.168.65.3:10250,kubelet,robot-shop,docker-desktop,mongodb-7fcc49887c-cg2k7,prometheus-kube-prometheus-kubelet,11.604564,/kubepods/kubepods/burstable/podde480ac6-8497-4e83-bdd7-89f0c67baec5/f41b8f81b845a3d9535d8f3b23293e077595b005bfbf2e4a3125ffe9d11da637,sha256:42ae93d2b866e3de4537eb40814a84c1efe3c482c6bf85507ca1ad95c5a7b6af,/metrics/cadvisor,k8s_mongodb_mongodb-7fcc49887c-cg2k7_robot-shop_de480ac6-8497-4e83-bdd7-89f0c67baec5_0,,,,,,,,,,,,,,,,,,,,,
1613873592.206,container_cpu_cfs_throttled_seconds_total,mysql,https-metrics,192.168.65.3:10250,kubelet,robot-shop,docker-desktop,mysql-6fbdd859fd-swpgv,prometheus-kube-prometheus-kubelet,24573.3222052,/kubepods/kubepods/burstable/pod9cdd99a1-0cd2-4dee-be51-7474baeea189/7e7dacb7fd3e797575618786b680debdb3438978126208e108dc2f734410b590,sha256:f6eb684aeb24711d8ffa8c4e0726cfccf2a23e1c8b3ae3438b7c6b9c4accfed3,/metrics/cadvisor,k8s_mysql_mysql-6fbdd859fd-swpgv_robot-shop_9cdd99a1-0cd2-4dee-be51-7474baeea189_0,,,,,,,,,,,,,,,,,,,,,
1613873588.406,container_cpu_cfs_throttled_seconds_total,payment,https-metrics,192.168.65.3:10250,kubelet,robot-shop,docker-desktop,payment-568954696b-t7dz5,prometheus-kube-prometheus-kubelet,3.3011244,/kubepods/kubepods/burstable/pod15c9821c-bbfe-417b-85d6-c1e5bbe931ce/dc33ceb6e1fe4322e5144bcf891f78b663bd4f315e4aad48c15b1bec08730231,sha256:a6f35425547117f0e464078ffd271041a950de8d7aaecb2f518d16026210a806,/metrics/cadvisor,k8s_payment_payment-568954696b-t7dz5_robot-shop_15c9821c-bbfe-417b-85d6-c1e5bbe931ce_0,,,,,,,,,,,,,,,,,,,,,
1613873579.788,container_cpu_cfs_throttled_seconds_total,payment,https-metrics,192.168.65.3:10250,kubelet,robot-shop,docker-desktop,payment-568954696b-mvlb7,prometheus-kube-prometheus-kubelet,3.5645994,/kubepods/kubepods/burstable/pod87b5cc2c-bdf6-41ac-aa04-81ec012e3f61/daec45a1ee00eceb67694bbc3c987c5f14d32cf97a1afa7bc5ad4b8d86aa5bdc,sha256:a6f35425547117f0e464078ffd271041a950de8d7aaecb2f518d16026210a806,/metrics/cadvisor,k8s_payment_payment-568954696b-mvlb7_robot-shop_87b5cc2c-bdf6-41ac-aa04-81ec012e3f61_0,,,,,,,,,,,,,,,,,,,,,
1613873564.023,container_cpu_cfs_throttled_seconds_total,rabbitmq,https-metrics,192.168.65.3:10250,kubelet,robot-shop,docker-desktop,rabbitmq-86f8d8c475-779sq,prometheus-kube-prometheus-kubelet,7144.2533664,/kubepods/kubepods/burstable/podb57856d2-a625-48f3-be59-230426a8e0a8/0b044cc220e63c0c26c3c4af99780e7118190794db1d5f365b9f3dfd5aa5f40e,sha256:f6219c413094ec0fbaa87f134dbfb3bc4a28b057e1d76b6c7061b8ee73d43490,/metrics/cadvisor,k8s_rabbitmq_rabbitmq-86f8d8c475-779sq_robot-shop_b57856d2-a625-48f3-be59-230426a8e0a8_0,,,,,,,,,,,,,,,,,,,,,
1613873593.898,container_cpu_cfs_throttled_seconds_total,rabbitmq,https-metrics,192.168.65.3:10250,kubelet,robot-shop,docker-desktop,rabbitmq-86f8d8c475-779sq,prometheus-kube-prometheus-kubelet,7144.9489735,/kubepods/kubepods/burstable/podb57856d2-a625-48f3-be59-230426a8e0a8/0b044cc220e63c0c26c3c4af99780e7118190794db1d5f365b9f3dfd5aa5f40e,sha256:f6219c413094ec0fbaa87f134dbfb3bc4a28b057e1d76b6c7061b8ee73d43490,/metrics/cadvisor,k8s_rabbitmq_rabbitmq-86f8d8c475-779sq_robot-shop_b57856d2-a625-48f3-be59-230426a8e0a8_0,,,,,,,,,,,,,,,,,,,,,
1613873587.673,container_cpu_cfs_throttled_seconds_total,ratings,https-metrics,192.168.65.3:10250,kubelet,robot-shop,docker-desktop,ratings-57874f848b-xtvx6,prometheus-kube-prometheus-kubelet,0,/kubepods/kubepods/burstable/pod2d10344d-5b46-4fb8-a943-2ea274532d30/6c868cfcd7bea2cb2d749dbf7edafff03a6b0fc9c1eae72454744218c41fec31,sha256:e6cdc826bae5679bab118b0001168dfbf5c2965e3a48c23363ebcae7c322fd1f,/metrics/cadvisor,k8s_ratings_ratings-57874f848b-xtvx6_robot-shop_2d10344d-5b46-4fb8-a943-2ea274532d30_1,,,,,,,,,,,,,,,,,,,,,
1613873590.707,container_cpu_cfs_throttled_seconds_total,redis,https-metrics,192.168.65.3:10250,kubelet,robot-shop,docker-desktop,redis-0,prometheus-kube-prometheus-kubelet,1.7851221,/kubepods/kubepods/burstable/pod42aece5d-a72c-4d90-a383-97c09a2c0255/520686899a61264eb1724280fc916745a230646612f7ba4dcd7ac38aade2cccb,sha256:1e70071f4af45af2cc9e1d1300c675c1ce37ee25a8a5cef1f375db5ed461dbab,/metrics/cadvisor,k8s_redis_redis-0_robot-shop_42aece5d-a72c-4d90-a383-97c09a2c0255_0,,,,,,,,,,,,,,,,,,,,,
1613873592.36,container_cpu_cfs_throttled_seconds_total,shipping,https-metrics,192.168.65.3:10250,kubelet,robot-shop,docker-desktop,shipping-85c8bd8d95-fm6ps,prometheus-kube-prometheus-kubelet,275.1080058,/kubepods/kubepods/burstable/poda3bb057b-86ec-4f22-bbda-9a46e81edeb3/2f607a745fbcde465d839f0768a1282ac6a0432904e444aae40863f46bb181f6,sha256:67f6d261aeeb4569bd34e59d2e65738ec37cc20cf9ed2c08039b330497f3a993,/metrics/cadvisor,k8s_shipping_shipping-85c8bd8d95-fm6ps_robot-shop_a3bb057b-86ec-4f22-bbda-9a46e81edeb3_0,,,,,,,,,,,,,,,,,,,,,
1613873588.351,container_cpu_cfs_throttled_seconds_total,shipping,https-metrics,192.168.65.3:10250,kubelet,robot-shop,docker-desktop,shipping-85c8bd8d95-nwfnb,prometheus-kube-prometheus-kubelet,308.9415983,/kubepods/kubepods/burstable/poda4a62c18-df83-41bf-af58-08eb96ad217f/468cdf755c315dbd59d6bc8240b3fde6af797ef63fe877e19212126c4a3603f9,sha256:67f6d261aeeb4569bd34e59d2e65738ec37cc20cf9ed2c08039b330497f3a993,/metrics/cadvisor,k8s_shipping_shipping-85c8bd8d95-nwfnb_robot-shop_a4a62c18-df83-41bf-af58-08eb96ad217f_1,,,,,,,,,,,,,,,,,,,,,
1613873590.339,container_cpu_cfs_throttled_seconds_total,user,https-metrics,192.168.65.3:10250,kubelet,robot-shop,docker-desktop,user-5bc66cc67d-7h8d6,prometheus-kube-prometheus-kubelet,7.975798,/kubepods/kubepods/burstable/pod2d83d8cf-15d5-4d5a-af8c-0553508eb7a7/4b61c449d7452267dfa02267dedf06e1f30b7e14f34c4d8e15d2a45b37e479bf,sha256:0ca4c9d27584b4722d9c11ccd423a88921066a80d1b4819023d8e0aefdcad8f3,/metrics/cadvisor,k8s_user_user-5bc66cc67d-7h8d6_robot-shop_2d83d8cf-15d5-4d5a-af8c-0553508eb7a7_0,,,,,,,,,,,,,,,,,,,,,
1613873591.677,container_cpu_cfs_throttled_seconds_total,user,https-metrics,192.168.65.3:10250,kubelet,robot-shop,docker-desktop,user-5bc66cc67d-nkqq4,prometheus-kube-prometheus-kubelet,6.2408526,/kubepods/kubepods/burstable/podf5ab52ac-c400-4b61-9cd4-3ae456a9c86c/89ca767357f5e04910c8a602a5826a3b8f5deb7b7831671e26c88b9d879f7f8a,sha256:0ca4c9d27584b4722d9c11ccd423a88921066a80d1b4819023d8e0aefdcad8f3,/metrics/cadvisor,k8s_user_user-5bc66cc67d-nkqq4_robot-shop_f5ab52ac-c400-4b61-9cd4-3ae456a9c86c_0,,,,,,,,,,,,,,,,,,,,,
1613873585.059,container_cpu_cfs_throttled_seconds_total,web,https-metrics,192.168.65.3:10250,kubelet,robot-shop,docker-desktop,web-6b7cd5d75b-cq4k9,prometheus-kube-prometheus-kubelet,0,/kubepods/kubepods/burstable/pod2a2c63d0-ef88-4a48-88be-c07a5766bb6f/34507467f90e9fbef4757878e729ab72949fd2ecad501b61d1c8d66521fa1c23,sha256:739c435c261250fbdc8401d647a1b769bb4f3c3eed676b60a997b53e04514f1f,/metrics/cadvisor,k8s_web_web-6b7cd5d75b-cq4k9_robot-shop_2a2c63d0-ef88-4a48-88be-c07a5766bb6f_0,,,,,,,,,,,,,,,,,,,,,
1613873563.798,container_cpu_cfs_throttled_seconds_total,web,https-metrics,192.168.65.3:10250,kubelet,robot-shop,docker-desktop,web-6b7cd5d75b-vl9w8,prometheus-kube-prometheus-kubelet,0.0106595,/kubepods/kubepods/burstable/poded72e8d5-2589-48c5-8da7-232aebfe8ac4/f3e003854e1a6f4ae7de3a8a4fba858aabe810f5850112c06b7c7b9334381781,sha256:739c435c261250fbdc8401d647a1b769bb4f3c3eed676b60a997b53e04514f1f,/metrics/cadvisor,k8s_web_web-6b7cd5d75b-vl9w8_robot-shop_ed72e8d5-2589-48c5-8da7-232aebfe8ac4_0,,,,,,,,,,,,,,,,,,,,,
1613873586.741,container_cpu_cfs_throttled_seconds_total,web,https-metrics,192.168.65.3:10250,kubelet,robot-shop,docker-desktop,web-6b7cd5d75b-vl9w8,prometheus-kube-prometheus-kubelet,0.0106595,/kubepods/kubepods/burstable/poded72e8d5-2589-48c5-8da7-232aebfe8ac4/f3e003854e1a6f4ae7de3a8a4fba858aabe810f5850112c06b7c7b9334381781,sha256:739c435c261250fbdc8401d647a1b769bb4f3c3eed676b60a997b53e04514f1f,/metrics/cadvisor,k8s_web_web-6b7cd5d75b-vl9w8_robot-shop_ed72e8d5-2589-48c5-8da7-232aebfe8ac4_0,,,,,,,,,,,,,,,,,,,,,
1613873572.288,kube_deployment_spec_replicas,kube-state-metrics,http,10.1.7.232:8080,kube-state-metrics,robot-shop,,prometheus-kube-state-metrics-95d956569-9dl7x,prometheus-kube-state-metrics,2,,,,,cart,,,,,,,,,,,,,,,,,,,,
1613873602.288,kube_deployment_spec_replicas,kube-state-metrics,http,10.1.7.232:8080,kube-state-metrics,robot-shop,,prometheus-kube-state-metrics-95d956569-9dl7x,prometheus-kube-state-metrics,2,,,,,cart,,,,,,,,,,,,,,,,,,,,
1613873572.288,kube_deployment_spec_replicas,kube-state-metrics,http,10.1.7.232:8080,kube-state-metrics,robot-shop,,prometheus-kube-state-metrics-95d956569-9dl7x,prometheus-kube-state-metrics,2,,,,,catalogue,,,,,,,,,,,,,,,,,,,,
1613873602.288,kube_deployment_spec_replicas,kube-state-metrics,http,10.1.7.232:8080,kube-state-metrics,robot-shop,,prometheus-kube-state-metrics-95d956569-9dl7x,prometheus-kube-state-metrics,2,,,,,catalogue,,,,,,,,,,,,,,,,,,,,
1613873572.288,kube_deployment_spec_replicas,kube-state-metrics,http,10.1.7.232:8080,kube-state-metrics,kube-system,,prometheus-kube-state-metrics-95d956569-9dl7x,prometheus-kube-state-metrics,2,,,,,coredns,,,,,,,,,,,,,,,,,,,,
1613873602.288,kube_deployment_spec_replicas,kube-state-metrics,http,10.1.7.232:8080,kube-state-metrics,kube-system,,prometheus-kube-state-metrics-95d956569-9dl7x,prometheus-kube-state-metrics,2,,,,,coredns,,,,,,,,,,,,,,,,,,,,
1613873572.288,kube_deployment_spec_replicas,kube-state-metrics,http,10.1.7.232:8080,kube-state-metrics,robot-shop,,prometheus-kube-state-metrics-95d956569-9dl7x,prometheus-kube-state-metrics,2,,,,,dispatch,,,,,,,,,,,,,,,,,,,,
1613873602.288,kube_deployment_spec_replicas,kube-state-metrics,http,10.1.7.232:8080,kube-state-metrics,robot-shop,,prometheus-kube-state-metrics-95d956569-9dl7x,prometheus-kube-state-metrics,2,,,,,dispatch,,,,,,,,,,,,,,,,,,,,
1613873572.288,kube_deployment_spec_replicas,kube-state-metrics,http,10.1.7.232:8080,kube-state-metrics,linkerd,,prometheus-kube-state-metrics-95d956569-9dl7x,prometheus-kube-state-metrics,1,,,,,linkerd-controller,,,,,,,,,,,,,,,,,,,,
1613873602.288,kube_deployment_spec_replicas,kube-state-metrics,http,10.1.7.232:8080,kube-state-metrics,linkerd,,prometheus-kube-state-metrics-95d956569-9dl7x,prometheus-kube-state-metrics,1,,,,,linkerd-controller,,,,,,,,,,,,,,,,,,,,
1613873572.288,kube_deployment_spec_replicas,kube-state-metrics,http,10.1.7.232:8080,kube-state-metrics,linkerd,,prometheus-kube-state-metrics-95d956569-9dl7x,prometheus-kube-state-metrics,1,,,,,linkerd-destination,,,,,,,,,,,,,,,,,,,,
1613873602.288,kube_deployment_spec_replicas,kube-state-metrics,http,10.1.7.232:8080,kube-state-metrics,linkerd,,prometheus-kube-state-metrics-95d956569-9dl7x,prometheus-kube-state-metrics,1,,,,,linkerd-destination,,,,,,,,,,,,,,,,,,,,
1613873572.288,kube_deployment_spec_replicas,kube-state-metrics,http,10.1.7.232:8080,kube-state-metrics,linkerd,,prometheus-kube-state-metrics-95d956569-9dl7x,prometheus-kube-state-metrics,1,,,,,linkerd-grafana,,,,,,,,,,,,,,,,,,,,
1613873602.288,kube_deployment_spec_replicas,kube-state-metrics,http,10.1.7.232:8080,kube-state-metrics,linkerd,,prometheus-kube-state-metrics-95d956569-9dl7x,prometheus-kube-state-metrics,1,,,,,linkerd-grafana,,,,,,,,,,,,,,,,,,,,
1613873572.288,kube_deployment_spec_replicas,kube-state-metrics,http,10.1.7.232:8080,kube-state-metrics,linkerd,,prometheus-kube-state-metrics-95d956569-9dl7x,prometheus-kube-state-metrics,1,,,,,linkerd-identity,,,,,,,,,,,,,,,,,,,,
1613873602.288,kube_deployment_spec_replicas,kube-state-metrics,http,10.1.7.232:8080,kube-state-metrics,linkerd,,prometheus-kube-state-metrics-95d956569-9dl7x,prometheus-kube-state-metrics,1,,,,,linkerd-identity,,,,,,,,,,,,,,,,,,,,
1613873572.288,kube_deployment_spec_replicas,kube-state-metrics,http,10.1.7.232:8080,kube-state-metrics,linkerd,,prometheus-kube-state-metrics-95d956569-9dl7x,prometheus-kube-state-metrics,1,,,,,linkerd-prometheus,,,,,,,,,,,,,,,,,,,,
1613873602.288,kube_deployment_spec_replicas,kube-state-metrics,http,10.1.7.232:8080,kube-state-metrics,linkerd,,prometheus-kube-state-metrics-95d956569-9dl7x,prometheus-kube-state-metrics,1,,,,,linkerd-prometheus,,,,,,,,,,,,,,,,,,,,
1613873572.288,kube_deployment_spec_replicas,kube-state-metrics,http,10.1.7.232:8080,kube-state-metrics,linkerd,,prometheus-kube-state-metrics-95d956569-9dl7x,prometheus-kube-state-metrics,1,,,,,linkerd-proxy-injector,,,,,,,,,,,,,,,,,,,,
1613873602.288,kube_deployment_spec_replicas,kube-state-metrics,http,10.1.7.232:8080,kube-state-metrics,linkerd,,prometheus-kube-state-metrics-95d956569-9dl7x,prometheus-kube-state-metrics,1,,,,,linkerd-proxy-injector,,,,,,,,,,,,,,,,,,,,
1613873572.288,kube_deployment_spec_replicas,kube-state-metrics,http,10.1.7.232:8080,kube-state-metrics,linkerd,,prometheus-kube-state-metrics-95d956569-9dl7x,prometheus-kube-state-metrics,1,,,,,linkerd-sp-validator,,,,,,,,,,,,,,,,,,,,
1613873602.288,kube_deployment_spec_replicas,kube-state-metrics,http,10.1.7.232:8080,kube-state-metrics,linkerd,,prometheus-kube-state-metrics-95d956569-9dl7x,prometheus-kube-state-metrics,1,,,,,linkerd-sp-validator,,,,,,,,,,,,,,,,,,,,
1613873572.288,kube_deployment_spec_replicas,kube-state-metrics,http,10.1.7.232:8080,kube-state-metrics,linkerd,,prometheus-kube-state-metrics-95d956569-9dl7x,prometheus-kube-state-metrics,1,,,,,linkerd-tap,,,,,,,,,,,,,,,,,,,,
1613873602.288,kube_deployment_spec_replicas,kube-state-metrics,http,10.1.7.232:8080,kube-state-metrics,linkerd,,prometheus-kube-state-metrics-95d956569-9dl7x,prometheus-kube-state-metrics,1,,,,,linkerd-tap,,,,,,,,,,,,,,,,,,,,
1613873572.288,kube_deployment_spec_replicas,kube-state-metrics,http,10.1.7.232:8080,kube-state-metrics,linkerd,,prometheus-kube-state-metrics-95d956569-9dl7x,prometheus-kube-state-metrics,1,,,,,linkerd-web,,,,,,,,,,,,,,,,,,,,
1613873602.288,kube_deployment_spec_replicas,kube-state-metrics,http,10.1.7.232:8080,kube-state-metrics,linkerd,,prometheus-kube-state-metrics-95d956569-9dl7x,prometheus-kube-state-metrics,1,,,,,linkerd-web,,,,,,,,,,,,,,,,,,,,
1613873572.288,kube_deployment_spec_replicas,kube-state-metrics,http,10.1.7.232:8080,kube-state-metrics,robot-shop,,prometheus-kube-state-metrics-95d956569-9dl7x,prometheus-kube-state-metrics,1,,,,,mongodb,,,,,,,,,,,,,,,,,,,,
1613873602.288,kube_deployment_spec_replicas,kube-state-metrics,http,10.1.7.232:8080,kube-state-metrics,robot-shop,,prometheus-kube-state-metrics-95d956569-9dl7x,prometheus-kube-state-metrics,1,,,,,mongodb,,,,,,,,,,,,,,,,,,,,
1613873572.288,kube_deployment_spec_replicas,kube-state-metrics,http,10.1.7.232:8080,kube-state-metrics,robot-shop,,prometheus-kube-state-metrics-95d956569-9dl7x,prometheus-kube-state-metrics,1,,,,,mysql,,,,,,,,,,,,,,,,,,,,
1613873602.288,kube_deployment_spec_replicas,kube-state-metrics,http,10.1.7.232:8080,kube-state-metrics,robot-shop,,prometheus-kube-state-metrics-95d956569-9dl7x,prometheus-kube-state-metrics,1,,,,,mysql,,,,,,,,,,,,,,,,,,,,
1613873572.288,kube_deployment_spec_replicas,kube-state-metrics,http,10.1.7.232:8080,kube-state-metrics,robot-shop,,prometheus-kube-state-metrics-95d956569-9dl7x,prometheus-kube-state-metrics,2,,,,,payment,,,,,,,,,,,,,,,,,,,,
1613873602.288,kube_deployment_spec_replicas,kube-state-metrics,http,10.1.7.232:8080,kube-state-metrics,robot-shop,,prometheus-kube-state-metrics-95d956569-9dl7x,prometheus-kube-state-metrics,2,,,,,payment,,,,,,,,,,,,,,,,,,,,
1613873572.288,kube_deployment_spec_replicas,kube-state-metrics,http,10.1.7.232:8080,kube-state-metrics,default,,prometheus-kube-state-metrics-95d956569-9dl7x,prometheus-kube-state-metrics,1,,,,,prometheus-grafana,,,,,,,,,,,,,,,,,,,,
1613873602.288,kube_deployment_spec_replicas,kube-state-metrics,http,10.1.7.232:8080,kube-state-metrics,default,,prometheus-kube-state-metrics-95d956569-9dl7x,prometheus-kube-state-metrics,1,,,,,prometheus-grafana,,,,,,,,,,,,,,,,,,,,
1613873572.288,kube_deployment_spec_replicas,kube-state-metrics,http,10.1.7.232:8080,kube-state-metrics,default,,prometheus-kube-state-metrics-95d956569-9dl7x,prometheus-kube-state-metrics,1,,,,,prometheus-kube-prometheus-operator,,,,,,,,,,,,,,,,,,,,
1613873602.288,kube_deployment_spec_replicas,kube-state-metrics,http,10.1.7.232:8080,kube-state-metrics,default,,prometheus-kube-state-metrics-95d956569-9dl7x,prometheus-kube-state-metrics,1,,,,,prometheus-kube-prometheus-operator,,,,,,,,,,,,,,,,,,,,
1613873572.288,kube_deployment_spec_replicas,kube-state-metrics,http,10.1.7.232:8080,kube-state-metrics,default,,prometheus-kube-state-metrics-95d956569-9dl7x,prometheus-kube-state-metrics,1,,,,,prometheus-kube-state-metrics,,,,,,,,,,,,,,,,,,,,
1613873602.288,kube_deployment_spec_replicas,kube-state-metrics,http,10.1.7.232:8080,kube-state-metrics,default,,prometheus-kube-state-metrics-95d956569-9dl7x,prometheus-kube-state-metrics,1,,,,,prometheus-kube-state-metrics,,,,,,,,,,,,,,,,,,,,
1613873572.288,kube_deployment_spec_replicas,kube-state-metrics,http,10.1.7.232:8080,kube-state-metrics,robot-shop,,prometheus-kube-state-metrics-95d956569-9dl7x,prometheus-kube-state-metrics,1,,,,,rabbitmq,,,,,,,,,,,,,,,,,,,,
1613873602.288,kube_deployment_spec_replicas,kube-state-metrics,http,10.1.7.232:8080,kube-state-metrics,robot-shop,,prometheus-kube-state-metrics-95d956569-9dl7x,prometheus-kube-state-metrics,1,,,,,rabbitmq,,,,,,,,,,,,,,,,,,,,
1613873572.288,kube_deployment_spec_replicas,kube-state-metrics,http,10.1.7.232:8080,kube-state-metrics,robot-shop,,prometheus-kube-state-metrics-95d956569-9dl7x,prometheus-kube-state-metrics,2,,,,,ratings,,,,,,,,,,,,,,,,,,,,
1613873602.288,kube_deployment_spec_replicas,kube-state-metrics,http,10.1.7.232:8080,kube-state-metrics,robot-shop,,prometheus-kube-state-metrics-95d956569-9dl7x,prometheus-kube-state-metrics,2,,,,,ratings,,,,,,,,,,,,,,,,,,,,
1613873572.288,kube_deployment_spec_replicas,kube-state-metrics,http,10.1.7.232:8080,kube-state-metrics,robot-shop,,prometheus-kube-state-metrics-95d956569-9dl7x,prometheus-kube-state-metrics,2,,,,,shipping,,,,,,,,,,,,,,,,,,,,
1613873602.288,kube_deployment_spec_replicas,kube-state-metrics,http,10.1.7.232:8080,kube-state-metrics,robot-shop,,prometheus-kube-state-metrics-95d956569-9dl7x,prometheus-kube-state-metrics,2,,,,,shipping,,,,,,,,,,,,,,,,,,,,
1613873572.288,kube_deployment_spec_replicas,kube-state-metrics,http,10.1.7.232:8080,kube-state-metrics,robot-shop,,prometheus-kube-state-metrics-95d956569-9dl7x,prometheus-kube-state-metrics,2,,,,,user,,,,,,,,,,,,,,,,,,,,
1613873602.288,kube_deployment_spec_replicas,kube-state-metrics,http,10.1.7.232:8080,kube-state-metrics,robot-shop,,prometheus-kube-state-metrics-95d956569-9dl7x,prometheus-kube-state-metrics,2,,,,,user,,,,,,,,,,,,,,,,,,,,
1613873572.288,kube_deployment_spec_replicas,kube-state-metrics,http,10.1.7.232:8080,kube-state-metrics,robot-shop,,prometheus-kube-state-metrics-95d956569-9dl7x,prometheus-kube-state-metrics,2,,,,,web,,,,,,,,,,,,,,,,,,,,
1613873602.288,kube_deployment_spec_replicas,kube-state-metrics,http,10.1.7.232:8080,kube-state-metrics,robot-shop,,prometheus-kube-state-metrics-95d956569-9dl7x,prometheus-kube-state-metrics,2,,,,,web,,,,,,,,,,,,,,,,,,,,
1613873571.012,response_latency_ms_sum,,,10.1.7.224:4191,linkerd-proxy,linkerd,,linkerd-prometheus-5bccd64d4d-jzwmt,,6214929,,,,,linkerd-prometheus,prometheus,linkerd,inbound,no_tls_from_remote,5bccd64d4d,200,no_identity,linkerd,,,,,,,,,,,,
1613873581.012,response_latency_ms_sum,,,10.1.7.224:4191,linkerd-proxy,linkerd,,linkerd-prometheus-5bccd64d4d-jzwmt,,6214929,,,,,linkerd-prometheus,prometheus,linkerd,inbound,no_tls_from_remote,5bccd64d4d,200,no_identity,linkerd,,,,,,,,,,,,
1613873591.011,response_latency_ms_sum,,,10.1.7.224:4191,linkerd-proxy,linkerd,,linkerd-prometheus-5bccd64d4d-jzwmt,,6214929,,,,,linkerd-prometheus,prometheus,linkerd,inbound,no_tls_from_remote,5bccd64d4d,200,no_identity,linkerd,,,,,,,,,,,,
1613873601.012,response_latency_ms_sum,,,10.1.7.224:4191,linkerd-proxy,linkerd,,linkerd-prometheus-5bccd64d4d-jzwmt,,6216910,,,,,linkerd-prometheus,prometheus,linkerd,inbound,no_tls_from_remote,5bccd64d4d,200,no_identity,linkerd,,,,,,,,,,,,
1613873611.012,response_latency_ms_sum,,,10.1.7.224:4191,linkerd-proxy,linkerd,,linkerd-prometheus-5bccd64d4d-jzwmt,,6216911,,,,,linkerd-prometheus,prometheus,linkerd,inbound,no_tls_from_remote,5bccd64d4d,200,no_identity,linkerd,,,,,,,,,,,,
1613873571.012,response_latency_ms_sum,,,10.1.7.224:4191,linkerd-proxy,linkerd,,linkerd-prometheus-5bccd64d4d-jzwmt,,8,,,,,linkerd-prometheus,prometheus,linkerd,inbound,no_tls_from_remote,5bccd64d4d,503,no_identity,linkerd,,,,,,,,,,,,
1613873581.012,response_latency_ms_sum,,,10.1.7.224:4191,linkerd-proxy,linkerd,,linkerd-prometheus-5bccd64d4d-jzwmt,,8,,,,,linkerd-prometheus,prometheus,linkerd,inbound,no_tls_from_remote,5bccd64d4d,503,no_identity,linkerd,,,,,,,,,,,,
1613873591.011,response_latency_ms_sum,,,10.1.7.224:4191,linkerd-proxy,linkerd,,linkerd-prometheus-5bccd64d4d-jzwmt,,8,,,,,linkerd-prometheus,prometheus,linkerd,inbound,no_tls_from_remote,5bccd64d4d,503,no_identity,linkerd,,,,,,,,,,,,
1613873601.012,response_latency_ms_sum,,,10.1.7.224:4191,linkerd-proxy,linkerd,,linkerd-prometheus-5bccd64d4d-jzwmt,,8,,,,,linkerd-prometheus,prometheus,linkerd,inbound,no_tls_from_remote,5bccd64d4d,503,no_identity,linkerd,,,,,,,,,,,,
1613873611.012,response_latency_ms_sum,,,10.1.7.224:4191,linkerd-proxy,linkerd,,linkerd-prometheus-5bccd64d4d-jzwmt,,8,,,,,linkerd-prometheus,prometheus,linkerd,inbound,no_tls_from_remote,5bccd64d4d,503,no_identity,linkerd,,,,,,,,,,,,
1613873568.136,response_latency_ms_sum,,,10.1.7.217:4191,linkerd-proxy,linkerd,,linkerd-destination-654f8848f5-4tr7b,,16680,,,,,linkerd-destination,destination,linkerd,inbound,no_tls_from_remote,654f8848f5,200,no_identity,linkerd,,,,,,,,,,,,
1613873578.136,response_latency_ms_sum,,,10.1.7.217:4191,linkerd-proxy,linkerd,,linkerd-destination-654f8848f5-4tr7b,,16680,,,,,linkerd-destination,destination,linkerd,inbound,no_tls_from_remote,654f8848f5,200,no_identity,linkerd,,,,,,,,,,,,
1613873588.136,response_latency_ms_sum,,,10.1.7.217:4191,linkerd-proxy,linkerd,,linkerd-destination-654f8848f5-4tr7b,,16681,,,,,linkerd-destination,destination,linkerd,inbound,no_tls_from_remote,654f8848f5,200,no_identity,linkerd,,,,,,,,,,,,
1613873598.136,response_latency_ms_sum,,,10.1.7.217:4191,linkerd-proxy,linkerd,,linkerd-destination-654f8848f5-4tr7b,,16681,,,,,linkerd-destination,destination,linkerd,inbound,no_tls_from_remote,654f8848f5,200,no_identity,linkerd,,,,,,,,,,,,
1613873608.137,response_latency_ms_sum,,,10.1.7.217:4191,linkerd-proxy,linkerd,,linkerd-destination-654f8848f5-4tr7b,,16681,,,,,linkerd-destination,destination,linkerd,inbound,no_tls_from_remote,654f8848f5,200,no_identity,linkerd,,,,,,,,,,,,
1613873618.136,response_latency_ms_sum,,,10.1.7.217:4191,linkerd-proxy,linkerd,,linkerd-destination-654f8848f5-4tr7b,,16681,,,,,linkerd-destination,destination,linkerd,inbound,no_tls_from_remote,654f8848f5,200,no_identity,linkerd,,,,,,,,,,,,
1613873568.136,response_latency_ms_sum,,,10.1.7.217:4191,linkerd-proxy,linkerd,,linkerd-destination-654f8848f5-4tr7b,,14131,,,,,linkerd-destination,destination,linkerd,inbound,,654f8848f5,200,true,linkerd,linkerd-dst-headless.linkerd.svc.cluster.local:8086,linkerd-prometheus.linkerd.serviceaccount.identity.linkerd.cluster.local,,,,,,,,,,
1613873578.136,response_latency_ms_sum,,,10.1.7.217:4191,linkerd-proxy,linkerd,,linkerd-destination-654f8848f5-4tr7b,,14131,,,,,linkerd-destination,destination,linkerd,inbound,,654f8848f5,200,true,linkerd,linkerd-dst-headless.linkerd.svc.cluster.local:8086,linkerd-prometheus.linkerd.serviceaccount.identity.linkerd.cluster.local,,,,,,,,,,
1613873588.136,response_latency_ms_sum,,,10.1.7.217:4191,linkerd-proxy,linkerd,,linkerd-destination-654f8848f5-4tr7b,,14131,,,,,linkerd-destination,destination,linkerd,inbound,,654f8848f5,200,true,linkerd,linkerd-dst-headless.linkerd.svc.cluster.local:8086,linkerd-prometheus.linkerd.serviceaccount.identity.linkerd.cluster.local,,,,,,,,,,
1613873598.136,response_latency_ms_sum,,,10.1.7.217:4191,linkerd-proxy,linkerd,,linkerd-destination-654f8848f5-4tr7b,,14131,,,,,linkerd-destination,destination,linkerd,inbound,,654f8848f5,200,true,linkerd,linkerd-dst-headless.linkerd.svc.cluster.local:8086,linkerd-prometheus.linkerd.serviceaccount.identity.linkerd.cluster.local,,,,,,,,,,
1613873608.137,response_latency_ms_sum,,,10.1.7.217:4191,linkerd-proxy,linkerd,,linkerd-destination-654f8848f5-4tr7b,,14131,,,,,linkerd-destination,destination,linkerd,inbound,,654f8848f5,200,true,linkerd,linkerd-dst-headless.linkerd.svc.cluster.local:8086,linkerd-prometheus.linkerd.serviceaccount.identity.linkerd.cluster.local,,,,,,,,,,
1613873618.136,response_latency_ms_sum,,,10.1.7.217:4191,linkerd-proxy,linkerd,,linkerd-destination-654f8848f5-4tr7b,,14131,,,,,linkerd-destination,destination,linkerd,inbound,,654f8848f5,200,true,linkerd,linkerd-dst-headless.linkerd.svc.cluster.local:8086,linkerd-prometheus.linkerd.serviceaccount.identity.linkerd.cluster.local,,,,,,,,,,
1613873568.259,response_latency_ms_sum,,,10.1.7.223:4191,linkerd-proxy,linkerd,,linkerd-grafana-ddd5c496f-cctr6,,12847,,,,,linkerd-grafana,grafana,linkerd,inbound,no_tls_from_remote,ddd5c496f,200,no_identity,linkerd,,,,,,,,,,,,
1613873578.258,response_latency_ms_sum,,,10.1.7.223:4191,linkerd-proxy,linkerd,,linkerd-grafana-ddd5c496f-cctr6,,12847,,,,,linkerd-grafana,grafana,linkerd,inbound,no_tls_from_remote,ddd5c496f,200,no_identity,linkerd,,,,,,,,,,,,
1613873588.261,response_latency_ms_sum,,,10.1.7.223:4191,linkerd-proxy,linkerd,,linkerd-grafana-ddd5c496f-cctr6,,12847,,,,,linkerd-grafana,grafana,linkerd,inbound,no_tls_from_remote,ddd5c496f,200,no_identity,linkerd,,,,,,,,,,,,
1613873598.259,response_latency_ms_sum,,,10.1.7.223:4191,linkerd-proxy,linkerd,,linkerd-grafana-ddd5c496f-cctr6,,12852,,,,,linkerd-grafana,grafana,linkerd,inbound,no_tls_from_remote,ddd5c496f,200,no_identity,linkerd,,,,,,,,,,,,
1613873608.259,response_latency_ms_sum,,,10.1.7.223:4191,linkerd-proxy,linkerd,,linkerd-grafana-ddd5c496f-cctr6,,12852,,,,,linkerd-grafana,grafana,linkerd,inbound,no_tls_from_remote,ddd5c496f,200,no_identity,linkerd,,,,,,,,,,,,
1613873618.259,response_latency_ms_sum,,,10.1.7.223:4191,linkerd-proxy,linkerd,,linkerd-grafana-ddd5c496f-cctr6,,12852,,,,,linkerd-grafana,grafana,linkerd,inbound,no_tls_from_remote,ddd5c496f,200,no_identity,linkerd,,,,,,,,,,,,
1613873568.705,response_latency_ms_sum,,,10.1.7.222:4191,linkerd-proxy,linkerd,,linkerd-tap-75785bb98d-dvlv2,,10294,,,,,linkerd-tap,tap,linkerd,inbound,no_tls_from_remote,75785bb98d,200,no_identity,linkerd,,,,,,,,,,,,
1613873578.705,response_latency_ms_sum,,,10.1.7.222:4191,linkerd-proxy,linkerd,,linkerd-tap-75785bb98d-dvlv2,,10294,,,,,linkerd-tap,tap,linkerd,inbound,no_tls_from_remote,75785bb98d,200,no_identity,linkerd,,,,,,,,,,,,
1613873588.705,response_latency_ms_sum,,,10.1.7.222:4191,linkerd-proxy,linkerd,,linkerd-tap-75785bb98d-dvlv2,,10294,,,,,linkerd-tap,tap,linkerd,inbound,no_tls_from_remote,75785bb98d,200,no_identity,linkerd,,,,,,,,,,,,
1613873598.705,response_latency_ms_sum,,,10.1.7.222:4191,linkerd-proxy,linkerd,,linkerd-tap-75785bb98d-dvlv2,,10294,,,,,linkerd-tap,tap,linkerd,inbound,no_tls_from_remote,75785bb98d,200,no_identity,linkerd,,,,,,,,,,,,
1613873608.705,response_latency_ms_sum,,,10.1.7.222:4191,linkerd-proxy,linkerd,,linkerd-tap-75785bb98d-dvlv2,,10314,,,,,linkerd-tap,tap,linkerd,inbound,no_tls_from_remote,75785bb98d,200,no_identity,linkerd,,,,,,,,,,,,
1613873618.705,response_latency_ms_sum,,,10.1.7.222:4191,linkerd-proxy,linkerd,,linkerd-tap-75785bb98d-dvlv2,,10314,,,,,linkerd-tap,tap,linkerd,inbound,no_tls_from_remote,75785bb98d,200,no_identity,linkerd,,,,,,,,,,,,
1613873569.694,response_latency_ms_sum,,,10.1.7.220:4191,linkerd-proxy,linkerd,,linkerd-sp-validator-77d978fbd9-zk8mm,,13614,,,,,linkerd-sp-validator,sp-validator,linkerd,inbound,no_tls_from_remote,77d978fbd9,200,no_identity,linkerd,,,,,,,,,,,,
1613873579.695,response_latency_ms_sum,,,10.1.7.220:4191,linkerd-proxy,linkerd,,linkerd-sp-validator-77d978fbd9-zk8mm,,13614,,,,,linkerd-sp-validator,sp-validator,linkerd,inbound,no_tls_from_remote,77d978fbd9,200,no_identity,linkerd,,,,,,,,,,,,
1613873589.695,response_latency_ms_sum,,,10.1.7.220:4191,linkerd-proxy,linkerd,,linkerd-sp-validator-77d978fbd9-zk8mm,,13617,,,,,linkerd-sp-validator,sp-validator,linkerd,inbound,no_tls_from_remote,77d978fbd9,200,no_identity,linkerd,,,,,,,,,,,,
1613873599.694,response_latency_ms_sum,,,10.1.7.220:4191,linkerd-proxy,linkerd,,linkerd-sp-validator-77d978fbd9-zk8mm,,13617,,,,,linkerd-sp-validator,sp-validator,linkerd,inbound,no_tls_from_remote,77d978fbd9,200,no_identity,linkerd,,,,,,,,,,,,
1613873609.694,response_latency_ms_sum,,,10.1.7.220:4191,linkerd-proxy,linkerd,,linkerd-sp-validator-77d978fbd9-zk8mm,,13617,,,,,linkerd-sp-validator,sp-validator,linkerd,inbound,no_tls_from_remote,77d978fbd9,200,no_identity,linkerd,,,,,,,,,,,,
1613873619.694,response_latency_ms_sum,,,10.1.7.220:4191,linkerd-proxy,linkerd,,linkerd-sp-validator-77d978fbd9-zk8mm,,13617,,,,,linkerd-sp-validator,sp-validator,linkerd,inbound,no_tls_from_remote,77d978fbd9,200,no_identity,linkerd,,,,,,,,,,,,
1613873570.094,response_latency_ms_sum,,,10.1.7.218:4191,linkerd-proxy,linkerd,,linkerd-proxy-injector-666c478cbb-z7nnc,,12707,,,,,linkerd-proxy-injector,proxy-injector,linkerd,inbound,no_tls_from_remote,666c478cbb,200,no_identity,linkerd,,,,,,,,,,,,
1613873580.094,response_latency_ms_sum,,,10.1.7.218:4191,linkerd-proxy,linkerd,,linkerd-proxy-injector-666c478cbb-z7nnc,,12707,,,,,linkerd-proxy-injector,proxy-injector,linkerd,inbound,no_tls_from_remote,666c478cbb,200,no_identity,linkerd,,,,,,,,,,,,
1613873590.094,response_latency_ms_sum,,,10.1.7.218:4191,linkerd-proxy,linkerd,,linkerd-proxy-injector-666c478cbb-z7nnc,,12707,,,,,linkerd-proxy-injector,proxy-injector,linkerd,inbound,no_tls_from_remote,666c478cbb,200,no_identity,linkerd,,,,,,,,,,,,
1613873600.094,response_latency_ms_sum,,,10.1.7.218:4191,linkerd-proxy,linkerd,,linkerd-proxy-injector-666c478cbb-z7nnc,,12707,,,,,linkerd-proxy-injector,proxy-injector,linkerd,inbound,no_tls_from_remote,666c478cbb,200,no_identity,linkerd,,,,,,,,,,,,
1613873610.094,response_latency_ms_sum,,,10.1.7.218:4191,linkerd-proxy,linkerd,,linkerd-proxy-injector-666c478cbb-z7nnc,,12708,,,,,linkerd-proxy-injector,proxy-injector,linkerd,inbound,no_tls_from_remote,666c478cbb,200,no_identity,linkerd,,,,,,,,,,,,
1613873620.095,response_latency_ms_sum,,,10.1.7.218:4191,linkerd-proxy,linkerd,,linkerd-proxy-injector-666c478cbb-z7nnc,,12708,,,,,linkerd-proxy-injector,proxy-injector,linkerd,inbound,no_tls_from_remote,666c478cbb,200,no_identity,linkerd,,,,,,,,,,,,
1613873571.012,response_latency_ms_sum,,,10.1.7.224:4191,linkerd-proxy,linkerd,,linkerd-prometheus-5bccd64d4d-jzwmt,,19112,,,,,linkerd-prometheus,prometheus,linkerd,outbound,,5bccd64d4d,200,true,linkerd,10.1.7.223:4191,,linkerd,linkerd-grafana,linkerd,linkerd-grafana-ddd5c496f-cctr6,ddd5c496f,linkerd-grafana,linkerd-grafana.linkerd.serviceaccount.identity.linkerd.cluster.local,,,
1613873581.012,response_latency_ms_sum,,,10.1.7.224:4191,linkerd-proxy,linkerd,,linkerd-prometheus-5bccd64d4d-jzwmt,,19113,,,,,linkerd-prometheus,prometheus,linkerd,outbound,,5bccd64d4d,200,true,linkerd,10.1.7.223:4191,,linkerd,linkerd-grafana,linkerd,linkerd-grafana-ddd5c496f-cctr6,ddd5c496f,linkerd-grafana,linkerd-grafana.linkerd.serviceaccount.identity.linkerd.cluster.local,,,
1613873591.011,response_latency_ms_sum,,,10.1.7.224:4191,linkerd-proxy,linkerd,,linkerd-prometheus-5bccd64d4d-jzwmt,,19142,,,,,linkerd-prometheus,prometheus,linkerd,outbound,,5bccd64d4d,200,true,linkerd,10.1.7.223:4191,,linkerd,linkerd-grafana,linkerd,linkerd-grafana-ddd5c496f-cctr6,ddd5c496f,linkerd-grafana,linkerd-grafana.linkerd.serviceaccount.identity.linkerd.cluster.local,,,
1613873601.012,response_latency_ms_sum,,,10.1.7.224:4191,linkerd-proxy,linkerd,,linkerd-prometheus-5bccd64d4d-jzwmt,,19143,,,,,linkerd-prometheus,prometheus,linkerd,outbound,,5bccd64d4d,200,true,linkerd,10.1.7.223:4191,,linkerd,linkerd-grafana,linkerd,linkerd-grafana-ddd5c496f-cctr6,ddd5c496f,linkerd-grafana,linkerd-grafana.linkerd.serviceaccount.identity.linkerd.cluster.local,,,
1613873611.012,response_latency_ms_sum,,,10.1.7.224:4191,linkerd-proxy,linkerd,,linkerd-prometheus-5bccd64d4d-jzwmt,,19146,,,,,linkerd-prometheus,prometheus,linkerd,outbound,,5bccd64d4d,200,true,linkerd,10.1.7.223:4191,,linkerd,linkerd-grafana,linkerd,linkerd-grafana-ddd5c496f-cctr6,ddd5c496f,linkerd-grafana,linkerd-grafana.linkerd.serviceaccount.identity.linkerd.cluster.local,,,
1613873571.012,response_latency_ms_sum,,,10.1.7.224:4191,linkerd-proxy,linkerd,,linkerd-prometheus-5bccd64d4d-jzwmt,,33098,,,,,linkerd-prometheus,prometheus,linkerd,outbound,,5bccd64d4d,200,true,linkerd,10.1.7.217:4191,,linkerd,linkerd-destination,linkerd,linkerd-destination-654f8848f5-4tr7b,654f8848f5,linkerd-destination,linkerd-destination.linkerd.serviceaccount.identity.linkerd.cluster.local,,,
1613873581.012,response_latency_ms_sum,,,10.1.7.224:4191,linkerd-proxy,linkerd,,linkerd-prometheus-5bccd64d4d-jzwmt,,33101,,,,,linkerd-prometheus,prometheus,linkerd,outbound,,5bccd64d4d,200,true,linkerd,10.1.7.217:4191,,linkerd,linkerd-destination,linkerd,linkerd-destination-654f8848f5-4tr7b,654f8848f5,linkerd-destination,linkerd-destination.linkerd.serviceaccount.identity.linkerd.cluster.local,,,
1613873591.011,response_latency_ms_sum,,,10.1.7.224:4191,linkerd-proxy,linkerd,,linkerd-prometheus-5bccd64d4d-jzwmt,,33113,,,,,linkerd-prometheus,prometheus,linkerd,outbound,,5bccd64d4d,200,true,linkerd,10.1.7.217:4191,,linkerd,linkerd-destination,linkerd,linkerd-destination-654f8848f5-4tr7b,654f8848f5,linkerd-destination,linkerd-destination.linkerd.serviceaccount.identity.linkerd.cluster.local,,,
1613873601.012,response_latency_ms_sum,,,10.1.7.224:4191,linkerd-proxy,linkerd,,linkerd-prometheus-5bccd64d4d-jzwmt,,33114,,,,,linkerd-prometheus,prometheus,linkerd,outbound,,5bccd64d4d,200,true,linkerd,10.1.7.217:4191,,linkerd,linkerd-destination,linkerd,linkerd-destination-654f8848f5-4tr7b,654f8848f5,linkerd-destination,linkerd-destination.linkerd.serviceaccount.identity.linkerd.cluster.local,,,
1613873611.012,response_latency_ms_sum,,,10.1.7.224:4191,linkerd-proxy,linkerd,,linkerd-prometheus-5bccd64d4d-jzwmt,,33119,,,,,linkerd-prometheus,prometheus,linkerd,outbound,,5bccd64d4d,200,true,linkerd,10.1.7.217:4191,,linkerd,linkerd-destination,linkerd,linkerd-destination-654f8848f5-4tr7b,654f8848f5,linkerd-destination,linkerd-destination.linkerd.serviceaccount.identity.linkerd.cluster.local,,,
1613873571.012,response_latency_ms_sum,,,10.1.7.224:4191,linkerd-proxy,linkerd,,linkerd-prometheus-5bccd64d4d-jzwmt,,20779,,,,,linkerd-prometheus,prometheus,linkerd,outbound,,5bccd64d4d,200,true,linkerd,10.1.7.222:4191,,linkerd,linkerd-tap,linkerd,linkerd-tap-75785bb98d-dvlv2,75785bb98d,linkerd-tap,linkerd-tap.linkerd.serviceaccount.identity.linkerd.cluster.local,,,
1613873581.012,response_latency_ms_sum,,,10.1.7.224:4191,linkerd-proxy,linkerd,,linkerd-prometheus-5bccd64d4d-jzwmt,,20782,,,,,linkerd-prometheus,prometheus,linkerd,outbound,,5bccd64d4d,200,true,linkerd,10.1.7.222:4191,,linkerd,linkerd-tap,linkerd,linkerd-tap-75785bb98d-dvlv2,75785bb98d,linkerd-tap,linkerd-tap.linkerd.serviceaccount.identity.linkerd.cluster.local,,,
1613873591.011,response_latency_ms_sum,,,10.1.7.224:4191,linkerd-proxy,linkerd,,linkerd-prometheus-5bccd64d4d-jzwmt,,20784,,,,,linkerd-prometheus,prometheus,linkerd,outbound,,5bccd64d4d,200,true,linkerd,10.1.7.222:4191,,linkerd,linkerd-tap,linkerd,linkerd-tap-75785bb98d-dvlv2,75785bb98d,linkerd-tap,linkerd-tap.linkerd.serviceaccount.identity.linkerd.cluster.local,,,
1613873601.012,response_latency_ms_sum,,,10.1.7.224:4191,linkerd-proxy,linkerd,,linkerd-prometheus-5bccd64d4d-jzwmt,,20785,,,,,linkerd-prometheus,prometheus,linkerd,outbound,,5bccd64d4d,200,true,linkerd,10.1.7.222:4191,,linkerd,linkerd-tap,linkerd,linkerd-tap-75785bb98d-dvlv2,75785bb98d,linkerd-tap,linkerd-tap.linkerd.serviceaccount.identity.linkerd.cluster.local,,,
1613873611.012,response_latency_ms_sum,,,10.1.7.224:4191,linkerd-proxy,linkerd,,linkerd-prometheus-5bccd64d4d-jzwmt,,20788,,,,,linkerd-prometheus,prometheus,linkerd,outbound,,5bccd64d4d,200,true,linkerd,10.1.7.222:4191,,linkerd,linkerd-tap,linkerd,linkerd-tap-75785bb98d-dvlv2,75785bb98d,linkerd-tap,linkerd-tap.linkerd.serviceaccount.identity.linkerd.cluster.local,,,
1613873571.012,response_latency_ms_sum,,,10.1.7.224:4191,linkerd-proxy,linkerd,,linkerd-prometheus-5bccd64d4d-jzwmt,,72212,,,,,linkerd-prometheus,prometheus,linkerd,outbound,,5bccd64d4d,200,true,linkerd,10.1.7.223:3000,,linkerd,linkerd-grafana,linkerd,linkerd-grafana-ddd5c496f-cctr6,ddd5c496f,linkerd-grafana,linkerd-grafana.linkerd.serviceaccount.identity.linkerd.cluster.local,,,
1613873581.012,response_latency_ms_sum,,,10.1.7.224:4191,linkerd-proxy,linkerd,,linkerd-prometheus-5bccd64d4d-jzwmt,,72218,,,,,linkerd-prometheus,prometheus,linkerd,outbound,,5bccd64d4d,200,true,linkerd,10.1.7.223:3000,,linkerd,linkerd-grafana,linkerd,linkerd-grafana-ddd5c496f-cctr6,ddd5c496f,linkerd-grafana,linkerd-grafana.linkerd.serviceaccount.identity.linkerd.cluster.local,,,
1613873591.011,response_latency_ms_sum,,,10.1.7.224:4191,linkerd-proxy,linkerd,,linkerd-prometheus-5bccd64d4d-jzwmt,,72220,,,,,linkerd-prometheus,prometheus,linkerd,outbound,,5bccd64d4d,200,true,linkerd,10.1.7.223:3000,,linkerd,linkerd-grafana,linkerd,linkerd-grafana-ddd5c496f-cctr6,ddd5c496f,linkerd-grafana,linkerd-grafana.linkerd.serviceaccount.identity.linkerd.cluster.local,,,
1613873601.012,response_latency_ms_sum,,,10.1.7.224:4191,linkerd-proxy,linkerd,,linkerd-prometheus-5bccd64d4d-jzwmt,,72230,,,,,linkerd-prometheus,prometheus,linkerd,outbound,,5bccd64d4d,200,true,linkerd,10.1.7.223:3000,,linkerd,linkerd-grafana,linkerd,linkerd-grafana-ddd5c496f-cctr6,ddd5c496f,linkerd-grafana,linkerd-grafana.linkerd.serviceaccount.identity.linkerd.cluster.local,,,
1613873611.012,response_latency_ms_sum,,,10.1.7.224:4191,linkerd-proxy,linkerd,,linkerd-prometheus-5bccd64d4d-jzwmt,,72235,,,,,linkerd-prometheus,prometheus,linkerd,outbound,,5bccd64d4d,200,true,linkerd,10.1.7.223:3000,,linkerd,linkerd-grafana,linkerd,linkerd-grafana-ddd5c496f-cctr6,ddd5c496f,linkerd-grafana,linkerd-grafana.linkerd.serviceaccount.identity.linkerd.cluster.local,,,
1613873571.012,response_latency_ms_sum,,,10.1.7.224:4191,linkerd-proxy,linkerd,,linkerd-prometheus-5bccd64d4d-jzwmt,,19269,,,,,linkerd-prometheus,prometheus,linkerd,outbound,,5bccd64d4d,200,true,linkerd,10.1.7.220:4191,,linkerd,linkerd-sp-validator,linkerd,linkerd-sp-validator-77d978fbd9-zk8mm,77d978fbd9,linkerd-sp-validator,linkerd-sp-validator.linkerd.serviceaccount.identity.linkerd.cluster.local,,,
1613873581.012,response_latency_ms_sum,,,10.1.7.224:4191,linkerd-proxy,linkerd,,linkerd-prometheus-5bccd64d4d-jzwmt,,19271,,,,,linkerd-prometheus,prometheus,linkerd,outbound,,5bccd64d4d,200,true,linkerd,10.1.7.220:4191,,linkerd,linkerd-sp-validator,linkerd,linkerd-sp-validator-77d978fbd9-zk8mm,77d978fbd9,linkerd-sp-validator,linkerd-sp-validator.linkerd.serviceaccount.identity.linkerd.cluster.local,,,
1613873591.011,response_latency_ms_sum,,,10.1.7.224:4191,linkerd-proxy,linkerd,,linkerd-prometheus-5bccd64d4d-jzwmt,,19272,,,,,linkerd-prometheus,prometheus,linkerd,outbound,,5bccd64d4d,200,true,linkerd,10.1.7.220:4191,,linkerd,linkerd-sp-validator,linkerd,linkerd-sp-validator-77d978fbd9-zk8mm,77d978fbd9,linkerd-sp-validator,linkerd-sp-validator.linkerd.serviceaccount.identity.linkerd.cluster.local,,,
1613873601.012,response_latency_ms_sum,,,10.1.7.224:4191,linkerd-proxy,linkerd,,linkerd-prometheus-5bccd64d4d-jzwmt,,19275,,,,,linkerd-prometheus,prometheus,linkerd,outbound,,5bccd64d4d,200,true,linkerd,10.1.7.220:4191,,linkerd,linkerd-sp-validator,linkerd,linkerd-sp-validator-77d978fbd9-zk8mm,77d978fbd9,linkerd-sp-validator,linkerd-sp-validator.linkerd.serviceaccount.identity.linkerd.cluster.local,,,
1613873611.012,response_latency_ms_sum,,,10.1.7.224:4191,linkerd-proxy,linkerd,,linkerd-prometheus-5bccd64d4d-jzwmt,,19277,,,,,linkerd-prometheus,prometheus,linkerd,outbound,,5bccd64d4d,200,true,linkerd,10.1.7.220:4191,,linkerd,linkerd-sp-validator,linkerd,linkerd-sp-validator-77d978fbd9-zk8mm,77d978fbd9,linkerd-sp-validator,linkerd-sp-validator.linkerd.serviceaccount.identity.linkerd.cluster.local,,,
1613873571.012,response_latency_ms_sum,,,10.1.7.224:4191,linkerd-proxy,linkerd,,linkerd-prometheus-5bccd64d4d-jzwmt,,64228,,,,,linkerd-prometheus,prometheus,linkerd,outbound,,5bccd64d4d,200,true,linkerd,10.1.7.216:9994,,linkerd,linkerd-web,linkerd,linkerd-web-b48d9c89b-49fzh,b48d9c89b,linkerd-web,linkerd-web.linkerd.serviceaccount.identity.linkerd.cluster.local,,,
1613873581.012,response_latency_ms_sum,,,10.1.7.224:4191,linkerd-proxy,linkerd,,linkerd-prometheus-5bccd64d4d-jzwmt,,64230,,,,,linkerd-prometheus,prometheus,linkerd,outbound,,5bccd64d4d,200,true,linkerd,10.1.7.216:9994,,linkerd,linkerd-web,linkerd,linkerd-web-b48d9c89b-49fzh,b48d9c89b,linkerd-web,linkerd-web.linkerd.serviceaccount.identity.linkerd.cluster.local,,,
1613873591.011,response_latency_ms_sum,,,10.1.7.224:4191,linkerd-proxy,linkerd,,linkerd-prometheus-5bccd64d4d-jzwmt,,64233,,,,,linkerd-prometheus,prometheus,linkerd,outbound,,5bccd64d4d,200,true,linkerd,10.1.7.216:9994,,linkerd,linkerd-web,linkerd,linkerd-web-b48d9c89b-49fzh,b48d9c89b,linkerd-web,linkerd-web.linkerd.serviceaccount.identity.linkerd.cluster.local,,,
1613873601.012,response_latency_ms_sum,,,10.1.7.224:4191,linkerd-proxy,linkerd,,linkerd-prometheus-5bccd64d4d-jzwmt,,64237,,,,,linkerd-prometheus,prometheus,linkerd,outbound,,5bccd64d4d,200,true,linkerd,10.1.7.216:9994,,linkerd,linkerd-web,linkerd,linkerd-web-b48d9c89b-49fzh,b48d9c89b,linkerd-web,linkerd-web.linkerd.serviceaccount.identity.linkerd.cluster.local,,,
1613873611.012,response_latency_ms_sum,,,10.1.7.224:4191,linkerd-proxy,linkerd,,linkerd-prometheus-5bccd64d4d-jzwmt,,64241,,,,,linkerd-prometheus,prometheus,linkerd,outbound,,5bccd64d4d,200,true,linkerd,10.1.7.216:9994,,linkerd,linkerd-web,linkerd,linkerd-web-b48d9c89b-49fzh,b48d9c89b,linkerd-web,linkerd-web.linkerd.serviceaccount.identity.linkerd.cluster.local,,,
1613873571.012,response_latency_ms_sum,,,10.1.7.224:4191,linkerd-proxy,linkerd,,linkerd-prometheus-5bccd64d4d-jzwmt,,21248,,,,,linkerd-prometheus,prometheus,linkerd,outbound,,5bccd64d4d,200,true,linkerd,10.1.7.218:4191,,linkerd,linkerd-proxy-injector,linkerd,linkerd-proxy-injector-666c478cbb-z7nnc,666c478cbb,linkerd-proxy-injector,linkerd-proxy-injector.linkerd.serviceaccount.identity.linkerd.cluster.local,,,
1613873581.012,response_latency_ms_sum,,,10.1.7.224:4191,linkerd-proxy,linkerd,,linkerd-prometheus-5bccd64d4d-jzwmt,,21250,,,,,linkerd-prometheus,prometheus,linkerd,outbound,,5bccd64d4d,200,true,linkerd,10.1.7.218:4191,,linkerd,linkerd-proxy-injector,linkerd,linkerd-proxy-injector-666c478cbb-z7nnc,666c478cbb,linkerd-proxy-injector,linkerd-proxy-injector.linkerd.serviceaccount.identity.linkerd.cluster.local,,,
1613873591.011,response_latency_ms_sum,,,10.1.7.224:4191,linkerd-proxy,linkerd,,linkerd-prometheus-5bccd64d4d-jzwmt,,21251,,,,,linkerd-prometheus,prometheus,linkerd,outbound,,5bccd64d4d,200,true,linkerd,10.1.7.218:4191,,linkerd,linkerd-proxy-injector,linkerd,linkerd-proxy-injector-666c478cbb-z7nnc,666c478cbb,linkerd-proxy-injector,linkerd-proxy-injector.linkerd.serviceaccount.identity.linkerd.cluster.local,,,
1613873601.012,response_latency_ms_sum,,,10.1.7.224:4191,linkerd-proxy,linkerd,,linkerd-prometheus-5bccd64d4d-jzwmt,,21253,,,,,linkerd-prometheus,prometheus,linkerd,outbound,,5bccd64d4d,200,true,linkerd,10.1.7.218:4191,,linkerd,linkerd-proxy-injector,linkerd,linkerd-proxy-injector-666c478cbb-z7nnc,666c478cbb,linkerd-proxy-injector,linkerd-proxy-injector.linkerd.serviceaccount.identity.linkerd.cluster.local,,,
1613873611.012,response_latency_ms_sum,,,10.1.7.224:4191,linkerd-proxy,linkerd,,linkerd-prometheus-5bccd64d4d-jzwmt,,21256,,,,,linkerd-prometheus,prometheus,linkerd,outbound,,5bccd64d4d,200,true,linkerd,10.1.7.218:4191,,linkerd,linkerd-proxy-injector,linkerd,linkerd-proxy-injector-666c478cbb-z7nnc,666c478cbb,linkerd-proxy-injector,linkerd-proxy-injector.linkerd.serviceaccount.identity.linkerd.cluster.local,,,
1613873571.012,response_latency_ms_sum,,,10.1.7.224:4191,linkerd-proxy,linkerd,,linkerd-prometheus-5bccd64d4d-jzwmt,,43512,,,,,linkerd-prometheus,prometheus,linkerd,outbound,,5bccd64d4d,200,true,linkerd,10.1.7.221:9995,,linkerd,linkerd-controller,linkerd,linkerd-controller-798d449c77-qk6j4,798d449c77,linkerd-controller,linkerd-controller.linkerd.serviceaccount.identity.linkerd.cluster.local,,,
1613873581.012,response_latency_ms_sum,,,10.1.7.224:4191,linkerd-proxy,linkerd,,linkerd-prometheus-5bccd64d4d-jzwmt,,43515,,,,,linkerd-prometheus,prometheus,linkerd,outbound,,5bccd64d4d,200,true,linkerd,10.1.7.221:9995,,linkerd,linkerd-controller,linkerd,linkerd-controller-798d449c77-qk6j4,798d449c77,linkerd-controller,linkerd-controller.linkerd.serviceaccount.identity.linkerd.cluster.local,,,
1613873591.011,response_latency_ms_sum,,,10.1.7.224:4191,linkerd-proxy,linkerd,,linkerd-prometheus-5bccd64d4d-jzwmt,,43518,,,,,linkerd-prometheus,prometheus,linkerd,outbound,,5bccd64d4d,200,true,linkerd,10.1.7.221:9995,,linkerd,linkerd-controller,linkerd,linkerd-controller-798d449c77-qk6j4,798d449c77,linkerd-controller,linkerd-controller.linkerd.serviceaccount.identity.linkerd.cluster.local,,,
1613873601.012,response_latency_ms_sum,,,10.1.7.224:4191,linkerd-proxy,linkerd,,linkerd-prometheus-5bccd64d4d-jzwmt,,43522,,,,,linkerd-prometheus,prometheus,linkerd,outbound,,5bccd64d4d,200,true,linkerd,10.1.7.221:9995,,linkerd,linkerd-controller,linkerd,linkerd-controller-798d449c77-qk6j4,798d449c77,linkerd-controller,linkerd-controller.linkerd.serviceaccount.identity.linkerd.cluster.local,,,
1613873611.012,response_latency_ms_sum,,,10.1.7.224:4191,linkerd-proxy,linkerd,,linkerd-prometheus-5bccd64d4d-jzwmt,,43526,,,,,linkerd-prometheus,prometheus,linkerd,outbound,,5bccd64d4d,200,true,linkerd,10.1.7.221:9995,,linkerd,linkerd-controller,linkerd,linkerd-controller-798d449c77-qk6j4,798d449c77,linkerd-controller,linkerd-controller.linkerd.serviceaccount.identity.linkerd.cluster.local,,,
1613873564.193,response_latency_ms_sum,,,10.1.7.216:4191,linkerd-proxy,linkerd,,linkerd-web-b48d9c89b-49fzh,,6860,,,,,linkerd-web,web,linkerd,inbound,no_tls_from_remote,b48d9c89b,200,no_identity,linkerd,,,,,,,,,,,,
1613873574.192,response_latency_ms_sum,,,10.1.7.216:4191,linkerd-proxy,linkerd,,linkerd-web-b48d9c89b-49fzh,,6860,,,,,linkerd-web,web,linkerd,inbound,no_tls_from_remote,b48d9c89b,200,no_identity,linkerd,,,,,,,,,,,,
1613873584.193,response_latency_ms_sum,,,10.1.7.216:4191,linkerd-proxy,linkerd,,linkerd-web-b48d9c89b-49fzh,,6860,,,,,linkerd-web,web,linkerd,inbound,no_tls_from_remote,b48d9c89b,200,no_identity,linkerd,,,,,,,,,,,,
1613873594.193,response_latency_ms_sum,,,10.1.7.216:4191,linkerd-proxy,linkerd,,linkerd-web-b48d9c89b-49fzh,,6860,,,,,linkerd-web,web,linkerd,inbound,no_tls_from_remote,b48d9c89b,200,no_identity,linkerd,,,,,,,,,,,,
1613873604.192,response_latency_ms_sum,,,10.1.7.216:4191,linkerd-proxy,linkerd,,linkerd-web-b48d9c89b-49fzh,,6860,,,,,linkerd-web,web,linkerd,inbound,no_tls_from_remote,b48d9c89b,200,no_identity,linkerd,,,,,,,,,,,,
1613873614.192,response_latency_ms_sum,,,10.1.7.216:4191,linkerd-proxy,linkerd,,linkerd-web-b48d9c89b-49fzh,,6860,,,,,linkerd-web,web,linkerd,inbound,no_tls_from_remote,b48d9c89b,200,no_identity,linkerd,,,,,,,,,,,,
1613873564.193,response_latency_ms_sum,,,10.1.7.216:4191,linkerd-proxy,linkerd,,linkerd-web-b48d9c89b-49fzh,,55766,,,,,linkerd-web,web,linkerd,inbound,,b48d9c89b,200,true,linkerd,,linkerd-prometheus.linkerd.serviceaccount.identity.linkerd.cluster.local,,,,,,,,,,
1613873574.192,response_latency_ms_sum,,,10.1.7.216:4191,linkerd-proxy,linkerd,,linkerd-web-b48d9c89b-49fzh,,55767,,,,,linkerd-web,web,linkerd,inbound,,b48d9c89b,200,true,linkerd,,linkerd-prometheus.linkerd.serviceaccount.identity.linkerd.cluster.local,,,,,,,,,,
1613873584.193,response_latency_ms_sum,,,10.1.7.216:4191,linkerd-proxy,linkerd,,linkerd-web-b48d9c89b-49fzh,,55769,,,,,linkerd-web,web,linkerd,inbound,,b48d9c89b,200,true,linkerd,,linkerd-prometheus.linkerd.serviceaccount.identity.linkerd.cluster.local,,,,,,,,,,
1613873594.193,response_latency_ms_sum,,,10.1.7.216:4191,linkerd-proxy,linkerd,,linkerd-web-b48d9c89b-49fzh,,55771,,,,,linkerd-web,web,linkerd,inbound,,b48d9c89b,200,true,linkerd,,linkerd-prometheus.linkerd.serviceaccount.identity.linkerd.cluster.local,,,,,,,,,,
1613873604.192,response_latency_ms_sum,,,10.1.7.216:4191,linkerd-proxy,linkerd,,linkerd-web-b48d9c89b-49fzh,,55774,,,,,linkerd-web,web,linkerd,inbound,,b48d9c89b,200,true,linkerd,,linkerd-prometheus.linkerd.serviceaccount.identity.linkerd.cluster.local,,,,,,,,,,
1613873614.192,response_latency_ms_sum,,,10.1.7.216:4191,linkerd-proxy,linkerd,,linkerd-web-b48d9c89b-49fzh,,55777,,,,,linkerd-web,web,linkerd,inbound,,b48d9c89b,200,true,linkerd,,linkerd-prometheus.linkerd.serviceaccount.identity.linkerd.cluster.local,,,,,,,,,,
1613873565.484,response_latency_ms_sum,,,10.1.7.219:4191,linkerd-proxy,linkerd,,linkerd-identity-57f4bc9db9-gb7rk,,16584,,,,,linkerd-identity,identity,linkerd,inbound,no_tls_from_remote,57f4bc9db9,200,no_identity,linkerd,,,,,,,,,,,,
1613873575.483,response_latency_ms_sum,,,10.1.7.219:4191,linkerd-proxy,linkerd,,linkerd-identity-57f4bc9db9-gb7rk,,16584,,,,,linkerd-identity,identity,linkerd,inbound,no_tls_from_remote,57f4bc9db9,200,no_identity,linkerd,,,,,,,,,,,,
1613873585.484,response_latency_ms_sum,,,10.1.7.219:4191,linkerd-proxy,linkerd,,linkerd-identity-57f4bc9db9-gb7rk,,16584,,,,,linkerd-identity,identity,linkerd,inbound,no_tls_from_remote,57f4bc9db9,200,no_identity,linkerd,,,,,,,,,,,,
1613873595.496,response_latency_ms_sum,,,10.1.7.219:4191,linkerd-proxy,linkerd,,linkerd-identity-57f4bc9db9-gb7rk,,16585,,,,,linkerd-identity,identity,linkerd,inbound,no_tls_from_remote,57f4bc9db9,200,no_identity,linkerd,,,,,,,,,,,,
1613873605.484,response_latency_ms_sum,,,10.1.7.219:4191,linkerd-proxy,linkerd,,linkerd-identity-57f4bc9db9-gb7rk,,16585,,,,,linkerd-identity,identity,linkerd,inbound,no_tls_from_remote,57f4bc9db9,200,no_identity,linkerd,,,,,,,,,,,,
1613873615.484,response_latency_ms_sum,,,10.1.7.219:4191,linkerd-proxy,linkerd,,linkerd-identity-57f4bc9db9-gb7rk,,16585,,,,,linkerd-identity,identity,linkerd,inbound,no_tls_from_remote,57f4bc9db9,200,no_identity,linkerd,,,,,,,,,,,,
1613873565.484,response_latency_ms_sum,,,10.1.7.219:4191,linkerd-proxy,linkerd,,linkerd-identity-57f4bc9db9-gb7rk,,34906,,,,,linkerd-identity,identity,linkerd,inbound,no_peer_id_from_remote,57f4bc9db9,200,no_identity,linkerd,linkerd-identity-headless.linkerd.svc.cluster.local:8080,,,,,,,,,,,
1613873575.483,response_latency_ms_sum,,,10.1.7.219:4191,linkerd-proxy,linkerd,,linkerd-identity-57f4bc9db9-gb7rk,,34906,,,,,linkerd-identity,identity,linkerd,inbound,no_peer_id_from_remote,57f4bc9db9,200,no_identity,linkerd,linkerd-identity-headless.linkerd.svc.cluster.local:8080,,,,,,,,,,,
1613873585.484,response_latency_ms_sum,,,10.1.7.219:4191,linkerd-proxy,linkerd,,linkerd-identity-57f4bc9db9-gb7rk,,34906,,,,,linkerd-identity,identity,linkerd,inbound,no_peer_id_from_remote,57f4bc9db9,200,no_identity,linkerd,linkerd-identity-headless.linkerd.svc.cluster.local:8080,,,,,,,,,,,
1613873595.496,response_latency_ms_sum,,,10.1.7.219:4191,linkerd-proxy,linkerd,,linkerd-identity-57f4bc9db9-gb7rk,,34906,,,,,linkerd-identity,identity,linkerd,inbound,no_peer_id_from_remote,57f4bc9db9,200,no_identity,linkerd,linkerd-identity-headless.linkerd.svc.cluster.local:8080,,,,,,,,,,,
1613873605.484,response_latency_ms_sum,,,10.1.7.219:4191,linkerd-proxy,linkerd,,linkerd-identity-57f4bc9db9-gb7rk,,34906,,,,,linkerd-identity,identity,linkerd,inbound,no_peer_id_from_remote,57f4bc9db9,200,no_identity,linkerd,linkerd-identity-headless.linkerd.svc.cluster.local:8080,,,,,,,,,,,
1613873615.484,response_latency_ms_sum,,,10.1.7.219:4191,linkerd-proxy,linkerd,,linkerd-identity-57f4bc9db9-gb7rk,,34906,,,,,linkerd-identity,identity,linkerd,inbound,no_peer_id_from_remote,57f4bc9db9,200,no_identity,linkerd,linkerd-identity-headless.linkerd.svc.cluster.local:8080,,,,,,,,,,,
1613873565.484,response_latency_ms_sum,,,10.1.7.219:4191,linkerd-proxy,linkerd,,linkerd-identity-57f4bc9db9-gb7rk,,48336,,,,,linkerd-identity,identity,linkerd,inbound,no_peer_id_from_remote,57f4bc9db9,200,no_identity,linkerd,,,,,,,,,,,,
1613873575.483,response_latency_ms_sum,,,10.1.7.219:4191,linkerd-proxy,linkerd,,linkerd-identity-57f4bc9db9-gb7rk,,48339,,,,,linkerd-identity,identity,linkerd,inbound,no_peer_id_from_remote,57f4bc9db9,200,no_identity,linkerd,,,,,,,,,,,,
1613873585.484,response_latency_ms_sum,,,10.1.7.219:4191,linkerd-proxy,linkerd,,linkerd-identity-57f4bc9db9-gb7rk,,48343,,,,,linkerd-identity,identity,linkerd,inbound,no_peer_id_from_remote,57f4bc9db9,200,no_identity,linkerd,,,,,,,,,,,,
1613873595.496,response_latency_ms_sum,,,10.1.7.219:4191,linkerd-proxy,linkerd,,linkerd-identity-57f4bc9db9-gb7rk,,48346,,,,,linkerd-identity,identity,linkerd,inbound,no_peer_id_from_remote,57f4bc9db9,200,no_identity,linkerd,,,,,,,,,,,,
1613873605.484,response_latency_ms_sum,,,10.1.7.219:4191,linkerd-proxy,linkerd,,linkerd-identity-57f4bc9db9-gb7rk,,48348,,,,,linkerd-identity,identity,linkerd,inbound,no_peer_id_from_remote,57f4bc9db9,200,no_identity,linkerd,,,,,,,,,,,,
1613873615.484,response_latency_ms_sum,,,10.1.7.219:4191,linkerd-proxy,linkerd,,linkerd-identity-57f4bc9db9-gb7rk,,48351,,,,,linkerd-identity,identity,linkerd,inbound,no_peer_id_from_remote,57f4bc9db9,200,no_identity,linkerd,,,,,,,,,,,,
1613873565.871,response_latency_ms_sum,,,10.1.7.221:4191,linkerd-proxy,linkerd,,linkerd-controller-798d449c77-qk6j4,,13490,,,,,linkerd-controller,controller,linkerd,inbound,no_tls_from_remote,798d449c77,200,no_identity,linkerd,,,,,,,,,,,,
1613873575.866,response_latency_ms_sum,,,10.1.7.221:4191,linkerd-proxy,linkerd,,linkerd-controller-798d449c77-qk6j4,,13490,,,,,linkerd-controller,controller,linkerd,inbound,no_tls_from_remote,798d449c77,200,no_identity,linkerd,,,,,,,,,,,,
1613873585.867,response_latency_ms_sum,,,10.1.7.221:4191,linkerd-proxy,linkerd,,linkerd-controller-798d449c77-qk6j4,,13490,,,,,linkerd-controller,controller,linkerd,inbound,no_tls_from_remote,798d449c77,200,no_identity,linkerd,,,,,,,,,,,,
1613873595.867,response_latency_ms_sum,,,10.1.7.221:4191,linkerd-proxy,linkerd,,linkerd-controller-798d449c77-qk6j4,,13490,,,,,linkerd-controller,controller,linkerd,inbound,no_tls_from_remote,798d449c77,200,no_identity,linkerd,,,,,,,,,,,,
1613873605.868,response_latency_ms_sum,,,10.1.7.221:4191,linkerd-proxy,linkerd,,linkerd-controller-798d449c77-qk6j4,,13490,,,,,linkerd-controller,controller,linkerd,inbound,no_tls_from_remote,798d449c77,200,no_identity,linkerd,,,,,,,,,,,,
1613873615.866,response_latency_ms_sum,,,10.1.7.221:4191,linkerd-proxy,linkerd,,linkerd-controller-798d449c77-qk6j4,,13490,,,,,linkerd-controller,controller,linkerd,inbound,no_tls_from_remote,798d449c77,200,no_identity,linkerd,,,,,,,,,,,,
1613873565.871,response_latency_ms_sum,,,10.1.7.221:4191,linkerd-proxy,linkerd,,linkerd-controller-798d449c77-qk6j4,,33863,,,,,linkerd-controller,controller,linkerd,inbound,,798d449c77,200,true,linkerd,,linkerd-prometheus.linkerd.serviceaccount.identity.linkerd.cluster.local,,,,,,,,,,
1613873575.866,response_latency_ms_sum,,,10.1.7.221:4191,linkerd-proxy,linkerd,,linkerd-controller-798d449c77-qk6j4,,33865,,,,,linkerd-controller,controller,linkerd,inbound,,798d449c77,200,true,linkerd,,linkerd-prometheus.linkerd.serviceaccount.identity.linkerd.cluster.local,,,,,,,,,,
1613873585.867,response_latency_ms_sum,,,10.1.7.221:4191,linkerd-proxy,linkerd,,linkerd-controller-798d449c77-qk6j4,,33868,,,,,linkerd-controller,controller,linkerd,inbound,,798d449c77,200,true,linkerd,,linkerd-prometheus.linkerd.serviceaccount.identity.linkerd.cluster.local,,,,,,,,,,
1613873595.867,response_latency_ms_sum,,,10.1.7.221:4191,linkerd-proxy,linkerd,,linkerd-controller-798d449c77-qk6j4,,33871,,,,,linkerd-controller,controller,linkerd,inbound,,798d449c77,200,true,linkerd,,linkerd-prometheus.linkerd.serviceaccount.identity.linkerd.cluster.local,,,,,,,,,,
1613873605.868,response_latency_ms_sum,,,10.1.7.221:4191,linkerd-proxy,linkerd,,linkerd-controller-798d449c77-qk6j4,,33874,,,,,linkerd-controller,controller,linkerd,inbound,,798d449c77,200,true,linkerd,,linkerd-prometheus.linkerd.serviceaccount.identity.linkerd.cluster.local,,,,,,,,,,
1613873615.866,response_latency_ms_sum,,,10.1.7.221:4191,linkerd-proxy,linkerd,,linkerd-controller-798d449c77-qk6j4,,33877,,,,,linkerd-controller,controller,linkerd,inbound,,798d449c77,200,true,linkerd,,linkerd-prometheus.linkerd.serviceaccount.identity.linkerd.cluster.local,,,,,,,,,,
1613873568.136,response_latency_ms_sum,,,10.1.7.217:4191,linkerd-proxy,linkerd,,linkerd-destination-654f8848f5-4tr7b,,45428,,,,,linkerd-destination,destination,linkerd,inbound,,654f8848f5,200,true,linkerd,,linkerd-prometheus.linkerd.serviceaccount.identity.linkerd.cluster.local,,,,,,,,,,
1613873578.136,response_latency_ms_sum,,,10.1.7.217:4191,linkerd-proxy,linkerd,,linkerd-destination-654f8848f5-4tr7b,,45430,,,,,linkerd-destination,destination,linkerd,inbound,,654f8848f5,200,true,linkerd,,linkerd-prometheus.linkerd.serviceaccount.identity.linkerd.cluster.local,,,,,,,,,,
1613873588.136,response_latency_ms_sum,,,10.1.7.217:4191,linkerd-proxy,linkerd,,linkerd-destination-654f8848f5-4tr7b,,45432,,,,,linkerd-destination,destination,linkerd,inbound,,654f8848f5,200,true,linkerd,,linkerd-prometheus.linkerd.serviceaccount.identity.linkerd.cluster.local,,,,,,,,,,
1613873598.136,response_latency_ms_sum,,,10.1.7.217:4191,linkerd-proxy,linkerd,,linkerd-destination-654f8848f5-4tr7b,,45435,,,,,linkerd-destination,destination,linkerd,inbound,,654f8848f5,200,true,linkerd,,linkerd-prometheus.linkerd.serviceaccount.identity.linkerd.cluster.local,,,,,,,,,,
1613873608.137,response_latency_ms_sum,,,10.1.7.217:4191,linkerd-proxy,linkerd,,linkerd-destination-654f8848f5-4tr7b,,45439,,,,,linkerd-destination,destination,linkerd,inbound,,654f8848f5,200,true,linkerd,,linkerd-prometheus.linkerd.serviceaccount.identity.linkerd.cluster.local,,,,,,,,,,
1613873618.136,response_latency_ms_sum,,,10.1.7.217:4191,linkerd-proxy,linkerd,,linkerd-destination-654f8848f5-4tr7b,,45443,,,,,linkerd-destination,destination,linkerd,inbound,,654f8848f5,200,true,linkerd,,linkerd-prometheus.linkerd.serviceaccount.identity.linkerd.cluster.local,,,,,,,,,,
1613873568.259,response_latency_ms_sum,,,10.1.7.223:4191,linkerd-proxy,linkerd,,linkerd-grafana-ddd5c496f-cctr6,,59969,,,,,linkerd-grafana,grafana,linkerd,inbound,,ddd5c496f,200,true,linkerd,,linkerd-prometheus.linkerd.serviceaccount.identity.linkerd.cluster.local,,,,,,,,,,
1613873578.258,response_latency_ms_sum,,,10.1.7.223:4191,linkerd-proxy,linkerd,,linkerd-grafana-ddd5c496f-cctr6,,59975,,,,,linkerd-grafana,grafana,linkerd,inbound,,ddd5c496f,200,true,linkerd,,linkerd-prometheus.linkerd.serviceaccount.identity.linkerd.cluster.local,,,,,,,,,,
1613873588.261,response_latency_ms_sum,,,10.1.7.223:4191,linkerd-proxy,linkerd,,linkerd-grafana-ddd5c496f-cctr6,,59980,,,,,linkerd-grafana,grafana,linkerd,inbound,,ddd5c496f,200,true,linkerd,,linkerd-prometheus.linkerd.serviceaccount.identity.linkerd.cluster.local,,,,,,,,,,
1613873598.259,response_latency_ms_sum,,,10.1.7.223:4191,linkerd-proxy,linkerd,,linkerd-grafana-ddd5c496f-cctr6,,59982,,,,,linkerd-grafana,grafana,linkerd,inbound,,ddd5c496f,200,true,linkerd,,linkerd-prometheus.linkerd.serviceaccount.identity.linkerd.cluster.local,,,,,,,,,,
1613873608.259,response_latency_ms_sum,,,10.1.7.223:4191,linkerd-proxy,linkerd,,linkerd-grafana-ddd5c496f-cctr6,,59990,,,,,linkerd-grafana,grafana,linkerd,inbound,,ddd5c496f,200,true,linkerd,,linkerd-prometheus.linkerd.serviceaccount.identity.linkerd.cluster.local,,,,,,,,,,
1613873618.259,response_latency_ms_sum,,,10.1.7.223:4191,linkerd-proxy,linkerd,,linkerd-grafana-ddd5c496f-cctr6,,59993,,,,,linkerd-grafana,grafana,linkerd,inbound,,ddd5c496f,200,true,linkerd,,linkerd-prometheus.linkerd.serviceaccount.identity.linkerd.cluster.local,,,,,,,,,,
1613873568.705,response_latency_ms_sum,,,10.1.7.222:4191,linkerd-proxy,linkerd,,linkerd-tap-75785bb98d-dvlv2,,44090,,,,,linkerd-tap,tap,linkerd,inbound,,75785bb98d,200,true,linkerd,,linkerd-prometheus.linkerd.serviceaccount.identity.linkerd.cluster.local,,,,,,,,,,
1613873578.705,response_latency_ms_sum,,,10.1.7.222:4191,linkerd-proxy,linkerd,,linkerd-tap-75785bb98d-dvlv2,,44092,,,,,linkerd-tap,tap,linkerd,inbound,,75785bb98d,200,true,linkerd,,linkerd-prometheus.linkerd.serviceaccount.identity.linkerd.cluster.local,,,,,,,,,,
1613873588.705,response_latency_ms_sum,,,10.1.7.222:4191,linkerd-proxy,linkerd,,linkerd-tap-75785bb98d-dvlv2,,44095,,,,,linkerd-tap,tap,linkerd,inbound,,75785bb98d,200,true,linkerd,,linkerd-prometheus.linkerd.serviceaccount.identity.linkerd.cluster.local,,,,,,,,,,
1613873598.705,response_latency_ms_sum,,,10.1.7.222:4191,linkerd-proxy,linkerd,,linkerd-tap-75785bb98d-dvlv2,,44098,,,,,linkerd-tap,tap,linkerd,inbound,,75785bb98d,200,true,linkerd,,linkerd-prometheus.linkerd.serviceaccount.identity.linkerd.cluster.local,,,,,,,,,,
1613873608.705,response_latency_ms_sum,,,10.1.7.222:4191,linkerd-proxy,linkerd,,linkerd-tap-75785bb98d-dvlv2,,44102,,,,,linkerd-tap,tap,linkerd,inbound,,75785bb98d,200,true,linkerd,,linkerd-prometheus.linkerd.serviceaccount.identity.linkerd.cluster.local,,,,,,,,,,
1613873618.705,response_latency_ms_sum,,,10.1.7.222:4191,linkerd-proxy,linkerd,,linkerd-tap-75785bb98d-dvlv2,,44103,,,,,linkerd-tap,tap,linkerd,inbound,,75785bb98d,200,true,linkerd,,linkerd-prometheus.linkerd.serviceaccount.identity.linkerd.cluster.local,,,,,,,,,,
1613873569.694,response_latency_ms_sum,,,10.1.7.220:4191,linkerd-proxy,linkerd,,linkerd-sp-validator-77d978fbd9-zk8mm,,30940,,,,,linkerd-sp-validator,sp-validator,linkerd,inbound,,77d978fbd9,200,true,linkerd,,linkerd-prometheus.linkerd.serviceaccount.identity.linkerd.cluster.local,,,,,,,,,,
1613873579.695,response_latency_ms_sum,,,10.1.7.220:4191,linkerd-proxy,linkerd,,linkerd-sp-validator-77d978fbd9-zk8mm,,30942,,,,,linkerd-sp-validator,sp-validator,linkerd,inbound,,77d978fbd9,200,true,linkerd,,linkerd-prometheus.linkerd.serviceaccount.identity.linkerd.cluster.local,,,,,,,,,,
1613873589.695,response_latency_ms_sum,,,10.1.7.220:4191,linkerd-proxy,linkerd,,linkerd-sp-validator-77d978fbd9-zk8mm,,30944,,,,,linkerd-sp-validator,sp-validator,linkerd,inbound,,77d978fbd9,200,true,linkerd,,linkerd-prometheus.linkerd.serviceaccount.identity.linkerd.cluster.local,,,,,,,,,,
1613873599.694,response_latency_ms_sum,,,10.1.7.220:4191,linkerd-proxy,linkerd,,linkerd-sp-validator-77d978fbd9-zk8mm,,30946,,,,,linkerd-sp-validator,sp-validator,linkerd,inbound,,77d978fbd9,200,true,linkerd,,linkerd-prometheus.linkerd.serviceaccount.identity.linkerd.cluster.local,,,,,,,,,,
1613873609.694,response_latency_ms_sum,,,10.1.7.220:4191,linkerd-proxy,linkerd,,linkerd-sp-validator-77d978fbd9-zk8mm,,30948,,,,,linkerd-sp-validator,sp-validator,linkerd,inbound,,77d978fbd9,200,true,linkerd,,linkerd-prometheus.linkerd.serviceaccount.identity.linkerd.cluster.local,,,,,,,,,,
1613873619.694,response_latency_ms_sum,,,10.1.7.220:4191,linkerd-proxy,linkerd,,linkerd-sp-validator-77d978fbd9-zk8mm,,30950,,,,,linkerd-sp-validator,sp-validator,linkerd,inbound,,77d978fbd9,200,true,linkerd,,linkerd-prometheus.linkerd.serviceaccount.identity.linkerd.cluster.local,,,,,,,,,,
1613873570.094,response_latency_ms_sum,,,10.1.7.218:4191,linkerd-proxy,linkerd,,linkerd-proxy-injector-666c478cbb-z7nnc,,41039,,,,,linkerd-proxy-injector,proxy-injector,linkerd,inbound,,666c478cbb,200,true,linkerd,,linkerd-prometheus.linkerd.serviceaccount.identity.linkerd.cluster.local,,,,,,,,,,
1613873580.094,response_latency_ms_sum,,,10.1.7.218:4191,linkerd-proxy,linkerd,,linkerd-proxy-injector-666c478cbb-z7nnc,,41041,,,,,linkerd-proxy-injector,proxy-injector,linkerd,inbound,,666c478cbb,200,true,linkerd,,linkerd-prometheus.linkerd.serviceaccount.identity.linkerd.cluster.local,,,,,,,,,,
1613873590.094,response_latency_ms_sum,,,10.1.7.218:4191,linkerd-proxy,linkerd,,linkerd-proxy-injector-666c478cbb-z7nnc,,41048,,,,,linkerd-proxy-injector,proxy-injector,linkerd,inbound,,666c478cbb,200,true,linkerd,,linkerd-prometheus.linkerd.serviceaccount.identity.linkerd.cluster.local,,,,,,,,,,
1613873600.094,response_latency_ms_sum,,,10.1.7.218:4191,linkerd-proxy,linkerd,,linkerd-proxy-injector-666c478cbb-z7nnc,,41050,,,,,linkerd-proxy-injector,proxy-injector,linkerd,inbound,,666c478cbb,200,true,linkerd,,linkerd-prometheus.linkerd.serviceaccount.identity.linkerd.cluster.local,,,,,,,,,,
1613873610.094,response_latency_ms_sum,,,10.1.7.218:4191,linkerd-proxy,linkerd,,linkerd-proxy-injector-666c478cbb-z7nnc,,41053,,,,,linkerd-proxy-injector,proxy-injector,linkerd,inbound,,666c478cbb,200,true,linkerd,,linkerd-prometheus.linkerd.serviceaccount.identity.linkerd.cluster.local,,,,,,,,,,
1613873620.095,response_latency_ms_sum,,,10.1.7.218:4191,linkerd-proxy,linkerd,,linkerd-proxy-injector-666c478cbb-z7nnc,,41055,,,,,linkerd-proxy-injector,proxy-injector,linkerd,inbound,,666c478cbb,200,true,linkerd,,linkerd-prometheus.linkerd.serviceaccount.identity.linkerd.cluster.local,,,,,,,,,,
1613873571.012,response_latency_ms_sum,,,10.1.7.224:4191,linkerd-proxy,linkerd,,linkerd-prometheus-5bccd64d4d-jzwmt,,55326,,,,,linkerd-prometheus,prometheus,linkerd,outbound,,5bccd64d4d,200,true,linkerd,10.1.7.220:9997,,linkerd,linkerd-sp-validator,linkerd,linkerd-sp-validator-77d978fbd9-zk8mm,77d978fbd9,linkerd-sp-validator,linkerd-sp-validator.linkerd.serviceaccount.identity.linkerd.cluster.local,,,
1613873581.012,response_latency_ms_sum,,,10.1.7.224:4191,linkerd-proxy,linkerd,,linkerd-prometheus-5bccd64d4d-jzwmt,,55329,,,,,linkerd-prometheus,prometheus,linkerd,outbound,,5bccd64d4d,200,true,linkerd,10.1.7.220:9997,,linkerd,linkerd-sp-validator,linkerd,linkerd-sp-validator-77d978fbd9-zk8mm,77d978fbd9,linkerd-sp-validator,linkerd-sp-validator.linkerd.serviceaccount.identity.linkerd.cluster.local,,,
1613873591.011,response_latency_ms_sum,,,10.1.7.224:4191,linkerd-proxy,linkerd,,linkerd-prometheus-5bccd64d4d-jzwmt,,55332,,,,,linkerd-prometheus,prometheus,linkerd,outbound,,5bccd64d4d,200,true,linkerd,10.1.7.220:9997,,linkerd,linkerd-sp-validator,linkerd,linkerd-sp-validator-77d978fbd9-zk8mm,77d978fbd9,linkerd-sp-validator,linkerd-sp-validator.linkerd.serviceaccount.identity.linkerd.cluster.local,,,
1613873601.012,response_latency_ms_sum,,,10.1.7.224:4191,linkerd-proxy,linkerd,,linkerd-prometheus-5bccd64d4d-jzwmt,,55335,,,,,linkerd-prometheus,prometheus,linkerd,outbound,,5bccd64d4d,200,true,linkerd,10.1.7.220:9997,,linkerd,linkerd-sp-validator,linkerd,linkerd-sp-validator-77d978fbd9-zk8mm,77d978fbd9,linkerd-sp-validator,linkerd-sp-validator.linkerd.serviceaccount.identity.linkerd.cluster.local,,,
1613873611.012,response_latency_ms_sum,,,10.1.7.224:4191,linkerd-proxy,linkerd,,linkerd-prometheus-5bccd64d4d-jzwmt,,55338,,,,,linkerd-prometheus,prometheus,linkerd,outbound,,5bccd64d4d,200,true,linkerd,10.1.7.220:9997,,linkerd,linkerd-sp-validator,linkerd,linkerd-sp-validator-77d978fbd9-zk8mm,77d978fbd9,linkerd-sp-validator,linkerd-sp-validator.linkerd.serviceaccount.identity.linkerd.cluster.local,,,
1613873571.012,response_latency_ms_sum,,,10.1.7.224:4191,linkerd-proxy,linkerd,,linkerd-prometheus-5bccd64d4d-jzwmt,,71115,,,,,linkerd-prometheus,prometheus,linkerd,outbound,,5bccd64d4d,200,true,linkerd,10.1.7.217:9996,,linkerd,linkerd-destination,linkerd,linkerd-destination-654f8848f5-4tr7b,654f8848f5,linkerd-destination,linkerd-destination.linkerd.serviceaccount.identity.linkerd.cluster.local,,,
1613873581.012,response_latency_ms_sum,,,10.1.7.224:4191,linkerd-proxy,linkerd,,linkerd-prometheus-5bccd64d4d-jzwmt,,71118,,,,,linkerd-prometheus,prometheus,linkerd,outbound,,5bccd64d4d,200,true,linkerd,10.1.7.217:9996,,linkerd,linkerd-destination,linkerd,linkerd-destination-654f8848f5-4tr7b,654f8848f5,linkerd-destination,linkerd-destination.linkerd.serviceaccount.identity.linkerd.cluster.local,,,
1613873591.011,response_latency_ms_sum,,,10.1.7.224:4191,linkerd-proxy,linkerd,,linkerd-prometheus-5bccd64d4d-jzwmt,,71121,,,,,linkerd-prometheus,prometheus,linkerd,outbound,,5bccd64d4d,200,true,linkerd,10.1.7.217:9996,,linkerd,linkerd-destination,linkerd,linkerd-destination-654f8848f5-4tr7b,654f8848f5,linkerd-destination,linkerd-destination.linkerd.serviceaccount.identity.linkerd.cluster.local,,,
1613873601.012,response_latency_ms_sum,,,10.1.7.224:4191,linkerd-proxy,linkerd,,linkerd-prometheus-5bccd64d4d-jzwmt,,71124,,,,,linkerd-prometheus,prometheus,linkerd,outbound,,5bccd64d4d,200,true,linkerd,10.1.7.217:9996,,linkerd,linkerd-destination,linkerd,linkerd-destination-654f8848f5-4tr7b,654f8848f5,linkerd-destination,linkerd-destination.linkerd.serviceaccount.identity.linkerd.cluster.local,,,
1613873611.012,response_latency_ms_sum,,,10.1.7.224:4191,linkerd-proxy,linkerd,,linkerd-prometheus-5bccd64d4d-jzwmt,,71129,,,,,linkerd-prometheus,prometheus,linkerd,outbound,,5bccd64d4d,200,true,linkerd,10.1.7.217:9996,,linkerd,linkerd-destination,linkerd,linkerd-destination-654f8848f5-4tr7b,654f8848f5,linkerd-destination,linkerd-destination.linkerd.serviceaccount.identity.linkerd.cluster.local,,,
1613873571.012,response_latency_ms_sum,,,10.1.7.224:4191,linkerd-proxy,linkerd,,linkerd-prometheus-5bccd64d4d-jzwmt,,62786,,,,,linkerd-prometheus,prometheus,linkerd,outbound,,5bccd64d4d,200,true,linkerd,10.1.7.219:9990,,linkerd,linkerd-identity,linkerd,linkerd-identity-57f4bc9db9-gb7rk,57f4bc9db9,linkerd-identity,linkerd-identity.linkerd.serviceaccount.identity.linkerd.cluster.local,,,
1613873581.012,response_latency_ms_sum,,,10.1.7.224:4191,linkerd-proxy,linkerd,,linkerd-prometheus-5bccd64d4d-jzwmt,,62790,,,,,linkerd-prometheus,prometheus,linkerd,outbound,,5bccd64d4d,200,true,linkerd,10.1.7.219:9990,,linkerd,linkerd-identity,linkerd,linkerd-identity-57f4bc9db9-gb7rk,57f4bc9db9,linkerd-identity,linkerd-identity.linkerd.serviceaccount.identity.linkerd.cluster.local,,,
1613873591.011,response_latency_ms_sum,,,10.1.7.224:4191,linkerd-proxy,linkerd,,linkerd-prometheus-5bccd64d4d-jzwmt,,62795,,,,,linkerd-prometheus,prometheus,linkerd,outbound,,5bccd64d4d,200,true,linkerd,10.1.7.219:9990,,linkerd,linkerd-identity,linkerd,linkerd-identity-57f4bc9db9-gb7rk,57f4bc9db9,linkerd-identity,linkerd-identity.linkerd.serviceaccount.identity.linkerd.cluster.local,,,
1613873601.012,response_latency_ms_sum,,,10.1.7.224:4191,linkerd-proxy,linkerd,,linkerd-prometheus-5bccd64d4d-jzwmt,,62799,,,,,linkerd-prometheus,prometheus,linkerd,outbound,,5bccd64d4d,200,true,linkerd,10.1.7.219:9990,,linkerd,linkerd-identity,linkerd,linkerd-identity-57f4bc9db9-gb7rk,57f4bc9db9,linkerd-identity,linkerd-identity.linkerd.serviceaccount.identity.linkerd.cluster.local,,,
1613873611.012,response_latency_ms_sum,,,10.1.7.224:4191,linkerd-proxy,linkerd,,linkerd-prometheus-5bccd64d4d-jzwmt,,62801,,,,,linkerd-prometheus,prometheus,linkerd,outbound,,5bccd64d4d,200,true,linkerd,10.1.7.219:9990,,linkerd,linkerd-identity,linkerd,linkerd-identity-57f4bc9db9-gb7rk,57f4bc9db9,linkerd-identity,linkerd-identity.linkerd.serviceaccount.identity.linkerd.cluster.local,,,
1613873571.012,response_latency_ms_sum,,,10.1.7.224:4191,linkerd-proxy,linkerd,,linkerd-prometheus-5bccd64d4d-jzwmt,,18600,,,,,linkerd-prometheus,prometheus,linkerd,outbound,,5bccd64d4d,200,true,linkerd,10.1.7.216:4191,,linkerd,linkerd-web,linkerd,linkerd-web-b48d9c89b-49fzh,b48d9c89b,linkerd-web,linkerd-web.linkerd.serviceaccount.identity.linkerd.cluster.local,,,
1613873581.012,response_latency_ms_sum,,,10.1.7.224:4191,linkerd-proxy,linkerd,,linkerd-prometheus-5bccd64d4d-jzwmt,,18601,,,,,linkerd-prometheus,prometheus,linkerd,outbound,,5bccd64d4d,200,true,linkerd,10.1.7.216:4191,,linkerd,linkerd-web,linkerd,linkerd-web-b48d9c89b-49fzh,b48d9c89b,linkerd-web,linkerd-web.linkerd.serviceaccount.identity.linkerd.cluster.local,,,
1613873591.011,response_latency_ms_sum,,,10.1.7.224:4191,linkerd-proxy,linkerd,,linkerd-prometheus-5bccd64d4d-jzwmt,,18604,,,,,linkerd-prometheus,prometheus,linkerd,outbound,,5bccd64d4d,200,true,linkerd,10.1.7.216:4191,,linkerd,linkerd-web,linkerd,linkerd-web-b48d9c89b-49fzh,b48d9c89b,linkerd-web,linkerd-web.linkerd.serviceaccount.identity.linkerd.cluster.local,,,
1613873601.012,response_latency_ms_sum,,,10.1.7.224:4191,linkerd-proxy,linkerd,,linkerd-prometheus-5bccd64d4d-jzwmt,,18605,,,,,linkerd-prometheus,prometheus,linkerd,outbound,,5bccd64d4d,200,true,linkerd,10.1.7.216:4191,,linkerd,linkerd-web,linkerd,linkerd-web-b48d9c89b-49fzh,b48d9c89b,linkerd-web,linkerd-web.linkerd.serviceaccount.identity.linkerd.cluster.local,,,
1613873611.012,response_latency_ms_sum,,,10.1.7.224:4191,linkerd-proxy,linkerd,,linkerd-prometheus-5bccd64d4d-jzwmt,,18609,,,,,linkerd-prometheus,prometheus,linkerd,outbound,,5bccd64d4d,200,true,linkerd,10.1.7.216:4191,,linkerd,linkerd-web,linkerd,linkerd-web-b48d9c89b-49fzh,b48d9c89b,linkerd-web,linkerd-web.linkerd.serviceaccount.identity.linkerd.cluster.local,,,
1613873571.012,response_latency_ms_sum,,,10.1.7.224:4191,linkerd-proxy,linkerd,,linkerd-prometheus-5bccd64d4d-jzwmt,,32732,,,,,linkerd-prometheus,prometheus,linkerd,outbound,,5bccd64d4d,200,true,linkerd,10.1.7.219:4191,,linkerd,linkerd-identity,linkerd,linkerd-identity-57f4bc9db9-gb7rk,57f4bc9db9,linkerd-identity,linkerd-identity.linkerd.serviceaccount.identity.linkerd.cluster.local,,,
1613873581.012,response_latency_ms_sum,,,10.1.7.224:4191,linkerd-proxy,linkerd,,linkerd-prometheus-5bccd64d4d-jzwmt,,32735,,,,,linkerd-prometheus,prometheus,linkerd,outbound,,5bccd64d4d,200,true,linkerd,10.1.7.219:4191,,linkerd,linkerd-identity,linkerd,linkerd-identity-57f4bc9db9-gb7rk,57f4bc9db9,linkerd-identity,linkerd-identity.linkerd.serviceaccount.identity.linkerd.cluster.local,,,
1613873591.011,response_latency_ms_sum,,,10.1.7.224:4191,linkerd-proxy,linkerd,,linkerd-prometheus-5bccd64d4d-jzwmt,,32738,,,,,linkerd-prometheus,prometheus,linkerd,outbound,,5bccd64d4d,200,true,linkerd,10.1.7.219:4191,,linkerd,linkerd-identity,linkerd,linkerd-identity-57f4bc9db9-gb7rk,57f4bc9db9,linkerd-identity,linkerd-identity.linkerd.serviceaccount.identity.linkerd.cluster.local,,,
1613873601.012,response_latency_ms_sum,,,10.1.7.224:4191,linkerd-proxy,linkerd,,linkerd-prometheus-5bccd64d4d-jzwmt,,32742,,,,,linkerd-prometheus,prometheus,linkerd,outbound,,5bccd64d4d,200,true,linkerd,10.1.7.219:4191,,linkerd,linkerd-identity,linkerd,linkerd-identity-57f4bc9db9-gb7rk,57f4bc9db9,linkerd-identity,linkerd-identity.linkerd.serviceaccount.identity.linkerd.cluster.local,,,
1613873611.012,response_latency_ms_sum,,,10.1.7.224:4191,linkerd-proxy,linkerd,,linkerd-prometheus-5bccd64d4d-jzwmt,,32745,,,,,linkerd-prometheus,prometheus,linkerd,outbound,,5bccd64d4d,200,true,linkerd,10.1.7.219:4191,,linkerd,linkerd-identity,linkerd,linkerd-identity-57f4bc9db9-gb7rk,57f4bc9db9,linkerd-identity,linkerd-identity.linkerd.serviceaccount.identity.linkerd.cluster.local,,,
1613873571.012,response_latency_ms_sum,,,10.1.7.224:4191,linkerd-proxy,linkerd,,linkerd-prometheus-5bccd64d4d-jzwmt,,31740,,,,,linkerd-prometheus,prometheus,linkerd,outbound,,5bccd64d4d,200,true,linkerd,10.1.7.221:4191,,linkerd,linkerd-controller,linkerd,linkerd-controller-798d449c77-qk6j4,798d449c77,linkerd-controller,linkerd-controller.linkerd.serviceaccount.identity.linkerd.cluster.local,,,
1613873581.012,response_latency_ms_sum,,,10.1.7.224:4191,linkerd-proxy,linkerd,,linkerd-prometheus-5bccd64d4d-jzwmt,,31742,,,,,linkerd-prometheus,prometheus,linkerd,outbound,,5bccd64d4d,200,true,linkerd,10.1.7.221:4191,,linkerd,linkerd-controller,linkerd,linkerd-controller-798d449c77-qk6j4,798d449c77,linkerd-controller,linkerd-controller.linkerd.serviceaccount.identity.linkerd.cluster.local,,,
1613873591.011,response_latency_ms_sum,,,10.1.7.224:4191,linkerd-proxy,linkerd,,linkerd-prometheus-5bccd64d4d-jzwmt,,31748,,,,,linkerd-prometheus,prometheus,linkerd,outbound,,5bccd64d4d,200,true,linkerd,10.1.7.221:4191,,linkerd,linkerd-controller,linkerd,linkerd-controller-798d449c77-qk6j4,798d449c77,linkerd-controller,linkerd-controller.linkerd.serviceaccount.identity.linkerd.cluster.local,,,
1613873601.012,response_latency_ms_sum,,,10.1.7.224:4191,linkerd-proxy,linkerd,,linkerd-prometheus-5bccd64d4d-jzwmt,,31752,,,,,linkerd-prometheus,prometheus,linkerd,outbound,,5bccd64d4d,200,true,linkerd,10.1.7.221:4191,,linkerd,linkerd-controller,linkerd,linkerd-controller-798d449c77-qk6j4,798d449c77,linkerd-controller,linkerd-controller.linkerd.serviceaccount.identity.linkerd.cluster.local,,,
1613873611.012,response_latency_ms_sum,,,10.1.7.224:4191,linkerd-proxy,linkerd,,linkerd-prometheus-5bccd64d4d-jzwmt,,31755,,,,,linkerd-prometheus,prometheus,linkerd,outbound,,5bccd64d4d,200,true,linkerd,10.1.7.221:4191,,linkerd,linkerd-controller,linkerd,linkerd-controller-798d449c77-qk6j4,798d449c77,linkerd-controller,linkerd-controller.linkerd.serviceaccount.identity.linkerd.cluster.local,,,
1613873571.012,response_latency_ms_sum,,,10.1.7.224:4191,linkerd-proxy,linkerd,,linkerd-prometheus-5bccd64d4d-jzwmt,,55043,,,,,linkerd-prometheus,prometheus,linkerd,outbound,,5bccd64d4d,200,true,linkerd,10.1.7.218:9995,,linkerd,linkerd-proxy-injector,linkerd,linkerd-proxy-injector-666c478cbb-z7nnc,666c478cbb,linkerd-proxy-injector,linkerd-proxy-injector.linkerd.serviceaccount.identity.linkerd.cluster.local,,,
1613873581.012,response_latency_ms_sum,,,10.1.7.224:4191,linkerd-proxy,linkerd,,linkerd-prometheus-5bccd64d4d-jzwmt,,55045,,,,,linkerd-prometheus,prometheus,linkerd,outbound,,5bccd64d4d,200,true,linkerd,10.1.7.218:9995,,linkerd,linkerd-proxy-injector,linkerd,linkerd-proxy-injector-666c478cbb-z7nnc,666c478cbb,linkerd-proxy-injector,linkerd-proxy-injector.linkerd.serviceaccount.identity.linkerd.cluster.local,,,
1613873591.011,response_latency_ms_sum,,,10.1.7.224:4191,linkerd-proxy,linkerd,,linkerd-prometheus-5bccd64d4d-jzwmt,,55055,,,,,linkerd-prometheus,prometheus,linkerd,outbound,,5bccd64d4d,200,true,linkerd,10.1.7.218:9995,,linkerd,linkerd-proxy-injector,linkerd,linkerd-proxy-injector-666c478cbb-z7nnc,666c478cbb,linkerd-proxy-injector,linkerd-proxy-injector.linkerd.serviceaccount.identity.linkerd.cluster.local,,,
1613873601.012,response_latency_ms_sum,,,10.1.7.224:4191,linkerd-proxy,linkerd,,linkerd-prometheus-5bccd64d4d-jzwmt,,55058,,,,,linkerd-prometheus,prometheus,linkerd,outbound,,5bccd64d4d,200,true,linkerd,10.1.7.218:9995,,linkerd,linkerd-proxy-injector,linkerd,linkerd-proxy-injector-666c478cbb-z7nnc,666c478cbb,linkerd-proxy-injector,linkerd-proxy-injector.linkerd.serviceaccount.identity.linkerd.cluster.local,,,
1613873611.012,response_latency_ms_sum,,,10.1.7.224:4191,linkerd-proxy,linkerd,,linkerd-prometheus-5bccd64d4d-jzwmt,,55061,,,,,linkerd-prometheus,prometheus,linkerd,outbound,,5bccd64d4d,200,true,linkerd,10.1.7.218:9995,,linkerd,linkerd-proxy-injector,linkerd,linkerd-proxy-injector-666c478cbb-z7nnc,666c478cbb,linkerd-proxy-injector,linkerd-proxy-injector.linkerd.serviceaccount.identity.linkerd.cluster.local,,,
1613873571.012,response_latency_ms_sum,,,10.1.7.224:4191,linkerd-proxy,linkerd,,linkerd-prometheus-5bccd64d4d-jzwmt,,55792,,,,,linkerd-prometheus,prometheus,linkerd,outbound,,5bccd64d4d,200,true,linkerd,10.1.7.222:9998,,linkerd,linkerd-tap,linkerd,linkerd-tap-75785bb98d-dvlv2,75785bb98d,linkerd-tap,linkerd-tap.linkerd.serviceaccount.identity.linkerd.cluster.local,,,
1613873581.012,response_latency_ms_sum,,,10.1.7.224:4191,linkerd-proxy,linkerd,,linkerd-prometheus-5bccd64d4d-jzwmt,,55795,,,,,linkerd-prometheus,prometheus,linkerd,outbound,,5bccd64d4d,200,true,linkerd,10.1.7.222:9998,,linkerd,linkerd-tap,linkerd,linkerd-tap-75785bb98d-dvlv2,75785bb98d,linkerd-tap,linkerd-tap.linkerd.serviceaccount.identity.linkerd.cluster.local,,,
1613873591.011,response_latency_ms_sum,,,10.1.7.224:4191,linkerd-proxy,linkerd,,linkerd-prometheus-5bccd64d4d-jzwmt,,55800,,,,,linkerd-prometheus,prometheus,linkerd,outbound,,5bccd64d4d,200,true,linkerd,10.1.7.222:9998,,linkerd,linkerd-tap,linkerd,linkerd-tap-75785bb98d-dvlv2,75785bb98d,linkerd-tap,linkerd-tap.linkerd.serviceaccount.identity.linkerd.cluster.local,,,
1613873601.012,response_latency_ms_sum,,,10.1.7.224:4191,linkerd-proxy,linkerd,,linkerd-prometheus-5bccd64d4d-jzwmt,,55803,,,,,linkerd-prometheus,prometheus,linkerd,outbound,,5bccd64d4d,200,true,linkerd,10.1.7.222:9998,,linkerd,linkerd-tap,linkerd,linkerd-tap-75785bb98d-dvlv2,75785bb98d,linkerd-tap,linkerd-tap.linkerd.serviceaccount.identity.linkerd.cluster.local,,,
1613873611.012,response_latency_ms_sum,,,10.1.7.224:4191,linkerd-proxy,linkerd,,linkerd-prometheus-5bccd64d4d-jzwmt,,55808,,,,,linkerd-prometheus,prometheus,linkerd,outbound,,5bccd64d4d,200,true,linkerd,10.1.7.222:9998,,linkerd,linkerd-tap,linkerd,linkerd-tap-75785bb98d-dvlv2,75785bb98d,linkerd-tap,linkerd-tap.linkerd.serviceaccount.identity.linkerd.cluster.local,,,
1613873568.136,response_latency_ms_sum,,,10.1.7.217:4191,linkerd-proxy,linkerd,,linkerd-destination-654f8848f5-4tr7b,,0,,,,,linkerd-destination,destination,linkerd,inbound,,654f8848f5,200,true,linkerd,linkerd-dst-headless.linkerd.svc.cluster.local:8086,linkerd-controller.linkerd.serviceaccount.identity.linkerd.cluster.local,,,,,,,,,,
1613873578.136,response_latency_ms_sum,,,10.1.7.217:4191,linkerd-proxy,linkerd,,linkerd-destination-654f8848f5-4tr7b,,0,,,,,linkerd-destination,destination,linkerd,inbound,,654f8848f5,200,true,linkerd,linkerd-dst-headless.linkerd.svc.cluster.local:8086,linkerd-controller.linkerd.serviceaccount.identity.linkerd.cluster.local,,,,,,,,,,
1613873588.136,response_latency_ms_sum,,,10.1.7.217:4191,linkerd-proxy,linkerd,,linkerd-destination-654f8848f5-4tr7b,,0,,,,,linkerd-destination,destination,linkerd,inbound,,654f8848f5,200,true,linkerd,linkerd-dst-headless.linkerd.svc.cluster.local:8086,linkerd-controller.linkerd.serviceaccount.identity.linkerd.cluster.local,,,,,,,,,,
1613873598.136,response_latency_ms_sum,,,10.1.7.217:4191,linkerd-proxy,linkerd,,linkerd-destination-654f8848f5-4tr7b,,0,,,,,linkerd-destination,destination,linkerd,inbound,,654f8848f5,200,true,linkerd,linkerd-dst-headless.linkerd.svc.cluster.local:8086,linkerd-controller.linkerd.serviceaccount.identity.linkerd.cluster.local,,,,,,,,,,
1613873608.137,response_latency_ms_sum,,,10.1.7.217:4191,linkerd-proxy,linkerd,,linkerd-destination-654f8848f5-4tr7b,,0,,,,,linkerd-destination,destination,linkerd,inbound,,654f8848f5,200,true,linkerd,linkerd-dst-headless.linkerd.svc.cluster.local:8086,linkerd-controller.linkerd.serviceaccount.identity.linkerd.cluster.local,,,,,,,,,,
1613873618.136,response_latency_ms_sum,,,10.1.7.217:4191,linkerd-proxy,linkerd,,linkerd-destination-654f8848f5-4tr7b,,0,,,,,linkerd-destination,destination,linkerd,inbound,,654f8848f5,200,true,linkerd,linkerd-dst-headless.linkerd.svc.cluster.local:8086,linkerd-controller.linkerd.serviceaccount.identity.linkerd.cluster.local,,,,,,,,,,
1613873568.136,response_latency_ms_sum,,,10.1.7.217:4191,linkerd-proxy,linkerd,,linkerd-destination-654f8848f5-4tr7b,,1802,,,,,linkerd-destination,destination,linkerd,inbound,,654f8848f5,200,true,linkerd,linkerd-dst-headless.linkerd.svc.cluster.local:8086,linkerd-identity.linkerd.serviceaccount.identity.linkerd.cluster.local,,,,,,,,,,
1613873578.136,response_latency_ms_sum,,,10.1.7.217:4191,linkerd-proxy,linkerd,,linkerd-destination-654f8848f5-4tr7b,,1802,,,,,linkerd-destination,destination,linkerd,inbound,,654f8848f5,200,true,linkerd,linkerd-dst-headless.linkerd.svc.cluster.local:8086,linkerd-identity.linkerd.serviceaccount.identity.linkerd.cluster.local,,,,,,,,,,
1613873588.136,response_latency_ms_sum,,,10.1.7.217:4191,linkerd-proxy,linkerd,,linkerd-destination-654f8848f5-4tr7b,,1802,,,,,linkerd-destination,destination,linkerd,inbound,,654f8848f5,200,true,linkerd,linkerd-dst-headless.linkerd.svc.cluster.local:8086,linkerd-identity.linkerd.serviceaccount.identity.linkerd.cluster.local,,,,,,,,,,
1613873598.136,response_latency_ms_sum,,,10.1.7.217:4191,linkerd-proxy,linkerd,,linkerd-destination-654f8848f5-4tr7b,,1802,,,,,linkerd-destination,destination,linkerd,inbound,,654f8848f5,200,true,linkerd,linkerd-dst-headless.linkerd.svc.cluster.local:8086,linkerd-identity.linkerd.serviceaccount.identity.linkerd.cluster.local,,,,,,,,,,
1613873608.137,response_latency_ms_sum,,,10.1.7.217:4191,linkerd-proxy,linkerd,,linkerd-destination-654f8848f5-4tr7b,,1802,,,,,linkerd-destination,destination,linkerd,inbound,,654f8848f5,200,true,linkerd,linkerd-dst-headless.linkerd.svc.cluster.local:8086,linkerd-identity.linkerd.serviceaccount.identity.linkerd.cluster.local,,,,,,,,,,
1613873618.136,response_latency_ms_sum,,,10.1.7.217:4191,linkerd-proxy,linkerd,,linkerd-destination-654f8848f5-4tr7b,,1802,,,,,linkerd-destination,destination,linkerd,inbound,,654f8848f5,200,true,linkerd,linkerd-dst-headless.linkerd.svc.cluster.local:8086,linkerd-identity.linkerd.serviceaccount.identity.linkerd.cluster.local,,,,,,,,,,
1613873568.136,response_latency_ms_sum,,,10.1.7.217:4191,linkerd-proxy,linkerd,,linkerd-destination-654f8848f5-4tr7b,,80247217,,,,,linkerd-destination,destination,linkerd,inbound,,654f8848f5,200,true,linkerd,linkerd-dst-headless.linkerd.svc.cluster.local:8086,default.robot-shop.serviceaccount.identity.linkerd.cluster.local,,,,,,,,,,
1613873578.136,response_latency_ms_sum,,,10.1.7.217:4191,linkerd-proxy,linkerd,,linkerd-destination-654f8848f5-4tr7b,,80247817,,,,,linkerd-destination,destination,linkerd,inbound,,654f8848f5,200,true,linkerd,linkerd-dst-headless.linkerd.svc.cluster.local:8086,default.robot-shop.serviceaccount.identity.linkerd.cluster.local,,,,,,,,,,
1613873588.136,response_latency_ms_sum,,,10.1.7.217:4191,linkerd-proxy,linkerd,,linkerd-destination-654f8848f5-4tr7b,,80254450,,,,,linkerd-destination,destination,linkerd,inbound,,654f8848f5,200,true,linkerd,linkerd-dst-headless.linkerd.svc.cluster.local:8086,default.robot-shop.serviceaccount.identity.linkerd.cluster.local,,,,,,,,,,
1613873598.136,response_latency_ms_sum,,,10.1.7.217:4191,linkerd-proxy,linkerd,,linkerd-destination-654f8848f5-4tr7b,,80259454,,,,,linkerd-destination,destination,linkerd,inbound,,654f8848f5,200,true,linkerd,linkerd-dst-headless.linkerd.svc.cluster.local:8086,default.robot-shop.serviceaccount.identity.linkerd.cluster.local,,,,,,,,,,
1613873608.137,response_latency_ms_sum,,,10.1.7.217:4191,linkerd-proxy,linkerd,,linkerd-destination-654f8848f5-4tr7b,,80262440,,,,,linkerd-destination,destination,linkerd,inbound,,654f8848f5,200,true,linkerd,linkerd-dst-headless.linkerd.svc.cluster.local:8086,default.robot-shop.serviceaccount.identity.linkerd.cluster.local,,,,,,,,,,
1613873618.136,response_latency_ms_sum,,,10.1.7.217:4191,linkerd-proxy,linkerd,,linkerd-destination-654f8848f5-4tr7b,,80269316,,,,,linkerd-destination,destination,linkerd,inbound,,654f8848f5,200,true,linkerd,linkerd-dst-headless.linkerd.svc.cluster.local:8086,default.robot-shop.serviceaccount.identity.linkerd.cluster.local,,,,,,,,,,
1613873571.012,response_latency_ms_sum,,,10.1.7.224:4191,linkerd-proxy,linkerd,,linkerd-prometheus-5bccd64d4d-jzwmt,,15271,,,,,linkerd-prometheus,prometheus,linkerd,inbound,no_tls_from_remote,5bccd64d4d,200,no_identity,linkerd,localhost:31275,,,,,,,,,,,
1613873581.012,response_latency_ms_sum,,,10.1.7.224:4191,linkerd-proxy,linkerd,,linkerd-prometheus-5bccd64d4d-jzwmt,,15271,,,,,linkerd-prometheus,prometheus,linkerd,inbound,no_tls_from_remote,5bccd64d4d,200,no_identity,linkerd,localhost:31275,,,,,,,,,,,
1613873591.011,response_latency_ms_sum,,,10.1.7.224:4191,linkerd-proxy,linkerd,,linkerd-prometheus-5bccd64d4d-jzwmt,,15271,,,,,linkerd-prometheus,prometheus,linkerd,inbound,no_tls_from_remote,5bccd64d4d,200,no_identity,linkerd,localhost:31275,,,,,,,,,,,
1613873601.012,response_latency_ms_sum,,,10.1.7.224:4191,linkerd-proxy,linkerd,,linkerd-prometheus-5bccd64d4d-jzwmt,,15271,,,,,linkerd-prometheus,prometheus,linkerd,inbound,no_tls_from_remote,5bccd64d4d,200,no_identity,linkerd,localhost:31275,,,,,,,,,,,
1613873611.012,response_latency_ms_sum,,,10.1.7.224:4191,linkerd-proxy,linkerd,,linkerd-prometheus-5bccd64d4d-jzwmt,,15271,,,,,linkerd-prometheus,prometheus,linkerd,inbound,no_tls_from_remote,5bccd64d4d,200,no_identity,linkerd,localhost:31275,,,,,,,,,,,
1613873570.094,response_latency_ms_sum,,,10.1.7.218:4191,linkerd-proxy,linkerd,,linkerd-proxy-injector-666c478cbb-z7nnc,,0,,,,,linkerd-proxy-injector,proxy-injector,linkerd,inbound,no_tls_from_remote,666c478cbb,,no_identity,linkerd,,,,,,,,,,,,
1613873580.094,response_latency_ms_sum,,,10.1.7.218:4191,linkerd-proxy,linkerd,,linkerd-proxy-injector-666c478cbb-z7nnc,,0,,,,,linkerd-proxy-injector,proxy-injector,linkerd,inbound,no_tls_from_remote,666c478cbb,,no_identity,linkerd,,,,,,,,,,,,
1613873590.094,response_latency_ms_sum,,,10.1.7.218:4191,linkerd-proxy,linkerd,,linkerd-proxy-injector-666c478cbb-z7nnc,,0,,,,,linkerd-proxy-injector,proxy-injector,linkerd,inbound,no_tls_from_remote,666c478cbb,,no_identity,linkerd,,,,,,,,,,,,
1613873600.094,response_latency_ms_sum,,,10.1.7.218:4191,linkerd-proxy,linkerd,,linkerd-proxy-injector-666c478cbb-z7nnc,,0,,,,,linkerd-proxy-injector,proxy-injector,linkerd,inbound,no_tls_from_remote,666c478cbb,,no_identity,linkerd,,,,,,,,,,,,
1613873610.094,response_latency_ms_sum,,,10.1.7.218:4191,linkerd-proxy,linkerd,,linkerd-proxy-injector-666c478cbb-z7nnc,,0,,,,,linkerd-proxy-injector,proxy-injector,linkerd,inbound,no_tls_from_remote,666c478cbb,,no_identity,linkerd,,,,,,,,,,,,
1613873620.095,response_latency_ms_sum,,,10.1.7.218:4191,linkerd-proxy,linkerd,,linkerd-proxy-injector-666c478cbb-z7nnc,,0,,,,,linkerd-proxy-injector,proxy-injector,linkerd,inbound,no_tls_from_remote,666c478cbb,,no_identity,linkerd,,,,,,,,,,,,
1613873568.705,response_latency_ms_sum,,,10.1.7.222:4191,linkerd-proxy,linkerd,,linkerd-tap-75785bb98d-dvlv2,,0,,,,,linkerd-tap,tap,linkerd,inbound,no_tls_from_remote,75785bb98d,,no_identity,linkerd,,,,,,,,,,,,
1613873578.705,response_latency_ms_sum,,,10.1.7.222:4191,linkerd-proxy,linkerd,,linkerd-tap-75785bb98d-dvlv2,,0,,,,,linkerd-tap,tap,linkerd,inbound,no_tls_from_remote,75785bb98d,,no_identity,linkerd,,,,,,,,,,,,
1613873588.705,response_latency_ms_sum,,,10.1.7.222:4191,linkerd-proxy,linkerd,,linkerd-tap-75785bb98d-dvlv2,,0,,,,,linkerd-tap,tap,linkerd,inbound,no_tls_from_remote,75785bb98d,,no_identity,linkerd,,,,,,,,,,,,
1613873598.705,response_latency_ms_sum,,,10.1.7.222:4191,linkerd-proxy,linkerd,,linkerd-tap-75785bb98d-dvlv2,,0,,,,,linkerd-tap,tap,linkerd,inbound,no_tls_from_remote,75785bb98d,,no_identity,linkerd,,,,,,,,,,,,
1613873608.705,response_latency_ms_sum,,,10.1.7.222:4191,linkerd-proxy,linkerd,,linkerd-tap-75785bb98d-dvlv2,,0,,,,,linkerd-tap,tap,linkerd,inbound,no_tls_from_remote,75785bb98d,,no_identity,linkerd,,,,,,,,,,,,
1613873618.705,response_latency_ms_sum,,,10.1.7.222:4191,linkerd-proxy,linkerd,,linkerd-tap-75785bb98d-dvlv2,,0,,,,,linkerd-tap,tap,linkerd,inbound,no_tls_from_remote,75785bb98d,,no_identity,linkerd,,,,,,,,,,,,
1613873569.694,response_latency_ms_sum,,,10.1.7.220:4191,linkerd-proxy,linkerd,,linkerd-sp-validator-77d978fbd9-zk8mm,,0,,,,,linkerd-sp-validator,sp-validator,linkerd,inbound,no_tls_from_remote,77d978fbd9,,no_identity,linkerd,,,,,,,,,,,,
1613873579.695,response_latency_ms_sum,,,10.1.7.220:4191,linkerd-proxy,linkerd,,linkerd-sp-validator-77d978fbd9-zk8mm,,0,,,,,linkerd-sp-validator,sp-validator,linkerd,inbound,no_tls_from_remote,77d978fbd9,,no_identity,linkerd,,,,,,,,,,,,
1613873589.695,response_latency_ms_sum,,,10.1.7.220:4191,linkerd-proxy,linkerd,,linkerd-sp-validator-77d978fbd9-zk8mm,,0,,,,,linkerd-sp-validator,sp-validator,linkerd,inbound,no_tls_from_remote,77d978fbd9,,no_identity,linkerd,,,,,,,,,,,,
1613873599.694,response_latency_ms_sum,,,10.1.7.220:4191,linkerd-proxy,linkerd,,linkerd-sp-validator-77d978fbd9-zk8mm,,0,,,,,linkerd-sp-validator,sp-validator,linkerd,inbound,no_tls_from_remote,77d978fbd9,,no_identity,linkerd,,,,,,,,,,,,
1613873609.694,response_latency_ms_sum,,,10.1.7.220:4191,linkerd-proxy,linkerd,,linkerd-sp-validator-77d978fbd9-zk8mm,,0,,,,,linkerd-sp-validator,sp-validator,linkerd,inbound,no_tls_from_remote,77d978fbd9,,no_identity,linkerd,,,,,,,,,,,,
1613873619.694,response_latency_ms_sum,,,10.1.7.220:4191,linkerd-proxy,linkerd,,linkerd-sp-validator-77d978fbd9-zk8mm,,0,,,,,linkerd-sp-validator,sp-validator,linkerd,inbound,no_tls_from_remote,77d978fbd9,,no_identity,linkerd,,,,,,,,,,,,
1613873571.012,response_latency_ms_sum,,,10.1.7.224:4191,linkerd-proxy,linkerd,,linkerd-prometheus-5bccd64d4d-jzwmt,,4943,,,,,linkerd-prometheus,prometheus,linkerd,outbound,,5bccd64d4d,200,true,linkerd,10.1.16.4:4191,,linkerd,mongodb,robot-shop,mongodb-7fcc49887c-cg2k7,7fcc49887c,default,default.robot-shop.serviceaccount.identity.linkerd.cluster.local,,,
1613873581.012,response_latency_ms_sum,,,10.1.7.224:4191,linkerd-proxy,linkerd,,linkerd-prometheus-5bccd64d4d-jzwmt,,4945,,,,,linkerd-prometheus,prometheus,linkerd,outbound,,5bccd64d4d,200,true,linkerd,10.1.16.4:4191,,linkerd,mongodb,robot-shop,mongodb-7fcc49887c-cg2k7,7fcc49887c,default,default.robot-shop.serviceaccount.identity.linkerd.cluster.local,,,
1613873591.011,response_latency_ms_sum,,,10.1.7.224:4191,linkerd-proxy,linkerd,,linkerd-prometheus-5bccd64d4d-jzwmt,,4946,,,,,linkerd-prometheus,prometheus,linkerd,outbound,,5bccd64d4d,200,true,linkerd,10.1.16.4:4191,,linkerd,mongodb,robot-shop,mongodb-7fcc49887c-cg2k7,7fcc49887c,default,default.robot-shop.serviceaccount.identity.linkerd.cluster.local,,,
1613873601.012,response_latency_ms_sum,,,10.1.7.224:4191,linkerd-proxy,linkerd,,linkerd-prometheus-5bccd64d4d-jzwmt,,4947,,,,,linkerd-prometheus,prometheus,linkerd,outbound,,5bccd64d4d,200,true,linkerd,10.1.16.4:4191,,linkerd,mongodb,robot-shop,mongodb-7fcc49887c-cg2k7,7fcc49887c,default,default.robot-shop.serviceaccount.identity.linkerd.cluster.local,,,
1613873611.012,response_latency_ms_sum,,,10.1.7.224:4191,linkerd-proxy,linkerd,,linkerd-prometheus-5bccd64d4d-jzwmt,,4950,,,,,linkerd-prometheus,prometheus,linkerd,outbound,,5bccd64d4d,200,true,linkerd,10.1.16.4:4191,,linkerd,mongodb,robot-shop,mongodb-7fcc49887c-cg2k7,7fcc49887c,default,default.robot-shop.serviceaccount.identity.linkerd.cluster.local,,,
1613873571.012,response_latency_ms_sum,,,10.1.7.224:4191,linkerd-proxy,linkerd,,linkerd-prometheus-5bccd64d4d-jzwmt,,4329,,,,,linkerd-prometheus,prometheus,linkerd,outbound,,5bccd64d4d,200,true,linkerd,10.1.16.6:4191,,linkerd,mysql,robot-shop,mysql-6fbdd859fd-swpgv,6fbdd859fd,default,default.robot-shop.serviceaccount.identity.linkerd.cluster.local,,,
1613873581.012,response_latency_ms_sum,,,10.1.7.224:4191,linkerd-proxy,linkerd,,linkerd-prometheus-5bccd64d4d-jzwmt,,4330,,,,,linkerd-prometheus,prometheus,linkerd,outbound,,5bccd64d4d,200,true,linkerd,10.1.16.6:4191,,linkerd,mysql,robot-shop,mysql-6fbdd859fd-swpgv,6fbdd859fd,default,default.robot-shop.serviceaccount.identity.linkerd.cluster.local,,,
1613873591.011,response_latency_ms_sum,,,10.1.7.224:4191,linkerd-proxy,linkerd,,linkerd-prometheus-5bccd64d4d-jzwmt,,4331,,,,,linkerd-prometheus,prometheus,linkerd,outbound,,5bccd64d4d,200,true,linkerd,10.1.16.6:4191,,linkerd,mysql,robot-shop,mysql-6fbdd859fd-swpgv,6fbdd859fd,default,default.robot-shop.serviceaccount.identity.linkerd.cluster.local,,,
1613873601.012,response_latency_ms_sum,,,10.1.7.224:4191,linkerd-proxy,linkerd,,linkerd-prometheus-5bccd64d4d-jzwmt,,4332,,,,,linkerd-prometheus,prometheus,linkerd,outbound,,5bccd64d4d,200,true,linkerd,10.1.16.6:4191,,linkerd,mysql,robot-shop,mysql-6fbdd859fd-swpgv,6fbdd859fd,default,default.robot-shop.serviceaccount.identity.linkerd.cluster.local,,,
1613873611.012,response_latency_ms_sum,,,10.1.7.224:4191,linkerd-proxy,linkerd,,linkerd-prometheus-5bccd64d4d-jzwmt,,4333,,,,,linkerd-prometheus,prometheus,linkerd,outbound,,5bccd64d4d,200,true,linkerd,10.1.16.6:4191,,linkerd,mysql,robot-shop,mysql-6fbdd859fd-swpgv,6fbdd859fd,default,default.robot-shop.serviceaccount.identity.linkerd.cluster.local,,,
1613873571.012,response_latency_ms_sum,,,10.1.7.224:4191,linkerd-proxy,linkerd,,linkerd-prometheus-5bccd64d4d-jzwmt,,4691,,,,,linkerd-prometheus,prometheus,linkerd,outbound,,5bccd64d4d,200,true,linkerd,10.1.16.1:4191,,linkerd,,robot-shop,redis-0,,default,default.robot-shop.serviceaccount.identity.linkerd.cluster.local,redis,,
1613873581.012,response_latency_ms_sum,,,10.1.7.224:4191,linkerd-proxy,linkerd,,linkerd-prometheus-5bccd64d4d-jzwmt,,4692,,,,,linkerd-prometheus,prometheus,linkerd,outbound,,5bccd64d4d,200,true,linkerd,10.1.16.1:4191,,linkerd,,robot-shop,redis-0,,default,default.robot-shop.serviceaccount.identity.linkerd.cluster.local,redis,,
1613873591.011,response_latency_ms_sum,,,10.1.7.224:4191,linkerd-proxy,linkerd,,linkerd-prometheus-5bccd64d4d-jzwmt,,4695,,,,,linkerd-prometheus,prometheus,linkerd,outbound,,5bccd64d4d,200,true,linkerd,10.1.16.1:4191,,linkerd,,robot-shop,redis-0,,default,default.robot-shop.serviceaccount.identity.linkerd.cluster.local,redis,,
1613873601.012,response_latency_ms_sum,,,10.1.7.224:4191,linkerd-proxy,linkerd,,linkerd-prometheus-5bccd64d4d-jzwmt,,4696,,,,,linkerd-prometheus,prometheus,linkerd,outbound,,5bccd64d4d,200,true,linkerd,10.1.16.1:4191,,linkerd,,robot-shop,redis-0,,default,default.robot-shop.serviceaccount.identity.linkerd.cluster.local,redis,,
1613873611.012,response_latency_ms_sum,,,10.1.7.224:4191,linkerd-proxy,linkerd,,linkerd-prometheus-5bccd64d4d-jzwmt,,4698,,,,,linkerd-prometheus,prometheus,linkerd,outbound,,5bccd64d4d,200,true,linkerd,10.1.16.1:4191,,linkerd,,robot-shop,redis-0,,default,default.robot-shop.serviceaccount.identity.linkerd.cluster.local,redis,,
1613873571.012,response_latency_ms_sum,,,10.1.7.224:4191,linkerd-proxy,linkerd,,linkerd-prometheus-5bccd64d4d-jzwmt,,3193,,,,,linkerd-prometheus,prometheus,linkerd,outbound,,5bccd64d4d,200,true,linkerd,10.1.15.254:4191,,linkerd,rabbitmq,robot-shop,rabbitmq-86f8d8c475-779sq,86f8d8c475,default,default.robot-shop.serviceaccount.identity.linkerd.cluster.local,,,
1613873581.012,response_latency_ms_sum,,,10.1.7.224:4191,linkerd-proxy,linkerd,,linkerd-prometheus-5bccd64d4d-jzwmt,,3194,,,,,linkerd-prometheus,prometheus,linkerd,outbound,,5bccd64d4d,200,true,linkerd,10.1.15.254:4191,,linkerd,rabbitmq,robot-shop,rabbitmq-86f8d8c475-779sq,86f8d8c475,default,default.robot-shop.serviceaccount.identity.linkerd.cluster.local,,,
1613873591.011,response_latency_ms_sum,,,10.1.7.224:4191,linkerd-proxy,linkerd,,linkerd-prometheus-5bccd64d4d-jzwmt,,3196,,,,,linkerd-prometheus,prometheus,linkerd,outbound,,5bccd64d4d,200,true,linkerd,10.1.15.254:4191,,linkerd,rabbitmq,robot-shop,rabbitmq-86f8d8c475-779sq,86f8d8c475,default,default.robot-shop.serviceaccount.identity.linkerd.cluster.local,,,
1613873601.012,response_latency_ms_sum,,,10.1.7.224:4191,linkerd-proxy,linkerd,,linkerd-prometheus-5bccd64d4d-jzwmt,,3196,,,,,linkerd-prometheus,prometheus,linkerd,outbound,,5bccd64d4d,200,true,linkerd,10.1.15.254:4191,,linkerd,rabbitmq,robot-shop,rabbitmq-86f8d8c475-779sq,86f8d8c475,default,default.robot-shop.serviceaccount.identity.linkerd.cluster.local,,,
1613873611.012,response_latency_ms_sum,,,10.1.7.224:4191,linkerd-proxy,linkerd,,linkerd-prometheus-5bccd64d4d-jzwmt,,3198,,,,,linkerd-prometheus,prometheus,linkerd,outbound,,5bccd64d4d,200,true,linkerd,10.1.15.254:4191,,linkerd,rabbitmq,robot-shop,rabbitmq-86f8d8c475-779sq,86f8d8c475,default,default.robot-shop.serviceaccount.identity.linkerd.cluster.local,,,
1613873571.012,response_latency_ms_sum,,,10.1.7.224:4191,linkerd-proxy,linkerd,,linkerd-prometheus-5bccd64d4d-jzwmt,,0,,,,,linkerd-prometheus,prometheus,linkerd,inbound,no_tls_from_remote,5bccd64d4d,,no_identity,linkerd,localhost:31275,,,,,,,,,,,
1613873581.012,response_latency_ms_sum,,,10.1.7.224:4191,linkerd-proxy,linkerd,,linkerd-prometheus-5bccd64d4d-jzwmt,,0,,,,,linkerd-prometheus,prometheus,linkerd,inbound,no_tls_from_remote,5bccd64d4d,,no_identity,linkerd,localhost:31275,,,,,,,,,,,
1613873591.011,response_latency_ms_sum,,,10.1.7.224:4191,linkerd-proxy,linkerd,,linkerd-prometheus-5bccd64d4d-jzwmt,,0,,,,,linkerd-prometheus,prometheus,linkerd,inbound,no_tls_from_remote,5bccd64d4d,,no_identity,linkerd,localhost:31275,,,,,,,,,,,
1613873601.012,response_latency_ms_sum,,,10.1.7.224:4191,linkerd-proxy,linkerd,,linkerd-prometheus-5bccd64d4d-jzwmt,,0,,,,,linkerd-prometheus,prometheus,linkerd,inbound,no_tls_from_remote,5bccd64d4d,,no_identity,linkerd,localhost:31275,,,,,,,,,,,
1613873611.012,response_latency_ms_sum,,,10.1.7.224:4191,linkerd-proxy,linkerd,,linkerd-prometheus-5bccd64d4d-jzwmt,,0,,,,,linkerd-prometheus,prometheus,linkerd,inbound,no_tls_from_remote,5bccd64d4d,,no_identity,linkerd,localhost:31275,,,,,,,,,,,
1613873571.012,response_latency_ms_sum,,,10.1.7.224:4191,linkerd-proxy,linkerd,,linkerd-prometheus-5bccd64d4d-jzwmt,,0,,,,,linkerd-prometheus,prometheus,linkerd,inbound,no_tls_from_remote,5bccd64d4d,,no_identity,linkerd,,,,,,,,,,,,
1613873581.012,response_latency_ms_sum,,,10.1.7.224:4191,linkerd-proxy,linkerd,,linkerd-prometheus-5bccd64d4d-jzwmt,,0,,,,,linkerd-prometheus,prometheus,linkerd,inbound,no_tls_from_remote,5bccd64d4d,,no_identity,linkerd,,,,,,,,,,,,
1613873591.011,response_latency_ms_sum,,,10.1.7.224:4191,linkerd-proxy,linkerd,,linkerd-prometheus-5bccd64d4d-jzwmt,,0,,,,,linkerd-prometheus,prometheus,linkerd,inbound,no_tls_from_remote,5bccd64d4d,,no_identity,linkerd,,,,,,,,,,,,
1613873601.012,response_latency_ms_sum,,,10.1.7.224:4191,linkerd-proxy,linkerd,,linkerd-prometheus-5bccd64d4d-jzwmt,,0,,,,,linkerd-prometheus,prometheus,linkerd,inbound,no_tls_from_remote,5bccd64d4d,,no_identity,linkerd,,,,,,,,,,,,
1613873611.012,response_latency_ms_sum,,,10.1.7.224:4191,linkerd-proxy,linkerd,,linkerd-prometheus-5bccd64d4d-jzwmt,,0,,,,,linkerd-prometheus,prometheus,linkerd,inbound,no_tls_from_remote,5bccd64d4d,,no_identity,linkerd,,,,,,,,,,,,
1613873571.012,response_latency_ms_sum,,,10.1.7.224:4191,linkerd-proxy,linkerd,,linkerd-prometheus-5bccd64d4d-jzwmt,,418,,,,,linkerd-prometheus,prometheus,linkerd,outbound,,5bccd64d4d,200,true,linkerd,10.1.18.165:4191,,linkerd,shipping,robot-shop,shipping-7574b7f599-jgmvm,7574b7f599,default,default.robot-shop.serviceaccount.identity.linkerd.cluster.local,,,
1613873581.012,response_latency_ms_sum,,,10.1.7.224:4191,linkerd-proxy,linkerd,,linkerd-prometheus-5bccd64d4d-jzwmt,,418,,,,,linkerd-prometheus,prometheus,linkerd,outbound,,5bccd64d4d,200,true,linkerd,10.1.18.165:4191,,linkerd,shipping,robot-shop,shipping-7574b7f599-jgmvm,7574b7f599,default,default.robot-shop.serviceaccount.identity.linkerd.cluster.local,,,
1613873591.011,response_latency_ms_sum,,,10.1.7.224:4191,linkerd-proxy,linkerd,,linkerd-prometheus-5bccd64d4d-jzwmt,,418,,,,,linkerd-prometheus,prometheus,linkerd,outbound,,5bccd64d4d,200,true,linkerd,10.1.18.165:4191,,linkerd,shipping,robot-shop,shipping-7574b7f599-jgmvm,7574b7f599,default,default.robot-shop.serviceaccount.identity.linkerd.cluster.local,,,
1613873563.651,response_latency_ms_sum,,,10.1.18.187:4191,linkerd-proxy,robot-shop,,payment-568954696b-mvlb7,payment,0,,,,,payment,,linkerd,outbound,not_provided_by_service_discovery,568954696b,,no_identity,robot-shop,10.1.0.1:42699,,,,,,,,,,prod,
1613873573.651,response_latency_ms_sum,,,10.1.18.187:4191,linkerd-proxy,robot-shop,,payment-568954696b-mvlb7,payment,0,,,,,payment,,linkerd,outbound,not_provided_by_service_discovery,568954696b,,no_identity,robot-shop,10.1.0.1:42699,,,,,,,,,,prod,
1613873583.651,response_latency_ms_sum,,,10.1.18.187:4191,linkerd-proxy,robot-shop,,payment-568954696b-mvlb7,payment,0,,,,,payment,,linkerd,outbound,not_provided_by_service_discovery,568954696b,,no_identity,robot-shop,10.1.0.1:42699,,,,,,,,,,prod,
1613873593.651,response_latency_ms_sum,,,10.1.18.187:4191,linkerd-proxy,robot-shop,,payment-568954696b-mvlb7,payment,0,,,,,payment,,linkerd,outbound,not_provided_by_service_discovery,568954696b,,no_identity,robot-shop,10.1.0.1:42699,,,,,,,,,,prod,
1613873603.651,response_latency_ms_sum,,,10.1.18.187:4191,linkerd-proxy,robot-shop,,payment-568954696b-mvlb7,payment,0,,,,,payment,,linkerd,outbound,not_provided_by_service_discovery,568954696b,,no_identity,robot-shop,10.1.0.1:42699,,,,,,,,,,prod,
1613873613.651,response_latency_ms_sum,,,10.1.18.187:4191,linkerd-proxy,robot-shop,,payment-568954696b-mvlb7,payment,0,,,,,payment,,linkerd,outbound,not_provided_by_service_discovery,568954696b,,no_identity,robot-shop,10.1.0.1:42699,,,,,,,,,,prod,
1613873571.377,response_latency_ms_sum,,,10.1.18.190:4191,linkerd-proxy,robot-shop,,user-5bc66cc67d-7h8d6,user,0,,,,,user,,linkerd,outbound,not_provided_by_service_discovery,5bc66cc67d,,no_identity,robot-shop,10.1.0.1:42699,,,,,,,,,,,
1613873581.379,response_latency_ms_sum,,,10.1.18.190:4191,linkerd-proxy,robot-shop,,user-5bc66cc67d-7h8d6,user,0,,,,,user,,linkerd,outbound,not_provided_by_service_discovery,5bc66cc67d,,no_identity,robot-shop,10.1.0.1:42699,,,,,,,,,,,
1613873591.377,response_latency_ms_sum,,,10.1.18.190:4191,linkerd-proxy,robot-shop,,user-5bc66cc67d-7h8d6,user,0,,,,,user,,linkerd,outbound,not_provided_by_service_discovery,5bc66cc67d,,no_identity,robot-shop,10.1.0.1:42699,,,,,,,,,,,
1613873601.377,response_latency_ms_sum,,,10.1.18.190:4191,linkerd-proxy,robot-shop,,user-5bc66cc67d-7h8d6,user,0,,,,,user,,linkerd,outbound,not_provided_by_service_discovery,5bc66cc67d,,no_identity,robot-shop,10.1.0.1:42699,,,,,,,,,,,
1613873611.377,response_latency_ms_sum,,,10.1.18.190:4191,linkerd-proxy,robot-shop,,user-5bc66cc67d-7h8d6,user,0,,,,,user,,linkerd,outbound,not_provided_by_service_discovery,5bc66cc67d,,no_identity,robot-shop,10.1.0.1:42699,,,,,,,,,,,
1613873621.378,response_latency_ms_sum,,,10.1.18.190:4191,linkerd-proxy,robot-shop,,user-5bc66cc67d-7h8d6,user,0,,,,,user,,linkerd,outbound,not_provided_by_service_discovery,5bc66cc67d,,no_identity,robot-shop,10.1.0.1:42699,,,,,,,,,,,
1613873571.012,response_latency_ms_sum,,,10.1.7.224:4191,linkerd-proxy,linkerd,,linkerd-prometheus-5bccd64d4d-jzwmt,,152,,,,,linkerd-prometheus,prometheus,linkerd,outbound,,5bccd64d4d,200,true,linkerd,10.1.18.188:4191,,linkerd,ratings,robot-shop,ratings-57874f848b-g4dvs,57874f848b,default,default.robot-shop.serviceaccount.identity.linkerd.cluster.local,,,
1613873581.012,response_latency_ms_sum,,,10.1.7.224:4191,linkerd-proxy,linkerd,,linkerd-prometheus-5bccd64d4d-jzwmt,,155,,,,,linkerd-prometheus,prometheus,linkerd,outbound,,5bccd64d4d,200,true,linkerd,10.1.18.188:4191,,linkerd,ratings,robot-shop,ratings-57874f848b-g4dvs,57874f848b,default,default.robot-shop.serviceaccount.identity.linkerd.cluster.local,,,
1613873591.011,response_latency_ms_sum,,,10.1.7.224:4191,linkerd-proxy,linkerd,,linkerd-prometheus-5bccd64d4d-jzwmt,,160,,,,,linkerd-prometheus,prometheus,linkerd,outbound,,5bccd64d4d,200,true,linkerd,10.1.18.188:4191,,linkerd,ratings,robot-shop,ratings-57874f848b-g4dvs,57874f848b,default,default.robot-shop.serviceaccount.identity.linkerd.cluster.local,,,
1613873601.012,response_latency_ms_sum,,,10.1.7.224:4191,linkerd-proxy,linkerd,,linkerd-prometheus-5bccd64d4d-jzwmt,,163,,,,,linkerd-prometheus,prometheus,linkerd,outbound,,5bccd64d4d,200,true,linkerd,10.1.18.188:4191,,linkerd,ratings,robot-shop,ratings-57874f848b-g4dvs,57874f848b,default,default.robot-shop.serviceaccount.identity.linkerd.cluster.local,,,
1613873611.012,response_latency_ms_sum,,,10.1.7.224:4191,linkerd-proxy,linkerd,,linkerd-prometheus-5bccd64d4d-jzwmt,,167,,,,,linkerd-prometheus,prometheus,linkerd,outbound,,5bccd64d4d,200,true,linkerd,10.1.18.188:4191,,linkerd,ratings,robot-shop,ratings-57874f848b-g4dvs,57874f848b,default,default.robot-shop.serviceaccount.identity.linkerd.cluster.local,,,
1613873571.012,response_latency_ms_sum,,,10.1.7.224:4191,linkerd-proxy,linkerd,,linkerd-prometheus-5bccd64d4d-jzwmt,,135,,,,,linkerd-prometheus,prometheus,linkerd,outbound,,5bccd64d4d,200,true,linkerd,10.1.18.187:4191,,linkerd,payment,robot-shop,payment-568954696b-mvlb7,568954696b,default,default.robot-shop.serviceaccount.identity.linkerd.cluster.local,,,
1613873581.012,response_latency_ms_sum,,,10.1.7.224:4191,linkerd-proxy,linkerd,,linkerd-prometheus-5bccd64d4d-jzwmt,,136,,,,,linkerd-prometheus,prometheus,linkerd,outbound,,5bccd64d4d,200,true,linkerd,10.1.18.187:4191,,linkerd,payment,robot-shop,payment-568954696b-mvlb7,568954696b,default,default.robot-shop.serviceaccount.identity.linkerd.cluster.local,,,
1613873591.011,response_latency_ms_sum,,,10.1.7.224:4191,linkerd-proxy,linkerd,,linkerd-prometheus-5bccd64d4d-jzwmt,,137,,,,,linkerd-prometheus,prometheus,linkerd,outbound,,5bccd64d4d,200,true,linkerd,10.1.18.187:4191,,linkerd,payment,robot-shop,payment-568954696b-mvlb7,568954696b,default,default.robot-shop.serviceaccount.identity.linkerd.cluster.local,,,
1613873601.012,response_latency_ms_sum,,,10.1.7.224:4191,linkerd-proxy,linkerd,,linkerd-prometheus-5bccd64d4d-jzwmt,,138,,,,,linkerd-prometheus,prometheus,linkerd,outbound,,5bccd64d4d,200,true,linkerd,10.1.18.187:4191,,linkerd,payment,robot-shop,payment-568954696b-mvlb7,568954696b,default,default.robot-shop.serviceaccount.identity.linkerd.cluster.local,,,
1613873611.012,response_latency_ms_sum,,,10.1.7.224:4191,linkerd-proxy,linkerd,,linkerd-prometheus-5bccd64d4d-jzwmt,,139,,,,,linkerd-prometheus,prometheus,linkerd,outbound,,5bccd64d4d,200,true,linkerd,10.1.18.187:4191,,linkerd,payment,robot-shop,payment-568954696b-mvlb7,568954696b,default,default.robot-shop.serviceaccount.identity.linkerd.cluster.local,,,
1613873571.012,response_latency_ms_sum,,,10.1.7.224:4191,linkerd-proxy,linkerd,,linkerd-prometheus-5bccd64d4d-jzwmt,,114,,,,,linkerd-prometheus,prometheus,linkerd,outbound,,5bccd64d4d,200,true,linkerd,10.1.18.185:4191,,linkerd,catalogue,robot-shop,catalogue-7f9d94b4db-9dxvq,7f9d94b4db,default,default.robot-shop.serviceaccount.identity.linkerd.cluster.local,,,
1613873581.012,response_latency_ms_sum,,,10.1.7.224:4191,linkerd-proxy,linkerd,,linkerd-prometheus-5bccd64d4d-jzwmt,,117,,,,,linkerd-prometheus,prometheus,linkerd,outbound,,5bccd64d4d,200,true,linkerd,10.1.18.185:4191,,linkerd,catalogue,robot-shop,catalogue-7f9d94b4db-9dxvq,7f9d94b4db,default,default.robot-shop.serviceaccount.identity.linkerd.cluster.local,,,
1613873591.011,response_latency_ms_sum,,,10.1.7.224:4191,linkerd-proxy,linkerd,,linkerd-prometheus-5bccd64d4d-jzwmt,,120,,,,,linkerd-prometheus,prometheus,linkerd,outbound,,5bccd64d4d,200,true,linkerd,10.1.18.185:4191,,linkerd,catalogue,robot-shop,catalogue-7f9d94b4db-9dxvq,7f9d94b4db,default,default.robot-shop.serviceaccount.identity.linkerd.cluster.local,,,
1613873601.012,response_latency_ms_sum,,,10.1.7.224:4191,linkerd-proxy,linkerd,,linkerd-prometheus-5bccd64d4d-jzwmt,,124,,,,,linkerd-prometheus,prometheus,linkerd,outbound,,5bccd64d4d,200,true,linkerd,10.1.18.185:4191,,linkerd,catalogue,robot-shop,catalogue-7f9d94b4db-9dxvq,7f9d94b4db,default,default.robot-shop.serviceaccount.identity.linkerd.cluster.local,,,
1613873611.012,response_latency_ms_sum,,,10.1.7.224:4191,linkerd-proxy,linkerd,,linkerd-prometheus-5bccd64d4d-jzwmt,,127,,,,,linkerd-prometheus,prometheus,linkerd,outbound,,5bccd64d4d,200,true,linkerd,10.1.18.185:4191,,linkerd,catalogue,robot-shop,catalogue-7f9d94b4db-9dxvq,7f9d94b4db,default,default.robot-shop.serviceaccount.identity.linkerd.cluster.local,,,
1613873571.012,response_latency_ms_sum,,,10.1.7.224:4191,linkerd-proxy,linkerd,,linkerd-prometheus-5bccd64d4d-jzwmt,,124,,,,,linkerd-prometheus,prometheus,linkerd,outbound,,5bccd64d4d,200,true,linkerd,10.1.18.189:4191,,linkerd,shipping,robot-shop,shipping-85c8bd8d95-nwfnb,85c8bd8d95,default,default.robot-shop.serviceaccount.identity.linkerd.cluster.local,,,
1613873581.012,response_latency_ms_sum,,,10.1.7.224:4191,linkerd-proxy,linkerd,,linkerd-prometheus-5bccd64d4d-jzwmt,,126,,,,,linkerd-prometheus,prometheus,linkerd,outbound,,5bccd64d4d,200,true,linkerd,10.1.18.189:4191,,linkerd,shipping,robot-shop,shipping-85c8bd8d95-nwfnb,85c8bd8d95,default,default.robot-shop.serviceaccount.identity.linkerd.cluster.local,,,
1613873591.011,response_latency_ms_sum,,,10.1.7.224:4191,linkerd-proxy,linkerd,,linkerd-prometheus-5bccd64d4d-jzwmt,,128,,,,,linkerd-prometheus,prometheus,linkerd,outbound,,5bccd64d4d,200,true,linkerd,10.1.18.189:4191,,linkerd,shipping,robot-shop,shipping-85c8bd8d95-nwfnb,85c8bd8d95,default,default.robot-shop.serviceaccount.identity.linkerd.cluster.local,,,
1613873601.012,response_latency_ms_sum,,,10.1.7.224:4191,linkerd-proxy,linkerd,,linkerd-prometheus-5bccd64d4d-jzwmt,,140,,,,,linkerd-prometheus,prometheus,linkerd,outbound,,5bccd64d4d,200,true,linkerd,10.1.18.189:4191,,linkerd,shipping,robot-shop,shipping-85c8bd8d95-nwfnb,85c8bd8d95,default,default.robot-shop.serviceaccount.identity.linkerd.cluster.local,,,
1613873611.012,response_latency_ms_sum,,,10.1.7.224:4191,linkerd-proxy,linkerd,,linkerd-prometheus-5bccd64d4d-jzwmt,,143,,,,,linkerd-prometheus,prometheus,linkerd,outbound,,5bccd64d4d,200,true,linkerd,10.1.18.189:4191,,linkerd,shipping,robot-shop,shipping-85c8bd8d95-nwfnb,85c8bd8d95,default,default.robot-shop.serviceaccount.identity.linkerd.cluster.local,,,
1613873571.012,response_latency_ms_sum,,,10.1.7.224:4191,linkerd-proxy,linkerd,,linkerd-prometheus-5bccd64d4d-jzwmt,,180,,,,,linkerd-prometheus,prometheus,linkerd,outbound,,5bccd64d4d,200,true,linkerd,10.1.18.184:4191,,linkerd,cart,robot-shop,cart-5c4fff577-tcf95,5c4fff577,default,default.robot-shop.serviceaccount.identity.linkerd.cluster.local,,,
1613873581.012,response_latency_ms_sum,,,10.1.7.224:4191,linkerd-proxy,linkerd,,linkerd-prometheus-5bccd64d4d-jzwmt,,187,,,,,linkerd-prometheus,prometheus,linkerd,outbound,,5bccd64d4d,200,true,linkerd,10.1.18.184:4191,,linkerd,cart,robot-shop,cart-5c4fff577-tcf95,5c4fff577,default,default.robot-shop.serviceaccount.identity.linkerd.cluster.local,,,
1613873591.011,response_latency_ms_sum,,,10.1.7.224:4191,linkerd-proxy,linkerd,,linkerd-prometheus-5bccd64d4d-jzwmt,,197,,,,,linkerd-prometheus,prometheus,linkerd,outbound,,5bccd64d4d,200,true,linkerd,10.1.18.184:4191,,linkerd,cart,robot-shop,cart-5c4fff577-tcf95,5c4fff577,default,default.robot-shop.serviceaccount.identity.linkerd.cluster.local,,,
1613873601.012,response_latency_ms_sum,,,10.1.7.224:4191,linkerd-proxy,linkerd,,linkerd-prometheus-5bccd64d4d-jzwmt,,201,,,,,linkerd-prometheus,prometheus,linkerd,outbound,,5bccd64d4d,200,true,linkerd,10.1.18.184:4191,,linkerd,cart,robot-shop,cart-5c4fff577-tcf95,5c4fff577,default,default.robot-shop.serviceaccount.identity.linkerd.cluster.local,,,
1613873611.012,response_latency_ms_sum,,,10.1.7.224:4191,linkerd-proxy,linkerd,,linkerd-prometheus-5bccd64d4d-jzwmt,,207,,,,,linkerd-prometheus,prometheus,linkerd,outbound,,5bccd64d4d,200,true,linkerd,10.1.18.184:4191,,linkerd,cart,robot-shop,cart-5c4fff577-tcf95,5c4fff577,default,default.robot-shop.serviceaccount.identity.linkerd.cluster.local,,,
1613873571.012,response_latency_ms_sum,,,10.1.7.224:4191,linkerd-proxy,linkerd,,linkerd-prometheus-5bccd64d4d-jzwmt,,74,,,,,linkerd-prometheus,prometheus,linkerd,outbound,,5bccd64d4d,200,true,linkerd,10.1.18.186:4191,,linkerd,dispatch,robot-shop,dispatch-54f9f7c88b-bblkl,54f9f7c88b,default,default.robot-shop.serviceaccount.identity.linkerd.cluster.local,,,
1613873581.012,response_latency_ms_sum,,,10.1.7.224:4191,linkerd-proxy,linkerd,,linkerd-prometheus-5bccd64d4d-jzwmt,,75,,,,,linkerd-prometheus,prometheus,linkerd,outbound,,5bccd64d4d,200,true,linkerd,10.1.18.186:4191,,linkerd,dispatch,robot-shop,dispatch-54f9f7c88b-bblkl,54f9f7c88b,default,default.robot-shop.serviceaccount.identity.linkerd.cluster.local,,,
1613873591.011,response_latency_ms_sum,,,10.1.7.224:4191,linkerd-proxy,linkerd,,linkerd-prometheus-5bccd64d4d-jzwmt,,79,,,,,linkerd-prometheus,prometheus,linkerd,outbound,,5bccd64d4d,200,true,linkerd,10.1.18.186:4191,,linkerd,dispatch,robot-shop,dispatch-54f9f7c88b-bblkl,54f9f7c88b,default,default.robot-shop.serviceaccount.identity.linkerd.cluster.local,,,
1613873601.012,response_latency_ms_sum,,,10.1.7.224:4191,linkerd-proxy,linkerd,,linkerd-prometheus-5bccd64d4d-jzwmt,,80,,,,,linkerd-prometheus,prometheus,linkerd,outbound,,5bccd64d4d,200,true,linkerd,10.1.18.186:4191,,linkerd,dispatch,robot-shop,dispatch-54f9f7c88b-bblkl,54f9f7c88b,default,default.robot-shop.serviceaccount.identity.linkerd.cluster.local,,,
1613873611.012,response_latency_ms_sum,,,10.1.7.224:4191,linkerd-proxy,linkerd,,linkerd-prometheus-5bccd64d4d-jzwmt,,85,,,,,linkerd-prometheus,prometheus,linkerd,outbound,,5bccd64d4d,200,true,linkerd,10.1.18.186:4191,,linkerd,dispatch,robot-shop,dispatch-54f9f7c88b-bblkl,54f9f7c88b,default,default.robot-shop.serviceaccount.identity.linkerd.cluster.local,,,
1613873571.955,response_latency_ms_sum,,,10.1.18.188:4191,linkerd-proxy,robot-shop,,ratings-57874f848b-g4dvs,ratings,4885,,,,,ratings,,linkerd,inbound,no_tls_from_remote,57874f848b,200,no_identity,robot-shop,,,,,,,,,,,,
1613873581.955,response_latency_ms_sum,,,10.1.18.188:4191,linkerd-proxy,robot-shop,,ratings-57874f848b-g4dvs,ratings,4885,,,,,ratings,,linkerd,inbound,no_tls_from_remote,57874f848b,200,no_identity,robot-shop,,,,,,,,,,,,
1613873591.956,response_latency_ms_sum,,,10.1.18.188:4191,linkerd-proxy,robot-shop,,ratings-57874f848b-g4dvs,ratings,4885,,,,,ratings,,linkerd,inbound,no_tls_from_remote,57874f848b,200,no_identity,robot-shop,,,,,,,,,,,,
1613873601.956,response_latency_ms_sum,,,10.1.18.188:4191,linkerd-proxy,robot-shop,,ratings-57874f848b-g4dvs,ratings,4885,,,,,ratings,,linkerd,inbound,no_tls_from_remote,57874f848b,200,no_identity,robot-shop,,,,,,,,,,,,
1613873611.955,response_latency_ms_sum,,,10.1.18.188:4191,linkerd-proxy,robot-shop,,ratings-57874f848b-g4dvs,ratings,4885,,,,,ratings,,linkerd,inbound,no_tls_from_remote,57874f848b,200,no_identity,robot-shop,,,,,,,,,,,,
1613873564.882,response_latency_ms_sum,,,10.1.18.185:4191,linkerd-proxy,robot-shop,,catalogue-7f9d94b4db-9dxvq,catalogue,0,,,,,catalogue,,linkerd,outbound,not_provided_by_service_discovery,7f9d94b4db,,no_identity,robot-shop,10.1.0.1:42699,,,,,,,,,,,
1613873574.882,response_latency_ms_sum,,,10.1.18.185:4191,linkerd-proxy,robot-shop,,catalogue-7f9d94b4db-9dxvq,catalogue,0,,,,,catalogue,,linkerd,outbound,not_provided_by_service_discovery,7f9d94b4db,,no_identity,robot-shop,10.1.0.1:42699,,,,,,,,,,,
1613873584.884,response_latency_ms_sum,,,10.1.18.185:4191,linkerd-proxy,robot-shop,,catalogue-7f9d94b4db-9dxvq,catalogue,0,,,,,catalogue,,linkerd,outbound,not_provided_by_service_discovery,7f9d94b4db,,no_identity,robot-shop,10.1.0.1:42699,,,,,,,,,,,
1613873594.882,response_latency_ms_sum,,,10.1.18.185:4191,linkerd-proxy,robot-shop,,catalogue-7f9d94b4db-9dxvq,catalogue,0,,,,,catalogue,,linkerd,outbound,not_provided_by_service_discovery,7f9d94b4db,,no_identity,robot-shop,10.1.0.1:42699,,,,,,,,,,,
1613873604.882,response_latency_ms_sum,,,10.1.18.185:4191,linkerd-proxy,robot-shop,,catalogue-7f9d94b4db-9dxvq,catalogue,0,,,,,catalogue,,linkerd,outbound,not_provided_by_service_discovery,7f9d94b4db,,no_identity,robot-shop,10.1.0.1:42699,,,,,,,,,,,
1613873614.882,response_latency_ms_sum,,,10.1.18.185:4191,linkerd-proxy,robot-shop,,catalogue-7f9d94b4db-9dxvq,catalogue,0,,,,,catalogue,,linkerd,outbound,not_provided_by_service_discovery,7f9d94b4db,,no_identity,robot-shop,10.1.0.1:42699,,,,,,,,,,,
1613873565.402,response_latency_ms_sum,,,10.1.18.189:4191,linkerd-proxy,robot-shop,,shipping-85c8bd8d95-nwfnb,shipping,0,,,,,shipping,,linkerd,inbound,no_tls_from_remote,85c8bd8d95,,no_identity,robot-shop,,,,,,,,,,,,
1613873575.401,response_latency_ms_sum,,,10.1.18.189:4191,linkerd-proxy,robot-shop,,shipping-85c8bd8d95-nwfnb,shipping,0,,,,,shipping,,linkerd,inbound,no_tls_from_remote,85c8bd8d95,,no_identity,robot-shop,,,,,,,,,,,,
1613873585.401,response_latency_ms_sum,,,10.1.18.189:4191,linkerd-proxy,robot-shop,,shipping-85c8bd8d95-nwfnb,shipping,0,,,,,shipping,,linkerd,inbound,no_tls_from_remote,85c8bd8d95,,no_identity,robot-shop,,,,,,,,,,,,
1613873595.421,response_latency_ms_sum,,,10.1.18.189:4191,linkerd-proxy,robot-shop,,shipping-85c8bd8d95-nwfnb,shipping,0,,,,,shipping,,linkerd,inbound,no_tls_from_remote,85c8bd8d95,,no_identity,robot-shop,,,,,,,,,,,,
1613873605.401,response_latency_ms_sum,,,10.1.18.189:4191,linkerd-proxy,robot-shop,,shipping-85c8bd8d95-nwfnb,shipping,0,,,,,shipping,,linkerd,inbound,no_tls_from_remote,85c8bd8d95,,no_identity,robot-shop,,,,,,,,,,,,
1613873615.401,response_latency_ms_sum,,,10.1.18.189:4191,linkerd-proxy,robot-shop,,shipping-85c8bd8d95-nwfnb,shipping,0,,,,,shipping,,linkerd,inbound,no_tls_from_remote,85c8bd8d95,,no_identity,robot-shop,,,,,,,,,,,,
1613873566.369,response_latency_ms_sum,,,10.1.18.184:4191,linkerd-proxy,robot-shop,,cart-5c4fff577-tcf95,cart,0,,,,,cart,,linkerd,outbound,not_provided_by_service_discovery,5c4fff577,,no_identity,robot-shop,10.1.0.1:42699,,,,,,,,,,,
1613873576.367,response_latency_ms_sum,,,10.1.18.184:4191,linkerd-proxy,robot-shop,,cart-5c4fff577-tcf95,cart,0,,,,,cart,,linkerd,outbound,not_provided_by_service_discovery,5c4fff577,,no_identity,robot-shop,10.1.0.1:42699,,,,,,,,,,,
1613873586.366,response_latency_ms_sum,,,10.1.18.184:4191,linkerd-proxy,robot-shop,,cart-5c4fff577-tcf95,cart,0,,,,,cart,,linkerd,outbound,not_provided_by_service_discovery,5c4fff577,,no_identity,robot-shop,10.1.0.1:42699,,,,,,,,,,,
1613873596.371,response_latency_ms_sum,,,10.1.18.184:4191,linkerd-proxy,robot-shop,,cart-5c4fff577-tcf95,cart,0,,,,,cart,,linkerd,outbound,not_provided_by_service_discovery,5c4fff577,,no_identity,robot-shop,10.1.0.1:42699,,,,,,,,,,,
1613873606.366,response_latency_ms_sum,,,10.1.18.184:4191,linkerd-proxy,robot-shop,,cart-5c4fff577-tcf95,cart,0,,,,,cart,,linkerd,outbound,not_provided_by_service_discovery,5c4fff577,,no_identity,robot-shop,10.1.0.1:42699,,,,,,,,,,,
1613873616.366,response_latency_ms_sum,,,10.1.18.184:4191,linkerd-proxy,robot-shop,,cart-5c4fff577-tcf95,cart,0,,,,,cart,,linkerd,outbound,not_provided_by_service_discovery,5c4fff577,,no_identity,robot-shop,10.1.0.1:42699,,,,,,,,,,,
1613873571.012,response_latency_ms_sum,,,10.1.7.224:4191,linkerd-proxy,linkerd,,linkerd-prometheus-5bccd64d4d-jzwmt,,119,,,,,linkerd-prometheus,prometheus,linkerd,outbound,,5bccd64d4d,200,true,linkerd,10.1.18.190:4191,,linkerd,user,robot-shop,user-5bc66cc67d-7h8d6,5bc66cc67d,default,default.robot-shop.serviceaccount.identity.linkerd.cluster.local,,,
1613873581.012,response_latency_ms_sum,,,10.1.7.224:4191,linkerd-proxy,linkerd,,linkerd-prometheus-5bccd64d4d-jzwmt,,122,,,,,linkerd-prometheus,prometheus,linkerd,outbound,,5bccd64d4d,200,true,linkerd,10.1.18.190:4191,,linkerd,user,robot-shop,user-5bc66cc67d-7h8d6,5bc66cc67d,default,default.robot-shop.serviceaccount.identity.linkerd.cluster.local,,,
1613873591.011,response_latency_ms_sum,,,10.1.7.224:4191,linkerd-proxy,linkerd,,linkerd-prometheus-5bccd64d4d-jzwmt,,126,,,,,linkerd-prometheus,prometheus,linkerd,outbound,,5bccd64d4d,200,true,linkerd,10.1.18.190:4191,,linkerd,user,robot-shop,user-5bc66cc67d-7h8d6,5bc66cc67d,default,default.robot-shop.serviceaccount.identity.linkerd.cluster.local,,,
1613873601.012,response_latency_ms_sum,,,10.1.7.224:4191,linkerd-proxy,linkerd,,linkerd-prometheus-5bccd64d4d-jzwmt,,128,,,,,linkerd-prometheus,prometheus,linkerd,outbound,,5bccd64d4d,200,true,linkerd,10.1.18.190:4191,,linkerd,user,robot-shop,user-5bc66cc67d-7h8d6,5bc66cc67d,default,default.robot-shop.serviceaccount.identity.linkerd.cluster.local,,,
1613873611.012,response_latency_ms_sum,,,10.1.7.224:4191,linkerd-proxy,linkerd,,linkerd-prometheus-5bccd64d4d-jzwmt,,132,,,,,linkerd-prometheus,prometheus,linkerd,outbound,,5bccd64d4d,200,true,linkerd,10.1.18.190:4191,,linkerd,user,robot-shop,user-5bc66cc67d-7h8d6,5bc66cc67d,default,default.robot-shop.serviceaccount.identity.linkerd.cluster.local,,,
1613873571.012,response_latency_ms_sum,,,10.1.7.224:4191,linkerd-proxy,linkerd,,linkerd-prometheus-5bccd64d4d-jzwmt,,269,,,,,linkerd-prometheus,prometheus,linkerd,outbound,,5bccd64d4d,200,true,linkerd,10.1.18.191:4191,,linkerd,web,robot-shop,web-6b7cd5d75b-vl9w8,6b7cd5d75b,default,default.robot-shop.serviceaccount.identity.linkerd.cluster.local,,,
1613873581.012,response_latency_ms_sum,,,10.1.7.224:4191,linkerd-proxy,linkerd,,linkerd-prometheus-5bccd64d4d-jzwmt,,276,,,,,linkerd-prometheus,prometheus,linkerd,outbound,,5bccd64d4d,200,true,linkerd,10.1.18.191:4191,,linkerd,web,robot-shop,web-6b7cd5d75b-vl9w8,6b7cd5d75b,default,default.robot-shop.serviceaccount.identity.linkerd.cluster.local,,,
1613873591.011,response_latency_ms_sum,,,10.1.7.224:4191,linkerd-proxy,linkerd,,linkerd-prometheus-5bccd64d4d-jzwmt,,282,,,,,linkerd-prometheus,prometheus,linkerd,outbound,,5bccd64d4d,200,true,linkerd,10.1.18.191:4191,,linkerd,web,robot-shop,web-6b7cd5d75b-vl9w8,6b7cd5d75b,default,default.robot-shop.serviceaccount.identity.linkerd.cluster.local,,,
1613873601.012,response_latency_ms_sum,,,10.1.7.224:4191,linkerd-proxy,linkerd,,linkerd-prometheus-5bccd64d4d-jzwmt,,294,,,,,linkerd-prometheus,prometheus,linkerd,outbound,,5bccd64d4d,200,true,linkerd,10.1.18.191:4191,,linkerd,web,robot-shop,web-6b7cd5d75b-vl9w8,6b7cd5d75b,default,default.robot-shop.serviceaccount.identity.linkerd.cluster.local,,,
1613873611.012,response_latency_ms_sum,,,10.1.7.224:4191,linkerd-proxy,linkerd,,linkerd-prometheus-5bccd64d4d-jzwmt,,303,,,,,linkerd-prometheus,prometheus,linkerd,outbound,,5bccd64d4d,200,true,linkerd,10.1.18.191:4191,,linkerd,web,robot-shop,web-6b7cd5d75b-vl9w8,6b7cd5d75b,default,default.robot-shop.serviceaccount.identity.linkerd.cluster.local,,,
1613873567.227,response_latency_ms_sum,,,10.1.18.186:4191,linkerd-proxy,robot-shop,,dispatch-54f9f7c88b-bblkl,dispatch,0,,,,,dispatch,,linkerd,outbound,not_provided_by_service_discovery,54f9f7c88b,,no_identity,robot-shop,10.1.0.1:42699,,,,,,,,,,,
1613873577.227,response_latency_ms_sum,,,10.1.18.186:4191,linkerd-proxy,robot-shop,,dispatch-54f9f7c88b-bblkl,dispatch,0,,,,,dispatch,,linkerd,outbound,not_provided_by_service_discovery,54f9f7c88b,,no_identity,robot-shop,10.1.0.1:42699,,,,,,,,,,,
1613873587.227,response_latency_ms_sum,,,10.1.18.186:4191,linkerd-proxy,robot-shop,,dispatch-54f9f7c88b-bblkl,dispatch,0,,,,,dispatch,,linkerd,outbound,not_provided_by_service_discovery,54f9f7c88b,,no_identity,robot-shop,10.1.0.1:42699,,,,,,,,,,,
1613873597.227,response_latency_ms_sum,,,10.1.18.186:4191,linkerd-proxy,robot-shop,,dispatch-54f9f7c88b-bblkl,dispatch,0,,,,,dispatch,,linkerd,outbound,not_provided_by_service_discovery,54f9f7c88b,,no_identity,robot-shop,10.1.0.1:42699,,,,,,,,,,,
1613873607.227,response_latency_ms_sum,,,10.1.18.186:4191,linkerd-proxy,robot-shop,,dispatch-54f9f7c88b-bblkl,dispatch,0,,,,,dispatch,,linkerd,outbound,not_provided_by_service_discovery,54f9f7c88b,,no_identity,robot-shop,10.1.0.1:42699,,,,,,,,,,,
1613873617.227,response_latency_ms_sum,,,10.1.18.186:4191,linkerd-proxy,robot-shop,,dispatch-54f9f7c88b-bblkl,dispatch,0,,,,,dispatch,,linkerd,outbound,not_provided_by_service_discovery,54f9f7c88b,,no_identity,robot-shop,10.1.0.1:42699,,,,,,,,,,,
1613873571.012,response_latency_ms_sum,,,10.1.7.224:4191,linkerd-proxy,linkerd,,linkerd-prometheus-5bccd64d4d-jzwmt,,0,,,,,linkerd-prometheus,prometheus,linkerd,outbound,not_provided_by_service_discovery,5bccd64d4d,,no_identity,linkerd,10.1.18.154:4191,,,,,,,,,,,
1613873581.012,response_latency_ms_sum,,,10.1.7.224:4191,linkerd-proxy,linkerd,,linkerd-prometheus-5bccd64d4d-jzwmt,,0,,,,,linkerd-prometheus,prometheus,linkerd,outbound,not_provided_by_service_discovery,5bccd64d4d,,no_identity,linkerd,10.1.18.154:4191,,,,,,,,,,,
1613873565.402,response_latency_ms_sum,,,10.1.18.189:4191,linkerd-proxy,robot-shop,,shipping-85c8bd8d95-nwfnb,shipping,631,,,,,shipping,,linkerd,inbound,no_tls_from_remote,85c8bd8d95,200,no_identity,robot-shop,,,,,,,,,,,,
1613873575.401,response_latency_ms_sum,,,10.1.18.189:4191,linkerd-proxy,robot-shop,,shipping-85c8bd8d95-nwfnb,shipping,691,,,,,shipping,,linkerd,inbound,no_tls_from_remote,85c8bd8d95,200,no_identity,robot-shop,,,,,,,,,,,,
1613873585.401,response_latency_ms_sum,,,10.1.18.189:4191,linkerd-proxy,robot-shop,,shipping-85c8bd8d95-nwfnb,shipping,851,,,,,shipping,,linkerd,inbound,no_tls_from_remote,85c8bd8d95,200,no_identity,robot-shop,,,,,,,,,,,,
1613873595.421,response_latency_ms_sum,,,10.1.18.189:4191,linkerd-proxy,robot-shop,,shipping-85c8bd8d95-nwfnb,shipping,851,,,,,shipping,,linkerd,inbound,no_tls_from_remote,85c8bd8d95,200,no_identity,robot-shop,,,,,,,,,,,,
1613873605.401,response_latency_ms_sum,,,10.1.18.189:4191,linkerd-proxy,robot-shop,,shipping-85c8bd8d95-nwfnb,shipping,1107,,,,,shipping,,linkerd,inbound,no_tls_from_remote,85c8bd8d95,200,no_identity,robot-shop,,,,,,,,,,,,
1613873615.401,response_latency_ms_sum,,,10.1.18.189:4191,linkerd-proxy,robot-shop,,shipping-85c8bd8d95-nwfnb,shipping,1107,,,,,shipping,,linkerd,inbound,no_tls_from_remote,85c8bd8d95,200,no_identity,robot-shop,,,,,,,,,,,,
1613873571.377,response_latency_ms_sum,,,10.1.18.190:4191,linkerd-proxy,robot-shop,,user-5bc66cc67d-7h8d6,user,67535,,,,,user,,linkerd,inbound,,5bc66cc67d,200,true,robot-shop,user.robot-shop.svc.cluster.local:8080,default.robot-shop.serviceaccount.identity.linkerd.cluster.local,,,,,,,,,,
1613873581.379,response_latency_ms_sum,,,10.1.18.190:4191,linkerd-proxy,robot-shop,,user-5bc66cc67d-7h8d6,user,67638,,,,,user,,linkerd,inbound,,5bc66cc67d,200,true,robot-shop,user.robot-shop.svc.cluster.local:8080,default.robot-shop.serviceaccount.identity.linkerd.cluster.local,,,,,,,,,,
1613873591.377,response_latency_ms_sum,,,10.1.18.190:4191,linkerd-proxy,robot-shop,,user-5bc66cc67d-7h8d6,user,67638,,,,,user,,linkerd,inbound,,5bc66cc67d,200,true,robot-shop,user.robot-shop.svc.cluster.local:8080,default.robot-shop.serviceaccount.identity.linkerd.cluster.local,,,,,,,,,,
1613873601.377,response_latency_ms_sum,,,10.1.18.190:4191,linkerd-proxy,robot-shop,,user-5bc66cc67d-7h8d6,user,67638,,,,,user,,linkerd,inbound,,5bc66cc67d,200,true,robot-shop,user.robot-shop.svc.cluster.local:8080,default.robot-shop.serviceaccount.identity.linkerd.cluster.local,,,,,,,,,,
1613873611.377,response_latency_ms_sum,,,10.1.18.190:4191,linkerd-proxy,robot-shop,,user-5bc66cc67d-7h8d6,user,68269,,,,,user,,linkerd,inbound,,5bc66cc67d,200,true,robot-shop,user.robot-shop.svc.cluster.local:8080,default.robot-shop.serviceaccount.identity.linkerd.cluster.local,,,,,,,,,,
1613873621.378,response_latency_ms_sum,,,10.1.18.190:4191,linkerd-proxy,robot-shop,,user-5bc66cc67d-7h8d6,user,68354,,,,,user,,linkerd,inbound,,5bc66cc67d,200,true,robot-shop,user.robot-shop.svc.cluster.local:8080,default.robot-shop.serviceaccount.identity.linkerd.cluster.local,,,,,,,,,,
1613873571.955,response_latency_ms_sum,,,10.1.18.188:4191,linkerd-proxy,robot-shop,,ratings-57874f848b-g4dvs,ratings,764780,,,,,ratings,,linkerd,inbound,,57874f848b,200,true,robot-shop,ratings.robot-shop.svc.cluster.local,default.robot-shop.serviceaccount.identity.linkerd.cluster.local,,,,,,,,,,
1613873581.955,response_latency_ms_sum,,,10.1.18.188:4191,linkerd-proxy,robot-shop,,ratings-57874f848b-g4dvs,ratings,1186204,,,,,ratings,,linkerd,inbound,,57874f848b,200,true,robot-shop,ratings.robot-shop.svc.cluster.local,default.robot-shop.serviceaccount.identity.linkerd.cluster.local,,,,,,,,,,
1613873591.956,response_latency_ms_sum,,,10.1.18.188:4191,linkerd-proxy,robot-shop,,ratings-57874f848b-g4dvs,ratings,1294322,,,,,ratings,,linkerd,inbound,,57874f848b,200,true,robot-shop,ratings.robot-shop.svc.cluster.local,default.robot-shop.serviceaccount.identity.linkerd.cluster.local,,,,,,,,,,
1613873601.956,response_latency_ms_sum,,,10.1.18.188:4191,linkerd-proxy,robot-shop,,ratings-57874f848b-g4dvs,ratings,1294322,,,,,ratings,,linkerd,inbound,,57874f848b,200,true,robot-shop,ratings.robot-shop.svc.cluster.local,default.robot-shop.serviceaccount.identity.linkerd.cluster.local,,,,,,,,,,
1613873611.955,response_latency_ms_sum,,,10.1.18.188:4191,linkerd-proxy,robot-shop,,ratings-57874f848b-g4dvs,ratings,1294322,,,,,ratings,,linkerd,inbound,,57874f848b,200,true,robot-shop,ratings.robot-shop.svc.cluster.local,default.robot-shop.serviceaccount.identity.linkerd.cluster.local,,,,,,,,,,
1613873571.955,response_latency_ms_sum,,,10.1.18.188:4191,linkerd-proxy,robot-shop,,ratings-57874f848b-g4dvs,ratings,704,,,,,ratings,,linkerd,outbound,,57874f848b,200,true,robot-shop,catalogue.robot-shop.svc.cluster.local:8080,,linkerd,catalogue,robot-shop,catalogue-7f9d94b4db-9dxvq,7f9d94b4db,default,default.robot-shop.serviceaccount.identity.linkerd.cluster.local,,,catalogue
1613873581.955,response_latency_ms_sum,,,10.1.18.188:4191,linkerd-proxy,robot-shop,,ratings-57874f848b-g4dvs,ratings,763,,,,,ratings,,linkerd,outbound,,57874f848b,200,true,robot-shop,catalogue.robot-shop.svc.cluster.local:8080,,linkerd,catalogue,robot-shop,catalogue-7f9d94b4db-9dxvq,7f9d94b4db,default,default.robot-shop.serviceaccount.identity.linkerd.cluster.local,,,catalogue
1613873591.956,response_latency_ms_sum,,,10.1.18.188:4191,linkerd-proxy,robot-shop,,ratings-57874f848b-g4dvs,ratings,811,,,,,ratings,,linkerd,outbound,,57874f848b,200,true,robot-shop,catalogue.robot-shop.svc.cluster.local:8080,,linkerd,catalogue,robot-shop,catalogue-7f9d94b4db-9dxvq,7f9d94b4db,default,default.robot-shop.serviceaccount.identity.linkerd.cluster.local,,,catalogue
1613873601.956,response_latency_ms_sum,,,10.1.18.188:4191,linkerd-proxy,robot-shop,,ratings-57874f848b-g4dvs,ratings,811,,,,,ratings,,linkerd,outbound,,57874f848b,200,true,robot-shop,catalogue.robot-shop.svc.cluster.local:8080,,linkerd,catalogue,robot-shop,catalogue-7f9d94b4db-9dxvq,7f9d94b4db,default,default.robot-shop.serviceaccount.identity.linkerd.cluster.local,,,catalogue
1613873611.955,response_latency_ms_sum,,,10.1.18.188:4191,linkerd-proxy,robot-shop,,ratings-57874f848b-g4dvs,ratings,811,,,,,ratings,,linkerd,outbound,,57874f848b,200,true,robot-shop,catalogue.robot-shop.svc.cluster.local:8080,,linkerd,catalogue,robot-shop,catalogue-7f9d94b4db-9dxvq,7f9d94b4db,default,default.robot-shop.serviceaccount.identity.linkerd.cluster.local,,,catalogue
1613873563.253,response_latency_ms_sum,,,10.1.18.191:4191,linkerd-proxy,robot-shop,,web-6b7cd5d75b-vl9w8,web,1897252,,,,,web,,linkerd,inbound,no_tls_from_remote,6b7cd5d75b,200,no_identity,robot-shop,localhost:30651,,,,,,,,,,,
1613873573.253,response_latency_ms_sum,,,10.1.18.191:4191,linkerd-proxy,robot-shop,,web-6b7cd5d75b-vl9w8,web,2035554,,,,,web,,linkerd,inbound,no_tls_from_remote,6b7cd5d75b,200,no_identity,robot-shop,localhost:30651,,,,,,,,,,,
1613873583.253,response_latency_ms_sum,,,10.1.18.191:4191,linkerd-proxy,robot-shop,,web-6b7cd5d75b-vl9w8,web,2370225,,,,,web,,linkerd,inbound,no_tls_from_remote,6b7cd5d75b,200,no_identity,robot-shop,localhost:30651,,,,,,,,,,,
1613873593.253,response_latency_ms_sum,,,10.1.18.191:4191,linkerd-proxy,robot-shop,,web-6b7cd5d75b-vl9w8,web,2521731,,,,,web,,linkerd,inbound,no_tls_from_remote,6b7cd5d75b,200,no_identity,robot-shop,localhost:30651,,,,,,,,,,,
1613873603.252,response_latency_ms_sum,,,10.1.18.191:4191,linkerd-proxy,robot-shop,,web-6b7cd5d75b-vl9w8,web,2711459,,,,,web,,linkerd,inbound,no_tls_from_remote,6b7cd5d75b,200,no_identity,robot-shop,localhost:30651,,,,,,,,,,,
1613873613.253,response_latency_ms_sum,,,10.1.18.191:4191,linkerd-proxy,robot-shop,,web-6b7cd5d75b-vl9w8,web,2729517,,,,,web,,linkerd,inbound,no_tls_from_remote,6b7cd5d75b,200,no_identity,robot-shop,localhost:30651,,,,,,,,,,,
1613873563.253,response_latency_ms_sum,,,10.1.18.191:4191,linkerd-proxy,robot-shop,,web-6b7cd5d75b-vl9w8,web,68947,,,,,web,,linkerd,outbound,,6b7cd5d75b,200,true,robot-shop,user.robot-shop.svc.cluster.local:8080,,linkerd,user,robot-shop,user-5bc66cc67d-7h8d6,5bc66cc67d,default,default.robot-shop.serviceaccount.identity.linkerd.cluster.local,,,user
1613873573.253,response_latency_ms_sum,,,10.1.18.191:4191,linkerd-proxy,robot-shop,,web-6b7cd5d75b-vl9w8,web,69394,,,,,web,,linkerd,outbound,,6b7cd5d75b,200,true,robot-shop,user.robot-shop.svc.cluster.local:8080,,linkerd,user,robot-shop,user-5bc66cc67d-7h8d6,5bc66cc67d,default,default.robot-shop.serviceaccount.identity.linkerd.cluster.local,,,user
1613873583.253,response_latency_ms_sum,,,10.1.18.191:4191,linkerd-proxy,robot-shop,,web-6b7cd5d75b-vl9w8,web,69401,,,,,web,,linkerd,outbound,,6b7cd5d75b,200,true,robot-shop,user.robot-shop.svc.cluster.local:8080,,linkerd,user,robot-shop,user-5bc66cc67d-7h8d6,5bc66cc67d,default,default.robot-shop.serviceaccount.identity.linkerd.cluster.local,,,user
1613873593.253,response_latency_ms_sum,,,10.1.18.191:4191,linkerd-proxy,robot-shop,,web-6b7cd5d75b-vl9w8,web,69401,,,,,web,,linkerd,outbound,,6b7cd5d75b,200,true,robot-shop,user.robot-shop.svc.cluster.local:8080,,linkerd,user,robot-shop,user-5bc66cc67d-7h8d6,5bc66cc67d,default,default.robot-shop.serviceaccount.identity.linkerd.cluster.local,,,user
1613873603.252,response_latency_ms_sum,,,10.1.18.191:4191,linkerd-proxy,robot-shop,,web-6b7cd5d75b-vl9w8,web,69407,,,,,web,,linkerd,outbound,,6b7cd5d75b,200,true,robot-shop,user.robot-shop.svc.cluster.local:8080,,linkerd,user,robot-shop,user-5bc66cc67d-7h8d6,5bc66cc67d,default,default.robot-shop.serviceaccount.identity.linkerd.cluster.local,,,user
1613873613.253,response_latency_ms_sum,,,10.1.18.191:4191,linkerd-proxy,robot-shop,,web-6b7cd5d75b-vl9w8,web,69746,,,,,web,,linkerd,outbound,,6b7cd5d75b,200,true,robot-shop,user.robot-shop.svc.cluster.local:8080,,linkerd,user,robot-shop,user-5bc66cc67d-7h8d6,5bc66cc67d,default,default.robot-shop.serviceaccount.identity.linkerd.cluster.local,,,user
1613873563.253,response_latency_ms_sum,,,10.1.18.191:4191,linkerd-proxy,robot-shop,,web-6b7cd5d75b-vl9w8,web,121613,,,,,web,,linkerd,outbound,,6b7cd5d75b,200,true,robot-shop,catalogue.robot-shop.svc.cluster.local:8080,,linkerd,catalogue,robot-shop,catalogue-7f9d94b4db-9dxvq,7f9d94b4db,default,default.robot-shop.serviceaccount.identity.linkerd.cluster.local,,,catalogue
1613873573.253,response_latency_ms_sum,,,10.1.18.191:4191,linkerd-proxy,robot-shop,,web-6b7cd5d75b-vl9w8,web,121989,,,,,web,,linkerd,outbound,,6b7cd5d75b,200,true,robot-shop,catalogue.robot-shop.svc.cluster.local:8080,,linkerd,catalogue,robot-shop,catalogue-7f9d94b4db-9dxvq,7f9d94b4db,default,default.robot-shop.serviceaccount.identity.linkerd.cluster.local,,,catalogue
1613873583.253,response_latency_ms_sum,,,10.1.18.191:4191,linkerd-proxy,robot-shop,,web-6b7cd5d75b-vl9w8,web,121999,,,,,web,,linkerd,outbound,,6b7cd5d75b,200,true,robot-shop,catalogue.robot-shop.svc.cluster.local:8080,,linkerd,catalogue,robot-shop,catalogue-7f9d94b4db-9dxvq,7f9d94b4db,default,default.robot-shop.serviceaccount.identity.linkerd.cluster.local,,,catalogue
1613873593.253,response_latency_ms_sum,,,10.1.18.191:4191,linkerd-proxy,robot-shop,,web-6b7cd5d75b-vl9w8,web,122767,,,,,web,,linkerd,outbound,,6b7cd5d75b,200,true,robot-shop,catalogue.robot-shop.svc.cluster.local:8080,,linkerd,catalogue,robot-shop,catalogue-7f9d94b4db-9dxvq,7f9d94b4db,default,default.robot-shop.serviceaccount.identity.linkerd.cluster.local,,,catalogue
1613873603.252,response_latency_ms_sum,,,10.1.18.191:4191,linkerd-proxy,robot-shop,,web-6b7cd5d75b-vl9w8,web,122773,,,,,web,,linkerd,outbound,,6b7cd5d75b,200,true,robot-shop,catalogue.robot-shop.svc.cluster.local:8080,,linkerd,catalogue,robot-shop,catalogue-7f9d94b4db-9dxvq,7f9d94b4db,default,default.robot-shop.serviceaccount.identity.linkerd.cluster.local,,,catalogue
1613873613.253,response_latency_ms_sum,,,10.1.18.191:4191,linkerd-proxy,robot-shop,,web-6b7cd5d75b-vl9w8,web,123252,,,,,web,,linkerd,outbound,,6b7cd5d75b,200,true,robot-shop,catalogue.robot-shop.svc.cluster.local:8080,,linkerd,catalogue,robot-shop,catalogue-7f9d94b4db-9dxvq,7f9d94b4db,default,default.robot-shop.serviceaccount.identity.linkerd.cluster.local,,,catalogue
1613873563.253,response_latency_ms_sum,,,10.1.18.191:4191,linkerd-proxy,robot-shop,,web-6b7cd5d75b-vl9w8,web,688213,,,,,web,,linkerd,outbound,,6b7cd5d75b,200,true,robot-shop,ratings.robot-shop.svc.cluster.local,,linkerd,ratings,robot-shop,ratings-57874f848b-g4dvs,57874f848b,default,default.robot-shop.serviceaccount.identity.linkerd.cluster.local,,,ratings
1613873573.253,response_latency_ms_sum,,,10.1.18.191:4191,linkerd-proxy,robot-shop,,web-6b7cd5d75b-vl9w8,web,751888,,,,,web,,linkerd,outbound,,6b7cd5d75b,200,true,robot-shop,ratings.robot-shop.svc.cluster.local,,linkerd,ratings,robot-shop,ratings-57874f848b-g4dvs,57874f848b,default,default.robot-shop.serviceaccount.identity.linkerd.cluster.local,,,ratings
1613873583.253,response_latency_ms_sum,,,10.1.18.191:4191,linkerd-proxy,robot-shop,,web-6b7cd5d75b-vl9w8,web,900558,,,,,web,,linkerd,outbound,,6b7cd5d75b,200,true,robot-shop,ratings.robot-shop.svc.cluster.local,,linkerd,ratings,robot-shop,ratings-57874f848b-g4dvs,57874f848b,default,default.robot-shop.serviceaccount.identity.linkerd.cluster.local,,,ratings
1613873593.253,response_latency_ms_sum,,,10.1.18.191:4191,linkerd-proxy,robot-shop,,web-6b7cd5d75b-vl9w8,web,922680,,,,,web,,linkerd,outbound,,6b7cd5d75b,200,true,robot-shop,ratings.robot-shop.svc.cluster.local,,linkerd,ratings,robot-shop,ratings-57874f848b-g4dvs,57874f848b,default,default.robot-shop.serviceaccount.identity.linkerd.cluster.local,,,ratings
1613873603.252,response_latency_ms_sum,,,10.1.18.191:4191,linkerd-proxy,robot-shop,,web-6b7cd5d75b-vl9w8,web,922680,,,,,web,,linkerd,outbound,,6b7cd5d75b,200,true,robot-shop,ratings.robot-shop.svc.cluster.local,,linkerd,ratings,robot-shop,ratings-57874f848b-g4dvs,57874f848b,default,default.robot-shop.serviceaccount.identity.linkerd.cluster.local,,,ratings
1613873613.253,response_latency_ms_sum,,,10.1.18.191:4191,linkerd-proxy,robot-shop,,web-6b7cd5d75b-vl9w8,web,922680,,,,,web,,linkerd,outbound,,6b7cd5d75b,200,true,robot-shop,ratings.robot-shop.svc.cluster.local,,linkerd,ratings,robot-shop,ratings-57874f848b-g4dvs,57874f848b,default,default.robot-shop.serviceaccount.identity.linkerd.cluster.local,,,ratings
1613873563.253,response_latency_ms_sum,,,10.1.18.191:4191,linkerd-proxy,robot-shop,,web-6b7cd5d75b-vl9w8,web,860378,,,,,web,,linkerd,outbound,,6b7cd5d75b,200,true,robot-shop,cart.robot-shop.svc.cluster.local:8080,,linkerd,cart,robot-shop,cart-5c4fff577-tcf95,5c4fff577,default,default.robot-shop.serviceaccount.identity.linkerd.cluster.local,,,cart
1613873573.253,response_latency_ms_sum,,,10.1.18.191:4191,linkerd-proxy,robot-shop,,web-6b7cd5d75b-vl9w8,web,860480,,,,,web,,linkerd,outbound,,6b7cd5d75b,200,true,robot-shop,cart.robot-shop.svc.cluster.local:8080,,linkerd,cart,robot-shop,cart-5c4fff577-tcf95,5c4fff577,default,default.robot-shop.serviceaccount.identity.linkerd.cluster.local,,,cart
1613873583.253,response_latency_ms_sum,,,10.1.18.191:4191,linkerd-proxy,robot-shop,,web-6b7cd5d75b-vl9w8,web,860772,,,,,web,,linkerd,outbound,,6b7cd5d75b,200,true,robot-shop,cart.robot-shop.svc.cluster.local:8080,,linkerd,cart,robot-shop,cart-5c4fff577-tcf95,5c4fff577,default,default.robot-shop.serviceaccount.identity.linkerd.cluster.local,,,cart
1613873593.253,response_latency_ms_sum,,,10.1.18.191:4191,linkerd-proxy,robot-shop,,web-6b7cd5d75b-vl9w8,web,868409,,,,,web,,linkerd,outbound,,6b7cd5d75b,200,true,robot-shop,cart.robot-shop.svc.cluster.local:8080,,linkerd,cart,robot-shop,cart-5c4fff577-tcf95,5c4fff577,default,default.robot-shop.serviceaccount.identity.linkerd.cluster.local,,,cart
1613873603.252,response_latency_ms_sum,,,10.1.18.191:4191,linkerd-proxy,robot-shop,,web-6b7cd5d75b-vl9w8,web,868409,,,,,web,,linkerd,outbound,,6b7cd5d75b,200,true,robot-shop,cart.robot-shop.svc.cluster.local:8080,,linkerd,cart,robot-shop,cart-5c4fff577-tcf95,5c4fff577,default,default.robot-shop.serviceaccount.identity.linkerd.cluster.local,,,cart
1613873613.253,response_latency_ms_sum,,,10.1.18.191:4191,linkerd-proxy,robot-shop,,web-6b7cd5d75b-vl9w8,web,868468,,,,,web,,linkerd,outbound,,6b7cd5d75b,200,true,robot-shop,cart.robot-shop.svc.cluster.local:8080,,linkerd,cart,robot-shop,cart-5c4fff577-tcf95,5c4fff577,default,default.robot-shop.serviceaccount.identity.linkerd.cluster.local,,,cart
1613873563.253,response_latency_ms_sum,,,10.1.18.191:4191,linkerd-proxy,robot-shop,,web-6b7cd5d75b-vl9w8,web,139650,,,,,web,,linkerd,outbound,,6b7cd5d75b,200,true,robot-shop,shipping.robot-shop.svc.cluster.local:8080,,linkerd,shipping,robot-shop,shipping-85c8bd8d95-nwfnb,85c8bd8d95,default,default.robot-shop.serviceaccount.identity.linkerd.cluster.local,,,shipping
1613873573.253,response_latency_ms_sum,,,10.1.18.191:4191,linkerd-proxy,robot-shop,,web-6b7cd5d75b-vl9w8,web,150399,,,,,web,,linkerd,outbound,,6b7cd5d75b,200,true,robot-shop,shipping.robot-shop.svc.cluster.local:8080,,linkerd,shipping,robot-shop,shipping-85c8bd8d95-nwfnb,85c8bd8d95,default,default.robot-shop.serviceaccount.identity.linkerd.cluster.local,,,shipping
1613873583.253,response_latency_ms_sum,,,10.1.18.191:4191,linkerd-proxy,robot-shop,,web-6b7cd5d75b-vl9w8,web,179041,,,,,web,,linkerd,outbound,,6b7cd5d75b,200,true,robot-shop,shipping.robot-shop.svc.cluster.local:8080,,linkerd,shipping,robot-shop,shipping-85c8bd8d95-nwfnb,85c8bd8d95,default,default.robot-shop.serviceaccount.identity.linkerd.cluster.local,,,shipping
1613873593.253,response_latency_ms_sum,,,10.1.18.191:4191,linkerd-proxy,robot-shop,,web-6b7cd5d75b-vl9w8,web,204867,,,,,web,,linkerd,outbound,,6b7cd5d75b,200,true,robot-shop,shipping.robot-shop.svc.cluster.local:8080,,linkerd,shipping,robot-shop,shipping-85c8bd8d95-nwfnb,85c8bd8d95,default,default.robot-shop.serviceaccount.identity.linkerd.cluster.local,,,shipping
1613873603.252,response_latency_ms_sum,,,10.1.18.191:4191,linkerd-proxy,robot-shop,,web-6b7cd5d75b-vl9w8,web,394478,,,,,web,,linkerd,outbound,,6b7cd5d75b,200,true,robot-shop,shipping.robot-shop.svc.cluster.local:8080,,linkerd,shipping,robot-shop,shipping-85c8bd8d95-nwfnb,85c8bd8d95,default,default.robot-shop.serviceaccount.identity.linkerd.cluster.local,,,shipping
1613873613.253,response_latency_ms_sum,,,10.1.18.191:4191,linkerd-proxy,robot-shop,,web-6b7cd5d75b-vl9w8,web,394478,,,,,web,,linkerd,outbound,,6b7cd5d75b,200,true,robot-shop,shipping.robot-shop.svc.cluster.local:8080,,linkerd,shipping,robot-shop,shipping-85c8bd8d95-nwfnb,85c8bd8d95,default,default.robot-shop.serviceaccount.identity.linkerd.cluster.local,,,shipping
1613873564.882,response_latency_ms_sum,,,10.1.18.185:4191,linkerd-proxy,robot-shop,,catalogue-7f9d94b4db-9dxvq,catalogue,211973,,,,,catalogue,,linkerd,inbound,,7f9d94b4db,200,true,robot-shop,catalogue.robot-shop.svc.cluster.local:8080,default.robot-shop.serviceaccount.identity.linkerd.cluster.local,,,,,,,,,,
1613873574.882,response_latency_ms_sum,,,10.1.18.185:4191,linkerd-proxy,robot-shop,,catalogue-7f9d94b4db-9dxvq,catalogue,213084,,,,,catalogue,,linkerd,inbound,,7f9d94b4db,200,true,robot-shop,catalogue.robot-shop.svc.cluster.local:8080,default.robot-shop.serviceaccount.identity.linkerd.cluster.local,,,,,,,,,,
1613873584.884,response_latency_ms_sum,,,10.1.18.185:4191,linkerd-proxy,robot-shop,,catalogue-7f9d94b4db-9dxvq,catalogue,213559,,,,,catalogue,,linkerd,inbound,,7f9d94b4db,200,true,robot-shop,catalogue.robot-shop.svc.cluster.local:8080,default.robot-shop.serviceaccount.identity.linkerd.cluster.local,,,,,,,,,,
1613873594.882,response_latency_ms_sum,,,10.1.18.185:4191,linkerd-proxy,robot-shop,,catalogue-7f9d94b4db-9dxvq,catalogue,217858,,,,,catalogue,,linkerd,inbound,,7f9d94b4db,200,true,robot-shop,catalogue.robot-shop.svc.cluster.local:8080,default.robot-shop.serviceaccount.identity.linkerd.cluster.local,,,,,,,,,,
1613873604.882,response_latency_ms_sum,,,10.1.18.185:4191,linkerd-proxy,robot-shop,,catalogue-7f9d94b4db-9dxvq,catalogue,218195,,,,,catalogue,,linkerd,inbound,,7f9d94b4db,200,true,robot-shop,catalogue.robot-shop.svc.cluster.local:8080,default.robot-shop.serviceaccount.identity.linkerd.cluster.local,,,,,,,,,,
1613873614.882,response_latency_ms_sum,,,10.1.18.185:4191,linkerd-proxy,robot-shop,,catalogue-7f9d94b4db-9dxvq,catalogue,219019,,,,,catalogue,,linkerd,inbound,,7f9d94b4db,200,true,robot-shop,catalogue.robot-shop.svc.cluster.local:8080,default.robot-shop.serviceaccount.identity.linkerd.cluster.local,,,,,,,,,,
1613873565.402,response_latency_ms_sum,,,10.1.18.189:4191,linkerd-proxy,robot-shop,,shipping-85c8bd8d95-nwfnb,shipping,139611,,,,,shipping,,linkerd,inbound,,85c8bd8d95,200,true,robot-shop,shipping.robot-shop.svc.cluster.local:8080,default.robot-shop.serviceaccount.identity.linkerd.cluster.local,,,,,,,,,,
1613873575.401,response_latency_ms_sum,,,10.1.18.189:4191,linkerd-proxy,robot-shop,,shipping-85c8bd8d95-nwfnb,shipping,156637,,,,,shipping,,linkerd,inbound,,85c8bd8d95,200,true,robot-shop,shipping.robot-shop.svc.cluster.local:8080,default.robot-shop.serviceaccount.identity.linkerd.cluster.local,,,,,,,,,,
1613873585.401,response_latency_ms_sum,,,10.1.18.189:4191,linkerd-proxy,robot-shop,,shipping-85c8bd8d95-nwfnb,shipping,236701,,,,,shipping,,linkerd,inbound,,85c8bd8d95,200,true,robot-shop,shipping.robot-shop.svc.cluster.local:8080,default.robot-shop.serviceaccount.identity.linkerd.cluster.local,,,,,,,,,,
1613873595.421,response_latency_ms_sum,,,10.1.18.189:4191,linkerd-proxy,robot-shop,,shipping-85c8bd8d95-nwfnb,shipping,290535,,,,,shipping,,linkerd,inbound,,85c8bd8d95,200,true,robot-shop,shipping.robot-shop.svc.cluster.local:8080,default.robot-shop.serviceaccount.identity.linkerd.cluster.local,,,,,,,,,,
1613873605.401,response_latency_ms_sum,,,10.1.18.189:4191,linkerd-proxy,robot-shop,,shipping-85c8bd8d95-nwfnb,shipping,514341,,,,,shipping,,linkerd,inbound,,85c8bd8d95,200,true,robot-shop,shipping.robot-shop.svc.cluster.local:8080,default.robot-shop.serviceaccount.identity.linkerd.cluster.local,,,,,,,,,,
1613873615.401,response_latency_ms_sum,,,10.1.18.189:4191,linkerd-proxy,robot-shop,,shipping-85c8bd8d95-nwfnb,shipping,514341,,,,,shipping,,linkerd,inbound,,85c8bd8d95,200,true,robot-shop,shipping.robot-shop.svc.cluster.local:8080,default.robot-shop.serviceaccount.identity.linkerd.cluster.local,,,,,,,,,,
1613873566.369,response_latency_ms_sum,,,10.1.18.184:4191,linkerd-proxy,robot-shop,,cart-5c4fff577-tcf95,cart,857260,,,,,cart,,linkerd,inbound,,5c4fff577,200,true,robot-shop,cart.robot-shop.svc.cluster.local:8080,default.robot-shop.serviceaccount.identity.linkerd.cluster.local,,,,,,,,,,
1613873576.367,response_latency_ms_sum,,,10.1.18.184:4191,linkerd-proxy,robot-shop,,cart-5c4fff577-tcf95,cart,857763,,,,,cart,,linkerd,inbound,,5c4fff577,200,true,robot-shop,cart.robot-shop.svc.cluster.local:8080,default.robot-shop.serviceaccount.identity.linkerd.cluster.local,,,,,,,,,,
1613873586.366,response_latency_ms_sum,,,10.1.18.184:4191,linkerd-proxy,robot-shop,,cart-5c4fff577-tcf95,cart,859635,,,,,cart,,linkerd,inbound,,5c4fff577,200,true,robot-shop,cart.robot-shop.svc.cluster.local:8080,default.robot-shop.serviceaccount.identity.linkerd.cluster.local,,,,,,,,,,
1613873596.371,response_latency_ms_sum,,,10.1.18.184:4191,linkerd-proxy,robot-shop,,cart-5c4fff577-tcf95,cart,875368,,,,,cart,,linkerd,inbound,,5c4fff577,200,true,robot-shop,cart.robot-shop.svc.cluster.local:8080,default.robot-shop.serviceaccount.identity.linkerd.cluster.local,,,,,,,,,,
1613873606.366,response_latency_ms_sum,,,10.1.18.184:4191,linkerd-proxy,robot-shop,,cart-5c4fff577-tcf95,cart,875425,,,,,cart,,linkerd,inbound,,5c4fff577,200,true,robot-shop,cart.robot-shop.svc.cluster.local:8080,default.robot-shop.serviceaccount.identity.linkerd.cluster.local,,,,,,,,,,
1613873616.366,response_latency_ms_sum,,,10.1.18.184:4191,linkerd-proxy,robot-shop,,cart-5c4fff577-tcf95,cart,875516,,,,,cart,,linkerd,inbound,,5c4fff577,200,true,robot-shop,cart.robot-shop.svc.cluster.local:8080,default.robot-shop.serviceaccount.identity.linkerd.cluster.local,,,,,,,,,,
1613873566.369,response_latency_ms_sum,,,10.1.18.184:4191,linkerd-proxy,robot-shop,,cart-5c4fff577-tcf95,cart,93992,,,,,cart,,linkerd,outbound,,5c4fff577,200,true,robot-shop,catalogue.robot-shop.svc.cluster.local:8080,,linkerd,catalogue,robot-shop,catalogue-7f9d94b4db-9dxvq,7f9d94b4db,default,default.robot-shop.serviceaccount.identity.linkerd.cluster.local,,,catalogue
1613873576.367,response_latency_ms_sum,,,10.1.18.184:4191,linkerd-proxy,robot-shop,,cart-5c4fff577-tcf95,cart,94116,,,,,cart,,linkerd,outbound,,5c4fff577,200,true,robot-shop,catalogue.robot-shop.svc.cluster.local:8080,,linkerd,catalogue,robot-shop,catalogue-7f9d94b4db-9dxvq,7f9d94b4db,default,default.robot-shop.serviceaccount.identity.linkerd.cluster.local,,,catalogue
1613873586.366,response_latency_ms_sum,,,10.1.18.184:4191,linkerd-proxy,robot-shop,,cart-5c4fff577-tcf95,cart,94407,,,,,cart,,linkerd,outbound,,5c4fff577,200,true,robot-shop,catalogue.robot-shop.svc.cluster.local:8080,,linkerd,catalogue,robot-shop,catalogue-7f9d94b4db-9dxvq,7f9d94b4db,default,default.robot-shop.serviceaccount.identity.linkerd.cluster.local,,,catalogue
1613873596.371,response_latency_ms_sum,,,10.1.18.184:4191,linkerd-proxy,robot-shop,,cart-5c4fff577-tcf95,cart,96289,,,,,cart,,linkerd,outbound,,5c4fff577,200,true,robot-shop,catalogue.robot-shop.svc.cluster.local:8080,,linkerd,catalogue,robot-shop,catalogue-7f9d94b4db-9dxvq,7f9d94b4db,default,default.robot-shop.serviceaccount.identity.linkerd.cluster.local,,,catalogue
1613873606.366,response_latency_ms_sum,,,10.1.18.184:4191,linkerd-proxy,robot-shop,,cart-5c4fff577-tcf95,cart,96305,,,,,cart,,linkerd,outbound,,5c4fff577,200,true,robot-shop,catalogue.robot-shop.svc.cluster.local:8080,,linkerd,catalogue,robot-shop,catalogue-7f9d94b4db-9dxvq,7f9d94b4db,default,default.robot-shop.serviceaccount.identity.linkerd.cluster.local,,,catalogue
1613873616.366,response_latency_ms_sum,,,10.1.18.184:4191,linkerd-proxy,robot-shop,,cart-5c4fff577-tcf95,cart,96317,,,,,cart,,linkerd,outbound,,5c4fff577,200,true,robot-shop,catalogue.robot-shop.svc.cluster.local:8080,,linkerd,catalogue,robot-shop,catalogue-7f9d94b4db-9dxvq,7f9d94b4db,default,default.robot-shop.serviceaccount.identity.linkerd.cluster.local,,,catalogue
1613873571.955,response_latency_ms_sum,,,10.1.18.188:4191,linkerd-proxy,robot-shop,,ratings-57874f848b-g4dvs,ratings,0,,,,,ratings,,linkerd,inbound,,57874f848b,,true,robot-shop,ratings.robot-shop.svc.cluster.local,default.robot-shop.serviceaccount.identity.linkerd.cluster.local,,,,,,,,,,
1613873581.955,response_latency_ms_sum,,,10.1.18.188:4191,linkerd-proxy,robot-shop,,ratings-57874f848b-g4dvs,ratings,0,,,,,ratings,,linkerd,inbound,,57874f848b,,true,robot-shop,ratings.robot-shop.svc.cluster.local,default.robot-shop.serviceaccount.identity.linkerd.cluster.local,,,,,,,,,,
1613873591.956,response_latency_ms_sum,,,10.1.18.188:4191,linkerd-proxy,robot-shop,,ratings-57874f848b-g4dvs,ratings,0,,,,,ratings,,linkerd,inbound,,57874f848b,,true,robot-shop,ratings.robot-shop.svc.cluster.local,default.robot-shop.serviceaccount.identity.linkerd.cluster.local,,,,,,,,,,
1613873601.956,response_latency_ms_sum,,,10.1.18.188:4191,linkerd-proxy,robot-shop,,ratings-57874f848b-g4dvs,ratings,0,,,,,ratings,,linkerd,inbound,,57874f848b,,true,robot-shop,ratings.robot-shop.svc.cluster.local,default.robot-shop.serviceaccount.identity.linkerd.cluster.local,,,,,,,,,,
1613873611.955,response_latency_ms_sum,,,10.1.18.188:4191,linkerd-proxy,robot-shop,,ratings-57874f848b-g4dvs,ratings,0,,,,,ratings,,linkerd,inbound,,57874f848b,,true,robot-shop,ratings.robot-shop.svc.cluster.local,default.robot-shop.serviceaccount.identity.linkerd.cluster.local,,,,,,,,,,
1613873563.253,response_latency_ms_sum,,,10.1.18.191:4191,linkerd-proxy,robot-shop,,web-6b7cd5d75b-vl9w8,web,3986328,,,,,web,,linkerd,inbound,no_tls_from_remote,6b7cd5d75b,502,no_identity,robot-shop,localhost:30651,,,,,,,,,,,
1613873573.253,response_latency_ms_sum,,,10.1.18.191:4191,linkerd-proxy,robot-shop,,web-6b7cd5d75b-vl9w8,web,3986328,,,,,web,,linkerd,inbound,no_tls_from_remote,6b7cd5d75b,502,no_identity,robot-shop,localhost:30651,,,,,,,,,,,
1613873583.253,response_latency_ms_sum,,,10.1.18.191:4191,linkerd-proxy,robot-shop,,web-6b7cd5d75b-vl9w8,web,3986328,,,,,web,,linkerd,inbound,no_tls_from_remote,6b7cd5d75b,502,no_identity,robot-shop,localhost:30651,,,,,,,,,,,
1613873593.253,response_latency_ms_sum,,,10.1.18.191:4191,linkerd-proxy,robot-shop,,web-6b7cd5d75b-vl9w8,web,4434831,,,,,web,,linkerd,inbound,no_tls_from_remote,6b7cd5d75b,502,no_identity,robot-shop,localhost:30651,,,,,,,,,,,
1613873603.252,response_latency_ms_sum,,,10.1.18.191:4191,linkerd-proxy,robot-shop,,web-6b7cd5d75b-vl9w8,web,4823869,,,,,web,,linkerd,inbound,no_tls_from_remote,6b7cd5d75b,502,no_identity,robot-shop,localhost:30651,,,,,,,,,,,
1613873613.253,response_latency_ms_sum,,,10.1.18.191:4191,linkerd-proxy,robot-shop,,web-6b7cd5d75b-vl9w8,web,5435045,,,,,web,,linkerd,inbound,no_tls_from_remote,6b7cd5d75b,502,no_identity,robot-shop,localhost:30651,,,,,,,,,,,
1613873563.253,response_latency_ms_sum,,,10.1.18.191:4191,linkerd-proxy,robot-shop,,web-6b7cd5d75b-vl9w8,web,527084,,,,,web,,linkerd,inbound,no_tls_from_remote,6b7cd5d75b,503,no_identity,robot-shop,localhost:30651,,,,,,,,,,,
1613873573.253,response_latency_ms_sum,,,10.1.18.191:4191,linkerd-proxy,robot-shop,,web-6b7cd5d75b-vl9w8,web,527084,,,,,web,,linkerd,inbound,no_tls_from_remote,6b7cd5d75b,503,no_identity,robot-shop,localhost:30651,,,,,,,,,,,
1613873583.253,response_latency_ms_sum,,,10.1.18.191:4191,linkerd-proxy,robot-shop,,web-6b7cd5d75b-vl9w8,web,527084,,,,,web,,linkerd,inbound,no_tls_from_remote,6b7cd5d75b,503,no_identity,robot-shop,localhost:30651,,,,,,,,,,,
1613873593.253,response_latency_ms_sum,,,10.1.18.191:4191,linkerd-proxy,robot-shop,,web-6b7cd5d75b-vl9w8,web,566284,,,,,web,,linkerd,inbound,no_tls_from_remote,6b7cd5d75b,503,no_identity,robot-shop,localhost:30651,,,,,,,,,,,
1613873603.252,response_latency_ms_sum,,,10.1.18.191:4191,linkerd-proxy,robot-shop,,web-6b7cd5d75b-vl9w8,web,566284,,,,,web,,linkerd,inbound,no_tls_from_remote,6b7cd5d75b,503,no_identity,robot-shop,localhost:30651,,,,,,,,,,,
1613873613.253,response_latency_ms_sum,,,10.1.18.191:4191,linkerd-proxy,robot-shop,,web-6b7cd5d75b-vl9w8,web,566284,,,,,web,,linkerd,inbound,no_tls_from_remote,6b7cd5d75b,503,no_identity,robot-shop,localhost:30651,,,,,,,,,,,
1613873563.253,response_latency_ms_sum,,,10.1.18.191:4191,linkerd-proxy,robot-shop,,web-6b7cd5d75b-vl9w8,web,2231205,,,,,web,,linkerd,outbound,,6b7cd5d75b,502,true,robot-shop,ratings.robot-shop.svc.cluster.local,,linkerd,ratings,robot-shop,ratings-57874f848b-g4dvs,57874f848b,default,default.robot-shop.serviceaccount.identity.linkerd.cluster.local,,,ratings
1613873573.253,response_latency_ms_sum,,,10.1.18.191:4191,linkerd-proxy,robot-shop,,web-6b7cd5d75b-vl9w8,web,2231205,,,,,web,,linkerd,outbound,,6b7cd5d75b,502,true,robot-shop,ratings.robot-shop.svc.cluster.local,,linkerd,ratings,robot-shop,ratings-57874f848b-g4dvs,57874f848b,default,default.robot-shop.serviceaccount.identity.linkerd.cluster.local,,,ratings
1613873583.253,response_latency_ms_sum,,,10.1.18.191:4191,linkerd-proxy,robot-shop,,web-6b7cd5d75b-vl9w8,web,2231205,,,,,web,,linkerd,outbound,,6b7cd5d75b,502,true,robot-shop,ratings.robot-shop.svc.cluster.local,,linkerd,ratings,robot-shop,ratings-57874f848b-g4dvs,57874f848b,default,default.robot-shop.serviceaccount.identity.linkerd.cluster.local,,,ratings
1613873593.253,response_latency_ms_sum,,,10.1.18.191:4191,linkerd-proxy,robot-shop,,web-6b7cd5d75b-vl9w8,web,2431086,,,,,web,,linkerd,outbound,,6b7cd5d75b,502,true,robot-shop,ratings.robot-shop.svc.cluster.local,,linkerd,ratings,robot-shop,ratings-57874f848b-g4dvs,57874f848b,default,default.robot-shop.serviceaccount.identity.linkerd.cluster.local,,,ratings
1613873603.252,response_latency_ms_sum,,,10.1.18.191:4191,linkerd-proxy,robot-shop,,web-6b7cd5d75b-vl9w8,web,2431086,,,,,web,,linkerd,outbound,,6b7cd5d75b,502,true,robot-shop,ratings.robot-shop.svc.cluster.local,,linkerd,ratings,robot-shop,ratings-57874f848b-g4dvs,57874f848b,default,default.robot-shop.serviceaccount.identity.linkerd.cluster.local,,,ratings
1613873613.253,response_latency_ms_sum,,,10.1.18.191:4191,linkerd-proxy,robot-shop,,web-6b7cd5d75b-vl9w8,web,2431086,,,,,web,,linkerd,outbound,,6b7cd5d75b,502,true,robot-shop,ratings.robot-shop.svc.cluster.local,,linkerd,ratings,robot-shop,ratings-57874f848b-g4dvs,57874f848b,default,default.robot-shop.serviceaccount.identity.linkerd.cluster.local,,,ratings
1613873563.253,response_latency_ms_sum,,,10.1.18.191:4191,linkerd-proxy,robot-shop,,web-6b7cd5d75b-vl9w8,web,0,,,,,web,,linkerd,outbound,,6b7cd5d75b,,true,robot-shop,ratings.robot-shop.svc.cluster.local,,linkerd,ratings,robot-shop,ratings-57874f848b-g4dvs,57874f848b,default,default.robot-shop.serviceaccount.identity.linkerd.cluster.local,,,ratings
1613873573.253,response_latency_ms_sum,,,10.1.18.191:4191,linkerd-proxy,robot-shop,,web-6b7cd5d75b-vl9w8,web,0,,,,,web,,linkerd,outbound,,6b7cd5d75b,,true,robot-shop,ratings.robot-shop.svc.cluster.local,,linkerd,ratings,robot-shop,ratings-57874f848b-g4dvs,57874f848b,default,default.robot-shop.serviceaccount.identity.linkerd.cluster.local,,,ratings
1613873583.253,response_latency_ms_sum,,,10.1.18.191:4191,linkerd-proxy,robot-shop,,web-6b7cd5d75b-vl9w8,web,0,,,,,web,,linkerd,outbound,,6b7cd5d75b,,true,robot-shop,ratings.robot-shop.svc.cluster.local,,linkerd,ratings,robot-shop,ratings-57874f848b-g4dvs,57874f848b,default,default.robot-shop.serviceaccount.identity.linkerd.cluster.local,,,ratings
1613873593.253,response_latency_ms_sum,,,10.1.18.191:4191,linkerd-proxy,robot-shop,,web-6b7cd5d75b-vl9w8,web,0,,,,,web,,linkerd,outbound,,6b7cd5d75b,,true,robot-shop,ratings.robot-shop.svc.cluster.local,,linkerd,ratings,robot-shop,ratings-57874f848b-g4dvs,57874f848b,default,default.robot-shop.serviceaccount.identity.linkerd.cluster.local,,,ratings
1613873603.252,response_latency_ms_sum,,,10.1.18.191:4191,linkerd-proxy,robot-shop,,web-6b7cd5d75b-vl9w8,web,0,,,,,web,,linkerd,outbound,,6b7cd5d75b,,true,robot-shop,ratings.robot-shop.svc.cluster.local,,linkerd,ratings,robot-shop,ratings-57874f848b-g4dvs,57874f848b,default,default.robot-shop.serviceaccount.identity.linkerd.cluster.local,,,ratings
1613873613.253,response_latency_ms_sum,,,10.1.18.191:4191,linkerd-proxy,robot-shop,,web-6b7cd5d75b-vl9w8,web,0,,,,,web,,linkerd,outbound,,6b7cd5d75b,,true,robot-shop,ratings.robot-shop.svc.cluster.local,,linkerd,ratings,robot-shop,ratings-57874f848b-g4dvs,57874f848b,default,default.robot-shop.serviceaccount.identity.linkerd.cluster.local,,,ratings
1613873563.253,response_latency_ms_sum,,,10.1.18.191:4191,linkerd-proxy,robot-shop,,web-6b7cd5d75b-vl9w8,web,1742940,,,,,web,,linkerd,outbound,,6b7cd5d75b,502,true,robot-shop,shipping.robot-shop.svc.cluster.local:8080,,linkerd,shipping,robot-shop,shipping-85c8bd8d95-nwfnb,85c8bd8d95,default,default.robot-shop.serviceaccount.identity.linkerd.cluster.local,,,shipping
1613873573.253,response_latency_ms_sum,,,10.1.18.191:4191,linkerd-proxy,robot-shop,,web-6b7cd5d75b-vl9w8,web,1742940,,,,,web,,linkerd,outbound,,6b7cd5d75b,502,true,robot-shop,shipping.robot-shop.svc.cluster.local:8080,,linkerd,shipping,robot-shop,shipping-85c8bd8d95-nwfnb,85c8bd8d95,default,default.robot-shop.serviceaccount.identity.linkerd.cluster.local,,,shipping
1613873583.253,response_latency_ms_sum,,,10.1.18.191:4191,linkerd-proxy,robot-shop,,web-6b7cd5d75b-vl9w8,web,1742940,,,,,web,,linkerd,outbound,,6b7cd5d75b,502,true,robot-shop,shipping.robot-shop.svc.cluster.local:8080,,linkerd,shipping,robot-shop,shipping-85c8bd8d95-nwfnb,85c8bd8d95,default,default.robot-shop.serviceaccount.identity.linkerd.cluster.local,,,shipping
1613873593.253,response_latency_ms_sum,,,10.1.18.191:4191,linkerd-proxy,robot-shop,,web-6b7cd5d75b-vl9w8,web,1742940,,,,,web,,linkerd,outbound,,6b7cd5d75b,502,true,robot-shop,shipping.robot-shop.svc.cluster.local:8080,,linkerd,shipping,robot-shop,shipping-85c8bd8d95-nwfnb,85c8bd8d95,default,default.robot-shop.serviceaccount.identity.linkerd.cluster.local,,,shipping
1613873603.252,response_latency_ms_sum,,,10.1.18.191:4191,linkerd-proxy,robot-shop,,web-6b7cd5d75b-vl9w8,web,1742940,,,,,web,,linkerd,outbound,,6b7cd5d75b,502,true,robot-shop,shipping.robot-shop.svc.cluster.local:8080,,linkerd,shipping,robot-shop,shipping-85c8bd8d95-nwfnb,85c8bd8d95,default,default.robot-shop.serviceaccount.identity.linkerd.cluster.local,,,shipping
1613873613.253,response_latency_ms_sum,,,10.1.18.191:4191,linkerd-proxy,robot-shop,,web-6b7cd5d75b-vl9w8,web,2353783,,,,,web,,linkerd,outbound,,6b7cd5d75b,502,true,robot-shop,shipping.robot-shop.svc.cluster.local:8080,,linkerd,shipping,robot-shop,shipping-85c8bd8d95-nwfnb,85c8bd8d95,default,default.robot-shop.serviceaccount.identity.linkerd.cluster.local,,,shipping
1613873565.402,response_latency_ms_sum,,,10.1.18.189:4191,linkerd-proxy,robot-shop,,shipping-85c8bd8d95-nwfnb,shipping,0,,,,,shipping,,linkerd,inbound,,85c8bd8d95,,true,robot-shop,shipping.robot-shop.svc.cluster.local:8080,default.robot-shop.serviceaccount.identity.linkerd.cluster.local,,,,,,,,,,
1613873575.401,response_latency_ms_sum,,,10.1.18.189:4191,linkerd-proxy,robot-shop,,shipping-85c8bd8d95-nwfnb,shipping,0,,,,,shipping,,linkerd,inbound,,85c8bd8d95,,true,robot-shop,shipping.robot-shop.svc.cluster.local:8080,default.robot-shop.serviceaccount.identity.linkerd.cluster.local,,,,,,,,,,
1613873585.401,response_latency_ms_sum,,,10.1.18.189:4191,linkerd-proxy,robot-shop,,shipping-85c8bd8d95-nwfnb,shipping,0,,,,,shipping,,linkerd,inbound,,85c8bd8d95,,true,robot-shop,shipping.robot-shop.svc.cluster.local:8080,default.robot-shop.serviceaccount.identity.linkerd.cluster.local,,,,,,,,,,
1613873595.421,response_latency_ms_sum,,,10.1.18.189:4191,linkerd-proxy,robot-shop,,shipping-85c8bd8d95-nwfnb,shipping,0,,,,,shipping,,linkerd,inbound,,85c8bd8d95,,true,robot-shop,shipping.robot-shop.svc.cluster.local:8080,default.robot-shop.serviceaccount.identity.linkerd.cluster.local,,,,,,,,,,
1613873605.401,response_latency_ms_sum,,,10.1.18.189:4191,linkerd-proxy,robot-shop,,shipping-85c8bd8d95-nwfnb,shipping,0,,,,,shipping,,linkerd,inbound,,85c8bd8d95,,true,robot-shop,shipping.robot-shop.svc.cluster.local:8080,default.robot-shop.serviceaccount.identity.linkerd.cluster.local,,,,,,,,,,
1613873615.401,response_latency_ms_sum,,,10.1.18.189:4191,linkerd-proxy,robot-shop,,shipping-85c8bd8d95-nwfnb,shipping,0,,,,,shipping,,linkerd,inbound,,85c8bd8d95,,true,robot-shop,shipping.robot-shop.svc.cluster.local:8080,default.robot-shop.serviceaccount.identity.linkerd.cluster.local,,,,,,,,,,
1613873571.955,response_latency_ms_sum,,,10.1.18.188:4191,linkerd-proxy,robot-shop,,ratings-57874f848b-g4dvs,ratings,0,,,,,ratings,,linkerd,inbound,no_tls_from_remote,57874f848b,,no_identity,robot-shop,,,,,,,,,,,,
1613873581.955,response_latency_ms_sum,,,10.1.18.188:4191,linkerd-proxy,robot-shop,,ratings-57874f848b-g4dvs,ratings,0,,,,,ratings,,linkerd,inbound,no_tls_from_remote,57874f848b,,no_identity,robot-shop,,,,,,,,,,,,
1613873591.956,response_latency_ms_sum,,,10.1.18.188:4191,linkerd-proxy,robot-shop,,ratings-57874f848b-g4dvs,ratings,0,,,,,ratings,,linkerd,inbound,no_tls_from_remote,57874f848b,,no_identity,robot-shop,,,,,,,,,,,,
1613873601.956,response_latency_ms_sum,,,10.1.18.188:4191,linkerd-proxy,robot-shop,,ratings-57874f848b-g4dvs,ratings,0,,,,,ratings,,linkerd,inbound,no_tls_from_remote,57874f848b,,no_identity,robot-shop,,,,,,,,,,,,
1613873611.955,response_latency_ms_sum,,,10.1.18.188:4191,linkerd-proxy,robot-shop,,ratings-57874f848b-g4dvs,ratings,0,,,,,ratings,,linkerd,inbound,no_tls_from_remote,57874f848b,,no_identity,robot-shop,,,,,,,,,,,,
1613873571.012,response_latency_ms_sum,,,10.1.7.224:4191,linkerd-proxy,linkerd,,linkerd-prometheus-5bccd64d4d-jzwmt,,34,,,,,linkerd-prometheus,prometheus,linkerd,outbound,,5bccd64d4d,200,true,linkerd,10.1.18.194:4191,,linkerd,dispatch,robot-shop,dispatch-54f9f7c88b-tsk66,54f9f7c88b,default,default.robot-shop.serviceaccount.identity.linkerd.cluster.local,,,
1613873581.012,response_latency_ms_sum,,,10.1.7.224:4191,linkerd-proxy,linkerd,,linkerd-prometheus-5bccd64d4d-jzwmt,,36,,,,,linkerd-prometheus,prometheus,linkerd,outbound,,5bccd64d4d,200,true,linkerd,10.1.18.194:4191,,linkerd,dispatch,robot-shop,dispatch-54f9f7c88b-tsk66,54f9f7c88b,default,default.robot-shop.serviceaccount.identity.linkerd.cluster.local,,,
1613873591.011,response_latency_ms_sum,,,10.1.7.224:4191,linkerd-proxy,linkerd,,linkerd-prometheus-5bccd64d4d-jzwmt,,39,,,,,linkerd-prometheus,prometheus,linkerd,outbound,,5bccd64d4d,200,true,linkerd,10.1.18.194:4191,,linkerd,dispatch,robot-shop,dispatch-54f9f7c88b-tsk66,54f9f7c88b,default,default.robot-shop.serviceaccount.identity.linkerd.cluster.local,,,
1613873601.012,response_latency_ms_sum,,,10.1.7.224:4191,linkerd-proxy,linkerd,,linkerd-prometheus-5bccd64d4d-jzwmt,,40,,,,,linkerd-prometheus,prometheus,linkerd,outbound,,5bccd64d4d,200,true,linkerd,10.1.18.194:4191,,linkerd,dispatch,robot-shop,dispatch-54f9f7c88b-tsk66,54f9f7c88b,default,default.robot-shop.serviceaccount.identity.linkerd.cluster.local,,,
1613873611.012,response_latency_ms_sum,,,10.1.7.224:4191,linkerd-proxy,linkerd,,linkerd-prometheus-5bccd64d4d-jzwmt,,43,,,,,linkerd-prometheus,prometheus,linkerd,outbound,,5bccd64d4d,200,true,linkerd,10.1.18.194:4191,,linkerd,dispatch,robot-shop,dispatch-54f9f7c88b-tsk66,54f9f7c88b,default,default.robot-shop.serviceaccount.identity.linkerd.cluster.local,,,
1613873571.012,response_latency_ms_sum,,,10.1.7.224:4191,linkerd-proxy,linkerd,,linkerd-prometheus-5bccd64d4d-jzwmt,,34,,,,,linkerd-prometheus,prometheus,linkerd,outbound,,5bccd64d4d,200,true,linkerd,10.1.18.197:4191,,linkerd,shipping,robot-shop,shipping-85c8bd8d95-fm6ps,85c8bd8d95,default,default.robot-shop.serviceaccount.identity.linkerd.cluster.local,,,
1613873581.012,response_latency_ms_sum,,,10.1.7.224:4191,linkerd-proxy,linkerd,,linkerd-prometheus-5bccd64d4d-jzwmt,,37,,,,,linkerd-prometheus,prometheus,linkerd,outbound,,5bccd64d4d,200,true,linkerd,10.1.18.197:4191,,linkerd,shipping,robot-shop,shipping-85c8bd8d95-fm6ps,85c8bd8d95,default,default.robot-shop.serviceaccount.identity.linkerd.cluster.local,,,
1613873591.011,response_latency_ms_sum,,,10.1.7.224:4191,linkerd-proxy,linkerd,,linkerd-prometheus-5bccd64d4d-jzwmt,,64,,,,,linkerd-prometheus,prometheus,linkerd,outbound,,5bccd64d4d,200,true,linkerd,10.1.18.197:4191,,linkerd,shipping,robot-shop,shipping-85c8bd8d95-fm6ps,85c8bd8d95,default,default.robot-shop.serviceaccount.identity.linkerd.cluster.local,,,
1613873601.012,response_latency_ms_sum,,,10.1.7.224:4191,linkerd-proxy,linkerd,,linkerd-prometheus-5bccd64d4d-jzwmt,,66,,,,,linkerd-prometheus,prometheus,linkerd,outbound,,5bccd64d4d,200,true,linkerd,10.1.18.197:4191,,linkerd,shipping,robot-shop,shipping-85c8bd8d95-fm6ps,85c8bd8d95,default,default.robot-shop.serviceaccount.identity.linkerd.cluster.local,,,
1613873611.012,response_latency_ms_sum,,,10.1.7.224:4191,linkerd-proxy,linkerd,,linkerd-prometheus-5bccd64d4d-jzwmt,,71,,,,,linkerd-prometheus,prometheus,linkerd,outbound,,5bccd64d4d,200,true,linkerd,10.1.18.197:4191,,linkerd,shipping,robot-shop,shipping-85c8bd8d95-fm6ps,85c8bd8d95,default,default.robot-shop.serviceaccount.identity.linkerd.cluster.local,,,
1613873571.012,response_latency_ms_sum,,,10.1.7.224:4191,linkerd-proxy,linkerd,,linkerd-prometheus-5bccd64d4d-jzwmt,,14,,,,,linkerd-prometheus,prometheus,linkerd,outbound,,5bccd64d4d,200,true,linkerd,10.1.18.199:4191,,linkerd,web,robot-shop,web-6b7cd5d75b-cq4k9,6b7cd5d75b,default,default.robot-shop.serviceaccount.identity.linkerd.cluster.local,,,
1613873581.012,response_latency_ms_sum,,,10.1.7.224:4191,linkerd-proxy,linkerd,,linkerd-prometheus-5bccd64d4d-jzwmt,,18,,,,,linkerd-prometheus,prometheus,linkerd,outbound,,5bccd64d4d,200,true,linkerd,10.1.18.199:4191,,linkerd,web,robot-shop,web-6b7cd5d75b-cq4k9,6b7cd5d75b,default,default.robot-shop.serviceaccount.identity.linkerd.cluster.local,,,
1613873591.011,response_latency_ms_sum,,,10.1.7.224:4191,linkerd-proxy,linkerd,,linkerd-prometheus-5bccd64d4d-jzwmt,,23,,,,,linkerd-prometheus,prometheus,linkerd,outbound,,5bccd64d4d,200,true,linkerd,10.1.18.199:4191,,linkerd,web,robot-shop,web-6b7cd5d75b-cq4k9,6b7cd5d75b,default,default.robot-shop.serviceaccount.identity.linkerd.cluster.local,,,
1613873601.012,response_latency_ms_sum,,,10.1.7.224:4191,linkerd-proxy,linkerd,,linkerd-prometheus-5bccd64d4d-jzwmt,,36,,,,,linkerd-prometheus,prometheus,linkerd,outbound,,5bccd64d4d,200,true,linkerd,10.1.18.199:4191,,linkerd,web,robot-shop,web-6b7cd5d75b-cq4k9,6b7cd5d75b,default,default.robot-shop.serviceaccount.identity.linkerd.cluster.local,,,
1613873611.012,response_latency_ms_sum,,,10.1.7.224:4191,linkerd-proxy,linkerd,,linkerd-prometheus-5bccd64d4d-jzwmt,,47,,,,,linkerd-prometheus,prometheus,linkerd,outbound,,5bccd64d4d,200,true,linkerd,10.1.18.199:4191,,linkerd,web,robot-shop,web-6b7cd5d75b-cq4k9,6b7cd5d75b,default,default.robot-shop.serviceaccount.identity.linkerd.cluster.local,,,
1613873564.731,response_latency_ms_sum,,,10.1.18.193:4191,linkerd-proxy,robot-shop,,catalogue-7f9d94b4db-pvr5l,catalogue,0,,,,,catalogue,,linkerd,outbound,not_provided_by_service_discovery,7f9d94b4db,,no_identity,robot-shop,10.1.0.1:42699,,,,,,,,,,,
1613873574.731,response_latency_ms_sum,,,10.1.18.193:4191,linkerd-proxy,robot-shop,,catalogue-7f9d94b4db-pvr5l,catalogue,0,,,,,catalogue,,linkerd,outbound,not_provided_by_service_discovery,7f9d94b4db,,no_identity,robot-shop,10.1.0.1:42699,,,,,,,,,,,
1613873584.731,response_latency_ms_sum,,,10.1.18.193:4191,linkerd-proxy,robot-shop,,catalogue-7f9d94b4db-pvr5l,catalogue,0,,,,,catalogue,,linkerd,outbound,not_provided_by_service_discovery,7f9d94b4db,,no_identity,robot-shop,10.1.0.1:42699,,,,,,,,,,,
1613873594.732,response_latency_ms_sum,,,10.1.18.193:4191,linkerd-proxy,robot-shop,,catalogue-7f9d94b4db-pvr5l,catalogue,0,,,,,catalogue,,linkerd,outbound,not_provided_by_service_discovery,7f9d94b4db,,no_identity,robot-shop,10.1.0.1:42699,,,,,,,,,,,
1613873604.731,response_latency_ms_sum,,,10.1.18.193:4191,linkerd-proxy,robot-shop,,catalogue-7f9d94b4db-pvr5l,catalogue,0,,,,,catalogue,,linkerd,outbound,not_provided_by_service_discovery,7f9d94b4db,,no_identity,robot-shop,10.1.0.1:42699,,,,,,,,,,,
1613873614.731,response_latency_ms_sum,,,10.1.18.193:4191,linkerd-proxy,robot-shop,,catalogue-7f9d94b4db-pvr5l,catalogue,0,,,,,catalogue,,linkerd,outbound,not_provided_by_service_discovery,7f9d94b4db,,no_identity,robot-shop,10.1.0.1:42699,,,,,,,,,,,
1613873567.071,response_latency_ms_sum,,,10.1.18.197:4191,linkerd-proxy,robot-shop,,shipping-85c8bd8d95-fm6ps,shipping,0,,,,,shipping,,linkerd,inbound,no_tls_from_remote,85c8bd8d95,,no_identity,robot-shop,,,,,,,,,,,,
1613873577.071,response_latency_ms_sum,,,10.1.18.197:4191,linkerd-proxy,robot-shop,,shipping-85c8bd8d95-fm6ps,shipping,0,,,,,shipping,,linkerd,inbound,no_tls_from_remote,85c8bd8d95,,no_identity,robot-shop,,,,,,,,,,,,
1613873587.074,response_latency_ms_sum,,,10.1.18.197:4191,linkerd-proxy,robot-shop,,shipping-85c8bd8d95-fm6ps,shipping,0,,,,,shipping,,linkerd,inbound,no_tls_from_remote,85c8bd8d95,,no_identity,robot-shop,,,,,,,,,,,,
1613873597.069,response_latency_ms_sum,,,10.1.18.197:4191,linkerd-proxy,robot-shop,,shipping-85c8bd8d95-fm6ps,shipping,0,,,,,shipping,,linkerd,inbound,no_tls_from_remote,85c8bd8d95,,no_identity,robot-shop,,,,,,,,,,,,
1613873607.07,response_latency_ms_sum,,,10.1.18.197:4191,linkerd-proxy,robot-shop,,shipping-85c8bd8d95-fm6ps,shipping,0,,,,,shipping,,linkerd,inbound,no_tls_from_remote,85c8bd8d95,,no_identity,robot-shop,,,,,,,,,,,,
1613873617.069,response_latency_ms_sum,,,10.1.18.197:4191,linkerd-proxy,robot-shop,,shipping-85c8bd8d95-fm6ps,shipping,0,,,,,shipping,,linkerd,inbound,no_tls_from_remote,85c8bd8d95,,no_identity,robot-shop,,,,,,,,,,,,
1613873567.612,response_latency_ms_sum,,,10.1.18.192:4191,linkerd-proxy,robot-shop,,cart-5c4fff577-qbhqr,cart,0,,,,,cart,,linkerd,outbound,not_provided_by_service_discovery,5c4fff577,,no_identity,robot-shop,10.1.0.1:42699,,,,,,,,,,,
1613873577.612,response_latency_ms_sum,,,10.1.18.192:4191,linkerd-proxy,robot-shop,,cart-5c4fff577-qbhqr,cart,0,,,,,cart,,linkerd,outbound,not_provided_by_service_discovery,5c4fff577,,no_identity,robot-shop,10.1.0.1:42699,,,,,,,,,,,
1613873587.612,response_latency_ms_sum,,,10.1.18.192:4191,linkerd-proxy,robot-shop,,cart-5c4fff577-qbhqr,cart,0,,,,,cart,,linkerd,outbound,not_provided_by_service_discovery,5c4fff577,,no_identity,robot-shop,10.1.0.1:42699,,,,,,,,,,,
1613873597.612,response_latency_ms_sum,,,10.1.18.192:4191,linkerd-proxy,robot-shop,,cart-5c4fff577-qbhqr,cart,0,,,,,cart,,linkerd,outbound,not_provided_by_service_discovery,5c4fff577,,no_identity,robot-shop,10.1.0.1:42699,,,,,,,,,,,
1613873607.612,response_latency_ms_sum,,,10.1.18.192:4191,linkerd-proxy,robot-shop,,cart-5c4fff577-qbhqr,cart,0,,,,,cart,,linkerd,outbound,not_provided_by_service_discovery,5c4fff577,,no_identity,robot-shop,10.1.0.1:42699,,,,,,,,,,,
1613873617.612,response_latency_ms_sum,,,10.1.18.192:4191,linkerd-proxy,robot-shop,,cart-5c4fff577-qbhqr,cart,0,,,,,cart,,linkerd,outbound,not_provided_by_service_discovery,5c4fff577,,no_identity,robot-shop,10.1.0.1:42699,,,,,,,,,,,
1613873568.987,response_latency_ms_sum,,,10.1.18.198:4191,linkerd-proxy,robot-shop,,user-5bc66cc67d-nkqq4,user,0,,,,,user,,linkerd,outbound,not_provided_by_service_discovery,5bc66cc67d,,no_identity,robot-shop,10.1.0.1:42699,,,,,,,,,,,
1613873578.987,response_latency_ms_sum,,,10.1.18.198:4191,linkerd-proxy,robot-shop,,user-5bc66cc67d-nkqq4,user,0,,,,,user,,linkerd,outbound,not_provided_by_service_discovery,5bc66cc67d,,no_identity,robot-shop,10.1.0.1:42699,,,,,,,,,,,
1613873588.987,response_latency_ms_sum,,,10.1.18.198:4191,linkerd-proxy,robot-shop,,user-5bc66cc67d-nkqq4,user,0,,,,,user,,linkerd,outbound,not_provided_by_service_discovery,5bc66cc67d,,no_identity,robot-shop,10.1.0.1:42699,,,,,,,,,,,
1613873598.987,response_latency_ms_sum,,,10.1.18.198:4191,linkerd-proxy,robot-shop,,user-5bc66cc67d-nkqq4,user,0,,,,,user,,linkerd,outbound,not_provided_by_service_discovery,5bc66cc67d,,no_identity,robot-shop,10.1.0.1:42699,,,,,,,,,,,
1613873608.987,response_latency_ms_sum,,,10.1.18.198:4191,linkerd-proxy,robot-shop,,user-5bc66cc67d-nkqq4,user,0,,,,,user,,linkerd,outbound,not_provided_by_service_discovery,5bc66cc67d,,no_identity,robot-shop,10.1.0.1:42699,,,,,,,,,,,
1613873618.987,response_latency_ms_sum,,,10.1.18.198:4191,linkerd-proxy,robot-shop,,user-5bc66cc67d-nkqq4,user,0,,,,,user,,linkerd,outbound,not_provided_by_service_discovery,5bc66cc67d,,no_identity,robot-shop,10.1.0.1:42699,,,,,,,,,,,
1613873569.019,response_latency_ms_sum,,,10.1.18.195:4191,linkerd-proxy,robot-shop,,payment-568954696b-t7dz5,payment,0,,,,,payment,,linkerd,outbound,not_provided_by_service_discovery,568954696b,,no_identity,robot-shop,10.1.0.1:42699,,,,,,,,,,prod,
1613873579.019,response_latency_ms_sum,,,10.1.18.195:4191,linkerd-proxy,robot-shop,,payment-568954696b-t7dz5,payment,0,,,,,payment,,linkerd,outbound,not_provided_by_service_discovery,568954696b,,no_identity,robot-shop,10.1.0.1:42699,,,,,,,,,,prod,
1613873589.019,response_latency_ms_sum,,,10.1.18.195:4191,linkerd-proxy,robot-shop,,payment-568954696b-t7dz5,payment,0,,,,,payment,,linkerd,outbound,not_provided_by_service_discovery,568954696b,,no_identity,robot-shop,10.1.0.1:42699,,,,,,,,,,prod,
1613873599.019,response_latency_ms_sum,,,10.1.18.195:4191,linkerd-proxy,robot-shop,,payment-568954696b-t7dz5,payment,0,,,,,payment,,linkerd,outbound,not_provided_by_service_discovery,568954696b,,no_identity,robot-shop,10.1.0.1:42699,,,,,,,,,,prod,
1613873609.019,response_latency_ms_sum,,,10.1.18.195:4191,linkerd-proxy,robot-shop,,payment-568954696b-t7dz5,payment,0,,,,,payment,,linkerd,outbound,not_provided_by_service_discovery,568954696b,,no_identity,robot-shop,10.1.0.1:42699,,,,,,,,,,prod,
1613873619.019,response_latency_ms_sum,,,10.1.18.195:4191,linkerd-proxy,robot-shop,,payment-568954696b-t7dz5,payment,0,,,,,payment,,linkerd,outbound,not_provided_by_service_discovery,568954696b,,no_identity,robot-shop,10.1.0.1:42699,,,,,,,,,,prod,
1613873571.012,response_latency_ms_sum,,,10.1.7.224:4191,linkerd-proxy,linkerd,,linkerd-prometheus-5bccd64d4d-jzwmt,,26,,,,,linkerd-prometheus,prometheus,linkerd,outbound,,5bccd64d4d,200,true,linkerd,10.1.18.196:4191,,linkerd,ratings,robot-shop,ratings-57874f848b-xtvx6,57874f848b,default,default.robot-shop.serviceaccount.identity.linkerd.cluster.local,,,
1613873581.012,response_latency_ms_sum,,,10.1.7.224:4191,linkerd-proxy,linkerd,,linkerd-prometheus-5bccd64d4d-jzwmt,,28,,,,,linkerd-prometheus,prometheus,linkerd,outbound,,5bccd64d4d,200,true,linkerd,10.1.18.196:4191,,linkerd,ratings,robot-shop,ratings-57874f848b-xtvx6,57874f848b,default,default.robot-shop.serviceaccount.identity.linkerd.cluster.local,,,
1613873591.011,response_latency_ms_sum,,,10.1.7.224:4191,linkerd-proxy,linkerd,,linkerd-prometheus-5bccd64d4d-jzwmt,,31,,,,,linkerd-prometheus,prometheus,linkerd,outbound,,5bccd64d4d,200,true,linkerd,10.1.18.196:4191,,linkerd,ratings,robot-shop,ratings-57874f848b-xtvx6,57874f848b,default,default.robot-shop.serviceaccount.identity.linkerd.cluster.local,,,
1613873601.012,response_latency_ms_sum,,,10.1.7.224:4191,linkerd-proxy,linkerd,,linkerd-prometheus-5bccd64d4d-jzwmt,,35,,,,,linkerd-prometheus,prometheus,linkerd,outbound,,5bccd64d4d,200,true,linkerd,10.1.18.196:4191,,linkerd,ratings,robot-shop,ratings-57874f848b-xtvx6,57874f848b,default,default.robot-shop.serviceaccount.identity.linkerd.cluster.local,,,
1613873611.012,response_latency_ms_sum,,,10.1.7.224:4191,linkerd-proxy,linkerd,,linkerd-prometheus-5bccd64d4d-jzwmt,,37,,,,,linkerd-prometheus,prometheus,linkerd,outbound,,5bccd64d4d,200,true,linkerd,10.1.18.196:4191,,linkerd,ratings,robot-shop,ratings-57874f848b-xtvx6,57874f848b,default,default.robot-shop.serviceaccount.identity.linkerd.cluster.local,,,
1613873571.012,response_latency_ms_sum,,,10.1.7.224:4191,linkerd-proxy,linkerd,,linkerd-prometheus-5bccd64d4d-jzwmt,,32,,,,,linkerd-prometheus,prometheus,linkerd,outbound,,5bccd64d4d,200,true,linkerd,10.1.18.193:4191,,linkerd,catalogue,robot-shop,catalogue-7f9d94b4db-pvr5l,7f9d94b4db,default,default.robot-shop.serviceaccount.identity.linkerd.cluster.local,,,
1613873581.012,response_latency_ms_sum,,,10.1.7.224:4191,linkerd-proxy,linkerd,,linkerd-prometheus-5bccd64d4d-jzwmt,,34,,,,,linkerd-prometheus,prometheus,linkerd,outbound,,5bccd64d4d,200,true,linkerd,10.1.18.193:4191,,linkerd,catalogue,robot-shop,catalogue-7f9d94b4db-pvr5l,7f9d94b4db,default,default.robot-shop.serviceaccount.identity.linkerd.cluster.local,,,
1613873591.011,response_latency_ms_sum,,,10.1.7.224:4191,linkerd-proxy,linkerd,,linkerd-prometheus-5bccd64d4d-jzwmt,,36,,,,,linkerd-prometheus,prometheus,linkerd,outbound,,5bccd64d4d,200,true,linkerd,10.1.18.193:4191,,linkerd,catalogue,robot-shop,catalogue-7f9d94b4db-pvr5l,7f9d94b4db,default,default.robot-shop.serviceaccount.identity.linkerd.cluster.local,,,
1613873601.012,response_latency_ms_sum,,,10.1.7.224:4191,linkerd-proxy,linkerd,,linkerd-prometheus-5bccd64d4d-jzwmt,,40,,,,,linkerd-prometheus,prometheus,linkerd,outbound,,5bccd64d4d,200,true,linkerd,10.1.18.193:4191,,linkerd,catalogue,robot-shop,catalogue-7f9d94b4db-pvr5l,7f9d94b4db,default,default.robot-shop.serviceaccount.identity.linkerd.cluster.local,,,
1613873611.012,response_latency_ms_sum,,,10.1.7.224:4191,linkerd-proxy,linkerd,,linkerd-prometheus-5bccd64d4d-jzwmt,,43,,,,,linkerd-prometheus,prometheus,linkerd,outbound,,5bccd64d4d,200,true,linkerd,10.1.18.193:4191,,linkerd,catalogue,robot-shop,catalogue-7f9d94b4db-pvr5l,7f9d94b4db,default,default.robot-shop.serviceaccount.identity.linkerd.cluster.local,,,
1613873571.012,response_latency_ms_sum,,,10.1.7.224:4191,linkerd-proxy,linkerd,,linkerd-prometheus-5bccd64d4d-jzwmt,,26,,,,,linkerd-prometheus,prometheus,linkerd,outbound,,5bccd64d4d,200,true,linkerd,10.1.18.192:4191,,linkerd,cart,robot-shop,cart-5c4fff577-qbhqr,5c4fff577,default,default.robot-shop.serviceaccount.identity.linkerd.cluster.local,,,
1613873581.012,response_latency_ms_sum,,,10.1.7.224:4191,linkerd-proxy,linkerd,,linkerd-prometheus-5bccd64d4d-jzwmt,,28,,,,,linkerd-prometheus,prometheus,linkerd,outbound,,5bccd64d4d,200,true,linkerd,10.1.18.192:4191,,linkerd,cart,robot-shop,cart-5c4fff577-qbhqr,5c4fff577,default,default.robot-shop.serviceaccount.identity.linkerd.cluster.local,,,
1613873591.011,response_latency_ms_sum,,,10.1.7.224:4191,linkerd-proxy,linkerd,,linkerd-prometheus-5bccd64d4d-jzwmt,,34,,,,,linkerd-prometheus,prometheus,linkerd,outbound,,5bccd64d4d,200,true,linkerd,10.1.18.192:4191,,linkerd,cart,robot-shop,cart-5c4fff577-qbhqr,5c4fff577,default,default.robot-shop.serviceaccount.identity.linkerd.cluster.local,,,
1613873601.012,response_latency_ms_sum,,,10.1.7.224:4191,linkerd-proxy,linkerd,,linkerd-prometheus-5bccd64d4d-jzwmt,,35,,,,,linkerd-prometheus,prometheus,linkerd,outbound,,5bccd64d4d,200,true,linkerd,10.1.18.192:4191,,linkerd,cart,robot-shop,cart-5c4fff577-qbhqr,5c4fff577,default,default.robot-shop.serviceaccount.identity.linkerd.cluster.local,,,
1613873611.012,response_latency_ms_sum,,,10.1.7.224:4191,linkerd-proxy,linkerd,,linkerd-prometheus-5bccd64d4d-jzwmt,,39,,,,,linkerd-prometheus,prometheus,linkerd,outbound,,5bccd64d4d,200,true,linkerd,10.1.18.192:4191,,linkerd,cart,robot-shop,cart-5c4fff577-qbhqr,5c4fff577,default,default.robot-shop.serviceaccount.identity.linkerd.cluster.local,,,
1613873571.012,response_latency_ms_sum,,,10.1.7.224:4191,linkerd-proxy,linkerd,,linkerd-prometheus-5bccd64d4d-jzwmt,,40,,,,,linkerd-prometheus,prometheus,linkerd,outbound,,5bccd64d4d,200,true,linkerd,10.1.18.198:4191,,linkerd,user,robot-shop,user-5bc66cc67d-nkqq4,5bc66cc67d,default,default.robot-shop.serviceaccount.identity.linkerd.cluster.local,,,
1613873581.012,response_latency_ms_sum,,,10.1.7.224:4191,linkerd-proxy,linkerd,,linkerd-prometheus-5bccd64d4d-jzwmt,,43,,,,,linkerd-prometheus,prometheus,linkerd,outbound,,5bccd64d4d,200,true,linkerd,10.1.18.198:4191,,linkerd,user,robot-shop,user-5bc66cc67d-nkqq4,5bc66cc67d,default,default.robot-shop.serviceaccount.identity.linkerd.cluster.local,,,
1613873591.011,response_latency_ms_sum,,,10.1.7.224:4191,linkerd-proxy,linkerd,,linkerd-prometheus-5bccd64d4d-jzwmt,,45,,,,,linkerd-prometheus,prometheus,linkerd,outbound,,5bccd64d4d,200,true,linkerd,10.1.18.198:4191,,linkerd,user,robot-shop,user-5bc66cc67d-nkqq4,5bc66cc67d,default,default.robot-shop.serviceaccount.identity.linkerd.cluster.local,,,
1613873601.012,response_latency_ms_sum,,,10.1.7.224:4191,linkerd-proxy,linkerd,,linkerd-prometheus-5bccd64d4d-jzwmt,,46,,,,,linkerd-prometheus,prometheus,linkerd,outbound,,5bccd64d4d,200,true,linkerd,10.1.18.198:4191,,linkerd,user,robot-shop,user-5bc66cc67d-nkqq4,5bc66cc67d,default,default.robot-shop.serviceaccount.identity.linkerd.cluster.local,,,
1613873611.012,response_latency_ms_sum,,,10.1.7.224:4191,linkerd-proxy,linkerd,,linkerd-prometheus-5bccd64d4d-jzwmt,,48,,,,,linkerd-prometheus,prometheus,linkerd,outbound,,5bccd64d4d,200,true,linkerd,10.1.18.198:4191,,linkerd,user,robot-shop,user-5bc66cc67d-nkqq4,5bc66cc67d,default,default.robot-shop.serviceaccount.identity.linkerd.cluster.local,,,
1613873571.012,response_latency_ms_sum,,,10.1.7.224:4191,linkerd-proxy,linkerd,,linkerd-prometheus-5bccd64d4d-jzwmt,,31,,,,,linkerd-prometheus,prometheus,linkerd,outbound,,5bccd64d4d,200,true,linkerd,10.1.18.195:4191,,linkerd,payment,robot-shop,payment-568954696b-t7dz5,568954696b,default,default.robot-shop.serviceaccount.identity.linkerd.cluster.local,,,
1613873581.012,response_latency_ms_sum,,,10.1.7.224:4191,linkerd-proxy,linkerd,,linkerd-prometheus-5bccd64d4d-jzwmt,,34,,,,,linkerd-prometheus,prometheus,linkerd,outbound,,5bccd64d4d,200,true,linkerd,10.1.18.195:4191,,linkerd,payment,robot-shop,payment-568954696b-t7dz5,568954696b,default,default.robot-shop.serviceaccount.identity.linkerd.cluster.local,,,
1613873591.011,response_latency_ms_sum,,,10.1.7.224:4191,linkerd-proxy,linkerd,,linkerd-prometheus-5bccd64d4d-jzwmt,,35,,,,,linkerd-prometheus,prometheus,linkerd,outbound,,5bccd64d4d,200,true,linkerd,10.1.18.195:4191,,linkerd,payment,robot-shop,payment-568954696b-t7dz5,568954696b,default,default.robot-shop.serviceaccount.identity.linkerd.cluster.local,,,
1613873601.012,response_latency_ms_sum,,,10.1.7.224:4191,linkerd-proxy,linkerd,,linkerd-prometheus-5bccd64d4d-jzwmt,,36,,,,,linkerd-prometheus,prometheus,linkerd,outbound,,5bccd64d4d,200,true,linkerd,10.1.18.195:4191,,linkerd,payment,robot-shop,payment-568954696b-t7dz5,568954696b,default,default.robot-shop.serviceaccount.identity.linkerd.cluster.local,,,
1613873611.012,response_latency_ms_sum,,,10.1.7.224:4191,linkerd-proxy,linkerd,,linkerd-prometheus-5bccd64d4d-jzwmt,,38,,,,,linkerd-prometheus,prometheus,linkerd,outbound,,5bccd64d4d,200,true,linkerd,10.1.18.195:4191,,linkerd,payment,robot-shop,payment-568954696b-t7dz5,568954696b,default,default.robot-shop.serviceaccount.identity.linkerd.cluster.local,,,
1613873563.723,response_latency_ms_sum,,,10.1.18.196:4191,linkerd-proxy,robot-shop,,ratings-57874f848b-xtvx6,ratings,2871,,,,,ratings,,linkerd,inbound,no_tls_from_remote,57874f848b,200,no_identity,robot-shop,,,,,,,,,,,,
1613873573.723,response_latency_ms_sum,,,10.1.18.196:4191,linkerd-proxy,robot-shop,,ratings-57874f848b-xtvx6,ratings,2871,,,,,ratings,,linkerd,inbound,no_tls_from_remote,57874f848b,200,no_identity,robot-shop,,,,,,,,,,,,
1613873583.723,response_latency_ms_sum,,,10.1.18.196:4191,linkerd-proxy,robot-shop,,ratings-57874f848b-xtvx6,ratings,2871,,,,,ratings,,linkerd,inbound,no_tls_from_remote,57874f848b,200,no_identity,robot-shop,,,,,,,,,,,,
1613873593.723,response_latency_ms_sum,,,10.1.18.196:4191,linkerd-proxy,robot-shop,,ratings-57874f848b-xtvx6,ratings,2871,,,,,ratings,,linkerd,inbound,no_tls_from_remote,57874f848b,200,no_identity,robot-shop,,,,,,,,,,,,
1613873603.723,response_latency_ms_sum,,,10.1.18.196:4191,linkerd-proxy,robot-shop,,ratings-57874f848b-xtvx6,ratings,3802,,,,,ratings,,linkerd,inbound,no_tls_from_remote,57874f848b,200,no_identity,robot-shop,,,,,,,,,,,,
1613873613.723,response_latency_ms_sum,,,10.1.18.196:4191,linkerd-proxy,robot-shop,,ratings-57874f848b-xtvx6,ratings,3802,,,,,ratings,,linkerd,inbound,no_tls_from_remote,57874f848b,200,no_identity,robot-shop,,,,,,,,,,,,
1613873566.872,response_latency_ms_sum,,,10.1.18.194:4191,linkerd-proxy,robot-shop,,dispatch-54f9f7c88b-tsk66,dispatch,0,,,,,dispatch,,linkerd,outbound,not_provided_by_service_discovery,54f9f7c88b,,no_identity,robot-shop,10.1.0.1:42699,,,,,,,,,,,
1613873576.871,response_latency_ms_sum,,,10.1.18.194:4191,linkerd-proxy,robot-shop,,dispatch-54f9f7c88b-tsk66,dispatch,0,,,,,dispatch,,linkerd,outbound,not_provided_by_service_discovery,54f9f7c88b,,no_identity,robot-shop,10.1.0.1:42699,,,,,,,,,,,
1613873586.871,response_latency_ms_sum,,,10.1.18.194:4191,linkerd-proxy,robot-shop,,dispatch-54f9f7c88b-tsk66,dispatch,0,,,,,dispatch,,linkerd,outbound,not_provided_by_service_discovery,54f9f7c88b,,no_identity,robot-shop,10.1.0.1:42699,,,,,,,,,,,
1613873596.871,response_latency_ms_sum,,,10.1.18.194:4191,linkerd-proxy,robot-shop,,dispatch-54f9f7c88b-tsk66,dispatch,0,,,,,dispatch,,linkerd,outbound,not_provided_by_service_discovery,54f9f7c88b,,no_identity,robot-shop,10.1.0.1:42699,,,,,,,,,,,
1613873606.871,response_latency_ms_sum,,,10.1.18.194:4191,linkerd-proxy,robot-shop,,dispatch-54f9f7c88b-tsk66,dispatch,0,,,,,dispatch,,linkerd,outbound,not_provided_by_service_discovery,54f9f7c88b,,no_identity,robot-shop,10.1.0.1:42699,,,,,,,,,,,
1613873616.871,response_latency_ms_sum,,,10.1.18.194:4191,linkerd-proxy,robot-shop,,dispatch-54f9f7c88b-tsk66,dispatch,0,,,,,dispatch,,linkerd,outbound,not_provided_by_service_discovery,54f9f7c88b,,no_identity,robot-shop,10.1.0.1:42699,,,,,,,,,,,
1613873567.071,response_latency_ms_sum,,,10.1.18.197:4191,linkerd-proxy,robot-shop,,shipping-85c8bd8d95-fm6ps,shipping,257,,,,,shipping,,linkerd,inbound,no_tls_from_remote,85c8bd8d95,200,no_identity,robot-shop,,,,,,,,,,,,
1613873577.071,response_latency_ms_sum,,,10.1.18.197:4191,linkerd-proxy,robot-shop,,shipping-85c8bd8d95-fm6ps,shipping,328,,,,,shipping,,linkerd,inbound,no_tls_from_remote,85c8bd8d95,200,no_identity,robot-shop,,,,,,,,,,,,
1613873587.074,response_latency_ms_sum,,,10.1.18.197:4191,linkerd-proxy,robot-shop,,shipping-85c8bd8d95-fm6ps,shipping,497,,,,,shipping,,linkerd,inbound,no_tls_from_remote,85c8bd8d95,200,no_identity,robot-shop,,,,,,,,,,,,
1613873597.069,response_latency_ms_sum,,,10.1.18.197:4191,linkerd-proxy,robot-shop,,shipping-85c8bd8d95-fm6ps,shipping,497,,,,,shipping,,linkerd,inbound,no_tls_from_remote,85c8bd8d95,200,no_identity,robot-shop,,,,,,,,,,,,
1613873607.07,response_latency_ms_sum,,,10.1.18.197:4191,linkerd-proxy,robot-shop,,shipping-85c8bd8d95-fm6ps,shipping,732,,,,,shipping,,linkerd,inbound,no_tls_from_remote,85c8bd8d95,200,no_identity,robot-shop,,,,,,,,,,,,
1613873617.069,response_latency_ms_sum,,,10.1.18.197:4191,linkerd-proxy,robot-shop,,shipping-85c8bd8d95-fm6ps,shipping,732,,,,,shipping,,linkerd,inbound,no_tls_from_remote,85c8bd8d95,200,no_identity,robot-shop,,,,,,,,,,,,
1613873563.253,response_latency_ms_sum,,,10.1.18.191:4191,linkerd-proxy,robot-shop,,web-6b7cd5d75b-vl9w8,web,112,,,,,web,,linkerd,outbound,,6b7cd5d75b,200,true,robot-shop,user.robot-shop.svc.cluster.local:8080,,linkerd,user,robot-shop,user-5bc66cc67d-nkqq4,5bc66cc67d,default,default.robot-shop.serviceaccount.identity.linkerd.cluster.local,,,user
1613873573.253,response_latency_ms_sum,,,10.1.18.191:4191,linkerd-proxy,robot-shop,,web-6b7cd5d75b-vl9w8,web,119,,,,,web,,linkerd,outbound,,6b7cd5d75b,200,true,robot-shop,user.robot-shop.svc.cluster.local:8080,,linkerd,user,robot-shop,user-5bc66cc67d-nkqq4,5bc66cc67d,default,default.robot-shop.serviceaccount.identity.linkerd.cluster.local,,,user
1613873583.253,response_latency_ms_sum,,,10.1.18.191:4191,linkerd-proxy,robot-shop,,web-6b7cd5d75b-vl9w8,web,119,,,,,web,,linkerd,outbound,,6b7cd5d75b,200,true,robot-shop,user.robot-shop.svc.cluster.local:8080,,linkerd,user,robot-shop,user-5bc66cc67d-nkqq4,5bc66cc67d,default,default.robot-shop.serviceaccount.identity.linkerd.cluster.local,,,user
1613873593.253,response_latency_ms_sum,,,10.1.18.191:4191,linkerd-proxy,robot-shop,,web-6b7cd5d75b-vl9w8,web,119,,,,,web,,linkerd,outbound,,6b7cd5d75b,200,true,robot-shop,user.robot-shop.svc.cluster.local:8080,,linkerd,user,robot-shop,user-5bc66cc67d-nkqq4,5bc66cc67d,default,default.robot-shop.serviceaccount.identity.linkerd.cluster.local,,,user
1613873603.252,response_latency_ms_sum,,,10.1.18.191:4191,linkerd-proxy,robot-shop,,web-6b7cd5d75b-vl9w8,web,130,,,,,web,,linkerd,outbound,,6b7cd5d75b,200,true,robot-shop,user.robot-shop.svc.cluster.local:8080,,linkerd,user,robot-shop,user-5bc66cc67d-nkqq4,5bc66cc67d,default,default.robot-shop.serviceaccount.identity.linkerd.cluster.local,,,user
1613873613.253,response_latency_ms_sum,,,10.1.18.191:4191,linkerd-proxy,robot-shop,,web-6b7cd5d75b-vl9w8,web,382,,,,,web,,linkerd,outbound,,6b7cd5d75b,200,true,robot-shop,user.robot-shop.svc.cluster.local:8080,,linkerd,user,robot-shop,user-5bc66cc67d-nkqq4,5bc66cc67d,default,default.robot-shop.serviceaccount.identity.linkerd.cluster.local,,,user
1613873563.253,response_latency_ms_sum,,,10.1.18.191:4191,linkerd-proxy,robot-shop,,web-6b7cd5d75b-vl9w8,web,35,,,,,web,,linkerd,outbound,,6b7cd5d75b,200,true,robot-shop,catalogue.robot-shop.svc.cluster.local:8080,,linkerd,catalogue,robot-shop,catalogue-7f9d94b4db-pvr5l,7f9d94b4db,default,default.robot-shop.serviceaccount.identity.linkerd.cluster.local,,,catalogue
1613873573.253,response_latency_ms_sum,,,10.1.18.191:4191,linkerd-proxy,robot-shop,,web-6b7cd5d75b-vl9w8,web,766,,,,,web,,linkerd,outbound,,6b7cd5d75b,200,true,robot-shop,catalogue.robot-shop.svc.cluster.local:8080,,linkerd,catalogue,robot-shop,catalogue-7f9d94b4db-pvr5l,7f9d94b4db,default,default.robot-shop.serviceaccount.identity.linkerd.cluster.local,,,catalogue
1613873583.253,response_latency_ms_sum,,,10.1.18.191:4191,linkerd-proxy,robot-shop,,web-6b7cd5d75b-vl9w8,web,926,,,,,web,,linkerd,outbound,,6b7cd5d75b,200,true,robot-shop,catalogue.robot-shop.svc.cluster.local:8080,,linkerd,catalogue,robot-shop,catalogue-7f9d94b4db-pvr5l,7f9d94b4db,default,default.robot-shop.serviceaccount.identity.linkerd.cluster.local,,,catalogue
1613873593.253,response_latency_ms_sum,,,10.1.18.191:4191,linkerd-proxy,robot-shop,,web-6b7cd5d75b-vl9w8,web,1798,,,,,web,,linkerd,outbound,,6b7cd5d75b,200,true,robot-shop,catalogue.robot-shop.svc.cluster.local:8080,,linkerd,catalogue,robot-shop,catalogue-7f9d94b4db-pvr5l,7f9d94b4db,default,default.robot-shop.serviceaccount.identity.linkerd.cluster.local,,,catalogue
1613873603.252,response_latency_ms_sum,,,10.1.18.191:4191,linkerd-proxy,robot-shop,,web-6b7cd5d75b-vl9w8,web,1808,,,,,web,,linkerd,outbound,,6b7cd5d75b,200,true,robot-shop,catalogue.robot-shop.svc.cluster.local:8080,,linkerd,catalogue,robot-shop,catalogue-7f9d94b4db-pvr5l,7f9d94b4db,default,default.robot-shop.serviceaccount.identity.linkerd.cluster.local,,,catalogue
1613873613.253,response_latency_ms_sum,,,10.1.18.191:4191,linkerd-proxy,robot-shop,,web-6b7cd5d75b-vl9w8,web,2311,,,,,web,,linkerd,outbound,,6b7cd5d75b,200,true,robot-shop,catalogue.robot-shop.svc.cluster.local:8080,,linkerd,catalogue,robot-shop,catalogue-7f9d94b4db-pvr5l,7f9d94b4db,default,default.robot-shop.serviceaccount.identity.linkerd.cluster.local,,,catalogue
1613873563.253,response_latency_ms_sum,,,10.1.18.191:4191,linkerd-proxy,robot-shop,,web-6b7cd5d75b-vl9w8,web,1176,,,,,web,,linkerd,outbound,,6b7cd5d75b,200,true,robot-shop,ratings.robot-shop.svc.cluster.local,,linkerd,ratings,robot-shop,ratings-57874f848b-xtvx6,57874f848b,default,default.robot-shop.serviceaccount.identity.linkerd.cluster.local,,,ratings
1613873573.253,response_latency_ms_sum,,,10.1.18.191:4191,linkerd-proxy,robot-shop,,web-6b7cd5d75b-vl9w8,web,50907,,,,,web,,linkerd,outbound,,6b7cd5d75b,200,true,robot-shop,ratings.robot-shop.svc.cluster.local,,linkerd,ratings,robot-shop,ratings-57874f848b-xtvx6,57874f848b,default,default.robot-shop.serviceaccount.identity.linkerd.cluster.local,,,ratings
1613873583.253,response_latency_ms_sum,,,10.1.18.191:4191,linkerd-proxy,robot-shop,,web-6b7cd5d75b-vl9w8,web,179248,,,,,web,,linkerd,outbound,,6b7cd5d75b,200,true,robot-shop,ratings.robot-shop.svc.cluster.local,,linkerd,ratings,robot-shop,ratings-57874f848b-xtvx6,57874f848b,default,default.robot-shop.serviceaccount.identity.linkerd.cluster.local,,,ratings
1613873593.253,response_latency_ms_sum,,,10.1.18.191:4191,linkerd-proxy,robot-shop,,web-6b7cd5d75b-vl9w8,web,238128,,,,,web,,linkerd,outbound,,6b7cd5d75b,200,true,robot-shop,ratings.robot-shop.svc.cluster.local,,linkerd,ratings,robot-shop,ratings-57874f848b-xtvx6,57874f848b,default,default.robot-shop.serviceaccount.identity.linkerd.cluster.local,,,ratings
1613873603.252,response_latency_ms_sum,,,10.1.18.191:4191,linkerd-proxy,robot-shop,,web-6b7cd5d75b-vl9w8,web,238128,,,,,web,,linkerd,outbound,,6b7cd5d75b,200,true,robot-shop,ratings.robot-shop.svc.cluster.local,,linkerd,ratings,robot-shop,ratings-57874f848b-xtvx6,57874f848b,default,default.robot-shop.serviceaccount.identity.linkerd.cluster.local,,,ratings
1613873613.253,response_latency_ms_sum,,,10.1.18.191:4191,linkerd-proxy,robot-shop,,web-6b7cd5d75b-vl9w8,web,253958,,,,,web,,linkerd,outbound,,6b7cd5d75b,200,true,robot-shop,ratings.robot-shop.svc.cluster.local,,linkerd,ratings,robot-shop,ratings-57874f848b-xtvx6,57874f848b,default,default.robot-shop.serviceaccount.identity.linkerd.cluster.local,,,ratings
1613873563.253,response_latency_ms_sum,,,10.1.18.191:4191,linkerd-proxy,robot-shop,,web-6b7cd5d75b-vl9w8,web,128,,,,,web,,linkerd,outbound,,6b7cd5d75b,200,true,robot-shop,cart.robot-shop.svc.cluster.local:8080,,linkerd,cart,robot-shop,cart-5c4fff577-qbhqr,5c4fff577,default,default.robot-shop.serviceaccount.identity.linkerd.cluster.local,,,cart
1613873573.253,response_latency_ms_sum,,,10.1.18.191:4191,linkerd-proxy,robot-shop,,web-6b7cd5d75b-vl9w8,web,533,,,,,web,,linkerd,outbound,,6b7cd5d75b,200,true,robot-shop,cart.robot-shop.svc.cluster.local:8080,,linkerd,cart,robot-shop,cart-5c4fff577-qbhqr,5c4fff577,default,default.robot-shop.serviceaccount.identity.linkerd.cluster.local,,,cart
1613873583.253,response_latency_ms_sum,,,10.1.18.191:4191,linkerd-proxy,robot-shop,,web-6b7cd5d75b-vl9w8,web,691,,,,,web,,linkerd,outbound,,6b7cd5d75b,200,true,robot-shop,cart.robot-shop.svc.cluster.local:8080,,linkerd,cart,robot-shop,cart-5c4fff577-qbhqr,5c4fff577,default,default.robot-shop.serviceaccount.identity.linkerd.cluster.local,,,cart
1613873593.253,response_latency_ms_sum,,,10.1.18.191:4191,linkerd-proxy,robot-shop,,web-6b7cd5d75b-vl9w8,web,9451,,,,,web,,linkerd,outbound,,6b7cd5d75b,200,true,robot-shop,cart.robot-shop.svc.cluster.local:8080,,linkerd,cart,robot-shop,cart-5c4fff577-qbhqr,5c4fff577,default,default.robot-shop.serviceaccount.identity.linkerd.cluster.local,,,cart
1613873603.252,response_latency_ms_sum,,,10.1.18.191:4191,linkerd-proxy,robot-shop,,web-6b7cd5d75b-vl9w8,web,9451,,,,,web,,linkerd,outbound,,6b7cd5d75b,200,true,robot-shop,cart.robot-shop.svc.cluster.local:8080,,linkerd,cart,robot-shop,cart-5c4fff577-qbhqr,5c4fff577,default,default.robot-shop.serviceaccount.identity.linkerd.cluster.local,,,cart
1613873613.253,response_latency_ms_sum,,,10.1.18.191:4191,linkerd-proxy,robot-shop,,web-6b7cd5d75b-vl9w8,web,9491,,,,,web,,linkerd,outbound,,6b7cd5d75b,200,true,robot-shop,cart.robot-shop.svc.cluster.local:8080,,linkerd,cart,robot-shop,cart-5c4fff577-qbhqr,5c4fff577,default,default.robot-shop.serviceaccount.identity.linkerd.cluster.local,,,cart
1613873563.723,response_latency_ms_sum,,,10.1.18.196:4191,linkerd-proxy,robot-shop,,ratings-57874f848b-xtvx6,ratings,1990,,,,,ratings,,linkerd,inbound,,57874f848b,200,true,robot-shop,ratings.robot-shop.svc.cluster.local,default.robot-shop.serviceaccount.identity.linkerd.cluster.local,,,,,,,,,,
1613873573.723,response_latency_ms_sum,,,10.1.18.196:4191,linkerd-proxy,robot-shop,,ratings-57874f848b-xtvx6,ratings,114992,,,,,ratings,,linkerd,inbound,,57874f848b,200,true,robot-shop,ratings.robot-shop.svc.cluster.local,default.robot-shop.serviceaccount.identity.linkerd.cluster.local,,,,,,,,,,
1613873583.723,response_latency_ms_sum,,,10.1.18.196:4191,linkerd-proxy,robot-shop,,ratings-57874f848b-xtvx6,ratings,484359,,,,,ratings,,linkerd,inbound,,57874f848b,200,true,robot-shop,ratings.robot-shop.svc.cluster.local,default.robot-shop.serviceaccount.identity.linkerd.cluster.local,,,,,,,,,,
1613873593.723,response_latency_ms_sum,,,10.1.18.196:4191,linkerd-proxy,robot-shop,,ratings-57874f848b-xtvx6,ratings,563694,,,,,ratings,,linkerd,inbound,,57874f848b,200,true,robot-shop,ratings.robot-shop.svc.cluster.local,default.robot-shop.serviceaccount.identity.linkerd.cluster.local,,,,,,,,,,
1613873603.723,response_latency_ms_sum,,,10.1.18.196:4191,linkerd-proxy,robot-shop,,ratings-57874f848b-xtvx6,ratings,564442,,,,,ratings,,linkerd,inbound,,57874f848b,200,true,robot-shop,ratings.robot-shop.svc.cluster.local,default.robot-shop.serviceaccount.identity.linkerd.cluster.local,,,,,,,,,,
1613873613.723,response_latency_ms_sum,,,10.1.18.196:4191,linkerd-proxy,robot-shop,,ratings-57874f848b-xtvx6,ratings,656230,,,,,ratings,,linkerd,inbound,,57874f848b,200,true,robot-shop,ratings.robot-shop.svc.cluster.local,default.robot-shop.serviceaccount.identity.linkerd.cluster.local,,,,,,,,,,
1613873563.723,response_latency_ms_sum,,,10.1.18.196:4191,linkerd-proxy,robot-shop,,ratings-57874f848b-xtvx6,ratings,6,,,,,ratings,,linkerd,outbound,,57874f848b,200,true,robot-shop,catalogue.robot-shop.svc.cluster.local:8080,,linkerd,catalogue,robot-shop,catalogue-7f9d94b4db-9dxvq,7f9d94b4db,default,default.robot-shop.serviceaccount.identity.linkerd.cluster.local,,,catalogue
1613873573.723,response_latency_ms_sum,,,10.1.18.196:4191,linkerd-proxy,robot-shop,,ratings-57874f848b-xtvx6,ratings,29,,,,,ratings,,linkerd,outbound,,57874f848b,200,true,robot-shop,catalogue.robot-shop.svc.cluster.local:8080,,linkerd,catalogue,robot-shop,catalogue-7f9d94b4db-9dxvq,7f9d94b4db,default,default.robot-shop.serviceaccount.identity.linkerd.cluster.local,,,catalogue
1613873583.723,response_latency_ms_sum,,,10.1.18.196:4191,linkerd-proxy,robot-shop,,ratings-57874f848b-xtvx6,ratings,86,,,,,ratings,,linkerd,outbound,,57874f848b,200,true,robot-shop,catalogue.robot-shop.svc.cluster.local:8080,,linkerd,catalogue,robot-shop,catalogue-7f9d94b4db-9dxvq,7f9d94b4db,default,default.robot-shop.serviceaccount.identity.linkerd.cluster.local,,,catalogue
1613873593.723,response_latency_ms_sum,,,10.1.18.196:4191,linkerd-proxy,robot-shop,,ratings-57874f848b-xtvx6,ratings,122,,,,,ratings,,linkerd,outbound,,57874f848b,200,true,robot-shop,catalogue.robot-shop.svc.cluster.local:8080,,linkerd,catalogue,robot-shop,catalogue-7f9d94b4db-9dxvq,7f9d94b4db,default,default.robot-shop.serviceaccount.identity.linkerd.cluster.local,,,catalogue
1613873603.723,response_latency_ms_sum,,,10.1.18.196:4191,linkerd-proxy,robot-shop,,ratings-57874f848b-xtvx6,ratings,128,,,,,ratings,,linkerd,outbound,,57874f848b,200,true,robot-shop,catalogue.robot-shop.svc.cluster.local:8080,,linkerd,catalogue,robot-shop,catalogue-7f9d94b4db-9dxvq,7f9d94b4db,default,default.robot-shop.serviceaccount.identity.linkerd.cluster.local,,,catalogue
1613873613.723,response_latency_ms_sum,,,10.1.18.196:4191,linkerd-proxy,robot-shop,,ratings-57874f848b-xtvx6,ratings,140,,,,,ratings,,linkerd,outbound,,57874f848b,200,true,robot-shop,catalogue.robot-shop.svc.cluster.local:8080,,linkerd,catalogue,robot-shop,catalogue-7f9d94b4db-9dxvq,7f9d94b4db,default,default.robot-shop.serviceaccount.identity.linkerd.cluster.local,,,catalogue
1613873563.723,response_latency_ms_sum,,,10.1.18.196:4191,linkerd-proxy,robot-shop,,ratings-57874f848b-xtvx6,ratings,6,,,,,ratings,,linkerd,outbound,,57874f848b,200,true,robot-shop,catalogue.robot-shop.svc.cluster.local:8080,,linkerd,catalogue,robot-shop,catalogue-7f9d94b4db-pvr5l,7f9d94b4db,default,default.robot-shop.serviceaccount.identity.linkerd.cluster.local,,,catalogue
1613873573.723,response_latency_ms_sum,,,10.1.18.196:4191,linkerd-proxy,robot-shop,,ratings-57874f848b-xtvx6,ratings,31,,,,,ratings,,linkerd,outbound,,57874f848b,200,true,robot-shop,catalogue.robot-shop.svc.cluster.local:8080,,linkerd,catalogue,robot-shop,catalogue-7f9d94b4db-pvr5l,7f9d94b4db,default,default.robot-shop.serviceaccount.identity.linkerd.cluster.local,,,catalogue
1613873583.723,response_latency_ms_sum,,,10.1.18.196:4191,linkerd-proxy,robot-shop,,ratings-57874f848b-xtvx6,ratings,76,,,,,ratings,,linkerd,outbound,,57874f848b,200,true,robot-shop,catalogue.robot-shop.svc.cluster.local:8080,,linkerd,catalogue,robot-shop,catalogue-7f9d94b4db-pvr5l,7f9d94b4db,default,default.robot-shop.serviceaccount.identity.linkerd.cluster.local,,,catalogue
1613873593.723,response_latency_ms_sum,,,10.1.18.196:4191,linkerd-proxy,robot-shop,,ratings-57874f848b-xtvx6,ratings,87,,,,,ratings,,linkerd,outbound,,57874f848b,200,true,robot-shop,catalogue.robot-shop.svc.cluster.local:8080,,linkerd,catalogue,robot-shop,catalogue-7f9d94b4db-pvr5l,7f9d94b4db,default,default.robot-shop.serviceaccount.identity.linkerd.cluster.local,,,catalogue
1613873603.723,response_latency_ms_sum,,,10.1.18.196:4191,linkerd-proxy,robot-shop,,ratings-57874f848b-xtvx6,ratings,87,,,,,ratings,,linkerd,outbound,,57874f848b,200,true,robot-shop,catalogue.robot-shop.svc.cluster.local:8080,,linkerd,catalogue,robot-shop,catalogue-7f9d94b4db-pvr5l,7f9d94b4db,default,default.robot-shop.serviceaccount.identity.linkerd.cluster.local,,,catalogue
1613873613.723,response_latency_ms_sum,,,10.1.18.196:4191,linkerd-proxy,robot-shop,,ratings-57874f848b-xtvx6,ratings,109,,,,,ratings,,linkerd,outbound,,57874f848b,200,true,robot-shop,catalogue.robot-shop.svc.cluster.local:8080,,linkerd,catalogue,robot-shop,catalogue-7f9d94b4db-pvr5l,7f9d94b4db,default,default.robot-shop.serviceaccount.identity.linkerd.cluster.local,,,catalogue
1613873564.731,response_latency_ms_sum,,,10.1.18.193:4191,linkerd-proxy,robot-shop,,catalogue-7f9d94b4db-pvr5l,catalogue,172,,,,,catalogue,,linkerd,inbound,,7f9d94b4db,200,true,robot-shop,catalogue.robot-shop.svc.cluster.local:8080,default.robot-shop.serviceaccount.identity.linkerd.cluster.local,,,,,,,,,,
1613873574.731,response_latency_ms_sum,,,10.1.18.193:4191,linkerd-proxy,robot-shop,,catalogue-7f9d94b4db-pvr5l,catalogue,1551,,,,,catalogue,,linkerd,inbound,,7f9d94b4db,200,true,robot-shop,catalogue.robot-shop.svc.cluster.local:8080,default.robot-shop.serviceaccount.identity.linkerd.cluster.local,,,,,,,,,,
1613873584.731,response_latency_ms_sum,,,10.1.18.193:4191,linkerd-proxy,robot-shop,,catalogue-7f9d94b4db-pvr5l,catalogue,2033,,,,,catalogue,,linkerd,inbound,,7f9d94b4db,200,true,robot-shop,catalogue.robot-shop.svc.cluster.local:8080,default.robot-shop.serviceaccount.identity.linkerd.cluster.local,,,,,,,,,,
1613873594.732,response_latency_ms_sum,,,10.1.18.193:4191,linkerd-proxy,robot-shop,,catalogue-7f9d94b4db-pvr5l,catalogue,7234,,,,,catalogue,,linkerd,inbound,,7f9d94b4db,200,true,robot-shop,catalogue.robot-shop.svc.cluster.local:8080,default.robot-shop.serviceaccount.identity.linkerd.cluster.local,,,,,,,,,,
1613873604.731,response_latency_ms_sum,,,10.1.18.193:4191,linkerd-proxy,robot-shop,,catalogue-7f9d94b4db-pvr5l,catalogue,7544,,,,,catalogue,,linkerd,inbound,,7f9d94b4db,200,true,robot-shop,catalogue.robot-shop.svc.cluster.local:8080,default.robot-shop.serviceaccount.identity.linkerd.cluster.local,,,,,,,,,,
1613873614.731,response_latency_ms_sum,,,10.1.18.193:4191,linkerd-proxy,robot-shop,,catalogue-7f9d94b4db-pvr5l,catalogue,8232,,,,,catalogue,,linkerd,inbound,,7f9d94b4db,200,true,robot-shop,catalogue.robot-shop.svc.cluster.local:8080,default.robot-shop.serviceaccount.identity.linkerd.cluster.local,,,,,,,,,,
1613873566.369,response_latency_ms_sum,,,10.1.18.184:4191,linkerd-proxy,robot-shop,,cart-5c4fff577-tcf95,cart,32,,,,,cart,,linkerd,outbound,,5c4fff577,200,true,robot-shop,catalogue.robot-shop.svc.cluster.local:8080,,linkerd,catalogue,robot-shop,catalogue-7f9d94b4db-pvr5l,7f9d94b4db,default,default.robot-shop.serviceaccount.identity.linkerd.cluster.local,,,catalogue
1613873576.367,response_latency_ms_sum,,,10.1.18.184:4191,linkerd-proxy,robot-shop,,cart-5c4fff577-tcf95,cart,111,,,,,cart,,linkerd,outbound,,5c4fff577,200,true,robot-shop,catalogue.robot-shop.svc.cluster.local:8080,,linkerd,catalogue,robot-shop,catalogue-7f9d94b4db-pvr5l,7f9d94b4db,default,default.robot-shop.serviceaccount.identity.linkerd.cluster.local,,,catalogue
1613873586.366,response_latency_ms_sum,,,10.1.18.184:4191,linkerd-proxy,robot-shop,,cart-5c4fff577-tcf95,cart,635,,,,,cart,,linkerd,outbound,,5c4fff577,200,true,robot-shop,catalogue.robot-shop.svc.cluster.local:8080,,linkerd,catalogue,robot-shop,catalogue-7f9d94b4db-pvr5l,7f9d94b4db,default,default.robot-shop.serviceaccount.identity.linkerd.cluster.local,,,catalogue
1613873596.371,response_latency_ms_sum,,,10.1.18.184:4191,linkerd-proxy,robot-shop,,cart-5c4fff577-tcf95,cart,2860,,,,,cart,,linkerd,outbound,,5c4fff577,200,true,robot-shop,catalogue.robot-shop.svc.cluster.local:8080,,linkerd,catalogue,robot-shop,catalogue-7f9d94b4db-pvr5l,7f9d94b4db,default,default.robot-shop.serviceaccount.identity.linkerd.cluster.local,,,catalogue
1613873606.366,response_latency_ms_sum,,,10.1.18.184:4191,linkerd-proxy,robot-shop,,cart-5c4fff577-tcf95,cart,2864,,,,,cart,,linkerd,outbound,,5c4fff577,200,true,robot-shop,catalogue.robot-shop.svc.cluster.local:8080,,linkerd,catalogue,robot-shop,catalogue-7f9d94b4db-pvr5l,7f9d94b4db,default,default.robot-shop.serviceaccount.identity.linkerd.cluster.local,,,catalogue
1613873616.366,response_latency_ms_sum,,,10.1.18.184:4191,linkerd-proxy,robot-shop,,cart-5c4fff577-tcf95,cart,2891,,,,,cart,,linkerd,outbound,,5c4fff577,200,true,robot-shop,catalogue.robot-shop.svc.cluster.local:8080,,linkerd,catalogue,robot-shop,catalogue-7f9d94b4db-pvr5l,7f9d94b4db,default,default.robot-shop.serviceaccount.identity.linkerd.cluster.local,,,catalogue
1613873567.071,response_latency_ms_sum,,,10.1.18.197:4191,linkerd-proxy,robot-shop,,shipping-85c8bd8d95-fm6ps,shipping,5544,,,,,shipping,,linkerd,inbound,,85c8bd8d95,200,true,robot-shop,shipping.robot-shop.svc.cluster.local:8080,default.robot-shop.serviceaccount.identity.linkerd.cluster.local,,,,,,,,,,
1613873577.071,response_latency_ms_sum,,,10.1.18.197:4191,linkerd-proxy,robot-shop,,shipping-85c8bd8d95-fm6ps,shipping,28035,,,,,shipping,,linkerd,inbound,,85c8bd8d95,200,true,robot-shop,shipping.robot-shop.svc.cluster.local:8080,default.robot-shop.serviceaccount.identity.linkerd.cluster.local,,,,,,,,,,
1613873587.074,response_latency_ms_sum,,,10.1.18.197:4191,linkerd-proxy,robot-shop,,shipping-85c8bd8d95-fm6ps,shipping,68425,,,,,shipping,,linkerd,inbound,,85c8bd8d95,200,true,robot-shop,shipping.robot-shop.svc.cluster.local:8080,default.robot-shop.serviceaccount.identity.linkerd.cluster.local,,,,,,,,,,
1613873597.069,response_latency_ms_sum,,,10.1.18.197:4191,linkerd-proxy,robot-shop,,shipping-85c8bd8d95-fm6ps,shipping,79160,,,,,shipping,,linkerd,inbound,,85c8bd8d95,200,true,robot-shop,shipping.robot-shop.svc.cluster.local:8080,default.robot-shop.serviceaccount.identity.linkerd.cluster.local,,,,,,,,,,
1613873607.07,response_latency_ms_sum,,,10.1.18.197:4191,linkerd-proxy,robot-shop,,shipping-85c8bd8d95-fm6ps,shipping,116852,,,,,shipping,,linkerd,inbound,,85c8bd8d95,200,true,robot-shop,shipping.robot-shop.svc.cluster.local:8080,default.robot-shop.serviceaccount.identity.linkerd.cluster.local,,,,,,,,,,
1613873617.069,response_latency_ms_sum,,,10.1.18.197:4191,linkerd-proxy,robot-shop,,shipping-85c8bd8d95-fm6ps,shipping,116852,,,,,shipping,,linkerd,inbound,,85c8bd8d95,200,true,robot-shop,shipping.robot-shop.svc.cluster.local:8080,default.robot-shop.serviceaccount.identity.linkerd.cluster.local,,,,,,,,,,
1613873567.612,response_latency_ms_sum,,,10.1.18.192:4191,linkerd-proxy,robot-shop,,cart-5c4fff577-qbhqr,cart,317,,,,,cart,,linkerd,inbound,,5c4fff577,200,true,robot-shop,cart.robot-shop.svc.cluster.local:8080,default.robot-shop.serviceaccount.identity.linkerd.cluster.local,,,,,,,,,,
1613873577.612,response_latency_ms_sum,,,10.1.18.192:4191,linkerd-proxy,robot-shop,,cart-5c4fff577-qbhqr,cart,729,,,,,cart,,linkerd,inbound,,5c4fff577,200,true,robot-shop,cart.robot-shop.svc.cluster.local:8080,default.robot-shop.serviceaccount.identity.linkerd.cluster.local,,,,,,,,,,
1613873587.612,response_latency_ms_sum,,,10.1.18.192:4191,linkerd-proxy,robot-shop,,cart-5c4fff577-qbhqr,cart,15846,,,,,cart,,linkerd,inbound,,5c4fff577,200,true,robot-shop,cart.robot-shop.svc.cluster.local:8080,default.robot-shop.serviceaccount.identity.linkerd.cluster.local,,,,,,,,,,
1613873597.612,response_latency_ms_sum,,,10.1.18.192:4191,linkerd-proxy,robot-shop,,cart-5c4fff577-qbhqr,cart,21650,,,,,cart,,linkerd,inbound,,5c4fff577,200,true,robot-shop,cart.robot-shop.svc.cluster.local:8080,default.robot-shop.serviceaccount.identity.linkerd.cluster.local,,,,,,,,,,
1613873607.612,response_latency_ms_sum,,,10.1.18.192:4191,linkerd-proxy,robot-shop,,cart-5c4fff577-qbhqr,cart,21788,,,,,cart,,linkerd,inbound,,5c4fff577,200,true,robot-shop,cart.robot-shop.svc.cluster.local:8080,default.robot-shop.serviceaccount.identity.linkerd.cluster.local,,,,,,,,,,
1613873617.612,response_latency_ms_sum,,,10.1.18.192:4191,linkerd-proxy,robot-shop,,cart-5c4fff577-qbhqr,cart,22086,,,,,cart,,linkerd,inbound,,5c4fff577,200,true,robot-shop,cart.robot-shop.svc.cluster.local:8080,default.robot-shop.serviceaccount.identity.linkerd.cluster.local,,,,,,,,,,
1613873567.612,response_latency_ms_sum,,,10.1.18.192:4191,linkerd-proxy,robot-shop,,cart-5c4fff577-qbhqr,cart,54,,,,,cart,,linkerd,outbound,,5c4fff577,200,true,robot-shop,catalogue.robot-shop.svc.cluster.local:8080,,linkerd,catalogue,robot-shop,catalogue-7f9d94b4db-9dxvq,7f9d94b4db,default,default.robot-shop.serviceaccount.identity.linkerd.cluster.local,,,catalogue
1613873577.612,response_latency_ms_sum,,,10.1.18.192:4191,linkerd-proxy,robot-shop,,cart-5c4fff577-qbhqr,cart,128,,,,,cart,,linkerd,outbound,,5c4fff577,200,true,robot-shop,catalogue.robot-shop.svc.cluster.local:8080,,linkerd,catalogue,robot-shop,catalogue-7f9d94b4db-9dxvq,7f9d94b4db,default,default.robot-shop.serviceaccount.identity.linkerd.cluster.local,,,catalogue
1613873587.612,response_latency_ms_sum,,,10.1.18.192:4191,linkerd-proxy,robot-shop,,cart-5c4fff577-qbhqr,cart,1216,,,,,cart,,linkerd,outbound,,5c4fff577,200,true,robot-shop,catalogue.robot-shop.svc.cluster.local:8080,,linkerd,catalogue,robot-shop,catalogue-7f9d94b4db-9dxvq,7f9d94b4db,default,default.robot-shop.serviceaccount.identity.linkerd.cluster.local,,,catalogue
1613873597.612,response_latency_ms_sum,,,10.1.18.192:4191,linkerd-proxy,robot-shop,,cart-5c4fff577-qbhqr,cart,1445,,,,,cart,,linkerd,outbound,,5c4fff577,200,true,robot-shop,catalogue.robot-shop.svc.cluster.local:8080,,linkerd,catalogue,robot-shop,catalogue-7f9d94b4db-9dxvq,7f9d94b4db,default,default.robot-shop.serviceaccount.identity.linkerd.cluster.local,,,catalogue
1613873607.612,response_latency_ms_sum,,,10.1.18.192:4191,linkerd-proxy,robot-shop,,cart-5c4fff577-qbhqr,cart,1477,,,,,cart,,linkerd,outbound,,5c4fff577,200,true,robot-shop,catalogue.robot-shop.svc.cluster.local:8080,,linkerd,catalogue,robot-shop,catalogue-7f9d94b4db-9dxvq,7f9d94b4db,default,default.robot-shop.serviceaccount.identity.linkerd.cluster.local,,,catalogue
1613873617.612,response_latency_ms_sum,,,10.1.18.192:4191,linkerd-proxy,robot-shop,,cart-5c4fff577-qbhqr,cart,1533,,,,,cart,,linkerd,outbound,,5c4fff577,200,true,robot-shop,catalogue.robot-shop.svc.cluster.local:8080,,linkerd,catalogue,robot-shop,catalogue-7f9d94b4db-9dxvq,7f9d94b4db,default,default.robot-shop.serviceaccount.identity.linkerd.cluster.local,,,catalogue
1613873567.612,response_latency_ms_sum,,,10.1.18.192:4191,linkerd-proxy,robot-shop,,cart-5c4fff577-qbhqr,cart,41,,,,,cart,,linkerd,outbound,,5c4fff577,200,true,robot-shop,catalogue.robot-shop.svc.cluster.local:8080,,linkerd,catalogue,robot-shop,catalogue-7f9d94b4db-pvr5l,7f9d94b4db,default,default.robot-shop.serviceaccount.identity.linkerd.cluster.local,,,catalogue
1613873577.612,response_latency_ms_sum,,,10.1.18.192:4191,linkerd-proxy,robot-shop,,cart-5c4fff577-qbhqr,cart,119,,,,,cart,,linkerd,outbound,,5c4fff577,200,true,robot-shop,catalogue.robot-shop.svc.cluster.local:8080,,linkerd,catalogue,robot-shop,catalogue-7f9d94b4db-pvr5l,7f9d94b4db,default,default.robot-shop.serviceaccount.identity.linkerd.cluster.local,,,catalogue
1613873587.612,response_latency_ms_sum,,,10.1.18.192:4191,linkerd-proxy,robot-shop,,cart-5c4fff577-qbhqr,cart,1353,,,,,cart,,linkerd,outbound,,5c4fff577,200,true,robot-shop,catalogue.robot-shop.svc.cluster.local:8080,,linkerd,catalogue,robot-shop,catalogue-7f9d94b4db-pvr5l,7f9d94b4db,default,default.robot-shop.serviceaccount.identity.linkerd.cluster.local,,,catalogue
1613873597.612,response_latency_ms_sum,,,10.1.18.192:4191,linkerd-proxy,robot-shop,,cart-5c4fff577-qbhqr,cart,1550,,,,,cart,,linkerd,outbound,,5c4fff577,200,true,robot-shop,catalogue.robot-shop.svc.cluster.local:8080,,linkerd,catalogue,robot-shop,catalogue-7f9d94b4db-pvr5l,7f9d94b4db,default,default.robot-shop.serviceaccount.identity.linkerd.cluster.local,,,catalogue
1613873607.612,response_latency_ms_sum,,,10.1.18.192:4191,linkerd-proxy,robot-shop,,cart-5c4fff577-qbhqr,cart,1569,,,,,cart,,linkerd,outbound,,5c4fff577,200,true,robot-shop,catalogue.robot-shop.svc.cluster.local:8080,,linkerd,catalogue,robot-shop,catalogue-7f9d94b4db-pvr5l,7f9d94b4db,default,default.robot-shop.serviceaccount.identity.linkerd.cluster.local,,,catalogue
1613873617.612,response_latency_ms_sum,,,10.1.18.192:4191,linkerd-proxy,robot-shop,,cart-5c4fff577-qbhqr,cart,1629,,,,,cart,,linkerd,outbound,,5c4fff577,200,true,robot-shop,catalogue.robot-shop.svc.cluster.local:8080,,linkerd,catalogue,robot-shop,catalogue-7f9d94b4db-pvr5l,7f9d94b4db,default,default.robot-shop.serviceaccount.identity.linkerd.cluster.local,,,catalogue
1613873568.987,response_latency_ms_sum,,,10.1.18.198:4191,linkerd-proxy,robot-shop,,user-5bc66cc67d-nkqq4,user,181,,,,,user,,linkerd,inbound,,5bc66cc67d,200,true,robot-shop,user.robot-shop.svc.cluster.local:8080,default.robot-shop.serviceaccount.identity.linkerd.cluster.local,,,,,,,,,,
1613873578.987,response_latency_ms_sum,,,10.1.18.198:4191,linkerd-proxy,robot-shop,,user-5bc66cc67d-nkqq4,user,190,,,,,user,,linkerd,inbound,,5bc66cc67d,200,true,robot-shop,user.robot-shop.svc.cluster.local:8080,default.robot-shop.serviceaccount.identity.linkerd.cluster.local,,,,,,,,,,
1613873588.987,response_latency_ms_sum,,,10.1.18.198:4191,linkerd-proxy,robot-shop,,user-5bc66cc67d-nkqq4,user,203,,,,,user,,linkerd,inbound,,5bc66cc67d,200,true,robot-shop,user.robot-shop.svc.cluster.local:8080,default.robot-shop.serviceaccount.identity.linkerd.cluster.local,,,,,,,,,,
1613873598.987,response_latency_ms_sum,,,10.1.18.198:4191,linkerd-proxy,robot-shop,,user-5bc66cc67d-nkqq4,user,203,,,,,user,,linkerd,inbound,,5bc66cc67d,200,true,robot-shop,user.robot-shop.svc.cluster.local:8080,default.robot-shop.serviceaccount.identity.linkerd.cluster.local,,,,,,,,,,
1613873608.987,response_latency_ms_sum,,,10.1.18.198:4191,linkerd-proxy,robot-shop,,user-5bc66cc67d-nkqq4,user,578,,,,,user,,linkerd,inbound,,5bc66cc67d,200,true,robot-shop,user.robot-shop.svc.cluster.local:8080,default.robot-shop.serviceaccount.identity.linkerd.cluster.local,,,,,,,,,,
1613873618.987,response_latency_ms_sum,,,10.1.18.198:4191,linkerd-proxy,robot-shop,,user-5bc66cc67d-nkqq4,user,716,,,,,user,,linkerd,inbound,,5bc66cc67d,200,true,robot-shop,user.robot-shop.svc.cluster.local:8080,default.robot-shop.serviceaccount.identity.linkerd.cluster.local,,,,,,,,,,
1613873569.945,response_latency_ms_sum,,,10.1.18.199:4191,linkerd-proxy,robot-shop,,web-6b7cd5d75b-cq4k9,web,41133,,,,,web,,linkerd,inbound,no_tls_from_remote,6b7cd5d75b,200,no_identity,robot-shop,localhost:30651,,,,,,,,,,,
1613873579.945,response_latency_ms_sum,,,10.1.18.199:4191,linkerd-proxy,robot-shop,,web-6b7cd5d75b-cq4k9,web,511011,,,,,web,,linkerd,inbound,no_tls_from_remote,6b7cd5d75b,200,no_identity,robot-shop,localhost:30651,,,,,,,,,,,
1613873589.946,response_latency_ms_sum,,,10.1.18.199:4191,linkerd-proxy,robot-shop,,web-6b7cd5d75b-cq4k9,web,811215,,,,,web,,linkerd,inbound,no_tls_from_remote,6b7cd5d75b,200,no_identity,robot-shop,localhost:30651,,,,,,,,,,,
1613873599.946,response_latency_ms_sum,,,10.1.18.199:4191,linkerd-proxy,robot-shop,,web-6b7cd5d75b-cq4k9,web,886240,,,,,web,,linkerd,inbound,no_tls_from_remote,6b7cd5d75b,200,no_identity,robot-shop,localhost:30651,,,,,,,,,,,
1613873609.946,response_latency_ms_sum,,,10.1.18.199:4191,linkerd-proxy,robot-shop,,web-6b7cd5d75b-cq4k9,web,947362,,,,,web,,linkerd,inbound,no_tls_from_remote,6b7cd5d75b,200,no_identity,robot-shop,localhost:30651,,,,,,,,,,,
1613873619.947,response_latency_ms_sum,,,10.1.18.199:4191,linkerd-proxy,robot-shop,,web-6b7cd5d75b-cq4k9,web,1215714,,,,,web,,linkerd,inbound,no_tls_from_remote,6b7cd5d75b,200,no_identity,robot-shop,localhost:30651,,,,,,,,,,,
1613873569.945,response_latency_ms_sum,,,10.1.18.199:4191,linkerd-proxy,robot-shop,,web-6b7cd5d75b-cq4k9,web,81,,,,,web,,linkerd,outbound,,6b7cd5d75b,200,true,robot-shop,user.robot-shop.svc.cluster.local:8080,,linkerd,user,robot-shop,user-5bc66cc67d-nkqq4,5bc66cc67d,default,default.robot-shop.serviceaccount.identity.linkerd.cluster.local,,,user
1613873579.945,response_latency_ms_sum,,,10.1.18.199:4191,linkerd-proxy,robot-shop,,web-6b7cd5d75b-cq4k9,web,87,,,,,web,,linkerd,outbound,,6b7cd5d75b,200,true,robot-shop,user.robot-shop.svc.cluster.local:8080,,linkerd,user,robot-shop,user-5bc66cc67d-nkqq4,5bc66cc67d,default,default.robot-shop.serviceaccount.identity.linkerd.cluster.local,,,user
1613873589.946,response_latency_ms_sum,,,10.1.18.199:4191,linkerd-proxy,robot-shop,,web-6b7cd5d75b-cq4k9,web,102,,,,,web,,linkerd,outbound,,6b7cd5d75b,200,true,robot-shop,user.robot-shop.svc.cluster.local:8080,,linkerd,user,robot-shop,user-5bc66cc67d-nkqq4,5bc66cc67d,default,default.robot-shop.serviceaccount.identity.linkerd.cluster.local,,,user
1613873599.946,response_latency_ms_sum,,,10.1.18.199:4191,linkerd-proxy,robot-shop,,web-6b7cd5d75b-cq4k9,web,102,,,,,web,,linkerd,outbound,,6b7cd5d75b,200,true,robot-shop,user.robot-shop.svc.cluster.local:8080,,linkerd,user,robot-shop,user-5bc66cc67d-nkqq4,5bc66cc67d,default,default.robot-shop.serviceaccount.identity.linkerd.cluster.local,,,user
1613873609.946,response_latency_ms_sum,,,10.1.18.199:4191,linkerd-proxy,robot-shop,,web-6b7cd5d75b-cq4k9,web,380,,,,,web,,linkerd,outbound,,6b7cd5d75b,200,true,robot-shop,user.robot-shop.svc.cluster.local:8080,,linkerd,user,robot-shop,user-5bc66cc67d-nkqq4,5bc66cc67d,default,default.robot-shop.serviceaccount.identity.linkerd.cluster.local,,,user
1613873619.947,response_latency_ms_sum,,,10.1.18.199:4191,linkerd-proxy,robot-shop,,web-6b7cd5d75b-cq4k9,web,478,,,,,web,,linkerd,outbound,,6b7cd5d75b,200,true,robot-shop,user.robot-shop.svc.cluster.local:8080,,linkerd,user,robot-shop,user-5bc66cc67d-nkqq4,5bc66cc67d,default,default.robot-shop.serviceaccount.identity.linkerd.cluster.local,,,user
1613873569.945,response_latency_ms_sum,,,10.1.18.199:4191,linkerd-proxy,robot-shop,,web-6b7cd5d75b-cq4k9,web,671,,,,,web,,linkerd,outbound,,6b7cd5d75b,200,true,robot-shop,user.robot-shop.svc.cluster.local:8080,,linkerd,user,robot-shop,user-5bc66cc67d-7h8d6,5bc66cc67d,default,default.robot-shop.serviceaccount.identity.linkerd.cluster.local,,,user
1613873579.945,response_latency_ms_sum,,,10.1.18.199:4191,linkerd-proxy,robot-shop,,web-6b7cd5d75b-cq4k9,web,826,,,,,web,,linkerd,outbound,,6b7cd5d75b,200,true,robot-shop,user.robot-shop.svc.cluster.local:8080,,linkerd,user,robot-shop,user-5bc66cc67d-7h8d6,5bc66cc67d,default,default.robot-shop.serviceaccount.identity.linkerd.cluster.local,,,user
1613873589.946,response_latency_ms_sum,,,10.1.18.199:4191,linkerd-proxy,robot-shop,,web-6b7cd5d75b-cq4k9,web,837,,,,,web,,linkerd,outbound,,6b7cd5d75b,200,true,robot-shop,user.robot-shop.svc.cluster.local:8080,,linkerd,user,robot-shop,user-5bc66cc67d-7h8d6,5bc66cc67d,default,default.robot-shop.serviceaccount.identity.linkerd.cluster.local,,,user
1613873599.946,response_latency_ms_sum,,,10.1.18.199:4191,linkerd-proxy,robot-shop,,web-6b7cd5d75b-cq4k9,web,837,,,,,web,,linkerd,outbound,,6b7cd5d75b,200,true,robot-shop,user.robot-shop.svc.cluster.local:8080,,linkerd,user,robot-shop,user-5bc66cc67d-7h8d6,5bc66cc67d,default,default.robot-shop.serviceaccount.identity.linkerd.cluster.local,,,user
1613873609.946,response_latency_ms_sum,,,10.1.18.199:4191,linkerd-proxy,robot-shop,,web-6b7cd5d75b-cq4k9,web,1276,,,,,web,,linkerd,outbound,,6b7cd5d75b,200,true,robot-shop,user.robot-shop.svc.cluster.local:8080,,linkerd,user,robot-shop,user-5bc66cc67d-7h8d6,5bc66cc67d,default,default.robot-shop.serviceaccount.identity.linkerd.cluster.local,,,user
1613873619.947,response_latency_ms_sum,,,10.1.18.199:4191,linkerd-proxy,robot-shop,,web-6b7cd5d75b-cq4k9,web,1377,,,,,web,,linkerd,outbound,,6b7cd5d75b,200,true,robot-shop,user.robot-shop.svc.cluster.local:8080,,linkerd,user,robot-shop,user-5bc66cc67d-7h8d6,5bc66cc67d,default,default.robot-shop.serviceaccount.identity.linkerd.cluster.local,,,user
1613873569.945,response_latency_ms_sum,,,10.1.18.199:4191,linkerd-proxy,robot-shop,,web-6b7cd5d75b-cq4k9,web,733,,,,,web,,linkerd,outbound,,6b7cd5d75b,200,true,robot-shop,catalogue.robot-shop.svc.cluster.local:8080,,linkerd,catalogue,robot-shop,catalogue-7f9d94b4db-pvr5l,7f9d94b4db,default,default.robot-shop.serviceaccount.identity.linkerd.cluster.local,,,catalogue
1613873579.945,response_latency_ms_sum,,,10.1.18.199:4191,linkerd-proxy,robot-shop,,web-6b7cd5d75b-cq4k9,web,798,,,,,web,,linkerd,outbound,,6b7cd5d75b,200,true,robot-shop,catalogue.robot-shop.svc.cluster.local:8080,,linkerd,catalogue,robot-shop,catalogue-7f9d94b4db-pvr5l,7f9d94b4db,default,default.robot-shop.serviceaccount.identity.linkerd.cluster.local,,,catalogue
1613873589.946,response_latency_ms_sum,,,10.1.18.199:4191,linkerd-proxy,robot-shop,,web-6b7cd5d75b-cq4k9,web,1755,,,,,web,,linkerd,outbound,,6b7cd5d75b,200,true,robot-shop,catalogue.robot-shop.svc.cluster.local:8080,,linkerd,catalogue,robot-shop,catalogue-7f9d94b4db-pvr5l,7f9d94b4db,default,default.robot-shop.serviceaccount.identity.linkerd.cluster.local,,,catalogue
1613873599.946,response_latency_ms_sum,,,10.1.18.199:4191,linkerd-proxy,robot-shop,,web-6b7cd5d75b-cq4k9,web,1755,,,,,web,,linkerd,outbound,,6b7cd5d75b,200,true,robot-shop,catalogue.robot-shop.svc.cluster.local:8080,,linkerd,catalogue,robot-shop,catalogue-7f9d94b4db-pvr5l,7f9d94b4db,default,default.robot-shop.serviceaccount.identity.linkerd.cluster.local,,,catalogue
1613873609.946,response_latency_ms_sum,,,10.1.18.199:4191,linkerd-proxy,robot-shop,,web-6b7cd5d75b-cq4k9,web,2308,,,,,web,,linkerd,outbound,,6b7cd5d75b,200,true,robot-shop,catalogue.robot-shop.svc.cluster.local:8080,,linkerd,catalogue,robot-shop,catalogue-7f9d94b4db-pvr5l,7f9d94b4db,default,default.robot-shop.serviceaccount.identity.linkerd.cluster.local,,,catalogue
1613873619.947,response_latency_ms_sum,,,10.1.18.199:4191,linkerd-proxy,robot-shop,,web-6b7cd5d75b-cq4k9,web,2414,,,,,web,,linkerd,outbound,,6b7cd5d75b,200,true,robot-shop,catalogue.robot-shop.svc.cluster.local:8080,,linkerd,catalogue,robot-shop,catalogue-7f9d94b4db-pvr5l,7f9d94b4db,default,default.robot-shop.serviceaccount.identity.linkerd.cluster.local,,,catalogue
1613873569.945,response_latency_ms_sum,,,10.1.18.199:4191,linkerd-proxy,robot-shop,,web-6b7cd5d75b-cq4k9,web,792,,,,,web,,linkerd,outbound,,6b7cd5d75b,200,true,robot-shop,catalogue.robot-shop.svc.cluster.local:8080,,linkerd,catalogue,robot-shop,catalogue-7f9d94b4db-9dxvq,7f9d94b4db,default,default.robot-shop.serviceaccount.identity.linkerd.cluster.local,,,catalogue
1613873579.945,response_latency_ms_sum,,,10.1.18.199:4191,linkerd-proxy,robot-shop,,web-6b7cd5d75b-cq4k9,web,1229,,,,,web,,linkerd,outbound,,6b7cd5d75b,200,true,robot-shop,catalogue.robot-shop.svc.cluster.local:8080,,linkerd,catalogue,robot-shop,catalogue-7f9d94b4db-9dxvq,7f9d94b4db,default,default.robot-shop.serviceaccount.identity.linkerd.cluster.local,,,catalogue
1613873589.946,response_latency_ms_sum,,,10.1.18.199:4191,linkerd-proxy,robot-shop,,web-6b7cd5d75b-cq4k9,web,2231,,,,,web,,linkerd,outbound,,6b7cd5d75b,200,true,robot-shop,catalogue.robot-shop.svc.cluster.local:8080,,linkerd,catalogue,robot-shop,catalogue-7f9d94b4db-9dxvq,7f9d94b4db,default,default.robot-shop.serviceaccount.identity.linkerd.cluster.local,,,catalogue
1613873599.946,response_latency_ms_sum,,,10.1.18.199:4191,linkerd-proxy,robot-shop,,web-6b7cd5d75b-cq4k9,web,2231,,,,,web,,linkerd,outbound,,6b7cd5d75b,200,true,robot-shop,catalogue.robot-shop.svc.cluster.local:8080,,linkerd,catalogue,robot-shop,catalogue-7f9d94b4db-9dxvq,7f9d94b4db,default,default.robot-shop.serviceaccount.identity.linkerd.cluster.local,,,catalogue
1613873609.946,response_latency_ms_sum,,,10.1.18.199:4191,linkerd-proxy,robot-shop,,web-6b7cd5d75b-cq4k9,web,2921,,,,,web,,linkerd,outbound,,6b7cd5d75b,200,true,robot-shop,catalogue.robot-shop.svc.cluster.local:8080,,linkerd,catalogue,robot-shop,catalogue-7f9d94b4db-9dxvq,7f9d94b4db,default,default.robot-shop.serviceaccount.identity.linkerd.cluster.local,,,catalogue
1613873619.947,response_latency_ms_sum,,,10.1.18.199:4191,linkerd-proxy,robot-shop,,web-6b7cd5d75b-cq4k9,web,3232,,,,,web,,linkerd,outbound,,6b7cd5d75b,200,true,robot-shop,catalogue.robot-shop.svc.cluster.local:8080,,linkerd,catalogue,robot-shop,catalogue-7f9d94b4db-9dxvq,7f9d94b4db,default,default.robot-shop.serviceaccount.identity.linkerd.cluster.local,,,catalogue
1613873569.945,response_latency_ms_sum,,,10.1.18.199:4191,linkerd-proxy,robot-shop,,web-6b7cd5d75b-cq4k9,web,12643,,,,,web,,linkerd,outbound,,6b7cd5d75b,200,true,robot-shop,ratings.robot-shop.svc.cluster.local,,linkerd,ratings,robot-shop,ratings-57874f848b-xtvx6,57874f848b,default,default.robot-shop.serviceaccount.identity.linkerd.cluster.local,,,ratings
1613873579.945,response_latency_ms_sum,,,10.1.18.199:4191,linkerd-proxy,robot-shop,,web-6b7cd5d75b-cq4k9,web,245782,,,,,web,,linkerd,outbound,,6b7cd5d75b,200,true,robot-shop,ratings.robot-shop.svc.cluster.local,,linkerd,ratings,robot-shop,ratings-57874f848b-xtvx6,57874f848b,default,default.robot-shop.serviceaccount.identity.linkerd.cluster.local,,,ratings
1613873589.946,response_latency_ms_sum,,,10.1.18.199:4191,linkerd-proxy,robot-shop,,web-6b7cd5d75b-cq4k9,web,325834,,,,,web,,linkerd,outbound,,6b7cd5d75b,200,true,robot-shop,ratings.robot-shop.svc.cluster.local,,linkerd,ratings,robot-shop,ratings-57874f848b-xtvx6,57874f848b,default,default.robot-shop.serviceaccount.identity.linkerd.cluster.local,,,ratings
1613873599.946,response_latency_ms_sum,,,10.1.18.199:4191,linkerd-proxy,robot-shop,,web-6b7cd5d75b-cq4k9,web,325834,,,,,web,,linkerd,outbound,,6b7cd5d75b,200,true,robot-shop,ratings.robot-shop.svc.cluster.local,,linkerd,ratings,robot-shop,ratings-57874f848b-xtvx6,57874f848b,default,default.robot-shop.serviceaccount.identity.linkerd.cluster.local,,,ratings
1613873609.946,response_latency_ms_sum,,,10.1.18.199:4191,linkerd-proxy,robot-shop,,web-6b7cd5d75b-cq4k9,web,366153,,,,,web,,linkerd,outbound,,6b7cd5d75b,200,true,robot-shop,ratings.robot-shop.svc.cluster.local,,linkerd,ratings,robot-shop,ratings-57874f848b-xtvx6,57874f848b,default,default.robot-shop.serviceaccount.identity.linkerd.cluster.local,,,ratings
1613873619.947,response_latency_ms_sum,,,10.1.18.199:4191,linkerd-proxy,robot-shop,,web-6b7cd5d75b-cq4k9,web,632474,,,,,web,,linkerd,outbound,,6b7cd5d75b,200,true,robot-shop,ratings.robot-shop.svc.cluster.local,,linkerd,ratings,robot-shop,ratings-57874f848b-xtvx6,57874f848b,default,default.robot-shop.serviceaccount.identity.linkerd.cluster.local,,,ratings
1613873569.945,response_latency_ms_sum,,,10.1.18.199:4191,linkerd-proxy,robot-shop,,web-6b7cd5d75b-cq4k9,web,17466,,,,,web,,linkerd,outbound,,6b7cd5d75b,200,true,robot-shop,ratings.robot-shop.svc.cluster.local,,linkerd,ratings,robot-shop,ratings-57874f848b-g4dvs,57874f848b,default,default.robot-shop.serviceaccount.identity.linkerd.cluster.local,,,ratings
1613873579.945,response_latency_ms_sum,,,10.1.18.199:4191,linkerd-proxy,robot-shop,,web-6b7cd5d75b-cq4k9,web,244460,,,,,web,,linkerd,outbound,,6b7cd5d75b,200,true,robot-shop,ratings.robot-shop.svc.cluster.local,,linkerd,ratings,robot-shop,ratings-57874f848b-g4dvs,57874f848b,default,default.robot-shop.serviceaccount.identity.linkerd.cluster.local,,,ratings
1613873589.946,response_latency_ms_sum,,,10.1.18.199:4191,linkerd-proxy,robot-shop,,web-6b7cd5d75b-cq4k9,web,372094,,,,,web,,linkerd,outbound,,6b7cd5d75b,200,true,robot-shop,ratings.robot-shop.svc.cluster.local,,linkerd,ratings,robot-shop,ratings-57874f848b-g4dvs,57874f848b,default,default.robot-shop.serviceaccount.identity.linkerd.cluster.local,,,ratings
1613873599.946,response_latency_ms_sum,,,10.1.18.199:4191,linkerd-proxy,robot-shop,,web-6b7cd5d75b-cq4k9,web,372094,,,,,web,,linkerd,outbound,,6b7cd5d75b,200,true,robot-shop,ratings.robot-shop.svc.cluster.local,,linkerd,ratings,robot-shop,ratings-57874f848b-g4dvs,57874f848b,default,default.robot-shop.serviceaccount.identity.linkerd.cluster.local,,,ratings
1613873609.946,response_latency_ms_sum,,,10.1.18.199:4191,linkerd-proxy,robot-shop,,web-6b7cd5d75b-cq4k9,web,372094,,,,,web,,linkerd,outbound,,6b7cd5d75b,200,true,robot-shop,ratings.robot-shop.svc.cluster.local,,linkerd,ratings,robot-shop,ratings-57874f848b-g4dvs,57874f848b,default,default.robot-shop.serviceaccount.identity.linkerd.cluster.local,,,ratings
1613873619.947,response_latency_ms_sum,,,10.1.18.199:4191,linkerd-proxy,robot-shop,,web-6b7cd5d75b-cq4k9,web,372094,,,,,web,,linkerd,outbound,,6b7cd5d75b,200,true,robot-shop,ratings.robot-shop.svc.cluster.local,,linkerd,ratings,robot-shop,ratings-57874f848b-g4dvs,57874f848b,default,default.robot-shop.serviceaccount.identity.linkerd.cluster.local,,,ratings
1613873569.945,response_latency_ms_sum,,,10.1.18.199:4191,linkerd-proxy,robot-shop,,web-6b7cd5d75b-cq4k9,web,54,,,,,web,,linkerd,outbound,,6b7cd5d75b,200,true,robot-shop,cart.robot-shop.svc.cluster.local:8080,,linkerd,cart,robot-shop,cart-5c4fff577-qbhqr,5c4fff577,default,default.robot-shop.serviceaccount.identity.linkerd.cluster.local,,,cart
1613873579.945,response_latency_ms_sum,,,10.1.18.199:4191,linkerd-proxy,robot-shop,,web-6b7cd5d75b-cq4k9,web,446,,,,,web,,linkerd,outbound,,6b7cd5d75b,200,true,robot-shop,cart.robot-shop.svc.cluster.local:8080,,linkerd,cart,robot-shop,cart-5c4fff577-qbhqr,5c4fff577,default,default.robot-shop.serviceaccount.identity.linkerd.cluster.local,,,cart
1613873589.946,response_latency_ms_sum,,,10.1.18.199:4191,linkerd-proxy,robot-shop,,web-6b7cd5d75b-cq4k9,web,11012,,,,,web,,linkerd,outbound,,6b7cd5d75b,200,true,robot-shop,cart.robot-shop.svc.cluster.local:8080,,linkerd,cart,robot-shop,cart-5c4fff577-qbhqr,5c4fff577,default,default.robot-shop.serviceaccount.identity.linkerd.cluster.local,,,cart
1613873599.946,response_latency_ms_sum,,,10.1.18.199:4191,linkerd-proxy,robot-shop,,web-6b7cd5d75b-cq4k9,web,13171,,,,,web,,linkerd,outbound,,6b7cd5d75b,200,true,robot-shop,cart.robot-shop.svc.cluster.local:8080,,linkerd,cart,robot-shop,cart-5c4fff577-qbhqr,5c4fff577,default,default.robot-shop.serviceaccount.identity.linkerd.cluster.local,,,cart
1613873609.946,response_latency_ms_sum,,,10.1.18.199:4191,linkerd-proxy,robot-shop,,web-6b7cd5d75b-cq4k9,web,13397,,,,,web,,linkerd,outbound,,6b7cd5d75b,200,true,robot-shop,cart.robot-shop.svc.cluster.local:8080,,linkerd,cart,robot-shop,cart-5c4fff577-qbhqr,5c4fff577,default,default.robot-shop.serviceaccount.identity.linkerd.cluster.local,,,cart
1613873619.947,response_latency_ms_sum,,,10.1.18.199:4191,linkerd-proxy,robot-shop,,web-6b7cd5d75b-cq4k9,web,13918,,,,,web,,linkerd,outbound,,6b7cd5d75b,200,true,robot-shop,cart.robot-shop.svc.cluster.local:8080,,linkerd,cart,robot-shop,cart-5c4fff577-qbhqr,5c4fff577,default,default.robot-shop.serviceaccount.identity.linkerd.cluster.local,,,cart
1613873569.945,response_latency_ms_sum,,,10.1.18.199:4191,linkerd-proxy,robot-shop,,web-6b7cd5d75b-cq4k9,web,228,,,,,web,,linkerd,outbound,,6b7cd5d75b,200,true,robot-shop,cart.robot-shop.svc.cluster.local:8080,,linkerd,cart,robot-shop,cart-5c4fff577-tcf95,5c4fff577,default,default.robot-shop.serviceaccount.identity.linkerd.cluster.local,,,cart
1613873579.945,response_latency_ms_sum,,,10.1.18.199:4191,linkerd-proxy,robot-shop,,web-6b7cd5d75b-cq4k9,web,721,,,,,web,,linkerd,outbound,,6b7cd5d75b,200,true,robot-shop,cart.robot-shop.svc.cluster.local:8080,,linkerd,cart,robot-shop,cart-5c4fff577-tcf95,5c4fff577,default,default.robot-shop.serviceaccount.identity.linkerd.cluster.local,,,cart
1613873589.946,response_latency_ms_sum,,,10.1.18.199:4191,linkerd-proxy,robot-shop,,web-6b7cd5d75b-cq4k9,web,9198,,,,,web,,linkerd,outbound,,6b7cd5d75b,200,true,robot-shop,cart.robot-shop.svc.cluster.local:8080,,linkerd,cart,robot-shop,cart-5c4fff577-tcf95,5c4fff577,default,default.robot-shop.serviceaccount.identity.linkerd.cluster.local,,,cart
1613873599.946,response_latency_ms_sum,,,10.1.18.199:4191,linkerd-proxy,robot-shop,,web-6b7cd5d75b-cq4k9,web,11096,,,,,web,,linkerd,outbound,,6b7cd5d75b,200,true,robot-shop,cart.robot-shop.svc.cluster.local:8080,,linkerd,cart,robot-shop,cart-5c4fff577-tcf95,5c4fff577,default,default.robot-shop.serviceaccount.identity.linkerd.cluster.local,,,cart
1613873609.946,response_latency_ms_sum,,,10.1.18.199:4191,linkerd-proxy,robot-shop,,web-6b7cd5d75b-cq4k9,web,11135,,,,,web,,linkerd,outbound,,6b7cd5d75b,200,true,robot-shop,cart.robot-shop.svc.cluster.local:8080,,linkerd,cart,robot-shop,cart-5c4fff577-tcf95,5c4fff577,default,default.robot-shop.serviceaccount.identity.linkerd.cluster.local,,,cart
1613873619.947,response_latency_ms_sum,,,10.1.18.199:4191,linkerd-proxy,robot-shop,,web-6b7cd5d75b-cq4k9,web,11672,,,,,web,,linkerd,outbound,,6b7cd5d75b,200,true,robot-shop,cart.robot-shop.svc.cluster.local:8080,,linkerd,cart,robot-shop,cart-5c4fff577-tcf95,5c4fff577,default,default.robot-shop.serviceaccount.identity.linkerd.cluster.local,,,cart
1613873569.945,response_latency_ms_sum,,,10.1.18.199:4191,linkerd-proxy,robot-shop,,web-6b7cd5d75b-cq4k9,web,5828,,,,,web,,linkerd,outbound,,6b7cd5d75b,200,true,robot-shop,shipping.robot-shop.svc.cluster.local:8080,,linkerd,shipping,robot-shop,shipping-85c8bd8d95-nwfnb,85c8bd8d95,default,default.robot-shop.serviceaccount.identity.linkerd.cluster.local,,,shipping
1613873579.945,response_latency_ms_sum,,,10.1.18.199:4191,linkerd-proxy,robot-shop,,web-6b7cd5d75b-cq4k9,web,6814,,,,,web,,linkerd,outbound,,6b7cd5d75b,200,true,robot-shop,shipping.robot-shop.svc.cluster.local:8080,,linkerd,shipping,robot-shop,shipping-85c8bd8d95-nwfnb,85c8bd8d95,default,default.robot-shop.serviceaccount.identity.linkerd.cluster.local,,,shipping
1613873589.946,response_latency_ms_sum,,,10.1.18.199:4191,linkerd-proxy,robot-shop,,web-6b7cd5d75b-cq4k9,web,69133,,,,,web,,linkerd,outbound,,6b7cd5d75b,200,true,robot-shop,shipping.robot-shop.svc.cluster.local:8080,,linkerd,shipping,robot-shop,shipping-85c8bd8d95-nwfnb,85c8bd8d95,default,default.robot-shop.serviceaccount.identity.linkerd.cluster.local,,,shipping
1613873599.946,response_latency_ms_sum,,,10.1.18.199:4191,linkerd-proxy,robot-shop,,web-6b7cd5d75b-cq4k9,web,120037,,,,,web,,linkerd,outbound,,6b7cd5d75b,200,true,robot-shop,shipping.robot-shop.svc.cluster.local:8080,,linkerd,shipping,robot-shop,shipping-85c8bd8d95-nwfnb,85c8bd8d95,default,default.robot-shop.serviceaccount.identity.linkerd.cluster.local,,,shipping
1613873609.946,response_latency_ms_sum,,,10.1.18.199:4191,linkerd-proxy,robot-shop,,web-6b7cd5d75b-cq4k9,web,120037,,,,,web,,linkerd,outbound,,6b7cd5d75b,200,true,robot-shop,shipping.robot-shop.svc.cluster.local:8080,,linkerd,shipping,robot-shop,shipping-85c8bd8d95-nwfnb,85c8bd8d95,default,default.robot-shop.serviceaccount.identity.linkerd.cluster.local,,,shipping
1613873619.947,response_latency_ms_sum,,,10.1.18.199:4191,linkerd-proxy,robot-shop,,web-6b7cd5d75b-cq4k9,web,120037,,,,,web,,linkerd,outbound,,6b7cd5d75b,200,true,robot-shop,shipping.robot-shop.svc.cluster.local:8080,,linkerd,shipping,robot-shop,shipping-85c8bd8d95-nwfnb,85c8bd8d95,default,default.robot-shop.serviceaccount.identity.linkerd.cluster.local,,,shipping
1613873569.945,response_latency_ms_sum,,,10.1.18.199:4191,linkerd-proxy,robot-shop,,web-6b7cd5d75b-cq4k9,web,1848,,,,,web,,linkerd,outbound,,6b7cd5d75b,200,true,robot-shop,shipping.robot-shop.svc.cluster.local:8080,,linkerd,shipping,robot-shop,shipping-85c8bd8d95-fm6ps,85c8bd8d95,default,default.robot-shop.serviceaccount.identity.linkerd.cluster.local,,,shipping
1613873579.945,response_latency_ms_sum,,,10.1.18.199:4191,linkerd-proxy,robot-shop,,web-6b7cd5d75b-cq4k9,web,8570,,,,,web,,linkerd,outbound,,6b7cd5d75b,200,true,robot-shop,shipping.robot-shop.svc.cluster.local:8080,,linkerd,shipping,robot-shop,shipping-85c8bd8d95-fm6ps,85c8bd8d95,default,default.robot-shop.serviceaccount.identity.linkerd.cluster.local,,,shipping
1613873589.946,response_latency_ms_sum,,,10.1.18.199:4191,linkerd-proxy,robot-shop,,web-6b7cd5d75b-cq4k9,web,14342,,,,,web,,linkerd,outbound,,6b7cd5d75b,200,true,robot-shop,shipping.robot-shop.svc.cluster.local:8080,,linkerd,shipping,robot-shop,shipping-85c8bd8d95-fm6ps,85c8bd8d95,default,default.robot-shop.serviceaccount.identity.linkerd.cluster.local,,,shipping
1613873599.946,response_latency_ms_sum,,,10.1.18.199:4191,linkerd-proxy,robot-shop,,web-6b7cd5d75b-cq4k9,web,34239,,,,,web,,linkerd,outbound,,6b7cd5d75b,200,true,robot-shop,shipping.robot-shop.svc.cluster.local:8080,,linkerd,shipping,robot-shop,shipping-85c8bd8d95-fm6ps,85c8bd8d95,default,default.robot-shop.serviceaccount.identity.linkerd.cluster.local,,,shipping
1613873609.946,response_latency_ms_sum,,,10.1.18.199:4191,linkerd-proxy,robot-shop,,web-6b7cd5d75b-cq4k9,web,52037,,,,,web,,linkerd,outbound,,6b7cd5d75b,200,true,robot-shop,shipping.robot-shop.svc.cluster.local:8080,,linkerd,shipping,robot-shop,shipping-85c8bd8d95-fm6ps,85c8bd8d95,default,default.robot-shop.serviceaccount.identity.linkerd.cluster.local,,,shipping
1613873619.947,response_latency_ms_sum,,,10.1.18.199:4191,linkerd-proxy,robot-shop,,web-6b7cd5d75b-cq4k9,web,52037,,,,,web,,linkerd,outbound,,6b7cd5d75b,200,true,robot-shop,shipping.robot-shop.svc.cluster.local:8080,,linkerd,shipping,robot-shop,shipping-85c8bd8d95-fm6ps,85c8bd8d95,default,default.robot-shop.serviceaccount.identity.linkerd.cluster.local,,,shipping
1613873571.955,response_latency_ms_sum,,,10.1.18.188:4191,linkerd-proxy,robot-shop,,ratings-57874f848b-g4dvs,ratings,31,,,,,ratings,,linkerd,outbound,,57874f848b,200,true,robot-shop,catalogue.robot-shop.svc.cluster.local:8080,,linkerd,catalogue,robot-shop,catalogue-7f9d94b4db-pvr5l,7f9d94b4db,default,default.robot-shop.serviceaccount.identity.linkerd.cluster.local,,,catalogue
1613873581.955,response_latency_ms_sum,,,10.1.18.188:4191,linkerd-proxy,robot-shop,,ratings-57874f848b-g4dvs,ratings,91,,,,,ratings,,linkerd,outbound,,57874f848b,200,true,robot-shop,catalogue.robot-shop.svc.cluster.local:8080,,linkerd,catalogue,robot-shop,catalogue-7f9d94b4db-pvr5l,7f9d94b4db,default,default.robot-shop.serviceaccount.identity.linkerd.cluster.local,,,catalogue
1613873591.956,response_latency_ms_sum,,,10.1.18.188:4191,linkerd-proxy,robot-shop,,ratings-57874f848b-g4dvs,ratings,105,,,,,ratings,,linkerd,outbound,,57874f848b,200,true,robot-shop,catalogue.robot-shop.svc.cluster.local:8080,,linkerd,catalogue,robot-shop,catalogue-7f9d94b4db-pvr5l,7f9d94b4db,default,default.robot-shop.serviceaccount.identity.linkerd.cluster.local,,,catalogue
1613873601.956,response_latency_ms_sum,,,10.1.18.188:4191,linkerd-proxy,robot-shop,,ratings-57874f848b-g4dvs,ratings,105,,,,,ratings,,linkerd,outbound,,57874f848b,200,true,robot-shop,catalogue.robot-shop.svc.cluster.local:8080,,linkerd,catalogue,robot-shop,catalogue-7f9d94b4db-pvr5l,7f9d94b4db,default,default.robot-shop.serviceaccount.identity.linkerd.cluster.local,,,catalogue
1613873611.955,response_latency_ms_sum,,,10.1.18.188:4191,linkerd-proxy,robot-shop,,ratings-57874f848b-g4dvs,ratings,105,,,,,ratings,,linkerd,outbound,,57874f848b,200,true,robot-shop,catalogue.robot-shop.svc.cluster.local:8080,,linkerd,catalogue,robot-shop,catalogue-7f9d94b4db-pvr5l,7f9d94b4db,default,default.robot-shop.serviceaccount.identity.linkerd.cluster.local,,,catalogue
1613873573.253,response_latency_ms_sum,,,10.1.18.191:4191,linkerd-proxy,robot-shop,,web-6b7cd5d75b-vl9w8,web,11474,,,,,web,,linkerd,outbound,,6b7cd5d75b,200,true,robot-shop,shipping.robot-shop.svc.cluster.local:8080,,linkerd,shipping,robot-shop,shipping-85c8bd8d95-fm6ps,85c8bd8d95,default,default.robot-shop.serviceaccount.identity.linkerd.cluster.local,,,shipping
1613873583.253,response_latency_ms_sum,,,10.1.18.191:4191,linkerd-proxy,robot-shop,,web-6b7cd5d75b-vl9w8,web,39636,,,,,web,,linkerd,outbound,,6b7cd5d75b,200,true,robot-shop,shipping.robot-shop.svc.cluster.local:8080,,linkerd,shipping,robot-shop,shipping-85c8bd8d95-fm6ps,85c8bd8d95,default,default.robot-shop.serviceaccount.identity.linkerd.cluster.local,,,shipping
1613873593.253,response_latency_ms_sum,,,10.1.18.191:4191,linkerd-proxy,robot-shop,,web-6b7cd5d75b-vl9w8,web,64882,,,,,web,,linkerd,outbound,,6b7cd5d75b,200,true,robot-shop,shipping.robot-shop.svc.cluster.local:8080,,linkerd,shipping,robot-shop,shipping-85c8bd8d95-fm6ps,85c8bd8d95,default,default.robot-shop.serviceaccount.identity.linkerd.cluster.local,,,shipping
1613873603.252,response_latency_ms_sum,,,10.1.18.191:4191,linkerd-proxy,robot-shop,,web-6b7cd5d75b-vl9w8,web,64882,,,,,web,,linkerd,outbound,,6b7cd5d75b,200,true,robot-shop,shipping.robot-shop.svc.cluster.local:8080,,linkerd,shipping,robot-shop,shipping-85c8bd8d95-fm6ps,85c8bd8d95,default,default.robot-shop.serviceaccount.identity.linkerd.cluster.local,,,shipping
1613873613.253,response_latency_ms_sum,,,10.1.18.191:4191,linkerd-proxy,robot-shop,,web-6b7cd5d75b-vl9w8,web,64882,,,,,web,,linkerd,outbound,,6b7cd5d75b,200,true,robot-shop,shipping.robot-shop.svc.cluster.local:8080,,linkerd,shipping,robot-shop,shipping-85c8bd8d95-fm6ps,85c8bd8d95,default,default.robot-shop.serviceaccount.identity.linkerd.cluster.local,,,shipping
1613873589.946,response_latency_ms_sum,,,10.1.18.199:4191,linkerd-proxy,robot-shop,,web-6b7cd5d75b-cq4k9,web,581593,,,,,web,,linkerd,inbound,no_tls_from_remote,6b7cd5d75b,502,no_identity,robot-shop,localhost:30651,,,,,,,,,,,
1613873599.946,response_latency_ms_sum,,,10.1.18.199:4191,linkerd-proxy,robot-shop,,web-6b7cd5d75b-cq4k9,web,581593,,,,,web,,linkerd,inbound,no_tls_from_remote,6b7cd5d75b,502,no_identity,robot-shop,localhost:30651,,,,,,,,,,,
1613873609.946,response_latency_ms_sum,,,10.1.18.199:4191,linkerd-proxy,robot-shop,,web-6b7cd5d75b-cq4k9,web,1883854,,,,,web,,linkerd,inbound,no_tls_from_remote,6b7cd5d75b,502,no_identity,robot-shop,localhost:30651,,,,,,,,,,,
1613873619.947,response_latency_ms_sum,,,10.1.18.199:4191,linkerd-proxy,robot-shop,,web-6b7cd5d75b-cq4k9,web,2653425,,,,,web,,linkerd,inbound,no_tls_from_remote,6b7cd5d75b,502,no_identity,robot-shop,localhost:30651,,,,,,,,,,,
1613873589.946,response_latency_ms_sum,,,10.1.18.199:4191,linkerd-proxy,robot-shop,,web-6b7cd5d75b-cq4k9,web,339774,,,,,web,,linkerd,outbound,,6b7cd5d75b,502,true,robot-shop,ratings.robot-shop.svc.cluster.local,,linkerd,ratings,robot-shop,ratings-57874f848b-xtvx6,57874f848b,default,default.robot-shop.serviceaccount.identity.linkerd.cluster.local,,,ratings
1613873599.946,response_latency_ms_sum,,,10.1.18.199:4191,linkerd-proxy,robot-shop,,web-6b7cd5d75b-cq4k9,web,339774,,,,,web,,linkerd,outbound,,6b7cd5d75b,502,true,robot-shop,ratings.robot-shop.svc.cluster.local,,linkerd,ratings,robot-shop,ratings-57874f848b-xtvx6,57874f848b,default,default.robot-shop.serviceaccount.identity.linkerd.cluster.local,,,ratings
1613873609.946,response_latency_ms_sum,,,10.1.18.199:4191,linkerd-proxy,robot-shop,,web-6b7cd5d75b-cq4k9,web,339774,,,,,web,,linkerd,outbound,,6b7cd5d75b,502,true,robot-shop,ratings.robot-shop.svc.cluster.local,,linkerd,ratings,robot-shop,ratings-57874f848b-xtvx6,57874f848b,default,default.robot-shop.serviceaccount.identity.linkerd.cluster.local,,,ratings
1613873619.947,response_latency_ms_sum,,,10.1.18.199:4191,linkerd-proxy,robot-shop,,web-6b7cd5d75b-cq4k9,web,1108664,,,,,web,,linkerd,outbound,,6b7cd5d75b,502,true,robot-shop,ratings.robot-shop.svc.cluster.local,,linkerd,ratings,robot-shop,ratings-57874f848b-xtvx6,57874f848b,default,default.robot-shop.serviceaccount.identity.linkerd.cluster.local,,,ratings
1613873589.946,response_latency_ms_sum,,,10.1.18.199:4191,linkerd-proxy,robot-shop,,web-6b7cd5d75b-cq4k9,web,0,,,,,web,,linkerd,outbound,,6b7cd5d75b,,true,robot-shop,ratings.robot-shop.svc.cluster.local,,linkerd,ratings,robot-shop,ratings-57874f848b-xtvx6,57874f848b,default,default.robot-shop.serviceaccount.identity.linkerd.cluster.local,,,ratings
1613873599.946,response_latency_ms_sum,,,10.1.18.199:4191,linkerd-proxy,robot-shop,,web-6b7cd5d75b-cq4k9,web,0,,,,,web,,linkerd,outbound,,6b7cd5d75b,,true,robot-shop,ratings.robot-shop.svc.cluster.local,,linkerd,ratings,robot-shop,ratings-57874f848b-xtvx6,57874f848b,default,default.robot-shop.serviceaccount.identity.linkerd.cluster.local,,,ratings
1613873609.946,response_latency_ms_sum,,,10.1.18.199:4191,linkerd-proxy,robot-shop,,web-6b7cd5d75b-cq4k9,web,0,,,,,web,,linkerd,outbound,,6b7cd5d75b,,true,robot-shop,ratings.robot-shop.svc.cluster.local,,linkerd,ratings,robot-shop,ratings-57874f848b-xtvx6,57874f848b,default,default.robot-shop.serviceaccount.identity.linkerd.cluster.local,,,ratings
1613873619.947,response_latency_ms_sum,,,10.1.18.199:4191,linkerd-proxy,robot-shop,,web-6b7cd5d75b-cq4k9,web,0,,,,,web,,linkerd,outbound,,6b7cd5d75b,,true,robot-shop,ratings.robot-shop.svc.cluster.local,,linkerd,ratings,robot-shop,ratings-57874f848b-xtvx6,57874f848b,default,default.robot-shop.serviceaccount.identity.linkerd.cluster.local,,,ratings
1613873589.946,response_latency_ms_sum,,,10.1.18.199:4191,linkerd-proxy,robot-shop,,web-6b7cd5d75b-cq4k9,web,239233,,,,,web,,linkerd,outbound,,6b7cd5d75b,502,true,robot-shop,ratings.robot-shop.svc.cluster.local,,linkerd,ratings,robot-shop,ratings-57874f848b-g4dvs,57874f848b,default,default.robot-shop.serviceaccount.identity.linkerd.cluster.local,,,ratings
1613873599.946,response_latency_ms_sum,,,10.1.18.199:4191,linkerd-proxy,robot-shop,,web-6b7cd5d75b-cq4k9,web,239233,,,,,web,,linkerd,outbound,,6b7cd5d75b,502,true,robot-shop,ratings.robot-shop.svc.cluster.local,,linkerd,ratings,robot-shop,ratings-57874f848b-g4dvs,57874f848b,default,default.robot-shop.serviceaccount.identity.linkerd.cluster.local,,,ratings
1613873609.946,response_latency_ms_sum,,,10.1.18.199:4191,linkerd-proxy,robot-shop,,web-6b7cd5d75b-cq4k9,web,239233,,,,,web,,linkerd,outbound,,6b7cd5d75b,502,true,robot-shop,ratings.robot-shop.svc.cluster.local,,linkerd,ratings,robot-shop,ratings-57874f848b-g4dvs,57874f848b,default,default.robot-shop.serviceaccount.identity.linkerd.cluster.local,,,ratings
1613873619.947,response_latency_ms_sum,,,10.1.18.199:4191,linkerd-proxy,robot-shop,,web-6b7cd5d75b-cq4k9,web,239233,,,,,web,,linkerd,outbound,,6b7cd5d75b,502,true,robot-shop,ratings.robot-shop.svc.cluster.local,,linkerd,ratings,robot-shop,ratings-57874f848b-g4dvs,57874f848b,default,default.robot-shop.serviceaccount.identity.linkerd.cluster.local,,,ratings
1613873589.946,response_latency_ms_sum,,,10.1.18.199:4191,linkerd-proxy,robot-shop,,web-6b7cd5d75b-cq4k9,web,0,,,,,web,,linkerd,outbound,,6b7cd5d75b,,true,robot-shop,ratings.robot-shop.svc.cluster.local,,linkerd,ratings,robot-shop,ratings-57874f848b-g4dvs,57874f848b,default,default.robot-shop.serviceaccount.identity.linkerd.cluster.local,,,ratings
1613873599.946,response_latency_ms_sum,,,10.1.18.199:4191,linkerd-proxy,robot-shop,,web-6b7cd5d75b-cq4k9,web,0,,,,,web,,linkerd,outbound,,6b7cd5d75b,,true,robot-shop,ratings.robot-shop.svc.cluster.local,,linkerd,ratings,robot-shop,ratings-57874f848b-g4dvs,57874f848b,default,default.robot-shop.serviceaccount.identity.linkerd.cluster.local,,,ratings
1613873609.946,response_latency_ms_sum,,,10.1.18.199:4191,linkerd-proxy,robot-shop,,web-6b7cd5d75b-cq4k9,web,0,,,,,web,,linkerd,outbound,,6b7cd5d75b,,true,robot-shop,ratings.robot-shop.svc.cluster.local,,linkerd,ratings,robot-shop,ratings-57874f848b-g4dvs,57874f848b,default,default.robot-shop.serviceaccount.identity.linkerd.cluster.local,,,ratings
1613873619.947,response_latency_ms_sum,,,10.1.18.199:4191,linkerd-proxy,robot-shop,,web-6b7cd5d75b-cq4k9,web,0,,,,,web,,linkerd,outbound,,6b7cd5d75b,,true,robot-shop,ratings.robot-shop.svc.cluster.local,,linkerd,ratings,robot-shop,ratings-57874f848b-g4dvs,57874f848b,default,default.robot-shop.serviceaccount.identity.linkerd.cluster.local,,,ratings
1613873593.253,response_latency_ms_sum,,,10.1.18.191:4191,linkerd-proxy,robot-shop,,web-6b7cd5d75b-vl9w8,web,246828,,,,,web,,linkerd,outbound,,6b7cd5d75b,502,true,robot-shop,ratings.robot-shop.svc.cluster.local,,linkerd,ratings,robot-shop,ratings-57874f848b-xtvx6,57874f848b,default,default.robot-shop.serviceaccount.identity.linkerd.cluster.local,,,ratings
1613873603.252,response_latency_ms_sum,,,10.1.18.191:4191,linkerd-proxy,robot-shop,,web-6b7cd5d75b-vl9w8,web,246828,,,,,web,,linkerd,outbound,,6b7cd5d75b,502,true,robot-shop,ratings.robot-shop.svc.cluster.local,,linkerd,ratings,robot-shop,ratings-57874f848b-xtvx6,57874f848b,default,default.robot-shop.serviceaccount.identity.linkerd.cluster.local,,,ratings
1613873613.253,response_latency_ms_sum,,,10.1.18.191:4191,linkerd-proxy,robot-shop,,web-6b7cd5d75b-vl9w8,web,246828,,,,,web,,linkerd,outbound,,6b7cd5d75b,502,true,robot-shop,ratings.robot-shop.svc.cluster.local,,linkerd,ratings,robot-shop,ratings-57874f848b-xtvx6,57874f848b,default,default.robot-shop.serviceaccount.identity.linkerd.cluster.local,,,ratings
1613873593.253,response_latency_ms_sum,,,10.1.18.191:4191,linkerd-proxy,robot-shop,,web-6b7cd5d75b-vl9w8,web,0,,,,,web,,linkerd,outbound,,6b7cd5d75b,,true,robot-shop,ratings.robot-shop.svc.cluster.local,,linkerd,ratings,robot-shop,ratings-57874f848b-xtvx6,57874f848b,default,default.robot-shop.serviceaccount.identity.linkerd.cluster.local,,,ratings
1613873603.252,response_latency_ms_sum,,,10.1.18.191:4191,linkerd-proxy,robot-shop,,web-6b7cd5d75b-vl9w8,web,0,,,,,web,,linkerd,outbound,,6b7cd5d75b,,true,robot-shop,ratings.robot-shop.svc.cluster.local,,linkerd,ratings,robot-shop,ratings-57874f848b-xtvx6,57874f848b,default,default.robot-shop.serviceaccount.identity.linkerd.cluster.local,,,ratings
1613873613.253,response_latency_ms_sum,,,10.1.18.191:4191,linkerd-proxy,robot-shop,,web-6b7cd5d75b-vl9w8,web,0,,,,,web,,linkerd,outbound,,6b7cd5d75b,,true,robot-shop,ratings.robot-shop.svc.cluster.local,,linkerd,ratings,robot-shop,ratings-57874f848b-xtvx6,57874f848b,default,default.robot-shop.serviceaccount.identity.linkerd.cluster.local,,,ratings
1613873593.723,response_latency_ms_sum,,,10.1.18.196:4191,linkerd-proxy,robot-shop,,ratings-57874f848b-xtvx6,ratings,0,,,,,ratings,,linkerd,inbound,no_tls_from_remote,57874f848b,,no_identity,robot-shop,,,,,,,,,,,,
1613873603.723,response_latency_ms_sum,,,10.1.18.196:4191,linkerd-proxy,robot-shop,,ratings-57874f848b-xtvx6,ratings,0,,,,,ratings,,linkerd,inbound,no_tls_from_remote,57874f848b,,no_identity,robot-shop,,,,,,,,,,,,
1613873613.723,response_latency_ms_sum,,,10.1.18.196:4191,linkerd-proxy,robot-shop,,ratings-57874f848b-xtvx6,ratings,0,,,,,ratings,,linkerd,inbound,no_tls_from_remote,57874f848b,,no_identity,robot-shop,,,,,,,,,,,,
1613873593.723,response_latency_ms_sum,,,10.1.18.196:4191,linkerd-proxy,robot-shop,,ratings-57874f848b-xtvx6,ratings,0,,,,,ratings,,linkerd,inbound,,57874f848b,,true,robot-shop,ratings.robot-shop.svc.cluster.local,default.robot-shop.serviceaccount.identity.linkerd.cluster.local,,,,,,,,,,
1613873603.723,response_latency_ms_sum,,,10.1.18.196:4191,linkerd-proxy,robot-shop,,ratings-57874f848b-xtvx6,ratings,0,,,,,ratings,,linkerd,inbound,,57874f848b,,true,robot-shop,ratings.robot-shop.svc.cluster.local,default.robot-shop.serviceaccount.identity.linkerd.cluster.local,,,,,,,,,,
1613873613.723,response_latency_ms_sum,,,10.1.18.196:4191,linkerd-proxy,robot-shop,,ratings-57874f848b-xtvx6,ratings,0,,,,,ratings,,linkerd,inbound,,57874f848b,,true,robot-shop,ratings.robot-shop.svc.cluster.local,default.robot-shop.serviceaccount.identity.linkerd.cluster.local,,,,,,,,,,
1613873599.946,response_latency_ms_sum,,,10.1.18.199:4191,linkerd-proxy,robot-shop,,web-6b7cd5d75b-cq4k9,web,43730,,,,,web,,linkerd,inbound,no_tls_from_remote,6b7cd5d75b,503,no_identity,robot-shop,localhost:30651,,,,,,,,,,,
1613873609.946,response_latency_ms_sum,,,10.1.18.199:4191,linkerd-proxy,robot-shop,,web-6b7cd5d75b-cq4k9,web,43730,,,,,web,,linkerd,inbound,no_tls_from_remote,6b7cd5d75b,503,no_identity,robot-shop,localhost:30651,,,,,,,,,,,
1613873619.947,response_latency_ms_sum,,,10.1.18.199:4191,linkerd-proxy,robot-shop,,web-6b7cd5d75b-cq4k9,web,53454,,,,,web,,linkerd,inbound,no_tls_from_remote,6b7cd5d75b,503,no_identity,robot-shop,localhost:30651,,,,,,,,,,,
1613873603.252,response_latency_ms_sum,,,10.1.18.191:4191,linkerd-proxy,robot-shop,,web-6b7cd5d75b-vl9w8,web,388928,,,,,web,,linkerd,outbound,,6b7cd5d75b,502,true,robot-shop,shipping.robot-shop.svc.cluster.local:8080,,linkerd,shipping,robot-shop,shipping-85c8bd8d95-fm6ps,85c8bd8d95,default,default.robot-shop.serviceaccount.identity.linkerd.cluster.local,,,shipping
1613873613.253,response_latency_ms_sum,,,10.1.18.191:4191,linkerd-proxy,robot-shop,,web-6b7cd5d75b-vl9w8,web,388928,,,,,web,,linkerd,outbound,,6b7cd5d75b,502,true,robot-shop,shipping.robot-shop.svc.cluster.local:8080,,linkerd,shipping,robot-shop,shipping-85c8bd8d95-fm6ps,85c8bd8d95,default,default.robot-shop.serviceaccount.identity.linkerd.cluster.local,,,shipping
1613873607.07,response_latency_ms_sum,,,10.1.18.197:4191,linkerd-proxy,robot-shop,,shipping-85c8bd8d95-fm6ps,shipping,0,,,,,shipping,,linkerd,inbound,,85c8bd8d95,,true,robot-shop,shipping.robot-shop.svc.cluster.local:8080,default.robot-shop.serviceaccount.identity.linkerd.cluster.local,,,,,,,,,,
1613873617.069,response_latency_ms_sum,,,10.1.18.197:4191,linkerd-proxy,robot-shop,,shipping-85c8bd8d95-fm6ps,shipping,0,,,,,shipping,,linkerd,inbound,,85c8bd8d95,,true,robot-shop,shipping.robot-shop.svc.cluster.local:8080,default.robot-shop.serviceaccount.identity.linkerd.cluster.local,,,,,,,,,,
1613873609.946,response_latency_ms_sum,,,10.1.18.199:4191,linkerd-proxy,robot-shop,,web-6b7cd5d75b-cq4k9,web,317413,,,,,web,,linkerd,outbound,,6b7cd5d75b,502,true,robot-shop,shipping.robot-shop.svc.cluster.local:8080,,linkerd,shipping,robot-shop,shipping-85c8bd8d95-nwfnb,85c8bd8d95,default,default.robot-shop.serviceaccount.identity.linkerd.cluster.local,,,shipping
1613873619.947,response_latency_ms_sum,,,10.1.18.199:4191,linkerd-proxy,robot-shop,,web-6b7cd5d75b-cq4k9,web,317413,,,,,web,,linkerd,outbound,,6b7cd5d75b,502,true,robot-shop,shipping.robot-shop.svc.cluster.local:8080,,linkerd,shipping,robot-shop,shipping-85c8bd8d95-nwfnb,85c8bd8d95,default,default.robot-shop.serviceaccount.identity.linkerd.cluster.local,,,shipping
1613873609.946,response_latency_ms_sum,,,10.1.18.199:4191,linkerd-proxy,robot-shop,,web-6b7cd5d75b-cq4k9,web,984002,,,,,web,,linkerd,outbound,,6b7cd5d75b,502,true,robot-shop,shipping.robot-shop.svc.cluster.local:8080,,linkerd,shipping,robot-shop,shipping-85c8bd8d95-fm6ps,85c8bd8d95,default,default.robot-shop.serviceaccount.identity.linkerd.cluster.local,,,shipping
1613873619.947,response_latency_ms_sum,,,10.1.18.199:4191,linkerd-proxy,robot-shop,,web-6b7cd5d75b-cq4k9,web,984002,,,,,web,,linkerd,outbound,,6b7cd5d75b,502,true,robot-shop,shipping.robot-shop.svc.cluster.local:8080,,linkerd,shipping,robot-shop,shipping-85c8bd8d95-fm6ps,85c8bd8d95,default,default.robot-shop.serviceaccount.identity.linkerd.cluster.local,,,shipping
1613873571.012,response_latency_ms_count,,,10.1.7.224:4191,linkerd-proxy,linkerd,,linkerd-prometheus-5bccd64d4d-jzwmt,,28649,,,,,linkerd-prometheus,prometheus,linkerd,inbound,no_tls_from_remote,5bccd64d4d,200,no_identity,linkerd,,,,,,,,,,,,
1613873581.012,response_latency_ms_count,,,10.1.7.224:4191,linkerd-proxy,linkerd,,linkerd-prometheus-5bccd64d4d-jzwmt,,28651,,,,,linkerd-prometheus,prometheus,linkerd,inbound,no_tls_from_remote,5bccd64d4d,200,no_identity,linkerd,,,,,,,,,,,,
1613873591.011,response_latency_ms_count,,,10.1.7.224:4191,linkerd-proxy,linkerd,,linkerd-prometheus-5bccd64d4d-jzwmt,,28653,,,,,linkerd-prometheus,prometheus,linkerd,inbound,no_tls_from_remote,5bccd64d4d,200,no_identity,linkerd,,,,,,,,,,,,
1613873601.012,response_latency_ms_count,,,10.1.7.224:4191,linkerd-proxy,linkerd,,linkerd-prometheus-5bccd64d4d-jzwmt,,28656,,,,,linkerd-prometheus,prometheus,linkerd,inbound,no_tls_from_remote,5bccd64d4d,200,no_identity,linkerd,,,,,,,,,,,,
1613873611.012,response_latency_ms_count,,,10.1.7.224:4191,linkerd-proxy,linkerd,,linkerd-prometheus-5bccd64d4d-jzwmt,,28658,,,,,linkerd-prometheus,prometheus,linkerd,inbound,no_tls_from_remote,5bccd64d4d,200,no_identity,linkerd,,,,,,,,,,,,
1613873571.012,response_latency_ms_count,,,10.1.7.224:4191,linkerd-proxy,linkerd,,linkerd-prometheus-5bccd64d4d-jzwmt,,2,,,,,linkerd-prometheus,prometheus,linkerd,inbound,no_tls_from_remote,5bccd64d4d,503,no_identity,linkerd,,,,,,,,,,,,
1613873581.012,response_latency_ms_count,,,10.1.7.224:4191,linkerd-proxy,linkerd,,linkerd-prometheus-5bccd64d4d-jzwmt,,2,,,,,linkerd-prometheus,prometheus,linkerd,inbound,no_tls_from_remote,5bccd64d4d,503,no_identity,linkerd,,,,,,,,,,,,
1613873591.011,response_latency_ms_count,,,10.1.7.224:4191,linkerd-proxy,linkerd,,linkerd-prometheus-5bccd64d4d-jzwmt,,2,,,,,linkerd-prometheus,prometheus,linkerd,inbound,no_tls_from_remote,5bccd64d4d,503,no_identity,linkerd,,,,,,,,,,,,
1613873601.012,response_latency_ms_count,,,10.1.7.224:4191,linkerd-proxy,linkerd,,linkerd-prometheus-5bccd64d4d-jzwmt,,2,,,,,linkerd-prometheus,prometheus,linkerd,inbound,no_tls_from_remote,5bccd64d4d,503,no_identity,linkerd,,,,,,,,,,,,
1613873611.012,response_latency_ms_count,,,10.1.7.224:4191,linkerd-proxy,linkerd,,linkerd-prometheus-5bccd64d4d-jzwmt,,2,,,,,linkerd-prometheus,prometheus,linkerd,inbound,no_tls_from_remote,5bccd64d4d,503,no_identity,linkerd,,,,,,,,,,,,
1613873568.136,response_latency_ms_count,,,10.1.7.217:4191,linkerd-proxy,linkerd,,linkerd-destination-654f8848f5-4tr7b,,24577,,,,,linkerd-destination,destination,linkerd,inbound,no_tls_from_remote,654f8848f5,200,no_identity,linkerd,,,,,,,,,,,,
1613873578.136,response_latency_ms_count,,,10.1.7.217:4191,linkerd-proxy,linkerd,,linkerd-destination-654f8848f5-4tr7b,,24579,,,,,linkerd-destination,destination,linkerd,inbound,no_tls_from_remote,654f8848f5,200,no_identity,linkerd,,,,,,,,,,,,
1613873588.136,response_latency_ms_count,,,10.1.7.217:4191,linkerd-proxy,linkerd,,linkerd-destination-654f8848f5-4tr7b,,24581,,,,,linkerd-destination,destination,linkerd,inbound,no_tls_from_remote,654f8848f5,200,no_identity,linkerd,,,,,,,,,,,,
1613873598.136,response_latency_ms_count,,,10.1.7.217:4191,linkerd-proxy,linkerd,,linkerd-destination-654f8848f5-4tr7b,,24583,,,,,linkerd-destination,destination,linkerd,inbound,no_tls_from_remote,654f8848f5,200,no_identity,linkerd,,,,,,,,,,,,
1613873608.137,response_latency_ms_count,,,10.1.7.217:4191,linkerd-proxy,linkerd,,linkerd-destination-654f8848f5-4tr7b,,24585,,,,,linkerd-destination,destination,linkerd,inbound,no_tls_from_remote,654f8848f5,200,no_identity,linkerd,,,,,,,,,,,,
1613873618.136,response_latency_ms_count,,,10.1.7.217:4191,linkerd-proxy,linkerd,,linkerd-destination-654f8848f5-4tr7b,,24587,,,,,linkerd-destination,destination,linkerd,inbound,no_tls_from_remote,654f8848f5,200,no_identity,linkerd,,,,,,,,,,,,
1613873568.136,response_latency_ms_count,,,10.1.7.217:4191,linkerd-proxy,linkerd,,linkerd-destination-654f8848f5-4tr7b,,5325,,,,,linkerd-destination,destination,linkerd,inbound,,654f8848f5,200,true,linkerd,linkerd-dst-headless.linkerd.svc.cluster.local:8086,linkerd-prometheus.linkerd.serviceaccount.identity.linkerd.cluster.local,,,,,,,,,,
1613873578.136,response_latency_ms_count,,,10.1.7.217:4191,linkerd-proxy,linkerd,,linkerd-destination-654f8848f5-4tr7b,,5325,,,,,linkerd-destination,destination,linkerd,inbound,,654f8848f5,200,true,linkerd,linkerd-dst-headless.linkerd.svc.cluster.local:8086,linkerd-prometheus.linkerd.serviceaccount.identity.linkerd.cluster.local,,,,,,,,,,
1613873588.136,response_latency_ms_count,,,10.1.7.217:4191,linkerd-proxy,linkerd,,linkerd-destination-654f8848f5-4tr7b,,5325,,,,,linkerd-destination,destination,linkerd,inbound,,654f8848f5,200,true,linkerd,linkerd-dst-headless.linkerd.svc.cluster.local:8086,linkerd-prometheus.linkerd.serviceaccount.identity.linkerd.cluster.local,,,,,,,,,,
1613873598.136,response_latency_ms_count,,,10.1.7.217:4191,linkerd-proxy,linkerd,,linkerd-destination-654f8848f5-4tr7b,,5325,,,,,linkerd-destination,destination,linkerd,inbound,,654f8848f5,200,true,linkerd,linkerd-dst-headless.linkerd.svc.cluster.local:8086,linkerd-prometheus.linkerd.serviceaccount.identity.linkerd.cluster.local,,,,,,,,,,
1613873608.137,response_latency_ms_count,,,10.1.7.217:4191,linkerd-proxy,linkerd,,linkerd-destination-654f8848f5-4tr7b,,5325,,,,,linkerd-destination,destination,linkerd,inbound,,654f8848f5,200,true,linkerd,linkerd-dst-headless.linkerd.svc.cluster.local:8086,linkerd-prometheus.linkerd.serviceaccount.identity.linkerd.cluster.local,,,,,,,,,,
1613873618.136,response_latency_ms_count,,,10.1.7.217:4191,linkerd-proxy,linkerd,,linkerd-destination-654f8848f5-4tr7b,,5325,,,,,linkerd-destination,destination,linkerd,inbound,,654f8848f5,200,true,linkerd,linkerd-dst-headless.linkerd.svc.cluster.local:8086,linkerd-prometheus.linkerd.serviceaccount.identity.linkerd.cluster.local,,,,,,,,,,
1613873568.259,response_latency_ms_count,,,10.1.7.223:4191,linkerd-proxy,linkerd,,linkerd-grafana-ddd5c496f-cctr6,,24572,,,,,linkerd-grafana,grafana,linkerd,inbound,no_tls_from_remote,ddd5c496f,200,no_identity,linkerd,,,,,,,,,,,,
1613873578.258,response_latency_ms_count,,,10.1.7.223:4191,linkerd-proxy,linkerd,,linkerd-grafana-ddd5c496f-cctr6,,24574,,,,,linkerd-grafana,grafana,linkerd,inbound,no_tls_from_remote,ddd5c496f,200,no_identity,linkerd,,,,,,,,,,,,
1613873588.261,response_latency_ms_count,,,10.1.7.223:4191,linkerd-proxy,linkerd,,linkerd-grafana-ddd5c496f-cctr6,,24576,,,,,linkerd-grafana,grafana,linkerd,inbound,no_tls_from_remote,ddd5c496f,200,no_identity,linkerd,,,,,,,,,,,,
1613873598.259,response_latency_ms_count,,,10.1.7.223:4191,linkerd-proxy,linkerd,,linkerd-grafana-ddd5c496f-cctr6,,24578,,,,,linkerd-grafana,grafana,linkerd,inbound,no_tls_from_remote,ddd5c496f,200,no_identity,linkerd,,,,,,,,,,,,
1613873608.259,response_latency_ms_count,,,10.1.7.223:4191,linkerd-proxy,linkerd,,linkerd-grafana-ddd5c496f-cctr6,,24580,,,,,linkerd-grafana,grafana,linkerd,inbound,no_tls_from_remote,ddd5c496f,200,no_identity,linkerd,,,,,,,,,,,,
1613873618.259,response_latency_ms_count,,,10.1.7.223:4191,linkerd-proxy,linkerd,,linkerd-grafana-ddd5c496f-cctr6,,24582,,,,,linkerd-grafana,grafana,linkerd,inbound,no_tls_from_remote,ddd5c496f,200,no_identity,linkerd,,,,,,,,,,,,
1613873568.705,response_latency_ms_count,,,10.1.7.222:4191,linkerd-proxy,linkerd,,linkerd-tap-75785bb98d-dvlv2,,24568,,,,,linkerd-tap,tap,linkerd,inbound,no_tls_from_remote,75785bb98d,200,no_identity,linkerd,,,,,,,,,,,,
1613873578.705,response_latency_ms_count,,,10.1.7.222:4191,linkerd-proxy,linkerd,,linkerd-tap-75785bb98d-dvlv2,,24570,,,,,linkerd-tap,tap,linkerd,inbound,no_tls_from_remote,75785bb98d,200,no_identity,linkerd,,,,,,,,,,,,
1613873588.705,response_latency_ms_count,,,10.1.7.222:4191,linkerd-proxy,linkerd,,linkerd-tap-75785bb98d-dvlv2,,24572,,,,,linkerd-tap,tap,linkerd,inbound,no_tls_from_remote,75785bb98d,200,no_identity,linkerd,,,,,,,,,,,,
1613873598.705,response_latency_ms_count,,,10.1.7.222:4191,linkerd-proxy,linkerd,,linkerd-tap-75785bb98d-dvlv2,,24574,,,,,linkerd-tap,tap,linkerd,inbound,no_tls_from_remote,75785bb98d,200,no_identity,linkerd,,,,,,,,,,,,
1613873608.705,response_latency_ms_count,,,10.1.7.222:4191,linkerd-proxy,linkerd,,linkerd-tap-75785bb98d-dvlv2,,24576,,,,,linkerd-tap,tap,linkerd,inbound,no_tls_from_remote,75785bb98d,200,no_identity,linkerd,,,,,,,,,,,,
1613873618.705,response_latency_ms_count,,,10.1.7.222:4191,linkerd-proxy,linkerd,,linkerd-tap-75785bb98d-dvlv2,,24578,,,,,linkerd-tap,tap,linkerd,inbound,no_tls_from_remote,75785bb98d,200,no_identity,linkerd,,,,,,,,,,,,
1613873569.694,response_latency_ms_count,,,10.1.7.220:4191,linkerd-proxy,linkerd,,linkerd-sp-validator-77d978fbd9-zk8mm,,24567,,,,,linkerd-sp-validator,sp-validator,linkerd,inbound,no_tls_from_remote,77d978fbd9,200,no_identity,linkerd,,,,,,,,,,,,
1613873579.695,response_latency_ms_count,,,10.1.7.220:4191,linkerd-proxy,linkerd,,linkerd-sp-validator-77d978fbd9-zk8mm,,24569,,,,,linkerd-sp-validator,sp-validator,linkerd,inbound,no_tls_from_remote,77d978fbd9,200,no_identity,linkerd,,,,,,,,,,,,
1613873589.695,response_latency_ms_count,,,10.1.7.220:4191,linkerd-proxy,linkerd,,linkerd-sp-validator-77d978fbd9-zk8mm,,24571,,,,,linkerd-sp-validator,sp-validator,linkerd,inbound,no_tls_from_remote,77d978fbd9,200,no_identity,linkerd,,,,,,,,,,,,
1613873599.694,response_latency_ms_count,,,10.1.7.220:4191,linkerd-proxy,linkerd,,linkerd-sp-validator-77d978fbd9-zk8mm,,24573,,,,,linkerd-sp-validator,sp-validator,linkerd,inbound,no_tls_from_remote,77d978fbd9,200,no_identity,linkerd,,,,,,,,,,,,
1613873609.694,response_latency_ms_count,,,10.1.7.220:4191,linkerd-proxy,linkerd,,linkerd-sp-validator-77d978fbd9-zk8mm,,24575,,,,,linkerd-sp-validator,sp-validator,linkerd,inbound,no_tls_from_remote,77d978fbd9,200,no_identity,linkerd,,,,,,,,,,,,
1613873619.694,response_latency_ms_count,,,10.1.7.220:4191,linkerd-proxy,linkerd,,linkerd-sp-validator-77d978fbd9-zk8mm,,24577,,,,,linkerd-sp-validator,sp-validator,linkerd,inbound,no_tls_from_remote,77d978fbd9,200,no_identity,linkerd,,,,,,,,,,,,
1613873570.094,response_latency_ms_count,,,10.1.7.218:4191,linkerd-proxy,linkerd,,linkerd-proxy-injector-666c478cbb-z7nnc,,24568,,,,,linkerd-proxy-injector,proxy-injector,linkerd,inbound,no_tls_from_remote,666c478cbb,200,no_identity,linkerd,,,,,,,,,,,,
1613873580.094,response_latency_ms_count,,,10.1.7.218:4191,linkerd-proxy,linkerd,,linkerd-proxy-injector-666c478cbb-z7nnc,,24570,,,,,linkerd-proxy-injector,proxy-injector,linkerd,inbound,no_tls_from_remote,666c478cbb,200,no_identity,linkerd,,,,,,,,,,,,
1613873590.094,response_latency_ms_count,,,10.1.7.218:4191,linkerd-proxy,linkerd,,linkerd-proxy-injector-666c478cbb-z7nnc,,24572,,,,,linkerd-proxy-injector,proxy-injector,linkerd,inbound,no_tls_from_remote,666c478cbb,200,no_identity,linkerd,,,,,,,,,,,,
1613873600.094,response_latency_ms_count,,,10.1.7.218:4191,linkerd-proxy,linkerd,,linkerd-proxy-injector-666c478cbb-z7nnc,,24574,,,,,linkerd-proxy-injector,proxy-injector,linkerd,inbound,no_tls_from_remote,666c478cbb,200,no_identity,linkerd,,,,,,,,,,,,
1613873610.094,response_latency_ms_count,,,10.1.7.218:4191,linkerd-proxy,linkerd,,linkerd-proxy-injector-666c478cbb-z7nnc,,24576,,,,,linkerd-proxy-injector,proxy-injector,linkerd,inbound,no_tls_from_remote,666c478cbb,200,no_identity,linkerd,,,,,,,,,,,,
1613873620.095,response_latency_ms_count,,,10.1.7.218:4191,linkerd-proxy,linkerd,,linkerd-proxy-injector-666c478cbb-z7nnc,,24578,,,,,linkerd-proxy-injector,proxy-injector,linkerd,inbound,no_tls_from_remote,666c478cbb,200,no_identity,linkerd,,,,,,,,,,,,
1613873571.012,response_latency_ms_count,,,10.1.7.224:4191,linkerd-proxy,linkerd,,linkerd-prometheus-5bccd64d4d-jzwmt,,12280,,,,,linkerd-prometheus,prometheus,linkerd,outbound,,5bccd64d4d,200,true,linkerd,10.1.7.223:4191,,linkerd,linkerd-grafana,linkerd,linkerd-grafana-ddd5c496f-cctr6,ddd5c496f,linkerd-grafana,linkerd-grafana.linkerd.serviceaccount.identity.linkerd.cluster.local,,,
1613873581.012,response_latency_ms_count,,,10.1.7.224:4191,linkerd-proxy,linkerd,,linkerd-prometheus-5bccd64d4d-jzwmt,,12281,,,,,linkerd-prometheus,prometheus,linkerd,outbound,,5bccd64d4d,200,true,linkerd,10.1.7.223:4191,,linkerd,linkerd-grafana,linkerd,linkerd-grafana-ddd5c496f-cctr6,ddd5c496f,linkerd-grafana,linkerd-grafana.linkerd.serviceaccount.identity.linkerd.cluster.local,,,
1613873591.011,response_latency_ms_count,,,10.1.7.224:4191,linkerd-proxy,linkerd,,linkerd-prometheus-5bccd64d4d-jzwmt,,12282,,,,,linkerd-prometheus,prometheus,linkerd,outbound,,5bccd64d4d,200,true,linkerd,10.1.7.223:4191,,linkerd,linkerd-grafana,linkerd,linkerd-grafana-ddd5c496f-cctr6,ddd5c496f,linkerd-grafana,linkerd-grafana.linkerd.serviceaccount.identity.linkerd.cluster.local,,,
1613873601.012,response_latency_ms_count,,,10.1.7.224:4191,linkerd-proxy,linkerd,,linkerd-prometheus-5bccd64d4d-jzwmt,,12283,,,,,linkerd-prometheus,prometheus,linkerd,outbound,,5bccd64d4d,200,true,linkerd,10.1.7.223:4191,,linkerd,linkerd-grafana,linkerd,linkerd-grafana-ddd5c496f-cctr6,ddd5c496f,linkerd-grafana,linkerd-grafana.linkerd.serviceaccount.identity.linkerd.cluster.local,,,
1613873611.012,response_latency_ms_count,,,10.1.7.224:4191,linkerd-proxy,linkerd,,linkerd-prometheus-5bccd64d4d-jzwmt,,12284,,,,,linkerd-prometheus,prometheus,linkerd,outbound,,5bccd64d4d,200,true,linkerd,10.1.7.223:4191,,linkerd,linkerd-grafana,linkerd,linkerd-grafana-ddd5c496f-cctr6,ddd5c496f,linkerd-grafana,linkerd-grafana.linkerd.serviceaccount.identity.linkerd.cluster.local,,,
1613873571.012,response_latency_ms_count,,,10.1.7.224:4191,linkerd-proxy,linkerd,,linkerd-prometheus-5bccd64d4d-jzwmt,,12280,,,,,linkerd-prometheus,prometheus,linkerd,outbound,,5bccd64d4d,200,true,linkerd,10.1.7.217:4191,,linkerd,linkerd-destination,linkerd,linkerd-destination-654f8848f5-4tr7b,654f8848f5,linkerd-destination,linkerd-destination.linkerd.serviceaccount.identity.linkerd.cluster.local,,,
1613873581.012,response_latency_ms_count,,,10.1.7.224:4191,linkerd-proxy,linkerd,,linkerd-prometheus-5bccd64d4d-jzwmt,,12281,,,,,linkerd-prometheus,prometheus,linkerd,outbound,,5bccd64d4d,200,true,linkerd,10.1.7.217:4191,,linkerd,linkerd-destination,linkerd,linkerd-destination-654f8848f5-4tr7b,654f8848f5,linkerd-destination,linkerd-destination.linkerd.serviceaccount.identity.linkerd.cluster.local,,,
1613873591.011,response_latency_ms_count,,,10.1.7.224:4191,linkerd-proxy,linkerd,,linkerd-prometheus-5bccd64d4d-jzwmt,,12282,,,,,linkerd-prometheus,prometheus,linkerd,outbound,,5bccd64d4d,200,true,linkerd,10.1.7.217:4191,,linkerd,linkerd-destination,linkerd,linkerd-destination-654f8848f5-4tr7b,654f8848f5,linkerd-destination,linkerd-destination.linkerd.serviceaccount.identity.linkerd.cluster.local,,,
1613873601.012,response_latency_ms_count,,,10.1.7.224:4191,linkerd-proxy,linkerd,,linkerd-prometheus-5bccd64d4d-jzwmt,,12283,,,,,linkerd-prometheus,prometheus,linkerd,outbound,,5bccd64d4d,200,true,linkerd,10.1.7.217:4191,,linkerd,linkerd-destination,linkerd,linkerd-destination-654f8848f5-4tr7b,654f8848f5,linkerd-destination,linkerd-destination.linkerd.serviceaccount.identity.linkerd.cluster.local,,,
1613873611.012,response_latency_ms_count,,,10.1.7.224:4191,linkerd-proxy,linkerd,,linkerd-prometheus-5bccd64d4d-jzwmt,,12284,,,,,linkerd-prometheus,prometheus,linkerd,outbound,,5bccd64d4d,200,true,linkerd,10.1.7.217:4191,,linkerd,linkerd-destination,linkerd,linkerd-destination-654f8848f5-4tr7b,654f8848f5,linkerd-destination,linkerd-destination.linkerd.serviceaccount.identity.linkerd.cluster.local,,,
1613873571.012,response_latency_ms_count,,,10.1.7.224:4191,linkerd-proxy,linkerd,,linkerd-prometheus-5bccd64d4d-jzwmt,,12280,,,,,linkerd-prometheus,prometheus,linkerd,outbound,,5bccd64d4d,200,true,linkerd,10.1.7.222:4191,,linkerd,linkerd-tap,linkerd,linkerd-tap-75785bb98d-dvlv2,75785bb98d,linkerd-tap,linkerd-tap.linkerd.serviceaccount.identity.linkerd.cluster.local,,,
1613873581.012,response_latency_ms_count,,,10.1.7.224:4191,linkerd-proxy,linkerd,,linkerd-prometheus-5bccd64d4d-jzwmt,,12281,,,,,linkerd-prometheus,prometheus,linkerd,outbound,,5bccd64d4d,200,true,linkerd,10.1.7.222:4191,,linkerd,linkerd-tap,linkerd,linkerd-tap-75785bb98d-dvlv2,75785bb98d,linkerd-tap,linkerd-tap.linkerd.serviceaccount.identity.linkerd.cluster.local,,,
1613873591.011,response_latency_ms_count,,,10.1.7.224:4191,linkerd-proxy,linkerd,,linkerd-prometheus-5bccd64d4d-jzwmt,,12282,,,,,linkerd-prometheus,prometheus,linkerd,outbound,,5bccd64d4d,200,true,linkerd,10.1.7.222:4191,,linkerd,linkerd-tap,linkerd,linkerd-tap-75785bb98d-dvlv2,75785bb98d,linkerd-tap,linkerd-tap.linkerd.serviceaccount.identity.linkerd.cluster.local,,,
1613873601.012,response_latency_ms_count,,,10.1.7.224:4191,linkerd-proxy,linkerd,,linkerd-prometheus-5bccd64d4d-jzwmt,,12283,,,,,linkerd-prometheus,prometheus,linkerd,outbound,,5bccd64d4d,200,true,linkerd,10.1.7.222:4191,,linkerd,linkerd-tap,linkerd,linkerd-tap-75785bb98d-dvlv2,75785bb98d,linkerd-tap,linkerd-tap.linkerd.serviceaccount.identity.linkerd.cluster.local,,,
1613873611.012,response_latency_ms_count,,,10.1.7.224:4191,linkerd-proxy,linkerd,,linkerd-prometheus-5bccd64d4d-jzwmt,,12284,,,,,linkerd-prometheus,prometheus,linkerd,outbound,,5bccd64d4d,200,true,linkerd,10.1.7.222:4191,,linkerd,linkerd-tap,linkerd,linkerd-tap-75785bb98d-dvlv2,75785bb98d,linkerd-tap,linkerd-tap.linkerd.serviceaccount.identity.linkerd.cluster.local,,,
1613873571.012,response_latency_ms_count,,,10.1.7.224:4191,linkerd-proxy,linkerd,,linkerd-prometheus-5bccd64d4d-jzwmt,,12280,,,,,linkerd-prometheus,prometheus,linkerd,outbound,,5bccd64d4d,200,true,linkerd,10.1.7.223:3000,,linkerd,linkerd-grafana,linkerd,linkerd-grafana-ddd5c496f-cctr6,ddd5c496f,linkerd-grafana,linkerd-grafana.linkerd.serviceaccount.identity.linkerd.cluster.local,,,
1613873581.012,response_latency_ms_count,,,10.1.7.224:4191,linkerd-proxy,linkerd,,linkerd-prometheus-5bccd64d4d-jzwmt,,12281,,,,,linkerd-prometheus,prometheus,linkerd,outbound,,5bccd64d4d,200,true,linkerd,10.1.7.223:3000,,linkerd,linkerd-grafana,linkerd,linkerd-grafana-ddd5c496f-cctr6,ddd5c496f,linkerd-grafana,linkerd-grafana.linkerd.serviceaccount.identity.linkerd.cluster.local,,,
1613873591.011,response_latency_ms_count,,,10.1.7.224:4191,linkerd-proxy,linkerd,,linkerd-prometheus-5bccd64d4d-jzwmt,,12282,,,,,linkerd-prometheus,prometheus,linkerd,outbound,,5bccd64d4d,200,true,linkerd,10.1.7.223:3000,,linkerd,linkerd-grafana,linkerd,linkerd-grafana-ddd5c496f-cctr6,ddd5c496f,linkerd-grafana,linkerd-grafana.linkerd.serviceaccount.identity.linkerd.cluster.local,,,
1613873601.012,response_latency_ms_count,,,10.1.7.224:4191,linkerd-proxy,linkerd,,linkerd-prometheus-5bccd64d4d-jzwmt,,12283,,,,,linkerd-prometheus,prometheus,linkerd,outbound,,5bccd64d4d,200,true,linkerd,10.1.7.223:3000,,linkerd,linkerd-grafana,linkerd,linkerd-grafana-ddd5c496f-cctr6,ddd5c496f,linkerd-grafana,linkerd-grafana.linkerd.serviceaccount.identity.linkerd.cluster.local,,,
1613873611.012,response_latency_ms_count,,,10.1.7.224:4191,linkerd-proxy,linkerd,,linkerd-prometheus-5bccd64d4d-jzwmt,,12284,,,,,linkerd-prometheus,prometheus,linkerd,outbound,,5bccd64d4d,200,true,linkerd,10.1.7.223:3000,,linkerd,linkerd-grafana,linkerd,linkerd-grafana-ddd5c496f-cctr6,ddd5c496f,linkerd-grafana,linkerd-grafana.linkerd.serviceaccount.identity.linkerd.cluster.local,,,
1613873571.012,response_latency_ms_count,,,10.1.7.224:4191,linkerd-proxy,linkerd,,linkerd-prometheus-5bccd64d4d-jzwmt,,12280,,,,,linkerd-prometheus,prometheus,linkerd,outbound,,5bccd64d4d,200,true,linkerd,10.1.7.220:4191,,linkerd,linkerd-sp-validator,linkerd,linkerd-sp-validator-77d978fbd9-zk8mm,77d978fbd9,linkerd-sp-validator,linkerd-sp-validator.linkerd.serviceaccount.identity.linkerd.cluster.local,,,
1613873581.012,response_latency_ms_count,,,10.1.7.224:4191,linkerd-proxy,linkerd,,linkerd-prometheus-5bccd64d4d-jzwmt,,12281,,,,,linkerd-prometheus,prometheus,linkerd,outbound,,5bccd64d4d,200,true,linkerd,10.1.7.220:4191,,linkerd,linkerd-sp-validator,linkerd,linkerd-sp-validator-77d978fbd9-zk8mm,77d978fbd9,linkerd-sp-validator,linkerd-sp-validator.linkerd.serviceaccount.identity.linkerd.cluster.local,,,
1613873591.011,response_latency_ms_count,,,10.1.7.224:4191,linkerd-proxy,linkerd,,linkerd-prometheus-5bccd64d4d-jzwmt,,12282,,,,,linkerd-prometheus,prometheus,linkerd,outbound,,5bccd64d4d,200,true,linkerd,10.1.7.220:4191,,linkerd,linkerd-sp-validator,linkerd,linkerd-sp-validator-77d978fbd9-zk8mm,77d978fbd9,linkerd-sp-validator,linkerd-sp-validator.linkerd.serviceaccount.identity.linkerd.cluster.local,,,
1613873601.012,response_latency_ms_count,,,10.1.7.224:4191,linkerd-proxy,linkerd,,linkerd-prometheus-5bccd64d4d-jzwmt,,12283,,,,,linkerd-prometheus,prometheus,linkerd,outbound,,5bccd64d4d,200,true,linkerd,10.1.7.220:4191,,linkerd,linkerd-sp-validator,linkerd,linkerd-sp-validator-77d978fbd9-zk8mm,77d978fbd9,linkerd-sp-validator,linkerd-sp-validator.linkerd.serviceaccount.identity.linkerd.cluster.local,,,
1613873611.012,response_latency_ms_count,,,10.1.7.224:4191,linkerd-proxy,linkerd,,linkerd-prometheus-5bccd64d4d-jzwmt,,12284,,,,,linkerd-prometheus,prometheus,linkerd,outbound,,5bccd64d4d,200,true,linkerd,10.1.7.220:4191,,linkerd,linkerd-sp-validator,linkerd,linkerd-sp-validator-77d978fbd9-zk8mm,77d978fbd9,linkerd-sp-validator,linkerd-sp-validator.linkerd.serviceaccount.identity.linkerd.cluster.local,,,
1613873571.012,response_latency_ms_count,,,10.1.7.224:4191,linkerd-proxy,linkerd,,linkerd-prometheus-5bccd64d4d-jzwmt,,12280,,,,,linkerd-prometheus,prometheus,linkerd,outbound,,5bccd64d4d,200,true,linkerd,10.1.7.216:9994,,linkerd,linkerd-web,linkerd,linkerd-web-b48d9c89b-49fzh,b48d9c89b,linkerd-web,linkerd-web.linkerd.serviceaccount.identity.linkerd.cluster.local,,,
1613873581.012,response_latency_ms_count,,,10.1.7.224:4191,linkerd-proxy,linkerd,,linkerd-prometheus-5bccd64d4d-jzwmt,,12281,,,,,linkerd-prometheus,prometheus,linkerd,outbound,,5bccd64d4d,200,true,linkerd,10.1.7.216:9994,,linkerd,linkerd-web,linkerd,linkerd-web-b48d9c89b-49fzh,b48d9c89b,linkerd-web,linkerd-web.linkerd.serviceaccount.identity.linkerd.cluster.local,,,
1613873591.011,response_latency_ms_count,,,10.1.7.224:4191,linkerd-proxy,linkerd,,linkerd-prometheus-5bccd64d4d-jzwmt,,12282,,,,,linkerd-prometheus,prometheus,linkerd,outbound,,5bccd64d4d,200,true,linkerd,10.1.7.216:9994,,linkerd,linkerd-web,linkerd,linkerd-web-b48d9c89b-49fzh,b48d9c89b,linkerd-web,linkerd-web.linkerd.serviceaccount.identity.linkerd.cluster.local,,,
1613873601.012,response_latency_ms_count,,,10.1.7.224:4191,linkerd-proxy,linkerd,,linkerd-prometheus-5bccd64d4d-jzwmt,,12283,,,,,linkerd-prometheus,prometheus,linkerd,outbound,,5bccd64d4d,200,true,linkerd,10.1.7.216:9994,,linkerd,linkerd-web,linkerd,linkerd-web-b48d9c89b-49fzh,b48d9c89b,linkerd-web,linkerd-web.linkerd.serviceaccount.identity.linkerd.cluster.local,,,
1613873611.012,response_latency_ms_count,,,10.1.7.224:4191,linkerd-proxy,linkerd,,linkerd-prometheus-5bccd64d4d-jzwmt,,12284,,,,,linkerd-prometheus,prometheus,linkerd,outbound,,5bccd64d4d,200,true,linkerd,10.1.7.216:9994,,linkerd,linkerd-web,linkerd,linkerd-web-b48d9c89b-49fzh,b48d9c89b,linkerd-web,linkerd-web.linkerd.serviceaccount.identity.linkerd.cluster.local,,,
1613873571.012,response_latency_ms_count,,,10.1.7.224:4191,linkerd-proxy,linkerd,,linkerd-prometheus-5bccd64d4d-jzwmt,,12280,,,,,linkerd-prometheus,prometheus,linkerd,outbound,,5bccd64d4d,200,true,linkerd,10.1.7.218:4191,,linkerd,linkerd-proxy-injector,linkerd,linkerd-proxy-injector-666c478cbb-z7nnc,666c478cbb,linkerd-proxy-injector,linkerd-proxy-injector.linkerd.serviceaccount.identity.linkerd.cluster.local,,,
1613873581.012,response_latency_ms_count,,,10.1.7.224:4191,linkerd-proxy,linkerd,,linkerd-prometheus-5bccd64d4d-jzwmt,,12281,,,,,linkerd-prometheus,prometheus,linkerd,outbound,,5bccd64d4d,200,true,linkerd,10.1.7.218:4191,,linkerd,linkerd-proxy-injector,linkerd,linkerd-proxy-injector-666c478cbb-z7nnc,666c478cbb,linkerd-proxy-injector,linkerd-proxy-injector.linkerd.serviceaccount.identity.linkerd.cluster.local,,,
1613873591.011,response_latency_ms_count,,,10.1.7.224:4191,linkerd-proxy,linkerd,,linkerd-prometheus-5bccd64d4d-jzwmt,,12282,,,,,linkerd-prometheus,prometheus,linkerd,outbound,,5bccd64d4d,200,true,linkerd,10.1.7.218:4191,,linkerd,linkerd-proxy-injector,linkerd,linkerd-proxy-injector-666c478cbb-z7nnc,666c478cbb,linkerd-proxy-injector,linkerd-proxy-injector.linkerd.serviceaccount.identity.linkerd.cluster.local,,,
1613873601.012,response_latency_ms_count,,,10.1.7.224:4191,linkerd-proxy,linkerd,,linkerd-prometheus-5bccd64d4d-jzwmt,,12283,,,,,linkerd-prometheus,prometheus,linkerd,outbound,,5bccd64d4d,200,true,linkerd,10.1.7.218:4191,,linkerd,linkerd-proxy-injector,linkerd,linkerd-proxy-injector-666c478cbb-z7nnc,666c478cbb,linkerd-proxy-injector,linkerd-proxy-injector.linkerd.serviceaccount.identity.linkerd.cluster.local,,,
1613873611.012,response_latency_ms_count,,,10.1.7.224:4191,linkerd-proxy,linkerd,,linkerd-prometheus-5bccd64d4d-jzwmt,,12284,,,,,linkerd-prometheus,prometheus,linkerd,outbound,,5bccd64d4d,200,true,linkerd,10.1.7.218:4191,,linkerd,linkerd-proxy-injector,linkerd,linkerd-proxy-injector-666c478cbb-z7nnc,666c478cbb,linkerd-proxy-injector,linkerd-proxy-injector.linkerd.serviceaccount.identity.linkerd.cluster.local,,,
1613873571.012,response_latency_ms_count,,,10.1.7.224:4191,linkerd-proxy,linkerd,,linkerd-prometheus-5bccd64d4d-jzwmt,,12280,,,,,linkerd-prometheus,prometheus,linkerd,outbound,,5bccd64d4d,200,true,linkerd,10.1.7.221:9995,,linkerd,linkerd-controller,linkerd,linkerd-controller-798d449c77-qk6j4,798d449c77,linkerd-controller,linkerd-controller.linkerd.serviceaccount.identity.linkerd.cluster.local,,,
1613873581.012,response_latency_ms_count,,,10.1.7.224:4191,linkerd-proxy,linkerd,,linkerd-prometheus-5bccd64d4d-jzwmt,,12281,,,,,linkerd-prometheus,prometheus,linkerd,outbound,,5bccd64d4d,200,true,linkerd,10.1.7.221:9995,,linkerd,linkerd-controller,linkerd,linkerd-controller-798d449c77-qk6j4,798d449c77,linkerd-controller,linkerd-controller.linkerd.serviceaccount.identity.linkerd.cluster.local,,,
1613873591.011,response_latency_ms_count,,,10.1.7.224:4191,linkerd-proxy,linkerd,,linkerd-prometheus-5bccd64d4d-jzwmt,,12282,,,,,linkerd-prometheus,prometheus,linkerd,outbound,,5bccd64d4d,200,true,linkerd,10.1.7.221:9995,,linkerd,linkerd-controller,linkerd,linkerd-controller-798d449c77-qk6j4,798d449c77,linkerd-controller,linkerd-controller.linkerd.serviceaccount.identity.linkerd.cluster.local,,,
1613873601.012,response_latency_ms_count,,,10.1.7.224:4191,linkerd-proxy,linkerd,,linkerd-prometheus-5bccd64d4d-jzwmt,,12283,,,,,linkerd-prometheus,prometheus,linkerd,outbound,,5bccd64d4d,200,true,linkerd,10.1.7.221:9995,,linkerd,linkerd-controller,linkerd,linkerd-controller-798d449c77-qk6j4,798d449c77,linkerd-controller,linkerd-controller.linkerd.serviceaccount.identity.linkerd.cluster.local,,,
1613873611.012,response_latency_ms_count,,,10.1.7.224:4191,linkerd-proxy,linkerd,,linkerd-prometheus-5bccd64d4d-jzwmt,,12284,,,,,linkerd-prometheus,prometheus,linkerd,outbound,,5bccd64d4d,200,true,linkerd,10.1.7.221:9995,,linkerd,linkerd-controller,linkerd,linkerd-controller-798d449c77-qk6j4,798d449c77,linkerd-controller,linkerd-controller.linkerd.serviceaccount.identity.linkerd.cluster.local,,,
1613873564.193,response_latency_ms_count,,,10.1.7.216:4191,linkerd-proxy,linkerd,,linkerd-web-b48d9c89b-49fzh,,24572,,,,,linkerd-web,web,linkerd,inbound,no_tls_from_remote,b48d9c89b,200,no_identity,linkerd,,,,,,,,,,,,
1613873574.192,response_latency_ms_count,,,10.1.7.216:4191,linkerd-proxy,linkerd,,linkerd-web-b48d9c89b-49fzh,,24574,,,,,linkerd-web,web,linkerd,inbound,no_tls_from_remote,b48d9c89b,200,no_identity,linkerd,,,,,,,,,,,,
1613873584.193,response_latency_ms_count,,,10.1.7.216:4191,linkerd-proxy,linkerd,,linkerd-web-b48d9c89b-49fzh,,24576,,,,,linkerd-web,web,linkerd,inbound,no_tls_from_remote,b48d9c89b,200,no_identity,linkerd,,,,,,,,,,,,
1613873594.193,response_latency_ms_count,,,10.1.7.216:4191,linkerd-proxy,linkerd,,linkerd-web-b48d9c89b-49fzh,,24578,,,,,linkerd-web,web,linkerd,inbound,no_tls_from_remote,b48d9c89b,200,no_identity,linkerd,,,,,,,,,,,,
1613873604.192,response_latency_ms_count,,,10.1.7.216:4191,linkerd-proxy,linkerd,,linkerd-web-b48d9c89b-49fzh,,24580,,,,,linkerd-web,web,linkerd,inbound,no_tls_from_remote,b48d9c89b,200,no_identity,linkerd,,,,,,,,,,,,
1613873614.192,response_latency_ms_count,,,10.1.7.216:4191,linkerd-proxy,linkerd,,linkerd-web-b48d9c89b-49fzh,,24582,,,,,linkerd-web,web,linkerd,inbound,no_tls_from_remote,b48d9c89b,200,no_identity,linkerd,,,,,,,,,,,,
1613873564.193,response_latency_ms_count,,,10.1.7.216:4191,linkerd-proxy,linkerd,,linkerd-web-b48d9c89b-49fzh,,12279,,,,,linkerd-web,web,linkerd,inbound,,b48d9c89b,200,true,linkerd,,linkerd-prometheus.linkerd.serviceaccount.identity.linkerd.cluster.local,,,,,,,,,,
1613873574.192,response_latency_ms_count,,,10.1.7.216:4191,linkerd-proxy,linkerd,,linkerd-web-b48d9c89b-49fzh,,12280,,,,,linkerd-web,web,linkerd,inbound,,b48d9c89b,200,true,linkerd,,linkerd-prometheus.linkerd.serviceaccount.identity.linkerd.cluster.local,,,,,,,,,,
1613873584.193,response_latency_ms_count,,,10.1.7.216:4191,linkerd-proxy,linkerd,,linkerd-web-b48d9c89b-49fzh,,12281,,,,,linkerd-web,web,linkerd,inbound,,b48d9c89b,200,true,linkerd,,linkerd-prometheus.linkerd.serviceaccount.identity.linkerd.cluster.local,,,,,,,,,,
1613873594.193,response_latency_ms_count,,,10.1.7.216:4191,linkerd-proxy,linkerd,,linkerd-web-b48d9c89b-49fzh,,12282,,,,,linkerd-web,web,linkerd,inbound,,b48d9c89b,200,true,linkerd,,linkerd-prometheus.linkerd.serviceaccount.identity.linkerd.cluster.local,,,,,,,,,,
1613873604.192,response_latency_ms_count,,,10.1.7.216:4191,linkerd-proxy,linkerd,,linkerd-web-b48d9c89b-49fzh,,12283,,,,,linkerd-web,web,linkerd,inbound,,b48d9c89b,200,true,linkerd,,linkerd-prometheus.linkerd.serviceaccount.identity.linkerd.cluster.local,,,,,,,,,,
1613873614.192,response_latency_ms_count,,,10.1.7.216:4191,linkerd-proxy,linkerd,,linkerd-web-b48d9c89b-49fzh,,12284,,,,,linkerd-web,web,linkerd,inbound,,b48d9c89b,200,true,linkerd,,linkerd-prometheus.linkerd.serviceaccount.identity.linkerd.cluster.local,,,,,,,,,,
1613873565.484,response_latency_ms_count,,,10.1.7.219:4191,linkerd-proxy,linkerd,,linkerd-identity-57f4bc9db9-gb7rk,,24572,,,,,linkerd-identity,identity,linkerd,inbound,no_tls_from_remote,57f4bc9db9,200,no_identity,linkerd,,,,,,,,,,,,
1613873575.483,response_latency_ms_count,,,10.1.7.219:4191,linkerd-proxy,linkerd,,linkerd-identity-57f4bc9db9-gb7rk,,24574,,,,,linkerd-identity,identity,linkerd,inbound,no_tls_from_remote,57f4bc9db9,200,no_identity,linkerd,,,,,,,,,,,,
1613873585.484,response_latency_ms_count,,,10.1.7.219:4191,linkerd-proxy,linkerd,,linkerd-identity-57f4bc9db9-gb7rk,,24576,,,,,linkerd-identity,identity,linkerd,inbound,no_tls_from_remote,57f4bc9db9,200,no_identity,linkerd,,,,,,,,,,,,
1613873595.496,response_latency_ms_count,,,10.1.7.219:4191,linkerd-proxy,linkerd,,linkerd-identity-57f4bc9db9-gb7rk,,24578,,,,,linkerd-identity,identity,linkerd,inbound,no_tls_from_remote,57f4bc9db9,200,no_identity,linkerd,,,,,,,,,,,,
1613873605.484,response_latency_ms_count,,,10.1.7.219:4191,linkerd-proxy,linkerd,,linkerd-identity-57f4bc9db9-gb7rk,,24580,,,,,linkerd-identity,identity,linkerd,inbound,no_tls_from_remote,57f4bc9db9,200,no_identity,linkerd,,,,,,,,,,,,
1613873615.484,response_latency_ms_count,,,10.1.7.219:4191,linkerd-proxy,linkerd,,linkerd-identity-57f4bc9db9-gb7rk,,24582,,,,,linkerd-identity,identity,linkerd,inbound,no_tls_from_remote,57f4bc9db9,200,no_identity,linkerd,,,,,,,,,,,,
1613873565.484,response_latency_ms_count,,,10.1.7.219:4191,linkerd-proxy,linkerd,,linkerd-identity-57f4bc9db9-gb7rk,,2771,,,,,linkerd-identity,identity,linkerd,inbound,no_peer_id_from_remote,57f4bc9db9,200,no_identity,linkerd,linkerd-identity-headless.linkerd.svc.cluster.local:8080,,,,,,,,,,,
1613873575.483,response_latency_ms_count,,,10.1.7.219:4191,linkerd-proxy,linkerd,,linkerd-identity-57f4bc9db9-gb7rk,,2771,,,,,linkerd-identity,identity,linkerd,inbound,no_peer_id_from_remote,57f4bc9db9,200,no_identity,linkerd,linkerd-identity-headless.linkerd.svc.cluster.local:8080,,,,,,,,,,,
1613873585.484,response_latency_ms_count,,,10.1.7.219:4191,linkerd-proxy,linkerd,,linkerd-identity-57f4bc9db9-gb7rk,,2771,,,,,linkerd-identity,identity,linkerd,inbound,no_peer_id_from_remote,57f4bc9db9,200,no_identity,linkerd,linkerd-identity-headless.linkerd.svc.cluster.local:8080,,,,,,,,,,,
1613873595.496,response_latency_ms_count,,,10.1.7.219:4191,linkerd-proxy,linkerd,,linkerd-identity-57f4bc9db9-gb7rk,,2771,,,,,linkerd-identity,identity,linkerd,inbound,no_peer_id_from_remote,57f4bc9db9,200,no_identity,linkerd,linkerd-identity-headless.linkerd.svc.cluster.local:8080,,,,,,,,,,,
1613873605.484,response_latency_ms_count,,,10.1.7.219:4191,linkerd-proxy,linkerd,,linkerd-identity-57f4bc9db9-gb7rk,,2771,,,,,linkerd-identity,identity,linkerd,inbound,no_peer_id_from_remote,57f4bc9db9,200,no_identity,linkerd,linkerd-identity-headless.linkerd.svc.cluster.local:8080,,,,,,,,,,,
1613873615.484,response_latency_ms_count,,,10.1.7.219:4191,linkerd-proxy,linkerd,,linkerd-identity-57f4bc9db9-gb7rk,,2771,,,,,linkerd-identity,identity,linkerd,inbound,no_peer_id_from_remote,57f4bc9db9,200,no_identity,linkerd,linkerd-identity-headless.linkerd.svc.cluster.local:8080,,,,,,,,,,,
1613873565.484,response_latency_ms_count,,,10.1.7.219:4191,linkerd-proxy,linkerd,,linkerd-identity-57f4bc9db9-gb7rk,,12279,,,,,linkerd-identity,identity,linkerd,inbound,no_peer_id_from_remote,57f4bc9db9,200,no_identity,linkerd,,,,,,,,,,,,
1613873575.483,response_latency_ms_count,,,10.1.7.219:4191,linkerd-proxy,linkerd,,linkerd-identity-57f4bc9db9-gb7rk,,12280,,,,,linkerd-identity,identity,linkerd,inbound,no_peer_id_from_remote,57f4bc9db9,200,no_identity,linkerd,,,,,,,,,,,,
1613873585.484,response_latency_ms_count,,,10.1.7.219:4191,linkerd-proxy,linkerd,,linkerd-identity-57f4bc9db9-gb7rk,,12281,,,,,linkerd-identity,identity,linkerd,inbound,no_peer_id_from_remote,57f4bc9db9,200,no_identity,linkerd,,,,,,,,,,,,
1613873595.496,response_latency_ms_count,,,10.1.7.219:4191,linkerd-proxy,linkerd,,linkerd-identity-57f4bc9db9-gb7rk,,12282,,,,,linkerd-identity,identity,linkerd,inbound,no_peer_id_from_remote,57f4bc9db9,200,no_identity,linkerd,,,,,,,,,,,,
1613873605.484,response_latency_ms_count,,,10.1.7.219:4191,linkerd-proxy,linkerd,,linkerd-identity-57f4bc9db9-gb7rk,,12283,,,,,linkerd-identity,identity,linkerd,inbound,no_peer_id_from_remote,57f4bc9db9,200,no_identity,linkerd,,,,,,,,,,,,
1613873615.484,response_latency_ms_count,,,10.1.7.219:4191,linkerd-proxy,linkerd,,linkerd-identity-57f4bc9db9-gb7rk,,12284,,,,,linkerd-identity,identity,linkerd,inbound,no_peer_id_from_remote,57f4bc9db9,200,no_identity,linkerd,,,,,,,,,,,,
1613873565.871,response_latency_ms_count,,,10.1.7.221:4191,linkerd-proxy,linkerd,,linkerd-controller-798d449c77-qk6j4,,24572,,,,,linkerd-controller,controller,linkerd,inbound,no_tls_from_remote,798d449c77,200,no_identity,linkerd,,,,,,,,,,,,
1613873575.866,response_latency_ms_count,,,10.1.7.221:4191,linkerd-proxy,linkerd,,linkerd-controller-798d449c77-qk6j4,,24574,,,,,linkerd-controller,controller,linkerd,inbound,no_tls_from_remote,798d449c77,200,no_identity,linkerd,,,,,,,,,,,,
1613873585.867,response_latency_ms_count,,,10.1.7.221:4191,linkerd-proxy,linkerd,,linkerd-controller-798d449c77-qk6j4,,24576,,,,,linkerd-controller,controller,linkerd,inbound,no_tls_from_remote,798d449c77,200,no_identity,linkerd,,,,,,,,,,,,
1613873595.867,response_latency_ms_count,,,10.1.7.221:4191,linkerd-proxy,linkerd,,linkerd-controller-798d449c77-qk6j4,,24578,,,,,linkerd-controller,controller,linkerd,inbound,no_tls_from_remote,798d449c77,200,no_identity,linkerd,,,,,,,,,,,,
1613873605.868,response_latency_ms_count,,,10.1.7.221:4191,linkerd-proxy,linkerd,,linkerd-controller-798d449c77-qk6j4,,24580,,,,,linkerd-controller,controller,linkerd,inbound,no_tls_from_remote,798d449c77,200,no_identity,linkerd,,,,,,,,,,,,
1613873615.866,response_latency_ms_count,,,10.1.7.221:4191,linkerd-proxy,linkerd,,linkerd-controller-798d449c77-qk6j4,,24582,,,,,linkerd-controller,controller,linkerd,inbound,no_tls_from_remote,798d449c77,200,no_identity,linkerd,,,,,,,,,,,,
1613873565.871,response_latency_ms_count,,,10.1.7.221:4191,linkerd-proxy,linkerd,,linkerd-controller-798d449c77-qk6j4,,12279,,,,,linkerd-controller,controller,linkerd,inbound,,798d449c77,200,true,linkerd,,linkerd-prometheus.linkerd.serviceaccount.identity.linkerd.cluster.local,,,,,,,,,,
1613873575.866,response_latency_ms_count,,,10.1.7.221:4191,linkerd-proxy,linkerd,,linkerd-controller-798d449c77-qk6j4,,12280,,,,,linkerd-controller,controller,linkerd,inbound,,798d449c77,200,true,linkerd,,linkerd-prometheus.linkerd.serviceaccount.identity.linkerd.cluster.local,,,,,,,,,,
1613873585.867,response_latency_ms_count,,,10.1.7.221:4191,linkerd-proxy,linkerd,,linkerd-controller-798d449c77-qk6j4,,12281,,,,,linkerd-controller,controller,linkerd,inbound,,798d449c77,200,true,linkerd,,linkerd-prometheus.linkerd.serviceaccount.identity.linkerd.cluster.local,,,,,,,,,,
1613873595.867,response_latency_ms_count,,,10.1.7.221:4191,linkerd-proxy,linkerd,,linkerd-controller-798d449c77-qk6j4,,12282,,,,,linkerd-controller,controller,linkerd,inbound,,798d449c77,200,true,linkerd,,linkerd-prometheus.linkerd.serviceaccount.identity.linkerd.cluster.local,,,,,,,,,,
1613873605.868,response_latency_ms_count,,,10.1.7.221:4191,linkerd-proxy,linkerd,,linkerd-controller-798d449c77-qk6j4,,12283,,,,,linkerd-controller,controller,linkerd,inbound,,798d449c77,200,true,linkerd,,linkerd-prometheus.linkerd.serviceaccount.identity.linkerd.cluster.local,,,,,,,,,,
1613873615.866,response_latency_ms_count,,,10.1.7.221:4191,linkerd-proxy,linkerd,,linkerd-controller-798d449c77-qk6j4,,12284,,,,,linkerd-controller,controller,linkerd,inbound,,798d449c77,200,true,linkerd,,linkerd-prometheus.linkerd.serviceaccount.identity.linkerd.cluster.local,,,,,,,,,,
1613873568.136,response_latency_ms_count,,,10.1.7.217:4191,linkerd-proxy,linkerd,,linkerd-destination-654f8848f5-4tr7b,,12279,,,,,linkerd-destination,destination,linkerd,inbound,,654f8848f5,200,true,linkerd,,linkerd-prometheus.linkerd.serviceaccount.identity.linkerd.cluster.local,,,,,,,,,,
1613873578.136,response_latency_ms_count,,,10.1.7.217:4191,linkerd-proxy,linkerd,,linkerd-destination-654f8848f5-4tr7b,,12280,,,,,linkerd-destination,destination,linkerd,inbound,,654f8848f5,200,true,linkerd,,linkerd-prometheus.linkerd.serviceaccount.identity.linkerd.cluster.local,,,,,,,,,,
1613873588.136,response_latency_ms_count,,,10.1.7.217:4191,linkerd-proxy,linkerd,,linkerd-destination-654f8848f5-4tr7b,,12281,,,,,linkerd-destination,destination,linkerd,inbound,,654f8848f5,200,true,linkerd,,linkerd-prometheus.linkerd.serviceaccount.identity.linkerd.cluster.local,,,,,,,,,,
1613873598.136,response_latency_ms_count,,,10.1.7.217:4191,linkerd-proxy,linkerd,,linkerd-destination-654f8848f5-4tr7b,,12282,,,,,linkerd-destination,destination,linkerd,inbound,,654f8848f5,200,true,linkerd,,linkerd-prometheus.linkerd.serviceaccount.identity.linkerd.cluster.local,,,,,,,,,,
1613873608.137,response_latency_ms_count,,,10.1.7.217:4191,linkerd-proxy,linkerd,,linkerd-destination-654f8848f5-4tr7b,,12283,,,,,linkerd-destination,destination,linkerd,inbound,,654f8848f5,200,true,linkerd,,linkerd-prometheus.linkerd.serviceaccount.identity.linkerd.cluster.local,,,,,,,,,,
1613873618.136,response_latency_ms_count,,,10.1.7.217:4191,linkerd-proxy,linkerd,,linkerd-destination-654f8848f5-4tr7b,,12284,,,,,linkerd-destination,destination,linkerd,inbound,,654f8848f5,200,true,linkerd,,linkerd-prometheus.linkerd.serviceaccount.identity.linkerd.cluster.local,,,,,,,,,,
1613873568.259,response_latency_ms_count,,,10.1.7.223:4191,linkerd-proxy,linkerd,,linkerd-grafana-ddd5c496f-cctr6,,12279,,,,,linkerd-grafana,grafana,linkerd,inbound,,ddd5c496f,200,true,linkerd,,linkerd-prometheus.linkerd.serviceaccount.identity.linkerd.cluster.local,,,,,,,,,,
1613873578.258,response_latency_ms_count,,,10.1.7.223:4191,linkerd-proxy,linkerd,,linkerd-grafana-ddd5c496f-cctr6,,12280,,,,,linkerd-grafana,grafana,linkerd,inbound,,ddd5c496f,200,true,linkerd,,linkerd-prometheus.linkerd.serviceaccount.identity.linkerd.cluster.local,,,,,,,,,,
1613873588.261,response_latency_ms_count,,,10.1.7.223:4191,linkerd-proxy,linkerd,,linkerd-grafana-ddd5c496f-cctr6,,12281,,,,,linkerd-grafana,grafana,linkerd,inbound,,ddd5c496f,200,true,linkerd,,linkerd-prometheus.linkerd.serviceaccount.identity.linkerd.cluster.local,,,,,,,,,,
1613873598.259,response_latency_ms_count,,,10.1.7.223:4191,linkerd-proxy,linkerd,,linkerd-grafana-ddd5c496f-cctr6,,12282,,,,,linkerd-grafana,grafana,linkerd,inbound,,ddd5c496f,200,true,linkerd,,linkerd-prometheus.linkerd.serviceaccount.identity.linkerd.cluster.local,,,,,,,,,,
1613873608.259,response_latency_ms_count,,,10.1.7.223:4191,linkerd-proxy,linkerd,,linkerd-grafana-ddd5c496f-cctr6,,12283,,,,,linkerd-grafana,grafana,linkerd,inbound,,ddd5c496f,200,true,linkerd,,linkerd-prometheus.linkerd.serviceaccount.identity.linkerd.cluster.local,,,,,,,,,,
1613873618.259,response_latency_ms_count,,,10.1.7.223:4191,linkerd-proxy,linkerd,,linkerd-grafana-ddd5c496f-cctr6,,12284,,,,,linkerd-grafana,grafana,linkerd,inbound,,ddd5c496f,200,true,linkerd,,linkerd-prometheus.linkerd.serviceaccount.identity.linkerd.cluster.local,,,,,,,,,,
1613873568.705,response_latency_ms_count,,,10.1.7.222:4191,linkerd-proxy,linkerd,,linkerd-tap-75785bb98d-dvlv2,,12279,,,,,linkerd-tap,tap,linkerd,inbound,,75785bb98d,200,true,linkerd,,linkerd-prometheus.linkerd.serviceaccount.identity.linkerd.cluster.local,,,,,,,,,,
1613873578.705,response_latency_ms_count,,,10.1.7.222:4191,linkerd-proxy,linkerd,,linkerd-tap-75785bb98d-dvlv2,,12280,,,,,linkerd-tap,tap,linkerd,inbound,,75785bb98d,200,true,linkerd,,linkerd-prometheus.linkerd.serviceaccount.identity.linkerd.cluster.local,,,,,,,,,,
1613873588.705,response_latency_ms_count,,,10.1.7.222:4191,linkerd-proxy,linkerd,,linkerd-tap-75785bb98d-dvlv2,,12281,,,,,linkerd-tap,tap,linkerd,inbound,,75785bb98d,200,true,linkerd,,linkerd-prometheus.linkerd.serviceaccount.identity.linkerd.cluster.local,,,,,,,,,,
1613873598.705,response_latency_ms_count,,,10.1.7.222:4191,linkerd-proxy,linkerd,,linkerd-tap-75785bb98d-dvlv2,,12282,,,,,linkerd-tap,tap,linkerd,inbound,,75785bb98d,200,true,linkerd,,linkerd-prometheus.linkerd.serviceaccount.identity.linkerd.cluster.local,,,,,,,,,,
1613873608.705,response_latency_ms_count,,,10.1.7.222:4191,linkerd-proxy,linkerd,,linkerd-tap-75785bb98d-dvlv2,,12283,,,,,linkerd-tap,tap,linkerd,inbound,,75785bb98d,200,true,linkerd,,linkerd-prometheus.linkerd.serviceaccount.identity.linkerd.cluster.local,,,,,,,,,,
1613873618.705,response_latency_ms_count,,,10.1.7.222:4191,linkerd-proxy,linkerd,,linkerd-tap-75785bb98d-dvlv2,,12284,,,,,linkerd-tap,tap,linkerd,inbound,,75785bb98d,200,true,linkerd,,linkerd-prometheus.linkerd.serviceaccount.identity.linkerd.cluster.local,,,,,,,,,,
1613873569.694,response_latency_ms_count,,,10.1.7.220:4191,linkerd-proxy,linkerd,,linkerd-sp-validator-77d978fbd9-zk8mm,,12279,,,,,linkerd-sp-validator,sp-validator,linkerd,inbound,,77d978fbd9,200,true,linkerd,,linkerd-prometheus.linkerd.serviceaccount.identity.linkerd.cluster.local,,,,,,,,,,
1613873579.695,response_latency_ms_count,,,10.1.7.220:4191,linkerd-proxy,linkerd,,linkerd-sp-validator-77d978fbd9-zk8mm,,12280,,,,,linkerd-sp-validator,sp-validator,linkerd,inbound,,77d978fbd9,200,true,linkerd,,linkerd-prometheus.linkerd.serviceaccount.identity.linkerd.cluster.local,,,,,,,,,,
1613873589.695,response_latency_ms_count,,,10.1.7.220:4191,linkerd-proxy,linkerd,,linkerd-sp-validator-77d978fbd9-zk8mm,,12281,,,,,linkerd-sp-validator,sp-validator,linkerd,inbound,,77d978fbd9,200,true,linkerd,,linkerd-prometheus.linkerd.serviceaccount.identity.linkerd.cluster.local,,,,,,,,,,
1613873599.694,response_latency_ms_count,,,10.1.7.220:4191,linkerd-proxy,linkerd,,linkerd-sp-validator-77d978fbd9-zk8mm,,12282,,,,,linkerd-sp-validator,sp-validator,linkerd,inbound,,77d978fbd9,200,true,linkerd,,linkerd-prometheus.linkerd.serviceaccount.identity.linkerd.cluster.local,,,,,,,,,,
1613873609.694,response_latency_ms_count,,,10.1.7.220:4191,linkerd-proxy,linkerd,,linkerd-sp-validator-77d978fbd9-zk8mm,,12283,,,,,linkerd-sp-validator,sp-validator,linkerd,inbound,,77d978fbd9,200,true,linkerd,,linkerd-prometheus.linkerd.serviceaccount.identity.linkerd.cluster.local,,,,,,,,,,
1613873619.694,response_latency_ms_count,,,10.1.7.220:4191,linkerd-proxy,linkerd,,linkerd-sp-validator-77d978fbd9-zk8mm,,12284,,,,,linkerd-sp-validator,sp-validator,linkerd,inbound,,77d978fbd9,200,true,linkerd,,linkerd-prometheus.linkerd.serviceaccount.identity.linkerd.cluster.local,,,,,,,,,,
1613873570.094,response_latency_ms_count,,,10.1.7.218:4191,linkerd-proxy,linkerd,,linkerd-proxy-injector-666c478cbb-z7nnc,,12279,,,,,linkerd-proxy-injector,proxy-injector,linkerd,inbound,,666c478cbb,200,true,linkerd,,linkerd-prometheus.linkerd.serviceaccount.identity.linkerd.cluster.local,,,,,,,,,,
1613873580.094,response_latency_ms_count,,,10.1.7.218:4191,linkerd-proxy,linkerd,,linkerd-proxy-injector-666c478cbb-z7nnc,,12280,,,,,linkerd-proxy-injector,proxy-injector,linkerd,inbound,,666c478cbb,200,true,linkerd,,linkerd-prometheus.linkerd.serviceaccount.identity.linkerd.cluster.local,,,,,,,,,,
1613873590.094,response_latency_ms_count,,,10.1.7.218:4191,linkerd-proxy,linkerd,,linkerd-proxy-injector-666c478cbb-z7nnc,,12281,,,,,linkerd-proxy-injector,proxy-injector,linkerd,inbound,,666c478cbb,200,true,linkerd,,linkerd-prometheus.linkerd.serviceaccount.identity.linkerd.cluster.local,,,,,,,,,,
1613873600.094,response_latency_ms_count,,,10.1.7.218:4191,linkerd-proxy,linkerd,,linkerd-proxy-injector-666c478cbb-z7nnc,,12282,,,,,linkerd-proxy-injector,proxy-injector,linkerd,inbound,,666c478cbb,200,true,linkerd,,linkerd-prometheus.linkerd.serviceaccount.identity.linkerd.cluster.local,,,,,,,,,,
1613873610.094,response_latency_ms_count,,,10.1.7.218:4191,linkerd-proxy,linkerd,,linkerd-proxy-injector-666c478cbb-z7nnc,,12283,,,,,linkerd-proxy-injector,proxy-injector,linkerd,inbound,,666c478cbb,200,true,linkerd,,linkerd-prometheus.linkerd.serviceaccount.identity.linkerd.cluster.local,,,,,,,,,,
1613873620.095,response_latency_ms_count,,,10.1.7.218:4191,linkerd-proxy,linkerd,,linkerd-proxy-injector-666c478cbb-z7nnc,,12284,,,,,linkerd-proxy-injector,proxy-injector,linkerd,inbound,,666c478cbb,200,true,linkerd,,linkerd-prometheus.linkerd.serviceaccount.identity.linkerd.cluster.local,,,,,,,,,,
1613873571.012,response_latency_ms_count,,,10.1.7.224:4191,linkerd-proxy,linkerd,,linkerd-prometheus-5bccd64d4d-jzwmt,,12279,,,,,linkerd-prometheus,prometheus,linkerd,outbound,,5bccd64d4d,200,true,linkerd,10.1.7.220:9997,,linkerd,linkerd-sp-validator,linkerd,linkerd-sp-validator-77d978fbd9-zk8mm,77d978fbd9,linkerd-sp-validator,linkerd-sp-validator.linkerd.serviceaccount.identity.linkerd.cluster.local,,,
1613873581.012,response_latency_ms_count,,,10.1.7.224:4191,linkerd-proxy,linkerd,,linkerd-prometheus-5bccd64d4d-jzwmt,,12280,,,,,linkerd-prometheus,prometheus,linkerd,outbound,,5bccd64d4d,200,true,linkerd,10.1.7.220:9997,,linkerd,linkerd-sp-validator,linkerd,linkerd-sp-validator-77d978fbd9-zk8mm,77d978fbd9,linkerd-sp-validator,linkerd-sp-validator.linkerd.serviceaccount.identity.linkerd.cluster.local,,,
1613873591.011,response_latency_ms_count,,,10.1.7.224:4191,linkerd-proxy,linkerd,,linkerd-prometheus-5bccd64d4d-jzwmt,,12281,,,,,linkerd-prometheus,prometheus,linkerd,outbound,,5bccd64d4d,200,true,linkerd,10.1.7.220:9997,,linkerd,linkerd-sp-validator,linkerd,linkerd-sp-validator-77d978fbd9-zk8mm,77d978fbd9,linkerd-sp-validator,linkerd-sp-validator.linkerd.serviceaccount.identity.linkerd.cluster.local,,,
1613873601.012,response_latency_ms_count,,,10.1.7.224:4191,linkerd-proxy,linkerd,,linkerd-prometheus-5bccd64d4d-jzwmt,,12282,,,,,linkerd-prometheus,prometheus,linkerd,outbound,,5bccd64d4d,200,true,linkerd,10.1.7.220:9997,,linkerd,linkerd-sp-validator,linkerd,linkerd-sp-validator-77d978fbd9-zk8mm,77d978fbd9,linkerd-sp-validator,linkerd-sp-validator.linkerd.serviceaccount.identity.linkerd.cluster.local,,,
1613873611.012,response_latency_ms_count,,,10.1.7.224:4191,linkerd-proxy,linkerd,,linkerd-prometheus-5bccd64d4d-jzwmt,,12283,,,,,linkerd-prometheus,prometheus,linkerd,outbound,,5bccd64d4d,200,true,linkerd,10.1.7.220:9997,,linkerd,linkerd-sp-validator,linkerd,linkerd-sp-validator-77d978fbd9-zk8mm,77d978fbd9,linkerd-sp-validator,linkerd-sp-validator.linkerd.serviceaccount.identity.linkerd.cluster.local,,,
1613873571.012,response_latency_ms_count,,,10.1.7.224:4191,linkerd-proxy,linkerd,,linkerd-prometheus-5bccd64d4d-jzwmt,,12279,,,,,linkerd-prometheus,prometheus,linkerd,outbound,,5bccd64d4d,200,true,linkerd,10.1.7.217:9996,,linkerd,linkerd-destination,linkerd,linkerd-destination-654f8848f5-4tr7b,654f8848f5,linkerd-destination,linkerd-destination.linkerd.serviceaccount.identity.linkerd.cluster.local,,,
1613873581.012,response_latency_ms_count,,,10.1.7.224:4191,linkerd-proxy,linkerd,,linkerd-prometheus-5bccd64d4d-jzwmt,,12280,,,,,linkerd-prometheus,prometheus,linkerd,outbound,,5bccd64d4d,200,true,linkerd,10.1.7.217:9996,,linkerd,linkerd-destination,linkerd,linkerd-destination-654f8848f5-4tr7b,654f8848f5,linkerd-destination,linkerd-destination.linkerd.serviceaccount.identity.linkerd.cluster.local,,,
1613873591.011,response_latency_ms_count,,,10.1.7.224:4191,linkerd-proxy,linkerd,,linkerd-prometheus-5bccd64d4d-jzwmt,,12281,,,,,linkerd-prometheus,prometheus,linkerd,outbound,,5bccd64d4d,200,true,linkerd,10.1.7.217:9996,,linkerd,linkerd-destination,linkerd,linkerd-destination-654f8848f5-4tr7b,654f8848f5,linkerd-destination,linkerd-destination.linkerd.serviceaccount.identity.linkerd.cluster.local,,,
1613873601.012,response_latency_ms_count,,,10.1.7.224:4191,linkerd-proxy,linkerd,,linkerd-prometheus-5bccd64d4d-jzwmt,,12282,,,,,linkerd-prometheus,prometheus,linkerd,outbound,,5bccd64d4d,200,true,linkerd,10.1.7.217:9996,,linkerd,linkerd-destination,linkerd,linkerd-destination-654f8848f5-4tr7b,654f8848f5,linkerd-destination,linkerd-destination.linkerd.serviceaccount.identity.linkerd.cluster.local,,,
1613873611.012,response_latency_ms_count,,,10.1.7.224:4191,linkerd-proxy,linkerd,,linkerd-prometheus-5bccd64d4d-jzwmt,,12283,,,,,linkerd-prometheus,prometheus,linkerd,outbound,,5bccd64d4d,200,true,linkerd,10.1.7.217:9996,,linkerd,linkerd-destination,linkerd,linkerd-destination-654f8848f5-4tr7b,654f8848f5,linkerd-destination,linkerd-destination.linkerd.serviceaccount.identity.linkerd.cluster.local,,,
1613873571.012,response_latency_ms_count,,,10.1.7.224:4191,linkerd-proxy,linkerd,,linkerd-prometheus-5bccd64d4d-jzwmt,,12279,,,,,linkerd-prometheus,prometheus,linkerd,outbound,,5bccd64d4d,200,true,linkerd,10.1.7.219:9990,,linkerd,linkerd-identity,linkerd,linkerd-identity-57f4bc9db9-gb7rk,57f4bc9db9,linkerd-identity,linkerd-identity.linkerd.serviceaccount.identity.linkerd.cluster.local,,,
1613873581.012,response_latency_ms_count,,,10.1.7.224:4191,linkerd-proxy,linkerd,,linkerd-prometheus-5bccd64d4d-jzwmt,,12280,,,,,linkerd-prometheus,prometheus,linkerd,outbound,,5bccd64d4d,200,true,linkerd,10.1.7.219:9990,,linkerd,linkerd-identity,linkerd,linkerd-identity-57f4bc9db9-gb7rk,57f4bc9db9,linkerd-identity,linkerd-identity.linkerd.serviceaccount.identity.linkerd.cluster.local,,,
1613873591.011,response_latency_ms_count,,,10.1.7.224:4191,linkerd-proxy,linkerd,,linkerd-prometheus-5bccd64d4d-jzwmt,,12281,,,,,linkerd-prometheus,prometheus,linkerd,outbound,,5bccd64d4d,200,true,linkerd,10.1.7.219:9990,,linkerd,linkerd-identity,linkerd,linkerd-identity-57f4bc9db9-gb7rk,57f4bc9db9,linkerd-identity,linkerd-identity.linkerd.serviceaccount.identity.linkerd.cluster.local,,,
1613873601.012,response_latency_ms_count,,,10.1.7.224:4191,linkerd-proxy,linkerd,,linkerd-prometheus-5bccd64d4d-jzwmt,,12282,,,,,linkerd-prometheus,prometheus,linkerd,outbound,,5bccd64d4d,200,true,linkerd,10.1.7.219:9990,,linkerd,linkerd-identity,linkerd,linkerd-identity-57f4bc9db9-gb7rk,57f4bc9db9,linkerd-identity,linkerd-identity.linkerd.serviceaccount.identity.linkerd.cluster.local,,,
1613873611.012,response_latency_ms_count,,,10.1.7.224:4191,linkerd-proxy,linkerd,,linkerd-prometheus-5bccd64d4d-jzwmt,,12283,,,,,linkerd-prometheus,prometheus,linkerd,outbound,,5bccd64d4d,200,true,linkerd,10.1.7.219:9990,,linkerd,linkerd-identity,linkerd,linkerd-identity-57f4bc9db9-gb7rk,57f4bc9db9,linkerd-identity,linkerd-identity.linkerd.serviceaccount.identity.linkerd.cluster.local,,,
1613873571.012,response_latency_ms_count,,,10.1.7.224:4191,linkerd-proxy,linkerd,,linkerd-prometheus-5bccd64d4d-jzwmt,,12279,,,,,linkerd-prometheus,prometheus,linkerd,outbound,,5bccd64d4d,200,true,linkerd,10.1.7.216:4191,,linkerd,linkerd-web,linkerd,linkerd-web-b48d9c89b-49fzh,b48d9c89b,linkerd-web,linkerd-web.linkerd.serviceaccount.identity.linkerd.cluster.local,,,
1613873581.012,response_latency_ms_count,,,10.1.7.224:4191,linkerd-proxy,linkerd,,linkerd-prometheus-5bccd64d4d-jzwmt,,12280,,,,,linkerd-prometheus,prometheus,linkerd,outbound,,5bccd64d4d,200,true,linkerd,10.1.7.216:4191,,linkerd,linkerd-web,linkerd,linkerd-web-b48d9c89b-49fzh,b48d9c89b,linkerd-web,linkerd-web.linkerd.serviceaccount.identity.linkerd.cluster.local,,,
1613873591.011,response_latency_ms_count,,,10.1.7.224:4191,linkerd-proxy,linkerd,,linkerd-prometheus-5bccd64d4d-jzwmt,,12281,,,,,linkerd-prometheus,prometheus,linkerd,outbound,,5bccd64d4d,200,true,linkerd,10.1.7.216:4191,,linkerd,linkerd-web,linkerd,linkerd-web-b48d9c89b-49fzh,b48d9c89b,linkerd-web,linkerd-web.linkerd.serviceaccount.identity.linkerd.cluster.local,,,
1613873601.012,response_latency_ms_count,,,10.1.7.224:4191,linkerd-proxy,linkerd,,linkerd-prometheus-5bccd64d4d-jzwmt,,12282,,,,,linkerd-prometheus,prometheus,linkerd,outbound,,5bccd64d4d,200,true,linkerd,10.1.7.216:4191,,linkerd,linkerd-web,linkerd,linkerd-web-b48d9c89b-49fzh,b48d9c89b,linkerd-web,linkerd-web.linkerd.serviceaccount.identity.linkerd.cluster.local,,,
1613873611.012,response_latency_ms_count,,,10.1.7.224:4191,linkerd-proxy,linkerd,,linkerd-prometheus-5bccd64d4d-jzwmt,,12283,,,,,linkerd-prometheus,prometheus,linkerd,outbound,,5bccd64d4d,200,true,linkerd,10.1.7.216:4191,,linkerd,linkerd-web,linkerd,linkerd-web-b48d9c89b-49fzh,b48d9c89b,linkerd-web,linkerd-web.linkerd.serviceaccount.identity.linkerd.cluster.local,,,
1613873571.012,response_latency_ms_count,,,10.1.7.224:4191,linkerd-proxy,linkerd,,linkerd-prometheus-5bccd64d4d-jzwmt,,12279,,,,,linkerd-prometheus,prometheus,linkerd,outbound,,5bccd64d4d,200,true,linkerd,10.1.7.219:4191,,linkerd,linkerd-identity,linkerd,linkerd-identity-57f4bc9db9-gb7rk,57f4bc9db9,linkerd-identity,linkerd-identity.linkerd.serviceaccount.identity.linkerd.cluster.local,,,
1613873581.012,response_latency_ms_count,,,10.1.7.224:4191,linkerd-proxy,linkerd,,linkerd-prometheus-5bccd64d4d-jzwmt,,12280,,,,,linkerd-prometheus,prometheus,linkerd,outbound,,5bccd64d4d,200,true,linkerd,10.1.7.219:4191,,linkerd,linkerd-identity,linkerd,linkerd-identity-57f4bc9db9-gb7rk,57f4bc9db9,linkerd-identity,linkerd-identity.linkerd.serviceaccount.identity.linkerd.cluster.local,,,
1613873591.011,response_latency_ms_count,,,10.1.7.224:4191,linkerd-proxy,linkerd,,linkerd-prometheus-5bccd64d4d-jzwmt,,12281,,,,,linkerd-prometheus,prometheus,linkerd,outbound,,5bccd64d4d,200,true,linkerd,10.1.7.219:4191,,linkerd,linkerd-identity,linkerd,linkerd-identity-57f4bc9db9-gb7rk,57f4bc9db9,linkerd-identity,linkerd-identity.linkerd.serviceaccount.identity.linkerd.cluster.local,,,
1613873601.012,response_latency_ms_count,,,10.1.7.224:4191,linkerd-proxy,linkerd,,linkerd-prometheus-5bccd64d4d-jzwmt,,12282,,,,,linkerd-prometheus,prometheus,linkerd,outbound,,5bccd64d4d,200,true,linkerd,10.1.7.219:4191,,linkerd,linkerd-identity,linkerd,linkerd-identity-57f4bc9db9-gb7rk,57f4bc9db9,linkerd-identity,linkerd-identity.linkerd.serviceaccount.identity.linkerd.cluster.local,,,
1613873611.012,response_latency_ms_count,,,10.1.7.224:4191,linkerd-proxy,linkerd,,linkerd-prometheus-5bccd64d4d-jzwmt,,12283,,,,,linkerd-prometheus,prometheus,linkerd,outbound,,5bccd64d4d,200,true,linkerd,10.1.7.219:4191,,linkerd,linkerd-identity,linkerd,linkerd-identity-57f4bc9db9-gb7rk,57f4bc9db9,linkerd-identity,linkerd-identity.linkerd.serviceaccount.identity.linkerd.cluster.local,,,
1613873571.012,response_latency_ms_count,,,10.1.7.224:4191,linkerd-proxy,linkerd,,linkerd-prometheus-5bccd64d4d-jzwmt,,12279,,,,,linkerd-prometheus,prometheus,linkerd,outbound,,5bccd64d4d,200,true,linkerd,10.1.7.221:4191,,linkerd,linkerd-controller,linkerd,linkerd-controller-798d449c77-qk6j4,798d449c77,linkerd-controller,linkerd-controller.linkerd.serviceaccount.identity.linkerd.cluster.local,,,
1613873581.012,response_latency_ms_count,,,10.1.7.224:4191,linkerd-proxy,linkerd,,linkerd-prometheus-5bccd64d4d-jzwmt,,12280,,,,,linkerd-prometheus,prometheus,linkerd,outbound,,5bccd64d4d,200,true,linkerd,10.1.7.221:4191,,linkerd,linkerd-controller,linkerd,linkerd-controller-798d449c77-qk6j4,798d449c77,linkerd-controller,linkerd-controller.linkerd.serviceaccount.identity.linkerd.cluster.local,,,
1613873591.011,response_latency_ms_count,,,10.1.7.224:4191,linkerd-proxy,linkerd,,linkerd-prometheus-5bccd64d4d-jzwmt,,12281,,,,,linkerd-prometheus,prometheus,linkerd,outbound,,5bccd64d4d,200,true,linkerd,10.1.7.221:4191,,linkerd,linkerd-controller,linkerd,linkerd-controller-798d449c77-qk6j4,798d449c77,linkerd-controller,linkerd-controller.linkerd.serviceaccount.identity.linkerd.cluster.local,,,
1613873601.012,response_latency_ms_count,,,10.1.7.224:4191,linkerd-proxy,linkerd,,linkerd-prometheus-5bccd64d4d-jzwmt,,12282,,,,,linkerd-prometheus,prometheus,linkerd,outbound,,5bccd64d4d,200,true,linkerd,10.1.7.221:4191,,linkerd,linkerd-controller,linkerd,linkerd-controller-798d449c77-qk6j4,798d449c77,linkerd-controller,linkerd-controller.linkerd.serviceaccount.identity.linkerd.cluster.local,,,
1613873611.012,response_latency_ms_count,,,10.1.7.224:4191,linkerd-proxy,linkerd,,linkerd-prometheus-5bccd64d4d-jzwmt,,12283,,,,,linkerd-prometheus,prometheus,linkerd,outbound,,5bccd64d4d,200,true,linkerd,10.1.7.221:4191,,linkerd,linkerd-controller,linkerd,linkerd-controller-798d449c77-qk6j4,798d449c77,linkerd-controller,linkerd-controller.linkerd.serviceaccount.identity.linkerd.cluster.local,,,
1613873571.012,response_latency_ms_count,,,10.1.7.224:4191,linkerd-proxy,linkerd,,linkerd-prometheus-5bccd64d4d-jzwmt,,12279,,,,,linkerd-prometheus,prometheus,linkerd,outbound,,5bccd64d4d,200,true,linkerd,10.1.7.218:9995,,linkerd,linkerd-proxy-injector,linkerd,linkerd-proxy-injector-666c478cbb-z7nnc,666c478cbb,linkerd-proxy-injector,linkerd-proxy-injector.linkerd.serviceaccount.identity.linkerd.cluster.local,,,
1613873581.012,response_latency_ms_count,,,10.1.7.224:4191,linkerd-proxy,linkerd,,linkerd-prometheus-5bccd64d4d-jzwmt,,12280,,,,,linkerd-prometheus,prometheus,linkerd,outbound,,5bccd64d4d,200,true,linkerd,10.1.7.218:9995,,linkerd,linkerd-proxy-injector,linkerd,linkerd-proxy-injector-666c478cbb-z7nnc,666c478cbb,linkerd-proxy-injector,linkerd-proxy-injector.linkerd.serviceaccount.identity.linkerd.cluster.local,,,
1613873591.011,response_latency_ms_count,,,10.1.7.224:4191,linkerd-proxy,linkerd,,linkerd-prometheus-5bccd64d4d-jzwmt,,12281,,,,,linkerd-prometheus,prometheus,linkerd,outbound,,5bccd64d4d,200,true,linkerd,10.1.7.218:9995,,linkerd,linkerd-proxy-injector,linkerd,linkerd-proxy-injector-666c478cbb-z7nnc,666c478cbb,linkerd-proxy-injector,linkerd-proxy-injector.linkerd.serviceaccount.identity.linkerd.cluster.local,,,
1613873601.012,response_latency_ms_count,,,10.1.7.224:4191,linkerd-proxy,linkerd,,linkerd-prometheus-5bccd64d4d-jzwmt,,12282,,,,,linkerd-prometheus,prometheus,linkerd,outbound,,5bccd64d4d,200,true,linkerd,10.1.7.218:9995,,linkerd,linkerd-proxy-injector,linkerd,linkerd-proxy-injector-666c478cbb-z7nnc,666c478cbb,linkerd-proxy-injector,linkerd-proxy-injector.linkerd.serviceaccount.identity.linkerd.cluster.local,,,
1613873611.012,response_latency_ms_count,,,10.1.7.224:4191,linkerd-proxy,linkerd,,linkerd-prometheus-5bccd64d4d-jzwmt,,12283,,,,,linkerd-prometheus,prometheus,linkerd,outbound,,5bccd64d4d,200,true,linkerd,10.1.7.218:9995,,linkerd,linkerd-proxy-injector,linkerd,linkerd-proxy-injector-666c478cbb-z7nnc,666c478cbb,linkerd-proxy-injector,linkerd-proxy-injector.linkerd.serviceaccount.identity.linkerd.cluster.local,,,
1613873571.012,response_latency_ms_count,,,10.1.7.224:4191,linkerd-proxy,linkerd,,linkerd-prometheus-5bccd64d4d-jzwmt,,12279,,,,,linkerd-prometheus,prometheus,linkerd,outbound,,5bccd64d4d,200,true,linkerd,10.1.7.222:9998,,linkerd,linkerd-tap,linkerd,linkerd-tap-75785bb98d-dvlv2,75785bb98d,linkerd-tap,linkerd-tap.linkerd.serviceaccount.identity.linkerd.cluster.local,,,
1613873581.012,response_latency_ms_count,,,10.1.7.224:4191,linkerd-proxy,linkerd,,linkerd-prometheus-5bccd64d4d-jzwmt,,12280,,,,,linkerd-prometheus,prometheus,linkerd,outbound,,5bccd64d4d,200,true,linkerd,10.1.7.222:9998,,linkerd,linkerd-tap,linkerd,linkerd-tap-75785bb98d-dvlv2,75785bb98d,linkerd-tap,linkerd-tap.linkerd.serviceaccount.identity.linkerd.cluster.local,,,
1613873591.011,response_latency_ms_count,,,10.1.7.224:4191,linkerd-proxy,linkerd,,linkerd-prometheus-5bccd64d4d-jzwmt,,12281,,,,,linkerd-prometheus,prometheus,linkerd,outbound,,5bccd64d4d,200,true,linkerd,10.1.7.222:9998,,linkerd,linkerd-tap,linkerd,linkerd-tap-75785bb98d-dvlv2,75785bb98d,linkerd-tap,linkerd-tap.linkerd.serviceaccount.identity.linkerd.cluster.local,,,
1613873601.012,response_latency_ms_count,,,10.1.7.224:4191,linkerd-proxy,linkerd,,linkerd-prometheus-5bccd64d4d-jzwmt,,12282,,,,,linkerd-prometheus,prometheus,linkerd,outbound,,5bccd64d4d,200,true,linkerd,10.1.7.222:9998,,linkerd,linkerd-tap,linkerd,linkerd-tap-75785bb98d-dvlv2,75785bb98d,linkerd-tap,linkerd-tap.linkerd.serviceaccount.identity.linkerd.cluster.local,,,
1613873611.012,response_latency_ms_count,,,10.1.7.224:4191,linkerd-proxy,linkerd,,linkerd-prometheus-5bccd64d4d-jzwmt,,12283,,,,,linkerd-prometheus,prometheus,linkerd,outbound,,5bccd64d4d,200,true,linkerd,10.1.7.222:9998,,linkerd,linkerd-tap,linkerd,linkerd-tap-75785bb98d-dvlv2,75785bb98d,linkerd-tap,linkerd-tap.linkerd.serviceaccount.identity.linkerd.cluster.local,,,
1613873568.136,response_latency_ms_count,,,10.1.7.217:4191,linkerd-proxy,linkerd,,linkerd-destination-654f8848f5-4tr7b,,1,,,,,linkerd-destination,destination,linkerd,inbound,,654f8848f5,200,true,linkerd,linkerd-dst-headless.linkerd.svc.cluster.local:8086,linkerd-controller.linkerd.serviceaccount.identity.linkerd.cluster.local,,,,,,,,,,
1613873578.136,response_latency_ms_count,,,10.1.7.217:4191,linkerd-proxy,linkerd,,linkerd-destination-654f8848f5-4tr7b,,1,,,,,linkerd-destination,destination,linkerd,inbound,,654f8848f5,200,true,linkerd,linkerd-dst-headless.linkerd.svc.cluster.local:8086,linkerd-controller.linkerd.serviceaccount.identity.linkerd.cluster.local,,,,,,,,,,
1613873588.136,response_latency_ms_count,,,10.1.7.217:4191,linkerd-proxy,linkerd,,linkerd-destination-654f8848f5-4tr7b,,1,,,,,linkerd-destination,destination,linkerd,inbound,,654f8848f5,200,true,linkerd,linkerd-dst-headless.linkerd.svc.cluster.local:8086,linkerd-controller.linkerd.serviceaccount.identity.linkerd.cluster.local,,,,,,,,,,
1613873598.136,response_latency_ms_count,,,10.1.7.217:4191,linkerd-proxy,linkerd,,linkerd-destination-654f8848f5-4tr7b,,1,,,,,linkerd-destination,destination,linkerd,inbound,,654f8848f5,200,true,linkerd,linkerd-dst-headless.linkerd.svc.cluster.local:8086,linkerd-controller.linkerd.serviceaccount.identity.linkerd.cluster.local,,,,,,,,,,
1613873608.137,response_latency_ms_count,,,10.1.7.217:4191,linkerd-proxy,linkerd,,linkerd-destination-654f8848f5-4tr7b,,1,,,,,linkerd-destination,destination,linkerd,inbound,,654f8848f5,200,true,linkerd,linkerd-dst-headless.linkerd.svc.cluster.local:8086,linkerd-controller.linkerd.serviceaccount.identity.linkerd.cluster.local,,,,,,,,,,
1613873618.136,response_latency_ms_count,,,10.1.7.217:4191,linkerd-proxy,linkerd,,linkerd-destination-654f8848f5-4tr7b,,1,,,,,linkerd-destination,destination,linkerd,inbound,,654f8848f5,200,true,linkerd,linkerd-dst-headless.linkerd.svc.cluster.local:8086,linkerd-controller.linkerd.serviceaccount.identity.linkerd.cluster.local,,,,,,,,,,
1613873568.136,response_latency_ms_count,,,10.1.7.217:4191,linkerd-proxy,linkerd,,linkerd-destination-654f8848f5-4tr7b,,342,,,,,linkerd-destination,destination,linkerd,inbound,,654f8848f5,200,true,linkerd,linkerd-dst-headless.linkerd.svc.cluster.local:8086,linkerd-identity.linkerd.serviceaccount.identity.linkerd.cluster.local,,,,,,,,,,
1613873578.136,response_latency_ms_count,,,10.1.7.217:4191,linkerd-proxy,linkerd,,linkerd-destination-654f8848f5-4tr7b,,342,,,,,linkerd-destination,destination,linkerd,inbound,,654f8848f5,200,true,linkerd,linkerd-dst-headless.linkerd.svc.cluster.local:8086,linkerd-identity.linkerd.serviceaccount.identity.linkerd.cluster.local,,,,,,,,,,
1613873588.136,response_latency_ms_count,,,10.1.7.217:4191,linkerd-proxy,linkerd,,linkerd-destination-654f8848f5-4tr7b,,342,,,,,linkerd-destination,destination,linkerd,inbound,,654f8848f5,200,true,linkerd,linkerd-dst-headless.linkerd.svc.cluster.local:8086,linkerd-identity.linkerd.serviceaccount.identity.linkerd.cluster.local,,,,,,,,,,
1613873598.136,response_latency_ms_count,,,10.1.7.217:4191,linkerd-proxy,linkerd,,linkerd-destination-654f8848f5-4tr7b,,342,,,,,linkerd-destination,destination,linkerd,inbound,,654f8848f5,200,true,linkerd,linkerd-dst-headless.linkerd.svc.cluster.local:8086,linkerd-identity.linkerd.serviceaccount.identity.linkerd.cluster.local,,,,,,,,,,
1613873608.137,response_latency_ms_count,,,10.1.7.217:4191,linkerd-proxy,linkerd,,linkerd-destination-654f8848f5-4tr7b,,342,,,,,linkerd-destination,destination,linkerd,inbound,,654f8848f5,200,true,linkerd,linkerd-dst-headless.linkerd.svc.cluster.local:8086,linkerd-identity.linkerd.serviceaccount.identity.linkerd.cluster.local,,,,,,,,,,
1613873618.136,response_latency_ms_count,,,10.1.7.217:4191,linkerd-proxy,linkerd,,linkerd-destination-654f8848f5-4tr7b,,342,,,,,linkerd-destination,destination,linkerd,inbound,,654f8848f5,200,true,linkerd,linkerd-dst-headless.linkerd.svc.cluster.local:8086,linkerd-identity.linkerd.serviceaccount.identity.linkerd.cluster.local,,,,,,,,,,
1613873568.136,response_latency_ms_count,,,10.1.7.217:4191,linkerd-proxy,linkerd,,linkerd-destination-654f8848f5-4tr7b,,27615694,,,,,linkerd-destination,destination,linkerd,inbound,,654f8848f5,200,true,linkerd,linkerd-dst-headless.linkerd.svc.cluster.local:8086,default.robot-shop.serviceaccount.identity.linkerd.cluster.local,,,,,,,,,,
1613873578.136,response_latency_ms_count,,,10.1.7.217:4191,linkerd-proxy,linkerd,,linkerd-destination-654f8848f5-4tr7b,,27615959,,,,,linkerd-destination,destination,linkerd,inbound,,654f8848f5,200,true,linkerd,linkerd-dst-headless.linkerd.svc.cluster.local:8086,default.robot-shop.serviceaccount.identity.linkerd.cluster.local,,,,,,,,,,
1613873588.136,response_latency_ms_count,,,10.1.7.217:4191,linkerd-proxy,linkerd,,linkerd-destination-654f8848f5-4tr7b,,27617306,,,,,linkerd-destination,destination,linkerd,inbound,,654f8848f5,200,true,linkerd,linkerd-dst-headless.linkerd.svc.cluster.local:8086,default.robot-shop.serviceaccount.identity.linkerd.cluster.local,,,,,,,,,,
1613873598.136,response_latency_ms_count,,,10.1.7.217:4191,linkerd-proxy,linkerd,,linkerd-destination-654f8848f5-4tr7b,,27619175,,,,,linkerd-destination,destination,linkerd,inbound,,654f8848f5,200,true,linkerd,linkerd-dst-headless.linkerd.svc.cluster.local:8086,default.robot-shop.serviceaccount.identity.linkerd.cluster.local,,,,,,,,,,
1613873608.137,response_latency_ms_count,,,10.1.7.217:4191,linkerd-proxy,linkerd,,linkerd-destination-654f8848f5-4tr7b,,27620344,,,,,linkerd-destination,destination,linkerd,inbound,,654f8848f5,200,true,linkerd,linkerd-dst-headless.linkerd.svc.cluster.local:8086,default.robot-shop.serviceaccount.identity.linkerd.cluster.local,,,,,,,,,,
1613873618.136,response_latency_ms_count,,,10.1.7.217:4191,linkerd-proxy,linkerd,,linkerd-destination-654f8848f5-4tr7b,,27622765,,,,,linkerd-destination,destination,linkerd,inbound,,654f8848f5,200,true,linkerd,linkerd-dst-headless.linkerd.svc.cluster.local:8086,default.robot-shop.serviceaccount.identity.linkerd.cluster.local,,,,,,,,,,
1613873571.012,response_latency_ms_count,,,10.1.7.224:4191,linkerd-proxy,linkerd,,linkerd-prometheus-5bccd64d4d-jzwmt,,672,,,,,linkerd-prometheus,prometheus,linkerd,inbound,no_tls_from_remote,5bccd64d4d,200,no_identity,linkerd,localhost:31275,,,,,,,,,,,
1613873581.012,response_latency_ms_count,,,10.1.7.224:4191,linkerd-proxy,linkerd,,linkerd-prometheus-5bccd64d4d-jzwmt,,672,,,,,linkerd-prometheus,prometheus,linkerd,inbound,no_tls_from_remote,5bccd64d4d,200,no_identity,linkerd,localhost:31275,,,,,,,,,,,
1613873591.011,response_latency_ms_count,,,10.1.7.224:4191,linkerd-proxy,linkerd,,linkerd-prometheus-5bccd64d4d-jzwmt,,672,,,,,linkerd-prometheus,prometheus,linkerd,inbound,no_tls_from_remote,5bccd64d4d,200,no_identity,linkerd,localhost:31275,,,,,,,,,,,
1613873601.012,response_latency_ms_count,,,10.1.7.224:4191,linkerd-proxy,linkerd,,linkerd-prometheus-5bccd64d4d-jzwmt,,672,,,,,linkerd-prometheus,prometheus,linkerd,inbound,no_tls_from_remote,5bccd64d4d,200,no_identity,linkerd,localhost:31275,,,,,,,,,,,
1613873611.012,response_latency_ms_count,,,10.1.7.224:4191,linkerd-proxy,linkerd,,linkerd-prometheus-5bccd64d4d-jzwmt,,672,,,,,linkerd-prometheus,prometheus,linkerd,inbound,no_tls_from_remote,5bccd64d4d,200,no_identity,linkerd,localhost:31275,,,,,,,,,,,
1613873570.094,response_latency_ms_count,,,10.1.7.218:4191,linkerd-proxy,linkerd,,linkerd-proxy-injector-666c478cbb-z7nnc,,0,,,,,linkerd-proxy-injector,proxy-injector,linkerd,inbound,no_tls_from_remote,666c478cbb,,no_identity,linkerd,,,,,,,,,,,,
1613873580.094,response_latency_ms_count,,,10.1.7.218:4191,linkerd-proxy,linkerd,,linkerd-proxy-injector-666c478cbb-z7nnc,,0,,,,,linkerd-proxy-injector,proxy-injector,linkerd,inbound,no_tls_from_remote,666c478cbb,,no_identity,linkerd,,,,,,,,,,,,
1613873590.094,response_latency_ms_count,,,10.1.7.218:4191,linkerd-proxy,linkerd,,linkerd-proxy-injector-666c478cbb-z7nnc,,0,,,,,linkerd-proxy-injector,proxy-injector,linkerd,inbound,no_tls_from_remote,666c478cbb,,no_identity,linkerd,,,,,,,,,,,,
1613873600.094,response_latency_ms_count,,,10.1.7.218:4191,linkerd-proxy,linkerd,,linkerd-proxy-injector-666c478cbb-z7nnc,,0,,,,,linkerd-proxy-injector,proxy-injector,linkerd,inbound,no_tls_from_remote,666c478cbb,,no_identity,linkerd,,,,,,,,,,,,
1613873610.094,response_latency_ms_count,,,10.1.7.218:4191,linkerd-proxy,linkerd,,linkerd-proxy-injector-666c478cbb-z7nnc,,0,,,,,linkerd-proxy-injector,proxy-injector,linkerd,inbound,no_tls_from_remote,666c478cbb,,no_identity,linkerd,,,,,,,,,,,,
1613873620.095,response_latency_ms_count,,,10.1.7.218:4191,linkerd-proxy,linkerd,,linkerd-proxy-injector-666c478cbb-z7nnc,,0,,,,,linkerd-proxy-injector,proxy-injector,linkerd,inbound,no_tls_from_remote,666c478cbb,,no_identity,linkerd,,,,,,,,,,,,
1613873568.705,response_latency_ms_count,,,10.1.7.222:4191,linkerd-proxy,linkerd,,linkerd-tap-75785bb98d-dvlv2,,0,,,,,linkerd-tap,tap,linkerd,inbound,no_tls_from_remote,75785bb98d,,no_identity,linkerd,,,,,,,,,,,,
1613873578.705,response_latency_ms_count,,,10.1.7.222:4191,linkerd-proxy,linkerd,,linkerd-tap-75785bb98d-dvlv2,,0,,,,,linkerd-tap,tap,linkerd,inbound,no_tls_from_remote,75785bb98d,,no_identity,linkerd,,,,,,,,,,,,
1613873588.705,response_latency_ms_count,,,10.1.7.222:4191,linkerd-proxy,linkerd,,linkerd-tap-75785bb98d-dvlv2,,0,,,,,linkerd-tap,tap,linkerd,inbound,no_tls_from_remote,75785bb98d,,no_identity,linkerd,,,,,,,,,,,,
1613873598.705,response_latency_ms_count,,,10.1.7.222:4191,linkerd-proxy,linkerd,,linkerd-tap-75785bb98d-dvlv2,,0,,,,,linkerd-tap,tap,linkerd,inbound,no_tls_from_remote,75785bb98d,,no_identity,linkerd,,,,,,,,,,,,
1613873608.705,response_latency_ms_count,,,10.1.7.222:4191,linkerd-proxy,linkerd,,linkerd-tap-75785bb98d-dvlv2,,0,,,,,linkerd-tap,tap,linkerd,inbound,no_tls_from_remote,75785bb98d,,no_identity,linkerd,,,,,,,,,,,,
1613873618.705,response_latency_ms_count,,,10.1.7.222:4191,linkerd-proxy,linkerd,,linkerd-tap-75785bb98d-dvlv2,,0,,,,,linkerd-tap,tap,linkerd,inbound,no_tls_from_remote,75785bb98d,,no_identity,linkerd,,,,,,,,,,,,
1613873569.694,response_latency_ms_count,,,10.1.7.220:4191,linkerd-proxy,linkerd,,linkerd-sp-validator-77d978fbd9-zk8mm,,0,,,,,linkerd-sp-validator,sp-validator,linkerd,inbound,no_tls_from_remote,77d978fbd9,,no_identity,linkerd,,,,,,,,,,,,
1613873579.695,response_latency_ms_count,,,10.1.7.220:4191,linkerd-proxy,linkerd,,linkerd-sp-validator-77d978fbd9-zk8mm,,0,,,,,linkerd-sp-validator,sp-validator,linkerd,inbound,no_tls_from_remote,77d978fbd9,,no_identity,linkerd,,,,,,,,,,,,
1613873589.695,response_latency_ms_count,,,10.1.7.220:4191,linkerd-proxy,linkerd,,linkerd-sp-validator-77d978fbd9-zk8mm,,0,,,,,linkerd-sp-validator,sp-validator,linkerd,inbound,no_tls_from_remote,77d978fbd9,,no_identity,linkerd,,,,,,,,,,,,
1613873599.694,response_latency_ms_count,,,10.1.7.220:4191,linkerd-proxy,linkerd,,linkerd-sp-validator-77d978fbd9-zk8mm,,0,,,,,linkerd-sp-validator,sp-validator,linkerd,inbound,no_tls_from_remote,77d978fbd9,,no_identity,linkerd,,,,,,,,,,,,
1613873609.694,response_latency_ms_count,,,10.1.7.220:4191,linkerd-proxy,linkerd,,linkerd-sp-validator-77d978fbd9-zk8mm,,0,,,,,linkerd-sp-validator,sp-validator,linkerd,inbound,no_tls_from_remote,77d978fbd9,,no_identity,linkerd,,,,,,,,,,,,
1613873619.694,response_latency_ms_count,,,10.1.7.220:4191,linkerd-proxy,linkerd,,linkerd-sp-validator-77d978fbd9-zk8mm,,0,,,,,linkerd-sp-validator,sp-validator,linkerd,inbound,no_tls_from_remote,77d978fbd9,,no_identity,linkerd,,,,,,,,,,,,
1613873571.012,response_latency_ms_count,,,10.1.7.224:4191,linkerd-proxy,linkerd,,linkerd-prometheus-5bccd64d4d-jzwmt,,3146,,,,,linkerd-prometheus,prometheus,linkerd,outbound,,5bccd64d4d,200,true,linkerd,10.1.16.4:4191,,linkerd,mongodb,robot-shop,mongodb-7fcc49887c-cg2k7,7fcc49887c,default,default.robot-shop.serviceaccount.identity.linkerd.cluster.local,,,
1613873581.012,response_latency_ms_count,,,10.1.7.224:4191,linkerd-proxy,linkerd,,linkerd-prometheus-5bccd64d4d-jzwmt,,3147,,,,,linkerd-prometheus,prometheus,linkerd,outbound,,5bccd64d4d,200,true,linkerd,10.1.16.4:4191,,linkerd,mongodb,robot-shop,mongodb-7fcc49887c-cg2k7,7fcc49887c,default,default.robot-shop.serviceaccount.identity.linkerd.cluster.local,,,
1613873591.011,response_latency_ms_count,,,10.1.7.224:4191,linkerd-proxy,linkerd,,linkerd-prometheus-5bccd64d4d-jzwmt,,3148,,,,,linkerd-prometheus,prometheus,linkerd,outbound,,5bccd64d4d,200,true,linkerd,10.1.16.4:4191,,linkerd,mongodb,robot-shop,mongodb-7fcc49887c-cg2k7,7fcc49887c,default,default.robot-shop.serviceaccount.identity.linkerd.cluster.local,,,
1613873601.012,response_latency_ms_count,,,10.1.7.224:4191,linkerd-proxy,linkerd,,linkerd-prometheus-5bccd64d4d-jzwmt,,3149,,,,,linkerd-prometheus,prometheus,linkerd,outbound,,5bccd64d4d,200,true,linkerd,10.1.16.4:4191,,linkerd,mongodb,robot-shop,mongodb-7fcc49887c-cg2k7,7fcc49887c,default,default.robot-shop.serviceaccount.identity.linkerd.cluster.local,,,
1613873611.012,response_latency_ms_count,,,10.1.7.224:4191,linkerd-proxy,linkerd,,linkerd-prometheus-5bccd64d4d-jzwmt,,3150,,,,,linkerd-prometheus,prometheus,linkerd,outbound,,5bccd64d4d,200,true,linkerd,10.1.16.4:4191,,linkerd,mongodb,robot-shop,mongodb-7fcc49887c-cg2k7,7fcc49887c,default,default.robot-shop.serviceaccount.identity.linkerd.cluster.local,,,
1613873571.012,response_latency_ms_count,,,10.1.7.224:4191,linkerd-proxy,linkerd,,linkerd-prometheus-5bccd64d4d-jzwmt,,3146,,,,,linkerd-prometheus,prometheus,linkerd,outbound,,5bccd64d4d,200,true,linkerd,10.1.16.6:4191,,linkerd,mysql,robot-shop,mysql-6fbdd859fd-swpgv,6fbdd859fd,default,default.robot-shop.serviceaccount.identity.linkerd.cluster.local,,,
1613873581.012,response_latency_ms_count,,,10.1.7.224:4191,linkerd-proxy,linkerd,,linkerd-prometheus-5bccd64d4d-jzwmt,,3147,,,,,linkerd-prometheus,prometheus,linkerd,outbound,,5bccd64d4d,200,true,linkerd,10.1.16.6:4191,,linkerd,mysql,robot-shop,mysql-6fbdd859fd-swpgv,6fbdd859fd,default,default.robot-shop.serviceaccount.identity.linkerd.cluster.local,,,
1613873591.011,response_latency_ms_count,,,10.1.7.224:4191,linkerd-proxy,linkerd,,linkerd-prometheus-5bccd64d4d-jzwmt,,3148,,,,,linkerd-prometheus,prometheus,linkerd,outbound,,5bccd64d4d,200,true,linkerd,10.1.16.6:4191,,linkerd,mysql,robot-shop,mysql-6fbdd859fd-swpgv,6fbdd859fd,default,default.robot-shop.serviceaccount.identity.linkerd.cluster.local,,,
1613873601.012,response_latency_ms_count,,,10.1.7.224:4191,linkerd-proxy,linkerd,,linkerd-prometheus-5bccd64d4d-jzwmt,,3149,,,,,linkerd-prometheus,prometheus,linkerd,outbound,,5bccd64d4d,200,true,linkerd,10.1.16.6:4191,,linkerd,mysql,robot-shop,mysql-6fbdd859fd-swpgv,6fbdd859fd,default,default.robot-shop.serviceaccount.identity.linkerd.cluster.local,,,
1613873611.012,response_latency_ms_count,,,10.1.7.224:4191,linkerd-proxy,linkerd,,linkerd-prometheus-5bccd64d4d-jzwmt,,3150,,,,,linkerd-prometheus,prometheus,linkerd,outbound,,5bccd64d4d,200,true,linkerd,10.1.16.6:4191,,linkerd,mysql,robot-shop,mysql-6fbdd859fd-swpgv,6fbdd859fd,default,default.robot-shop.serviceaccount.identity.linkerd.cluster.local,,,
1613873571.012,response_latency_ms_count,,,10.1.7.224:4191,linkerd-proxy,linkerd,,linkerd-prometheus-5bccd64d4d-jzwmt,,3146,,,,,linkerd-prometheus,prometheus,linkerd,outbound,,5bccd64d4d,200,true,linkerd,10.1.16.1:4191,,linkerd,,robot-shop,redis-0,,default,default.robot-shop.serviceaccount.identity.linkerd.cluster.local,redis,,
1613873581.012,response_latency_ms_count,,,10.1.7.224:4191,linkerd-proxy,linkerd,,linkerd-prometheus-5bccd64d4d-jzwmt,,3147,,,,,linkerd-prometheus,prometheus,linkerd,outbound,,5bccd64d4d,200,true,linkerd,10.1.16.1:4191,,linkerd,,robot-shop,redis-0,,default,default.robot-shop.serviceaccount.identity.linkerd.cluster.local,redis,,
1613873591.011,response_latency_ms_count,,,10.1.7.224:4191,linkerd-proxy,linkerd,,linkerd-prometheus-5bccd64d4d-jzwmt,,3148,,,,,linkerd-prometheus,prometheus,linkerd,outbound,,5bccd64d4d,200,true,linkerd,10.1.16.1:4191,,linkerd,,robot-shop,redis-0,,default,default.robot-shop.serviceaccount.identity.linkerd.cluster.local,redis,,
1613873601.012,response_latency_ms_count,,,10.1.7.224:4191,linkerd-proxy,linkerd,,linkerd-prometheus-5bccd64d4d-jzwmt,,3149,,,,,linkerd-prometheus,prometheus,linkerd,outbound,,5bccd64d4d,200,true,linkerd,10.1.16.1:4191,,linkerd,,robot-shop,redis-0,,default,default.robot-shop.serviceaccount.identity.linkerd.cluster.local,redis,,
1613873611.012,response_latency_ms_count,,,10.1.7.224:4191,linkerd-proxy,linkerd,,linkerd-prometheus-5bccd64d4d-jzwmt,,3150,,,,,linkerd-prometheus,prometheus,linkerd,outbound,,5bccd64d4d,200,true,linkerd,10.1.16.1:4191,,linkerd,,robot-shop,redis-0,,default,default.robot-shop.serviceaccount.identity.linkerd.cluster.local,redis,,
1613873571.012,response_latency_ms_count,,,10.1.7.224:4191,linkerd-proxy,linkerd,,linkerd-prometheus-5bccd64d4d-jzwmt,,3146,,,,,linkerd-prometheus,prometheus,linkerd,outbound,,5bccd64d4d,200,true,linkerd,10.1.15.254:4191,,linkerd,rabbitmq,robot-shop,rabbitmq-86f8d8c475-779sq,86f8d8c475,default,default.robot-shop.serviceaccount.identity.linkerd.cluster.local,,,
1613873581.012,response_latency_ms_count,,,10.1.7.224:4191,linkerd-proxy,linkerd,,linkerd-prometheus-5bccd64d4d-jzwmt,,3147,,,,,linkerd-prometheus,prometheus,linkerd,outbound,,5bccd64d4d,200,true,linkerd,10.1.15.254:4191,,linkerd,rabbitmq,robot-shop,rabbitmq-86f8d8c475-779sq,86f8d8c475,default,default.robot-shop.serviceaccount.identity.linkerd.cluster.local,,,
1613873591.011,response_latency_ms_count,,,10.1.7.224:4191,linkerd-proxy,linkerd,,linkerd-prometheus-5bccd64d4d-jzwmt,,3148,,,,,linkerd-prometheus,prometheus,linkerd,outbound,,5bccd64d4d,200,true,linkerd,10.1.15.254:4191,,linkerd,rabbitmq,robot-shop,rabbitmq-86f8d8c475-779sq,86f8d8c475,default,default.robot-shop.serviceaccount.identity.linkerd.cluster.local,,,
1613873601.012,response_latency_ms_count,,,10.1.7.224:4191,linkerd-proxy,linkerd,,linkerd-prometheus-5bccd64d4d-jzwmt,,3149,,,,,linkerd-prometheus,prometheus,linkerd,outbound,,5bccd64d4d,200,true,linkerd,10.1.15.254:4191,,linkerd,rabbitmq,robot-shop,rabbitmq-86f8d8c475-779sq,86f8d8c475,default,default.robot-shop.serviceaccount.identity.linkerd.cluster.local,,,
1613873611.012,response_latency_ms_count,,,10.1.7.224:4191,linkerd-proxy,linkerd,,linkerd-prometheus-5bccd64d4d-jzwmt,,3150,,,,,linkerd-prometheus,prometheus,linkerd,outbound,,5bccd64d4d,200,true,linkerd,10.1.15.254:4191,,linkerd,rabbitmq,robot-shop,rabbitmq-86f8d8c475-779sq,86f8d8c475,default,default.robot-shop.serviceaccount.identity.linkerd.cluster.local,,,
1613873571.012,response_latency_ms_count,,,10.1.7.224:4191,linkerd-proxy,linkerd,,linkerd-prometheus-5bccd64d4d-jzwmt,,0,,,,,linkerd-prometheus,prometheus,linkerd,inbound,no_tls_from_remote,5bccd64d4d,,no_identity,linkerd,localhost:31275,,,,,,,,,,,
1613873581.012,response_latency_ms_count,,,10.1.7.224:4191,linkerd-proxy,linkerd,,linkerd-prometheus-5bccd64d4d-jzwmt,,0,,,,,linkerd-prometheus,prometheus,linkerd,inbound,no_tls_from_remote,5bccd64d4d,,no_identity,linkerd,localhost:31275,,,,,,,,,,,
1613873591.011,response_latency_ms_count,,,10.1.7.224:4191,linkerd-proxy,linkerd,,linkerd-prometheus-5bccd64d4d-jzwmt,,0,,,,,linkerd-prometheus,prometheus,linkerd,inbound,no_tls_from_remote,5bccd64d4d,,no_identity,linkerd,localhost:31275,,,,,,,,,,,
1613873601.012,response_latency_ms_count,,,10.1.7.224:4191,linkerd-proxy,linkerd,,linkerd-prometheus-5bccd64d4d-jzwmt,,0,,,,,linkerd-prometheus,prometheus,linkerd,inbound,no_tls_from_remote,5bccd64d4d,,no_identity,linkerd,localhost:31275,,,,,,,,,,,
1613873611.012,response_latency_ms_count,,,10.1.7.224:4191,linkerd-proxy,linkerd,,linkerd-prometheus-5bccd64d4d-jzwmt,,0,,,,,linkerd-prometheus,prometheus,linkerd,inbound,no_tls_from_remote,5bccd64d4d,,no_identity,linkerd,localhost:31275,,,,,,,,,,,
1613873571.012,response_latency_ms_count,,,10.1.7.224:4191,linkerd-proxy,linkerd,,linkerd-prometheus-5bccd64d4d-jzwmt,,0,,,,,linkerd-prometheus,prometheus,linkerd,inbound,no_tls_from_remote,5bccd64d4d,,no_identity,linkerd,,,,,,,,,,,,
1613873581.012,response_latency_ms_count,,,10.1.7.224:4191,linkerd-proxy,linkerd,,linkerd-prometheus-5bccd64d4d-jzwmt,,0,,,,,linkerd-prometheus,prometheus,linkerd,inbound,no_tls_from_remote,5bccd64d4d,,no_identity,linkerd,,,,,,,,,,,,
1613873591.011,response_latency_ms_count,,,10.1.7.224:4191,linkerd-proxy,linkerd,,linkerd-prometheus-5bccd64d4d-jzwmt,,0,,,,,linkerd-prometheus,prometheus,linkerd,inbound,no_tls_from_remote,5bccd64d4d,,no_identity,linkerd,,,,,,,,,,,,
1613873601.012,response_latency_ms_count,,,10.1.7.224:4191,linkerd-proxy,linkerd,,linkerd-prometheus-5bccd64d4d-jzwmt,,0,,,,,linkerd-prometheus,prometheus,linkerd,inbound,no_tls_from_remote,5bccd64d4d,,no_identity,linkerd,,,,,,,,,,,,
1613873611.012,response_latency_ms_count,,,10.1.7.224:4191,linkerd-proxy,linkerd,,linkerd-prometheus-5bccd64d4d-jzwmt,,0,,,,,linkerd-prometheus,prometheus,linkerd,inbound,no_tls_from_remote,5bccd64d4d,,no_identity,linkerd,,,,,,,,,,,,
1613873571.012,response_latency_ms_count,,,10.1.7.224:4191,linkerd-proxy,linkerd,,linkerd-prometheus-5bccd64d4d-jzwmt,,118,,,,,linkerd-prometheus,prometheus,linkerd,outbound,,5bccd64d4d,200,true,linkerd,10.1.18.165:4191,,linkerd,shipping,robot-shop,shipping-7574b7f599-jgmvm,7574b7f599,default,default.robot-shop.serviceaccount.identity.linkerd.cluster.local,,,
1613873581.012,response_latency_ms_count,,,10.1.7.224:4191,linkerd-proxy,linkerd,,linkerd-prometheus-5bccd64d4d-jzwmt,,118,,,,,linkerd-prometheus,prometheus,linkerd,outbound,,5bccd64d4d,200,true,linkerd,10.1.18.165:4191,,linkerd,shipping,robot-shop,shipping-7574b7f599-jgmvm,7574b7f599,default,default.robot-shop.serviceaccount.identity.linkerd.cluster.local,,,
1613873591.011,response_latency_ms_count,,,10.1.7.224:4191,linkerd-proxy,linkerd,,linkerd-prometheus-5bccd64d4d-jzwmt,,118,,,,,linkerd-prometheus,prometheus,linkerd,outbound,,5bccd64d4d,200,true,linkerd,10.1.18.165:4191,,linkerd,shipping,robot-shop,shipping-7574b7f599-jgmvm,7574b7f599,default,default.robot-shop.serviceaccount.identity.linkerd.cluster.local,,,
1613873563.651,response_latency_ms_count,,,10.1.18.187:4191,linkerd-proxy,robot-shop,,payment-568954696b-mvlb7,payment,0,,,,,payment,,linkerd,outbound,not_provided_by_service_discovery,568954696b,,no_identity,robot-shop,10.1.0.1:42699,,,,,,,,,,prod,
1613873573.651,response_latency_ms_count,,,10.1.18.187:4191,linkerd-proxy,robot-shop,,payment-568954696b-mvlb7,payment,0,,,,,payment,,linkerd,outbound,not_provided_by_service_discovery,568954696b,,no_identity,robot-shop,10.1.0.1:42699,,,,,,,,,,prod,
1613873583.651,response_latency_ms_count,,,10.1.18.187:4191,linkerd-proxy,robot-shop,,payment-568954696b-mvlb7,payment,0,,,,,payment,,linkerd,outbound,not_provided_by_service_discovery,568954696b,,no_identity,robot-shop,10.1.0.1:42699,,,,,,,,,,prod,
1613873593.651,response_latency_ms_count,,,10.1.18.187:4191,linkerd-proxy,robot-shop,,payment-568954696b-mvlb7,payment,0,,,,,payment,,linkerd,outbound,not_provided_by_service_discovery,568954696b,,no_identity,robot-shop,10.1.0.1:42699,,,,,,,,,,prod,
1613873603.651,response_latency_ms_count,,,10.1.18.187:4191,linkerd-proxy,robot-shop,,payment-568954696b-mvlb7,payment,0,,,,,payment,,linkerd,outbound,not_provided_by_service_discovery,568954696b,,no_identity,robot-shop,10.1.0.1:42699,,,,,,,,,,prod,
1613873613.651,response_latency_ms_count,,,10.1.18.187:4191,linkerd-proxy,robot-shop,,payment-568954696b-mvlb7,payment,0,,,,,payment,,linkerd,outbound,not_provided_by_service_discovery,568954696b,,no_identity,robot-shop,10.1.0.1:42699,,,,,,,,,,prod,
1613873571.377,response_latency_ms_count,,,10.1.18.190:4191,linkerd-proxy,robot-shop,,user-5bc66cc67d-7h8d6,user,0,,,,,user,,linkerd,outbound,not_provided_by_service_discovery,5bc66cc67d,,no_identity,robot-shop,10.1.0.1:42699,,,,,,,,,,,
1613873581.379,response_latency_ms_count,,,10.1.18.190:4191,linkerd-proxy,robot-shop,,user-5bc66cc67d-7h8d6,user,0,,,,,user,,linkerd,outbound,not_provided_by_service_discovery,5bc66cc67d,,no_identity,robot-shop,10.1.0.1:42699,,,,,,,,,,,
1613873591.377,response_latency_ms_count,,,10.1.18.190:4191,linkerd-proxy,robot-shop,,user-5bc66cc67d-7h8d6,user,0,,,,,user,,linkerd,outbound,not_provided_by_service_discovery,5bc66cc67d,,no_identity,robot-shop,10.1.0.1:42699,,,,,,,,,,,
1613873601.377,response_latency_ms_count,,,10.1.18.190:4191,linkerd-proxy,robot-shop,,user-5bc66cc67d-7h8d6,user,0,,,,,user,,linkerd,outbound,not_provided_by_service_discovery,5bc66cc67d,,no_identity,robot-shop,10.1.0.1:42699,,,,,,,,,,,
1613873611.377,response_latency_ms_count,,,10.1.18.190:4191,linkerd-proxy,robot-shop,,user-5bc66cc67d-7h8d6,user,0,,,,,user,,linkerd,outbound,not_provided_by_service_discovery,5bc66cc67d,,no_identity,robot-shop,10.1.0.1:42699,,,,,,,,,,,
1613873621.378,response_latency_ms_count,,,10.1.18.190:4191,linkerd-proxy,robot-shop,,user-5bc66cc67d-7h8d6,user,0,,,,,user,,linkerd,outbound,not_provided_by_service_discovery,5bc66cc67d,,no_identity,robot-shop,10.1.0.1:42699,,,,,,,,,,,
1613873571.012,response_latency_ms_count,,,10.1.7.224:4191,linkerd-proxy,linkerd,,linkerd-prometheus-5bccd64d4d-jzwmt,,66,,,,,linkerd-prometheus,prometheus,linkerd,outbound,,5bccd64d4d,200,true,linkerd,10.1.18.188:4191,,linkerd,ratings,robot-shop,ratings-57874f848b-g4dvs,57874f848b,default,default.robot-shop.serviceaccount.identity.linkerd.cluster.local,,,
1613873581.012,response_latency_ms_count,,,10.1.7.224:4191,linkerd-proxy,linkerd,,linkerd-prometheus-5bccd64d4d-jzwmt,,67,,,,,linkerd-prometheus,prometheus,linkerd,outbound,,5bccd64d4d,200,true,linkerd,10.1.18.188:4191,,linkerd,ratings,robot-shop,ratings-57874f848b-g4dvs,57874f848b,default,default.robot-shop.serviceaccount.identity.linkerd.cluster.local,,,
1613873591.011,response_latency_ms_count,,,10.1.7.224:4191,linkerd-proxy,linkerd,,linkerd-prometheus-5bccd64d4d-jzwmt,,68,,,,,linkerd-prometheus,prometheus,linkerd,outbound,,5bccd64d4d,200,true,linkerd,10.1.18.188:4191,,linkerd,ratings,robot-shop,ratings-57874f848b-g4dvs,57874f848b,default,default.robot-shop.serviceaccount.identity.linkerd.cluster.local,,,
1613873601.012,response_latency_ms_count,,,10.1.7.224:4191,linkerd-proxy,linkerd,,linkerd-prometheus-5bccd64d4d-jzwmt,,69,,,,,linkerd-prometheus,prometheus,linkerd,outbound,,5bccd64d4d,200,true,linkerd,10.1.18.188:4191,,linkerd,ratings,robot-shop,ratings-57874f848b-g4dvs,57874f848b,default,default.robot-shop.serviceaccount.identity.linkerd.cluster.local,,,
1613873611.012,response_latency_ms_count,,,10.1.7.224:4191,linkerd-proxy,linkerd,,linkerd-prometheus-5bccd64d4d-jzwmt,,70,,,,,linkerd-prometheus,prometheus,linkerd,outbound,,5bccd64d4d,200,true,linkerd,10.1.18.188:4191,,linkerd,ratings,robot-shop,ratings-57874f848b-g4dvs,57874f848b,default,default.robot-shop.serviceaccount.identity.linkerd.cluster.local,,,
1613873571.012,response_latency_ms_count,,,10.1.7.224:4191,linkerd-proxy,linkerd,,linkerd-prometheus-5bccd64d4d-jzwmt,,66,,,,,linkerd-prometheus,prometheus,linkerd,outbound,,5bccd64d4d,200,true,linkerd,10.1.18.187:4191,,linkerd,payment,robot-shop,payment-568954696b-mvlb7,568954696b,default,default.robot-shop.serviceaccount.identity.linkerd.cluster.local,,,
1613873581.012,response_latency_ms_count,,,10.1.7.224:4191,linkerd-proxy,linkerd,,linkerd-prometheus-5bccd64d4d-jzwmt,,67,,,,,linkerd-prometheus,prometheus,linkerd,outbound,,5bccd64d4d,200,true,linkerd,10.1.18.187:4191,,linkerd,payment,robot-shop,payment-568954696b-mvlb7,568954696b,default,default.robot-shop.serviceaccount.identity.linkerd.cluster.local,,,
1613873591.011,response_latency_ms_count,,,10.1.7.224:4191,linkerd-proxy,linkerd,,linkerd-prometheus-5bccd64d4d-jzwmt,,68,,,,,linkerd-prometheus,prometheus,linkerd,outbound,,5bccd64d4d,200,true,linkerd,10.1.18.187:4191,,linkerd,payment,robot-shop,payment-568954696b-mvlb7,568954696b,default,default.robot-shop.serviceaccount.identity.linkerd.cluster.local,,,
1613873601.012,response_latency_ms_count,,,10.1.7.224:4191,linkerd-proxy,linkerd,,linkerd-prometheus-5bccd64d4d-jzwmt,,69,,,,,linkerd-prometheus,prometheus,linkerd,outbound,,5bccd64d4d,200,true,linkerd,10.1.18.187:4191,,linkerd,payment,robot-shop,payment-568954696b-mvlb7,568954696b,default,default.robot-shop.serviceaccount.identity.linkerd.cluster.local,,,
1613873611.012,response_latency_ms_count,,,10.1.7.224:4191,linkerd-proxy,linkerd,,linkerd-prometheus-5bccd64d4d-jzwmt,,70,,,,,linkerd-prometheus,prometheus,linkerd,outbound,,5bccd64d4d,200,true,linkerd,10.1.18.187:4191,,linkerd,payment,robot-shop,payment-568954696b-mvlb7,568954696b,default,default.robot-shop.serviceaccount.identity.linkerd.cluster.local,,,
1613873571.012,response_latency_ms_count,,,10.1.7.224:4191,linkerd-proxy,linkerd,,linkerd-prometheus-5bccd64d4d-jzwmt,,66,,,,,linkerd-prometheus,prometheus,linkerd,outbound,,5bccd64d4d,200,true,linkerd,10.1.18.185:4191,,linkerd,catalogue,robot-shop,catalogue-7f9d94b4db-9dxvq,7f9d94b4db,default,default.robot-shop.serviceaccount.identity.linkerd.cluster.local,,,
1613873581.012,response_latency_ms_count,,,10.1.7.224:4191,linkerd-proxy,linkerd,,linkerd-prometheus-5bccd64d4d-jzwmt,,67,,,,,linkerd-prometheus,prometheus,linkerd,outbound,,5bccd64d4d,200,true,linkerd,10.1.18.185:4191,,linkerd,catalogue,robot-shop,catalogue-7f9d94b4db-9dxvq,7f9d94b4db,default,default.robot-shop.serviceaccount.identity.linkerd.cluster.local,,,
1613873591.011,response_latency_ms_count,,,10.1.7.224:4191,linkerd-proxy,linkerd,,linkerd-prometheus-5bccd64d4d-jzwmt,,68,,,,,linkerd-prometheus,prometheus,linkerd,outbound,,5bccd64d4d,200,true,linkerd,10.1.18.185:4191,,linkerd,catalogue,robot-shop,catalogue-7f9d94b4db-9dxvq,7f9d94b4db,default,default.robot-shop.serviceaccount.identity.linkerd.cluster.local,,,
1613873601.012,response_latency_ms_count,,,10.1.7.224:4191,linkerd-proxy,linkerd,,linkerd-prometheus-5bccd64d4d-jzwmt,,69,,,,,linkerd-prometheus,prometheus,linkerd,outbound,,5bccd64d4d,200,true,linkerd,10.1.18.185:4191,,linkerd,catalogue,robot-shop,catalogue-7f9d94b4db-9dxvq,7f9d94b4db,default,default.robot-shop.serviceaccount.identity.linkerd.cluster.local,,,
1613873611.012,response_latency_ms_count,,,10.1.7.224:4191,linkerd-proxy,linkerd,,linkerd-prometheus-5bccd64d4d-jzwmt,,70,,,,,linkerd-prometheus,prometheus,linkerd,outbound,,5bccd64d4d,200,true,linkerd,10.1.18.185:4191,,linkerd,catalogue,robot-shop,catalogue-7f9d94b4db-9dxvq,7f9d94b4db,default,default.robot-shop.serviceaccount.identity.linkerd.cluster.local,,,
1613873571.012,response_latency_ms_count,,,10.1.7.224:4191,linkerd-proxy,linkerd,,linkerd-prometheus-5bccd64d4d-jzwmt,,66,,,,,linkerd-prometheus,prometheus,linkerd,outbound,,5bccd64d4d,200,true,linkerd,10.1.18.189:4191,,linkerd,shipping,robot-shop,shipping-85c8bd8d95-nwfnb,85c8bd8d95,default,default.robot-shop.serviceaccount.identity.linkerd.cluster.local,,,
1613873581.012,response_latency_ms_count,,,10.1.7.224:4191,linkerd-proxy,linkerd,,linkerd-prometheus-5bccd64d4d-jzwmt,,67,,,,,linkerd-prometheus,prometheus,linkerd,outbound,,5bccd64d4d,200,true,linkerd,10.1.18.189:4191,,linkerd,shipping,robot-shop,shipping-85c8bd8d95-nwfnb,85c8bd8d95,default,default.robot-shop.serviceaccount.identity.linkerd.cluster.local,,,
1613873591.011,response_latency_ms_count,,,10.1.7.224:4191,linkerd-proxy,linkerd,,linkerd-prometheus-5bccd64d4d-jzwmt,,68,,,,,linkerd-prometheus,prometheus,linkerd,outbound,,5bccd64d4d,200,true,linkerd,10.1.18.189:4191,,linkerd,shipping,robot-shop,shipping-85c8bd8d95-nwfnb,85c8bd8d95,default,default.robot-shop.serviceaccount.identity.linkerd.cluster.local,,,
1613873601.012,response_latency_ms_count,,,10.1.7.224:4191,linkerd-proxy,linkerd,,linkerd-prometheus-5bccd64d4d-jzwmt,,69,,,,,linkerd-prometheus,prometheus,linkerd,outbound,,5bccd64d4d,200,true,linkerd,10.1.18.189:4191,,linkerd,shipping,robot-shop,shipping-85c8bd8d95-nwfnb,85c8bd8d95,default,default.robot-shop.serviceaccount.identity.linkerd.cluster.local,,,
1613873611.012,response_latency_ms_count,,,10.1.7.224:4191,linkerd-proxy,linkerd,,linkerd-prometheus-5bccd64d4d-jzwmt,,70,,,,,linkerd-prometheus,prometheus,linkerd,outbound,,5bccd64d4d,200,true,linkerd,10.1.18.189:4191,,linkerd,shipping,robot-shop,shipping-85c8bd8d95-nwfnb,85c8bd8d95,default,default.robot-shop.serviceaccount.identity.linkerd.cluster.local,,,
1613873571.012,response_latency_ms_count,,,10.1.7.224:4191,linkerd-proxy,linkerd,,linkerd-prometheus-5bccd64d4d-jzwmt,,66,,,,,linkerd-prometheus,prometheus,linkerd,outbound,,5bccd64d4d,200,true,linkerd,10.1.18.184:4191,,linkerd,cart,robot-shop,cart-5c4fff577-tcf95,5c4fff577,default,default.robot-shop.serviceaccount.identity.linkerd.cluster.local,,,
1613873581.012,response_latency_ms_count,,,10.1.7.224:4191,linkerd-proxy,linkerd,,linkerd-prometheus-5bccd64d4d-jzwmt,,67,,,,,linkerd-prometheus,prometheus,linkerd,outbound,,5bccd64d4d,200,true,linkerd,10.1.18.184:4191,,linkerd,cart,robot-shop,cart-5c4fff577-tcf95,5c4fff577,default,default.robot-shop.serviceaccount.identity.linkerd.cluster.local,,,
1613873591.011,response_latency_ms_count,,,10.1.7.224:4191,linkerd-proxy,linkerd,,linkerd-prometheus-5bccd64d4d-jzwmt,,68,,,,,linkerd-prometheus,prometheus,linkerd,outbound,,5bccd64d4d,200,true,linkerd,10.1.18.184:4191,,linkerd,cart,robot-shop,cart-5c4fff577-tcf95,5c4fff577,default,default.robot-shop.serviceaccount.identity.linkerd.cluster.local,,,
1613873601.012,response_latency_ms_count,,,10.1.7.224:4191,linkerd-proxy,linkerd,,linkerd-prometheus-5bccd64d4d-jzwmt,,69,,,,,linkerd-prometheus,prometheus,linkerd,outbound,,5bccd64d4d,200,true,linkerd,10.1.18.184:4191,,linkerd,cart,robot-shop,cart-5c4fff577-tcf95,5c4fff577,default,default.robot-shop.serviceaccount.identity.linkerd.cluster.local,,,
1613873611.012,response_latency_ms_count,,,10.1.7.224:4191,linkerd-proxy,linkerd,,linkerd-prometheus-5bccd64d4d-jzwmt,,70,,,,,linkerd-prometheus,prometheus,linkerd,outbound,,5bccd64d4d,200,true,linkerd,10.1.18.184:4191,,linkerd,cart,robot-shop,cart-5c4fff577-tcf95,5c4fff577,default,default.robot-shop.serviceaccount.identity.linkerd.cluster.local,,,
1613873571.012,response_latency_ms_count,,,10.1.7.224:4191,linkerd-proxy,linkerd,,linkerd-prometheus-5bccd64d4d-jzwmt,,66,,,,,linkerd-prometheus,prometheus,linkerd,outbound,,5bccd64d4d,200,true,linkerd,10.1.18.186:4191,,linkerd,dispatch,robot-shop,dispatch-54f9f7c88b-bblkl,54f9f7c88b,default,default.robot-shop.serviceaccount.identity.linkerd.cluster.local,,,
1613873581.012,response_latency_ms_count,,,10.1.7.224:4191,linkerd-proxy,linkerd,,linkerd-prometheus-5bccd64d4d-jzwmt,,67,,,,,linkerd-prometheus,prometheus,linkerd,outbound,,5bccd64d4d,200,true,linkerd,10.1.18.186:4191,,linkerd,dispatch,robot-shop,dispatch-54f9f7c88b-bblkl,54f9f7c88b,default,default.robot-shop.serviceaccount.identity.linkerd.cluster.local,,,
1613873591.011,response_latency_ms_count,,,10.1.7.224:4191,linkerd-proxy,linkerd,,linkerd-prometheus-5bccd64d4d-jzwmt,,68,,,,,linkerd-prometheus,prometheus,linkerd,outbound,,5bccd64d4d,200,true,linkerd,10.1.18.186:4191,,linkerd,dispatch,robot-shop,dispatch-54f9f7c88b-bblkl,54f9f7c88b,default,default.robot-shop.serviceaccount.identity.linkerd.cluster.local,,,
1613873601.012,response_latency_ms_count,,,10.1.7.224:4191,linkerd-proxy,linkerd,,linkerd-prometheus-5bccd64d4d-jzwmt,,69,,,,,linkerd-prometheus,prometheus,linkerd,outbound,,5bccd64d4d,200,true,linkerd,10.1.18.186:4191,,linkerd,dispatch,robot-shop,dispatch-54f9f7c88b-bblkl,54f9f7c88b,default,default.robot-shop.serviceaccount.identity.linkerd.cluster.local,,,
1613873611.012,response_latency_ms_count,,,10.1.7.224:4191,linkerd-proxy,linkerd,,linkerd-prometheus-5bccd64d4d-jzwmt,,70,,,,,linkerd-prometheus,prometheus,linkerd,outbound,,5bccd64d4d,200,true,linkerd,10.1.18.186:4191,,linkerd,dispatch,robot-shop,dispatch-54f9f7c88b-bblkl,54f9f7c88b,default,default.robot-shop.serviceaccount.identity.linkerd.cluster.local,,,
1613873571.955,response_latency_ms_count,,,10.1.18.188:4191,linkerd-proxy,robot-shop,,ratings-57874f848b-g4dvs,ratings,117,,,,,ratings,,linkerd,inbound,no_tls_from_remote,57874f848b,200,no_identity,robot-shop,,,,,,,,,,,,
1613873581.955,response_latency_ms_count,,,10.1.18.188:4191,linkerd-proxy,robot-shop,,ratings-57874f848b-g4dvs,ratings,117,,,,,ratings,,linkerd,inbound,no_tls_from_remote,57874f848b,200,no_identity,robot-shop,,,,,,,,,,,,
1613873591.956,response_latency_ms_count,,,10.1.18.188:4191,linkerd-proxy,robot-shop,,ratings-57874f848b-g4dvs,ratings,117,,,,,ratings,,linkerd,inbound,no_tls_from_remote,57874f848b,200,no_identity,robot-shop,,,,,,,,,,,,
1613873601.956,response_latency_ms_count,,,10.1.18.188:4191,linkerd-proxy,robot-shop,,ratings-57874f848b-g4dvs,ratings,117,,,,,ratings,,linkerd,inbound,no_tls_from_remote,57874f848b,200,no_identity,robot-shop,,,,,,,,,,,,
1613873611.955,response_latency_ms_count,,,10.1.18.188:4191,linkerd-proxy,robot-shop,,ratings-57874f848b-g4dvs,ratings,117,,,,,ratings,,linkerd,inbound,no_tls_from_remote,57874f848b,200,no_identity,robot-shop,,,,,,,,,,,,
1613873621.955,response_latency_ms_count,,,10.1.18.188:4191,linkerd-proxy,robot-shop,,ratings-57874f848b-g4dvs,ratings,118,,,,,ratings,,linkerd,inbound,no_tls_from_remote,57874f848b,200,no_identity,robot-shop,,,,,,,,,,,,
1613873564.882,response_latency_ms_count,,,10.1.18.185:4191,linkerd-proxy,robot-shop,,catalogue-7f9d94b4db-9dxvq,catalogue,0,,,,,catalogue,,linkerd,outbound,not_provided_by_service_discovery,7f9d94b4db,,no_identity,robot-shop,10.1.0.1:42699,,,,,,,,,,,
1613873574.882,response_latency_ms_count,,,10.1.18.185:4191,linkerd-proxy,robot-shop,,catalogue-7f9d94b4db-9dxvq,catalogue,0,,,,,catalogue,,linkerd,outbound,not_provided_by_service_discovery,7f9d94b4db,,no_identity,robot-shop,10.1.0.1:42699,,,,,,,,,,,
1613873584.884,response_latency_ms_count,,,10.1.18.185:4191,linkerd-proxy,robot-shop,,catalogue-7f9d94b4db-9dxvq,catalogue,0,,,,,catalogue,,linkerd,outbound,not_provided_by_service_discovery,7f9d94b4db,,no_identity,robot-shop,10.1.0.1:42699,,,,,,,,,,,
1613873594.882,response_latency_ms_count,,,10.1.18.185:4191,linkerd-proxy,robot-shop,,catalogue-7f9d94b4db-9dxvq,catalogue,0,,,,,catalogue,,linkerd,outbound,not_provided_by_service_discovery,7f9d94b4db,,no_identity,robot-shop,10.1.0.1:42699,,,,,,,,,,,
1613873604.882,response_latency_ms_count,,,10.1.18.185:4191,linkerd-proxy,robot-shop,,catalogue-7f9d94b4db-9dxvq,catalogue,0,,,,,catalogue,,linkerd,outbound,not_provided_by_service_discovery,7f9d94b4db,,no_identity,robot-shop,10.1.0.1:42699,,,,,,,,,,,
1613873614.882,response_latency_ms_count,,,10.1.18.185:4191,linkerd-proxy,robot-shop,,catalogue-7f9d94b4db-9dxvq,catalogue,0,,,,,catalogue,,linkerd,outbound,not_provided_by_service_discovery,7f9d94b4db,,no_identity,robot-shop,10.1.0.1:42699,,,,,,,,,,,
1613873565.402,response_latency_ms_count,,,10.1.18.189:4191,linkerd-proxy,robot-shop,,shipping-85c8bd8d95-nwfnb,shipping,0,,,,,shipping,,linkerd,inbound,no_tls_from_remote,85c8bd8d95,,no_identity,robot-shop,,,,,,,,,,,,
1613873575.401,response_latency_ms_count,,,10.1.18.189:4191,linkerd-proxy,robot-shop,,shipping-85c8bd8d95-nwfnb,shipping,0,,,,,shipping,,linkerd,inbound,no_tls_from_remote,85c8bd8d95,,no_identity,robot-shop,,,,,,,,,,,,
1613873585.401,response_latency_ms_count,,,10.1.18.189:4191,linkerd-proxy,robot-shop,,shipping-85c8bd8d95-nwfnb,shipping,0,,,,,shipping,,linkerd,inbound,no_tls_from_remote,85c8bd8d95,,no_identity,robot-shop,,,,,,,,,,,,
1613873595.421,response_latency_ms_count,,,10.1.18.189:4191,linkerd-proxy,robot-shop,,shipping-85c8bd8d95-nwfnb,shipping,0,,,,,shipping,,linkerd,inbound,no_tls_from_remote,85c8bd8d95,,no_identity,robot-shop,,,,,,,,,,,,
1613873605.401,response_latency_ms_count,,,10.1.18.189:4191,linkerd-proxy,robot-shop,,shipping-85c8bd8d95-nwfnb,shipping,0,,,,,shipping,,linkerd,inbound,no_tls_from_remote,85c8bd8d95,,no_identity,robot-shop,,,,,,,,,,,,
1613873615.401,response_latency_ms_count,,,10.1.18.189:4191,linkerd-proxy,robot-shop,,shipping-85c8bd8d95-nwfnb,shipping,0,,,,,shipping,,linkerd,inbound,no_tls_from_remote,85c8bd8d95,,no_identity,robot-shop,,,,,,,,,,,,
1613873566.369,response_latency_ms_count,,,10.1.18.184:4191,linkerd-proxy,robot-shop,,cart-5c4fff577-tcf95,cart,0,,,,,cart,,linkerd,outbound,not_provided_by_service_discovery,5c4fff577,,no_identity,robot-shop,10.1.0.1:42699,,,,,,,,,,,
1613873576.367,response_latency_ms_count,,,10.1.18.184:4191,linkerd-proxy,robot-shop,,cart-5c4fff577-tcf95,cart,0,,,,,cart,,linkerd,outbound,not_provided_by_service_discovery,5c4fff577,,no_identity,robot-shop,10.1.0.1:42699,,,,,,,,,,,
1613873586.366,response_latency_ms_count,,,10.1.18.184:4191,linkerd-proxy,robot-shop,,cart-5c4fff577-tcf95,cart,0,,,,,cart,,linkerd,outbound,not_provided_by_service_discovery,5c4fff577,,no_identity,robot-shop,10.1.0.1:42699,,,,,,,,,,,
1613873596.371,response_latency_ms_count,,,10.1.18.184:4191,linkerd-proxy,robot-shop,,cart-5c4fff577-tcf95,cart,0,,,,,cart,,linkerd,outbound,not_provided_by_service_discovery,5c4fff577,,no_identity,robot-shop,10.1.0.1:42699,,,,,,,,,,,
1613873606.366,response_latency_ms_count,,,10.1.18.184:4191,linkerd-proxy,robot-shop,,cart-5c4fff577-tcf95,cart,0,,,,,cart,,linkerd,outbound,not_provided_by_service_discovery,5c4fff577,,no_identity,robot-shop,10.1.0.1:42699,,,,,,,,,,,
1613873616.366,response_latency_ms_count,,,10.1.18.184:4191,linkerd-proxy,robot-shop,,cart-5c4fff577-tcf95,cart,0,,,,,cart,,linkerd,outbound,not_provided_by_service_discovery,5c4fff577,,no_identity,robot-shop,10.1.0.1:42699,,,,,,,,,,,
1613873571.012,response_latency_ms_count,,,10.1.7.224:4191,linkerd-proxy,linkerd,,linkerd-prometheus-5bccd64d4d-jzwmt,,65,,,,,linkerd-prometheus,prometheus,linkerd,outbound,,5bccd64d4d,200,true,linkerd,10.1.18.190:4191,,linkerd,user,robot-shop,user-5bc66cc67d-7h8d6,5bc66cc67d,default,default.robot-shop.serviceaccount.identity.linkerd.cluster.local,,,
1613873581.012,response_latency_ms_count,,,10.1.7.224:4191,linkerd-proxy,linkerd,,linkerd-prometheus-5bccd64d4d-jzwmt,,66,,,,,linkerd-prometheus,prometheus,linkerd,outbound,,5bccd64d4d,200,true,linkerd,10.1.18.190:4191,,linkerd,user,robot-shop,user-5bc66cc67d-7h8d6,5bc66cc67d,default,default.robot-shop.serviceaccount.identity.linkerd.cluster.local,,,
1613873591.011,response_latency_ms_count,,,10.1.7.224:4191,linkerd-proxy,linkerd,,linkerd-prometheus-5bccd64d4d-jzwmt,,67,,,,,linkerd-prometheus,prometheus,linkerd,outbound,,5bccd64d4d,200,true,linkerd,10.1.18.190:4191,,linkerd,user,robot-shop,user-5bc66cc67d-7h8d6,5bc66cc67d,default,default.robot-shop.serviceaccount.identity.linkerd.cluster.local,,,
1613873601.012,response_latency_ms_count,,,10.1.7.224:4191,linkerd-proxy,linkerd,,linkerd-prometheus-5bccd64d4d-jzwmt,,68,,,,,linkerd-prometheus,prometheus,linkerd,outbound,,5bccd64d4d,200,true,linkerd,10.1.18.190:4191,,linkerd,user,robot-shop,user-5bc66cc67d-7h8d6,5bc66cc67d,default,default.robot-shop.serviceaccount.identity.linkerd.cluster.local,,,
1613873611.012,response_latency_ms_count,,,10.1.7.224:4191,linkerd-proxy,linkerd,,linkerd-prometheus-5bccd64d4d-jzwmt,,69,,,,,linkerd-prometheus,prometheus,linkerd,outbound,,5bccd64d4d,200,true,linkerd,10.1.18.190:4191,,linkerd,user,robot-shop,user-5bc66cc67d-7h8d6,5bc66cc67d,default,default.robot-shop.serviceaccount.identity.linkerd.cluster.local,,,
1613873571.012,response_latency_ms_count,,,10.1.7.224:4191,linkerd-proxy,linkerd,,linkerd-prometheus-5bccd64d4d-jzwmt,,65,,,,,linkerd-prometheus,prometheus,linkerd,outbound,,5bccd64d4d,200,true,linkerd,10.1.18.191:4191,,linkerd,web,robot-shop,web-6b7cd5d75b-vl9w8,6b7cd5d75b,default,default.robot-shop.serviceaccount.identity.linkerd.cluster.local,,,
1613873581.012,response_latency_ms_count,,,10.1.7.224:4191,linkerd-proxy,linkerd,,linkerd-prometheus-5bccd64d4d-jzwmt,,66,,,,,linkerd-prometheus,prometheus,linkerd,outbound,,5bccd64d4d,200,true,linkerd,10.1.18.191:4191,,linkerd,web,robot-shop,web-6b7cd5d75b-vl9w8,6b7cd5d75b,default,default.robot-shop.serviceaccount.identity.linkerd.cluster.local,,,
1613873591.011,response_latency_ms_count,,,10.1.7.224:4191,linkerd-proxy,linkerd,,linkerd-prometheus-5bccd64d4d-jzwmt,,67,,,,,linkerd-prometheus,prometheus,linkerd,outbound,,5bccd64d4d,200,true,linkerd,10.1.18.191:4191,,linkerd,web,robot-shop,web-6b7cd5d75b-vl9w8,6b7cd5d75b,default,default.robot-shop.serviceaccount.identity.linkerd.cluster.local,,,
1613873601.012,response_latency_ms_count,,,10.1.7.224:4191,linkerd-proxy,linkerd,,linkerd-prometheus-5bccd64d4d-jzwmt,,68,,,,,linkerd-prometheus,prometheus,linkerd,outbound,,5bccd64d4d,200,true,linkerd,10.1.18.191:4191,,linkerd,web,robot-shop,web-6b7cd5d75b-vl9w8,6b7cd5d75b,default,default.robot-shop.serviceaccount.identity.linkerd.cluster.local,,,
1613873611.012,response_latency_ms_count,,,10.1.7.224:4191,linkerd-proxy,linkerd,,linkerd-prometheus-5bccd64d4d-jzwmt,,69,,,,,linkerd-prometheus,prometheus,linkerd,outbound,,5bccd64d4d,200,true,linkerd,10.1.18.191:4191,,linkerd,web,robot-shop,web-6b7cd5d75b-vl9w8,6b7cd5d75b,default,default.robot-shop.serviceaccount.identity.linkerd.cluster.local,,,
1613873567.227,response_latency_ms_count,,,10.1.18.186:4191,linkerd-proxy,robot-shop,,dispatch-54f9f7c88b-bblkl,dispatch,0,,,,,dispatch,,linkerd,outbound,not_provided_by_service_discovery,54f9f7c88b,,no_identity,robot-shop,10.1.0.1:42699,,,,,,,,,,,
1613873577.227,response_latency_ms_count,,,10.1.18.186:4191,linkerd-proxy,robot-shop,,dispatch-54f9f7c88b-bblkl,dispatch,0,,,,,dispatch,,linkerd,outbound,not_provided_by_service_discovery,54f9f7c88b,,no_identity,robot-shop,10.1.0.1:42699,,,,,,,,,,,
1613873587.227,response_latency_ms_count,,,10.1.18.186:4191,linkerd-proxy,robot-shop,,dispatch-54f9f7c88b-bblkl,dispatch,0,,,,,dispatch,,linkerd,outbound,not_provided_by_service_discovery,54f9f7c88b,,no_identity,robot-shop,10.1.0.1:42699,,,,,,,,,,,
1613873597.227,response_latency_ms_count,,,10.1.18.186:4191,linkerd-proxy,robot-shop,,dispatch-54f9f7c88b-bblkl,dispatch,0,,,,,dispatch,,linkerd,outbound,not_provided_by_service_discovery,54f9f7c88b,,no_identity,robot-shop,10.1.0.1:42699,,,,,,,,,,,
1613873607.227,response_latency_ms_count,,,10.1.18.186:4191,linkerd-proxy,robot-shop,,dispatch-54f9f7c88b-bblkl,dispatch,0,,,,,dispatch,,linkerd,outbound,not_provided_by_service_discovery,54f9f7c88b,,no_identity,robot-shop,10.1.0.1:42699,,,,,,,,,,,
1613873617.227,response_latency_ms_count,,,10.1.18.186:4191,linkerd-proxy,robot-shop,,dispatch-54f9f7c88b-bblkl,dispatch,0,,,,,dispatch,,linkerd,outbound,not_provided_by_service_discovery,54f9f7c88b,,no_identity,robot-shop,10.1.0.1:42699,,,,,,,,,,,
1613873571.012,response_latency_ms_count,,,10.1.7.224:4191,linkerd-proxy,linkerd,,linkerd-prometheus-5bccd64d4d-jzwmt,,0,,,,,linkerd-prometheus,prometheus,linkerd,outbound,not_provided_by_service_discovery,5bccd64d4d,,no_identity,linkerd,10.1.18.154:4191,,,,,,,,,,,
1613873581.012,response_latency_ms_count,,,10.1.7.224:4191,linkerd-proxy,linkerd,,linkerd-prometheus-5bccd64d4d-jzwmt,,0,,,,,linkerd-prometheus,prometheus,linkerd,outbound,not_provided_by_service_discovery,5bccd64d4d,,no_identity,linkerd,10.1.18.154:4191,,,,,,,,,,,
1613873565.402,response_latency_ms_count,,,10.1.18.189:4191,linkerd-proxy,robot-shop,,shipping-85c8bd8d95-nwfnb,shipping,92,,,,,shipping,,linkerd,inbound,no_tls_from_remote,85c8bd8d95,200,no_identity,robot-shop,,,,,,,,,,,,
1613873575.401,response_latency_ms_count,,,10.1.18.189:4191,linkerd-proxy,robot-shop,,shipping-85c8bd8d95-nwfnb,shipping,94,,,,,shipping,,linkerd,inbound,no_tls_from_remote,85c8bd8d95,200,no_identity,robot-shop,,,,,,,,,,,,
1613873585.401,response_latency_ms_count,,,10.1.18.189:4191,linkerd-proxy,robot-shop,,shipping-85c8bd8d95-nwfnb,shipping,95,,,,,shipping,,linkerd,inbound,no_tls_from_remote,85c8bd8d95,200,no_identity,robot-shop,,,,,,,,,,,,
1613873595.421,response_latency_ms_count,,,10.1.18.189:4191,linkerd-proxy,robot-shop,,shipping-85c8bd8d95-nwfnb,shipping,95,,,,,shipping,,linkerd,inbound,no_tls_from_remote,85c8bd8d95,200,no_identity,robot-shop,,,,,,,,,,,,
1613873605.401,response_latency_ms_count,,,10.1.18.189:4191,linkerd-proxy,robot-shop,,shipping-85c8bd8d95-nwfnb,shipping,96,,,,,shipping,,linkerd,inbound,no_tls_from_remote,85c8bd8d95,200,no_identity,robot-shop,,,,,,,,,,,,
1613873615.401,response_latency_ms_count,,,10.1.18.189:4191,linkerd-proxy,robot-shop,,shipping-85c8bd8d95-nwfnb,shipping,96,,,,,shipping,,linkerd,inbound,no_tls_from_remote,85c8bd8d95,200,no_identity,robot-shop,,,,,,,,,,,,
1613873571.377,response_latency_ms_count,,,10.1.18.190:4191,linkerd-proxy,robot-shop,,user-5bc66cc67d-7h8d6,user,1111,,,,,user,,linkerd,inbound,,5bc66cc67d,200,true,robot-shop,user.robot-shop.svc.cluster.local:8080,default.robot-shop.serviceaccount.identity.linkerd.cluster.local,,,,,,,,,,
1613873581.379,response_latency_ms_count,,,10.1.18.190:4191,linkerd-proxy,robot-shop,,user-5bc66cc67d-7h8d6,user,1147,,,,,user,,linkerd,inbound,,5bc66cc67d,200,true,robot-shop,user.robot-shop.svc.cluster.local:8080,default.robot-shop.serviceaccount.identity.linkerd.cluster.local,,,,,,,,,,
1613873591.377,response_latency_ms_count,,,10.1.18.190:4191,linkerd-proxy,robot-shop,,user-5bc66cc67d-7h8d6,user,1147,,,,,user,,linkerd,inbound,,5bc66cc67d,200,true,robot-shop,user.robot-shop.svc.cluster.local:8080,default.robot-shop.serviceaccount.identity.linkerd.cluster.local,,,,,,,,,,
1613873601.377,response_latency_ms_count,,,10.1.18.190:4191,linkerd-proxy,robot-shop,,user-5bc66cc67d-7h8d6,user,1147,,,,,user,,linkerd,inbound,,5bc66cc67d,200,true,robot-shop,user.robot-shop.svc.cluster.local:8080,default.robot-shop.serviceaccount.identity.linkerd.cluster.local,,,,,,,,,,
1613873611.377,response_latency_ms_count,,,10.1.18.190:4191,linkerd-proxy,robot-shop,,user-5bc66cc67d-7h8d6,user,1312,,,,,user,,linkerd,inbound,,5bc66cc67d,200,true,robot-shop,user.robot-shop.svc.cluster.local:8080,default.robot-shop.serviceaccount.identity.linkerd.cluster.local,,,,,,,,,,
1613873621.378,response_latency_ms_count,,,10.1.18.190:4191,linkerd-proxy,robot-shop,,user-5bc66cc67d-7h8d6,user,1322,,,,,user,,linkerd,inbound,,5bc66cc67d,200,true,robot-shop,user.robot-shop.svc.cluster.local:8080,default.robot-shop.serviceaccount.identity.linkerd.cluster.local,,,,,,,,,,
1613873571.955,response_latency_ms_count,,,10.1.18.188:4191,linkerd-proxy,robot-shop,,ratings-57874f848b-g4dvs,ratings,176,,,,,ratings,,linkerd,inbound,,57874f848b,200,true,robot-shop,ratings.robot-shop.svc.cluster.local,default.robot-shop.serviceaccount.identity.linkerd.cluster.local,,,,,,,,,,
1613873581.955,response_latency_ms_count,,,10.1.18.188:4191,linkerd-proxy,robot-shop,,ratings-57874f848b-g4dvs,ratings,234,,,,,ratings,,linkerd,inbound,,57874f848b,200,true,robot-shop,ratings.robot-shop.svc.cluster.local,default.robot-shop.serviceaccount.identity.linkerd.cluster.local,,,,,,,,,,
1613873591.956,response_latency_ms_count,,,10.1.18.188:4191,linkerd-proxy,robot-shop,,ratings-57874f848b-g4dvs,ratings,245,,,,,ratings,,linkerd,inbound,,57874f848b,200,true,robot-shop,ratings.robot-shop.svc.cluster.local,default.robot-shop.serviceaccount.identity.linkerd.cluster.local,,,,,,,,,,
1613873601.956,response_latency_ms_count,,,10.1.18.188:4191,linkerd-proxy,robot-shop,,ratings-57874f848b-g4dvs,ratings,245,,,,,ratings,,linkerd,inbound,,57874f848b,200,true,robot-shop,ratings.robot-shop.svc.cluster.local,default.robot-shop.serviceaccount.identity.linkerd.cluster.local,,,,,,,,,,
1613873611.955,response_latency_ms_count,,,10.1.18.188:4191,linkerd-proxy,robot-shop,,ratings-57874f848b-g4dvs,ratings,245,,,,,ratings,,linkerd,inbound,,57874f848b,200,true,robot-shop,ratings.robot-shop.svc.cluster.local,default.robot-shop.serviceaccount.identity.linkerd.cluster.local,,,,,,,,,,
1613873621.955,response_latency_ms_count,,,10.1.18.188:4191,linkerd-proxy,robot-shop,,ratings-57874f848b-g4dvs,ratings,247,,,,,ratings,,linkerd,inbound,,57874f848b,200,true,robot-shop,ratings.robot-shop.svc.cluster.local,default.robot-shop.serviceaccount.identity.linkerd.cluster.local,,,,,,,,,,
1613873571.955,response_latency_ms_count,,,10.1.18.188:4191,linkerd-proxy,robot-shop,,ratings-57874f848b-g4dvs,ratings,57,,,,,ratings,,linkerd,outbound,,57874f848b,200,true,robot-shop,catalogue.robot-shop.svc.cluster.local:8080,,linkerd,catalogue,robot-shop,catalogue-7f9d94b4db-9dxvq,7f9d94b4db,default,default.robot-shop.serviceaccount.identity.linkerd.cluster.local,,,catalogue
1613873581.955,response_latency_ms_count,,,10.1.18.188:4191,linkerd-proxy,robot-shop,,ratings-57874f848b-g4dvs,ratings,64,,,,,ratings,,linkerd,outbound,,57874f848b,200,true,robot-shop,catalogue.robot-shop.svc.cluster.local:8080,,linkerd,catalogue,robot-shop,catalogue-7f9d94b4db-9dxvq,7f9d94b4db,default,default.robot-shop.serviceaccount.identity.linkerd.cluster.local,,,catalogue
1613873591.956,response_latency_ms_count,,,10.1.18.188:4191,linkerd-proxy,robot-shop,,ratings-57874f848b-g4dvs,ratings,69,,,,,ratings,,linkerd,outbound,,57874f848b,200,true,robot-shop,catalogue.robot-shop.svc.cluster.local:8080,,linkerd,catalogue,robot-shop,catalogue-7f9d94b4db-9dxvq,7f9d94b4db,default,default.robot-shop.serviceaccount.identity.linkerd.cluster.local,,,catalogue
1613873601.956,response_latency_ms_count,,,10.1.18.188:4191,linkerd-proxy,robot-shop,,ratings-57874f848b-g4dvs,ratings,69,,,,,ratings,,linkerd,outbound,,57874f848b,200,true,robot-shop,catalogue.robot-shop.svc.cluster.local:8080,,linkerd,catalogue,robot-shop,catalogue-7f9d94b4db-9dxvq,7f9d94b4db,default,default.robot-shop.serviceaccount.identity.linkerd.cluster.local,,,catalogue
1613873611.955,response_latency_ms_count,,,10.1.18.188:4191,linkerd-proxy,robot-shop,,ratings-57874f848b-g4dvs,ratings,69,,,,,ratings,,linkerd,outbound,,57874f848b,200,true,robot-shop,catalogue.robot-shop.svc.cluster.local:8080,,linkerd,catalogue,robot-shop,catalogue-7f9d94b4db-9dxvq,7f9d94b4db,default,default.robot-shop.serviceaccount.identity.linkerd.cluster.local,,,catalogue
1613873621.955,response_latency_ms_count,,,10.1.18.188:4191,linkerd-proxy,robot-shop,,ratings-57874f848b-g4dvs,ratings,70,,,,,ratings,,linkerd,outbound,,57874f848b,200,true,robot-shop,catalogue.robot-shop.svc.cluster.local:8080,,linkerd,catalogue,robot-shop,catalogue-7f9d94b4db-9dxvq,7f9d94b4db,default,default.robot-shop.serviceaccount.identity.linkerd.cluster.local,,,catalogue
1613873563.253,response_latency_ms_count,,,10.1.18.191:4191,linkerd-proxy,robot-shop,,web-6b7cd5d75b-vl9w8,web,4655,,,,,web,,linkerd,inbound,no_tls_from_remote,6b7cd5d75b,200,no_identity,robot-shop,localhost:30651,,,,,,,,,,,
1613873573.253,response_latency_ms_count,,,10.1.18.191:4191,linkerd-proxy,robot-shop,,web-6b7cd5d75b-vl9w8,web,5078,,,,,web,,linkerd,inbound,no_tls_from_remote,6b7cd5d75b,200,no_identity,robot-shop,localhost:30651,,,,,,,,,,,
1613873583.253,response_latency_ms_count,,,10.1.18.191:4191,linkerd-proxy,robot-shop,,web-6b7cd5d75b-vl9w8,web,5201,,,,,web,,linkerd,inbound,no_tls_from_remote,6b7cd5d75b,200,no_identity,robot-shop,localhost:30651,,,,,,,,,,,
1613873593.253,response_latency_ms_count,,,10.1.18.191:4191,linkerd-proxy,robot-shop,,web-6b7cd5d75b-vl9w8,web,5410,,,,,web,,linkerd,inbound,no_tls_from_remote,6b7cd5d75b,200,no_identity,robot-shop,localhost:30651,,,,,,,,,,,
1613873603.252,response_latency_ms_count,,,10.1.18.191:4191,linkerd-proxy,robot-shop,,web-6b7cd5d75b-vl9w8,web,5430,,,,,web,,linkerd,inbound,no_tls_from_remote,6b7cd5d75b,200,no_identity,robot-shop,localhost:30651,,,,,,,,,,,
1613873613.253,response_latency_ms_count,,,10.1.18.191:4191,linkerd-proxy,robot-shop,,web-6b7cd5d75b-vl9w8,web,5773,,,,,web,,linkerd,inbound,no_tls_from_remote,6b7cd5d75b,200,no_identity,robot-shop,localhost:30651,,,,,,,,,,,
1613873563.253,response_latency_ms_count,,,10.1.18.191:4191,linkerd-proxy,robot-shop,,web-6b7cd5d75b-vl9w8,web,878,,,,,web,,linkerd,outbound,,6b7cd5d75b,200,true,robot-shop,user.robot-shop.svc.cluster.local:8080,,linkerd,user,robot-shop,user-5bc66cc67d-7h8d6,5bc66cc67d,default,default.robot-shop.serviceaccount.identity.linkerd.cluster.local,,,user
1613873573.253,response_latency_ms_count,,,10.1.18.191:4191,linkerd-proxy,robot-shop,,web-6b7cd5d75b-vl9w8,web,979,,,,,web,,linkerd,outbound,,6b7cd5d75b,200,true,robot-shop,user.robot-shop.svc.cluster.local:8080,,linkerd,user,robot-shop,user-5bc66cc67d-7h8d6,5bc66cc67d,default,default.robot-shop.serviceaccount.identity.linkerd.cluster.local,,,user
1613873583.253,response_latency_ms_count,,,10.1.18.191:4191,linkerd-proxy,robot-shop,,web-6b7cd5d75b-vl9w8,web,982,,,,,web,,linkerd,outbound,,6b7cd5d75b,200,true,robot-shop,user.robot-shop.svc.cluster.local:8080,,linkerd,user,robot-shop,user-5bc66cc67d-7h8d6,5bc66cc67d,default,default.robot-shop.serviceaccount.identity.linkerd.cluster.local,,,user
1613873593.253,response_latency_ms_count,,,10.1.18.191:4191,linkerd-proxy,robot-shop,,web-6b7cd5d75b-vl9w8,web,982,,,,,web,,linkerd,outbound,,6b7cd5d75b,200,true,robot-shop,user.robot-shop.svc.cluster.local:8080,,linkerd,user,robot-shop,user-5bc66cc67d-7h8d6,5bc66cc67d,default,default.robot-shop.serviceaccount.identity.linkerd.cluster.local,,,user
1613873603.252,response_latency_ms_count,,,10.1.18.191:4191,linkerd-proxy,robot-shop,,web-6b7cd5d75b-vl9w8,web,983,,,,,web,,linkerd,outbound,,6b7cd5d75b,200,true,robot-shop,user.robot-shop.svc.cluster.local:8080,,linkerd,user,robot-shop,user-5bc66cc67d-7h8d6,5bc66cc67d,default,default.robot-shop.serviceaccount.identity.linkerd.cluster.local,,,user
1613873613.253,response_latency_ms_count,,,10.1.18.191:4191,linkerd-proxy,robot-shop,,web-6b7cd5d75b-vl9w8,web,1050,,,,,web,,linkerd,outbound,,6b7cd5d75b,200,true,robot-shop,user.robot-shop.svc.cluster.local:8080,,linkerd,user,robot-shop,user-5bc66cc67d-7h8d6,5bc66cc67d,default,default.robot-shop.serviceaccount.identity.linkerd.cluster.local,,,user
1613873563.253,response_latency_ms_count,,,10.1.18.191:4191,linkerd-proxy,robot-shop,,web-6b7cd5d75b-vl9w8,web,1637,,,,,web,,linkerd,outbound,,6b7cd5d75b,200,true,robot-shop,catalogue.robot-shop.svc.cluster.local:8080,,linkerd,catalogue,robot-shop,catalogue-7f9d94b4db-9dxvq,7f9d94b4db,default,default.robot-shop.serviceaccount.identity.linkerd.cluster.local,,,catalogue
1613873573.253,response_latency_ms_count,,,10.1.18.191:4191,linkerd-proxy,robot-shop,,web-6b7cd5d75b-vl9w8,web,1705,,,,,web,,linkerd,outbound,,6b7cd5d75b,200,true,robot-shop,catalogue.robot-shop.svc.cluster.local:8080,,linkerd,catalogue,robot-shop,catalogue-7f9d94b4db-9dxvq,7f9d94b4db,default,default.robot-shop.serviceaccount.identity.linkerd.cluster.local,,,catalogue
1613873583.253,response_latency_ms_count,,,10.1.18.191:4191,linkerd-proxy,robot-shop,,web-6b7cd5d75b-vl9w8,web,1707,,,,,web,,linkerd,outbound,,6b7cd5d75b,200,true,robot-shop,catalogue.robot-shop.svc.cluster.local:8080,,linkerd,catalogue,robot-shop,catalogue-7f9d94b4db-9dxvq,7f9d94b4db,default,default.robot-shop.serviceaccount.identity.linkerd.cluster.local,,,catalogue
1613873593.253,response_latency_ms_count,,,10.1.18.191:4191,linkerd-proxy,robot-shop,,web-6b7cd5d75b-vl9w8,web,1728,,,,,web,,linkerd,outbound,,6b7cd5d75b,200,true,robot-shop,catalogue.robot-shop.svc.cluster.local:8080,,linkerd,catalogue,robot-shop,catalogue-7f9d94b4db-9dxvq,7f9d94b4db,default,default.robot-shop.serviceaccount.identity.linkerd.cluster.local,,,catalogue
1613873603.252,response_latency_ms_count,,,10.1.18.191:4191,linkerd-proxy,robot-shop,,web-6b7cd5d75b-vl9w8,web,1729,,,,,web,,linkerd,outbound,,6b7cd5d75b,200,true,robot-shop,catalogue.robot-shop.svc.cluster.local:8080,,linkerd,catalogue,robot-shop,catalogue-7f9d94b4db-9dxvq,7f9d94b4db,default,default.robot-shop.serviceaccount.identity.linkerd.cluster.local,,,catalogue
1613873613.253,response_latency_ms_count,,,10.1.18.191:4191,linkerd-proxy,robot-shop,,web-6b7cd5d75b-vl9w8,web,1817,,,,,web,,linkerd,outbound,,6b7cd5d75b,200,true,robot-shop,catalogue.robot-shop.svc.cluster.local:8080,,linkerd,catalogue,robot-shop,catalogue-7f9d94b4db-9dxvq,7f9d94b4db,default,default.robot-shop.serviceaccount.identity.linkerd.cluster.local,,,catalogue
1613873563.253,response_latency_ms_count,,,10.1.18.191:4191,linkerd-proxy,robot-shop,,web-6b7cd5d75b-vl9w8,web,148,,,,,web,,linkerd,outbound,,6b7cd5d75b,200,true,robot-shop,ratings.robot-shop.svc.cluster.local,,linkerd,ratings,robot-shop,ratings-57874f848b-g4dvs,57874f848b,default,default.robot-shop.serviceaccount.identity.linkerd.cluster.local,,,ratings
1613873573.253,response_latency_ms_count,,,10.1.18.191:4191,linkerd-proxy,robot-shop,,web-6b7cd5d75b-vl9w8,web,167,,,,,web,,linkerd,outbound,,6b7cd5d75b,200,true,robot-shop,ratings.robot-shop.svc.cluster.local,,linkerd,ratings,robot-shop,ratings-57874f848b-g4dvs,57874f848b,default,default.robot-shop.serviceaccount.identity.linkerd.cluster.local,,,ratings
1613873583.253,response_latency_ms_count,,,10.1.18.191:4191,linkerd-proxy,robot-shop,,web-6b7cd5d75b-vl9w8,web,186,,,,,web,,linkerd,outbound,,6b7cd5d75b,200,true,robot-shop,ratings.robot-shop.svc.cluster.local,,linkerd,ratings,robot-shop,ratings-57874f848b-g4dvs,57874f848b,default,default.robot-shop.serviceaccount.identity.linkerd.cluster.local,,,ratings
1613873593.253,response_latency_ms_count,,,10.1.18.191:4191,linkerd-proxy,robot-shop,,web-6b7cd5d75b-vl9w8,web,188,,,,,web,,linkerd,outbound,,6b7cd5d75b,200,true,robot-shop,ratings.robot-shop.svc.cluster.local,,linkerd,ratings,robot-shop,ratings-57874f848b-g4dvs,57874f848b,default,default.robot-shop.serviceaccount.identity.linkerd.cluster.local,,,ratings
1613873603.252,response_latency_ms_count,,,10.1.18.191:4191,linkerd-proxy,robot-shop,,web-6b7cd5d75b-vl9w8,web,188,,,,,web,,linkerd,outbound,,6b7cd5d75b,200,true,robot-shop,ratings.robot-shop.svc.cluster.local,,linkerd,ratings,robot-shop,ratings-57874f848b-g4dvs,57874f848b,default,default.robot-shop.serviceaccount.identity.linkerd.cluster.local,,,ratings
1613873613.253,response_latency_ms_count,,,10.1.18.191:4191,linkerd-proxy,robot-shop,,web-6b7cd5d75b-vl9w8,web,188,,,,,web,,linkerd,outbound,,6b7cd5d75b,200,true,robot-shop,ratings.robot-shop.svc.cluster.local,,linkerd,ratings,robot-shop,ratings-57874f848b-g4dvs,57874f848b,default,default.robot-shop.serviceaccount.identity.linkerd.cluster.local,,,ratings
1613873563.253,response_latency_ms_count,,,10.1.18.191:4191,linkerd-proxy,robot-shop,,web-6b7cd5d75b-vl9w8,web,1510,,,,,web,,linkerd,outbound,,6b7cd5d75b,200,true,robot-shop,cart.robot-shop.svc.cluster.local:8080,,linkerd,cart,robot-shop,cart-5c4fff577-tcf95,5c4fff577,default,default.robot-shop.serviceaccount.identity.linkerd.cluster.local,,,cart
1613873573.253,response_latency_ms_count,,,10.1.18.191:4191,linkerd-proxy,robot-shop,,web-6b7cd5d75b-vl9w8,web,1518,,,,,web,,linkerd,outbound,,6b7cd5d75b,200,true,robot-shop,cart.robot-shop.svc.cluster.local:8080,,linkerd,cart,robot-shop,cart-5c4fff577-tcf95,5c4fff577,default,default.robot-shop.serviceaccount.identity.linkerd.cluster.local,,,cart
1613873583.253,response_latency_ms_count,,,10.1.18.191:4191,linkerd-proxy,robot-shop,,web-6b7cd5d75b-vl9w8,web,1547,,,,,web,,linkerd,outbound,,6b7cd5d75b,200,true,robot-shop,cart.robot-shop.svc.cluster.local:8080,,linkerd,cart,robot-shop,cart-5c4fff577-tcf95,5c4fff577,default,default.robot-shop.serviceaccount.identity.linkerd.cluster.local,,,cart
1613873593.253,response_latency_ms_count,,,10.1.18.191:4191,linkerd-proxy,robot-shop,,web-6b7cd5d75b-vl9w8,web,1635,,,,,web,,linkerd,outbound,,6b7cd5d75b,200,true,robot-shop,cart.robot-shop.svc.cluster.local:8080,,linkerd,cart,robot-shop,cart-5c4fff577-tcf95,5c4fff577,default,default.robot-shop.serviceaccount.identity.linkerd.cluster.local,,,cart
1613873603.252,response_latency_ms_count,,,10.1.18.191:4191,linkerd-proxy,robot-shop,,web-6b7cd5d75b-vl9w8,web,1635,,,,,web,,linkerd,outbound,,6b7cd5d75b,200,true,robot-shop,cart.robot-shop.svc.cluster.local:8080,,linkerd,cart,robot-shop,cart-5c4fff577-tcf95,5c4fff577,default,default.robot-shop.serviceaccount.identity.linkerd.cluster.local,,,cart
1613873613.253,response_latency_ms_count,,,10.1.18.191:4191,linkerd-proxy,robot-shop,,web-6b7cd5d75b-vl9w8,web,1638,,,,,web,,linkerd,outbound,,6b7cd5d75b,200,true,robot-shop,cart.robot-shop.svc.cluster.local:8080,,linkerd,cart,robot-shop,cart-5c4fff577-tcf95,5c4fff577,default,default.robot-shop.serviceaccount.identity.linkerd.cluster.local,,,cart
1613873563.253,response_latency_ms_count,,,10.1.18.191:4191,linkerd-proxy,robot-shop,,web-6b7cd5d75b-vl9w8,web,26,,,,,web,,linkerd,outbound,,6b7cd5d75b,200,true,robot-shop,shipping.robot-shop.svc.cluster.local:8080,,linkerd,shipping,robot-shop,shipping-85c8bd8d95-nwfnb,85c8bd8d95,default,default.robot-shop.serviceaccount.identity.linkerd.cluster.local,,,shipping
1613873573.253,response_latency_ms_count,,,10.1.18.191:4191,linkerd-proxy,robot-shop,,web-6b7cd5d75b-vl9w8,web,30,,,,,web,,linkerd,outbound,,6b7cd5d75b,200,true,robot-shop,shipping.robot-shop.svc.cluster.local:8080,,linkerd,shipping,robot-shop,shipping-85c8bd8d95-nwfnb,85c8bd8d95,default,default.robot-shop.serviceaccount.identity.linkerd.cluster.local,,,shipping
1613873583.253,response_latency_ms_count,,,10.1.18.191:4191,linkerd-proxy,robot-shop,,web-6b7cd5d75b-vl9w8,web,35,,,,,web,,linkerd,outbound,,6b7cd5d75b,200,true,robot-shop,shipping.robot-shop.svc.cluster.local:8080,,linkerd,shipping,robot-shop,shipping-85c8bd8d95-nwfnb,85c8bd8d95,default,default.robot-shop.serviceaccount.identity.linkerd.cluster.local,,,shipping
1613873593.253,response_latency_ms_count,,,10.1.18.191:4191,linkerd-proxy,robot-shop,,web-6b7cd5d75b-vl9w8,web,38,,,,,web,,linkerd,outbound,,6b7cd5d75b,200,true,robot-shop,shipping.robot-shop.svc.cluster.local:8080,,linkerd,shipping,robot-shop,shipping-85c8bd8d95-nwfnb,85c8bd8d95,default,default.robot-shop.serviceaccount.identity.linkerd.cluster.local,,,shipping
1613873603.252,response_latency_ms_count,,,10.1.18.191:4191,linkerd-proxy,robot-shop,,web-6b7cd5d75b-vl9w8,web,51,,,,,web,,linkerd,outbound,,6b7cd5d75b,200,true,robot-shop,shipping.robot-shop.svc.cluster.local:8080,,linkerd,shipping,robot-shop,shipping-85c8bd8d95-nwfnb,85c8bd8d95,default,default.robot-shop.serviceaccount.identity.linkerd.cluster.local,,,shipping
1613873613.253,response_latency_ms_count,,,10.1.18.191:4191,linkerd-proxy,robot-shop,,web-6b7cd5d75b-vl9w8,web,51,,,,,web,,linkerd,outbound,,6b7cd5d75b,200,true,robot-shop,shipping.robot-shop.svc.cluster.local:8080,,linkerd,shipping,robot-shop,shipping-85c8bd8d95-nwfnb,85c8bd8d95,default,default.robot-shop.serviceaccount.identity.linkerd.cluster.local,,,shipping
1613873564.882,response_latency_ms_count,,,10.1.18.185:4191,linkerd-proxy,robot-shop,,catalogue-7f9d94b4db-9dxvq,catalogue,2554,,,,,catalogue,,linkerd,inbound,,7f9d94b4db,200,true,robot-shop,catalogue.robot-shop.svc.cluster.local:8080,default.robot-shop.serviceaccount.identity.linkerd.cluster.local,,,,,,,,,,
1613873574.882,response_latency_ms_count,,,10.1.18.185:4191,linkerd-proxy,robot-shop,,catalogue-7f9d94b4db-9dxvq,catalogue,2787,,,,,catalogue,,linkerd,inbound,,7f9d94b4db,200,true,robot-shop,catalogue.robot-shop.svc.cluster.local:8080,default.robot-shop.serviceaccount.identity.linkerd.cluster.local,,,,,,,,,,
1613873584.884,response_latency_ms_count,,,10.1.18.185:4191,linkerd-proxy,robot-shop,,catalogue-7f9d94b4db-9dxvq,catalogue,2882,,,,,catalogue,,linkerd,inbound,,7f9d94b4db,200,true,robot-shop,catalogue.robot-shop.svc.cluster.local:8080,default.robot-shop.serviceaccount.identity.linkerd.cluster.local,,,,,,,,,,
1613873594.882,response_latency_ms_count,,,10.1.18.185:4191,linkerd-proxy,robot-shop,,catalogue-7f9d94b4db-9dxvq,catalogue,3016,,,,,catalogue,,linkerd,inbound,,7f9d94b4db,200,true,robot-shop,catalogue.robot-shop.svc.cluster.local:8080,default.robot-shop.serviceaccount.identity.linkerd.cluster.local,,,,,,,,,,
1613873604.882,response_latency_ms_count,,,10.1.18.185:4191,linkerd-proxy,robot-shop,,catalogue-7f9d94b4db-9dxvq,catalogue,3090,,,,,catalogue,,linkerd,inbound,,7f9d94b4db,200,true,robot-shop,catalogue.robot-shop.svc.cluster.local:8080,default.robot-shop.serviceaccount.identity.linkerd.cluster.local,,,,,,,,,,
1613873614.882,response_latency_ms_count,,,10.1.18.185:4191,linkerd-proxy,robot-shop,,catalogue-7f9d94b4db-9dxvq,catalogue,3290,,,,,catalogue,,linkerd,inbound,,7f9d94b4db,200,true,robot-shop,catalogue.robot-shop.svc.cluster.local:8080,default.robot-shop.serviceaccount.identity.linkerd.cluster.local,,,,,,,,,,
1613873565.402,response_latency_ms_count,,,10.1.18.189:4191,linkerd-proxy,robot-shop,,shipping-85c8bd8d95-nwfnb,shipping,26,,,,,shipping,,linkerd,inbound,,85c8bd8d95,200,true,robot-shop,shipping.robot-shop.svc.cluster.local:8080,default.robot-shop.serviceaccount.identity.linkerd.cluster.local,,,,,,,,,,
1613873575.401,response_latency_ms_count,,,10.1.18.189:4191,linkerd-proxy,robot-shop,,shipping-85c8bd8d95-nwfnb,shipping,33,,,,,shipping,,linkerd,inbound,,85c8bd8d95,200,true,robot-shop,shipping.robot-shop.svc.cluster.local:8080,default.robot-shop.serviceaccount.identity.linkerd.cluster.local,,,,,,,,,,
1613873585.401,response_latency_ms_count,,,10.1.18.189:4191,linkerd-proxy,robot-shop,,shipping-85c8bd8d95-nwfnb,shipping,46,,,,,shipping,,linkerd,inbound,,85c8bd8d95,200,true,robot-shop,shipping.robot-shop.svc.cluster.local:8080,default.robot-shop.serviceaccount.identity.linkerd.cluster.local,,,,,,,,,,
1613873595.421,response_latency_ms_count,,,10.1.18.189:4191,linkerd-proxy,robot-shop,,shipping-85c8bd8d95-nwfnb,shipping,52,,,,,shipping,,linkerd,inbound,,85c8bd8d95,200,true,robot-shop,shipping.robot-shop.svc.cluster.local:8080,default.robot-shop.serviceaccount.identity.linkerd.cluster.local,,,,,,,,,,
1613873605.401,response_latency_ms_count,,,10.1.18.189:4191,linkerd-proxy,robot-shop,,shipping-85c8bd8d95-nwfnb,shipping,66,,,,,shipping,,linkerd,inbound,,85c8bd8d95,200,true,robot-shop,shipping.robot-shop.svc.cluster.local:8080,default.robot-shop.serviceaccount.identity.linkerd.cluster.local,,,,,,,,,,
1613873615.401,response_latency_ms_count,,,10.1.18.189:4191,linkerd-proxy,robot-shop,,shipping-85c8bd8d95-nwfnb,shipping,66,,,,,shipping,,linkerd,inbound,,85c8bd8d95,200,true,robot-shop,shipping.robot-shop.svc.cluster.local:8080,default.robot-shop.serviceaccount.identity.linkerd.cluster.local,,,,,,,,,,
1613873566.369,response_latency_ms_count,,,10.1.18.184:4191,linkerd-proxy,robot-shop,,cart-5c4fff577-tcf95,cart,1525,,,,,cart,,linkerd,inbound,,5c4fff577,200,true,robot-shop,cart.robot-shop.svc.cluster.local:8080,default.robot-shop.serviceaccount.identity.linkerd.cluster.local,,,,,,,,,,
1613873576.367,response_latency_ms_count,,,10.1.18.184:4191,linkerd-proxy,robot-shop,,cart-5c4fff577-tcf95,cart,1575,,,,,cart,,linkerd,inbound,,5c4fff577,200,true,robot-shop,cart.robot-shop.svc.cluster.local:8080,default.robot-shop.serviceaccount.identity.linkerd.cluster.local,,,,,,,,,,
1613873586.366,response_latency_ms_count,,,10.1.18.184:4191,linkerd-proxy,robot-shop,,cart-5c4fff577-tcf95,cart,1674,,,,,cart,,linkerd,inbound,,5c4fff577,200,true,robot-shop,cart.robot-shop.svc.cluster.local:8080,default.robot-shop.serviceaccount.identity.linkerd.cluster.local,,,,,,,,,,
1613873596.371,response_latency_ms_count,,,10.1.18.184:4191,linkerd-proxy,robot-shop,,cart-5c4fff577-tcf95,cart,1827,,,,,cart,,linkerd,inbound,,5c4fff577,200,true,robot-shop,cart.robot-shop.svc.cluster.local:8080,default.robot-shop.serviceaccount.identity.linkerd.cluster.local,,,,,,,,,,
1613873606.366,response_latency_ms_count,,,10.1.18.184:4191,linkerd-proxy,robot-shop,,cart-5c4fff577-tcf95,cart,1829,,,,,cart,,linkerd,inbound,,5c4fff577,200,true,robot-shop,cart.robot-shop.svc.cluster.local:8080,default.robot-shop.serviceaccount.identity.linkerd.cluster.local,,,,,,,,,,
1613873616.366,response_latency_ms_count,,,10.1.18.184:4191,linkerd-proxy,robot-shop,,cart-5c4fff577-tcf95,cart,1839,,,,,cart,,linkerd,inbound,,5c4fff577,200,true,robot-shop,cart.robot-shop.svc.cluster.local:8080,default.robot-shop.serviceaccount.identity.linkerd.cluster.local,,,,,,,,,,
1613873566.369,response_latency_ms_count,,,10.1.18.184:4191,linkerd-proxy,robot-shop,,cart-5c4fff577-tcf95,cart,794,,,,,cart,,linkerd,outbound,,5c4fff577,200,true,robot-shop,catalogue.robot-shop.svc.cluster.local:8080,,linkerd,catalogue,robot-shop,catalogue-7f9d94b4db-9dxvq,7f9d94b4db,default,default.robot-shop.serviceaccount.identity.linkerd.cluster.local,,,catalogue
1613873576.367,response_latency_ms_count,,,10.1.18.184:4191,linkerd-proxy,robot-shop,,cart-5c4fff577-tcf95,cart,816,,,,,cart,,linkerd,outbound,,5c4fff577,200,true,robot-shop,catalogue.robot-shop.svc.cluster.local:8080,,linkerd,catalogue,robot-shop,catalogue-7f9d94b4db-9dxvq,7f9d94b4db,default,default.robot-shop.serviceaccount.identity.linkerd.cluster.local,,,catalogue
1613873586.366,response_latency_ms_count,,,10.1.18.184:4191,linkerd-proxy,robot-shop,,cart-5c4fff577-tcf95,cart,840,,,,,cart,,linkerd,outbound,,5c4fff577,200,true,robot-shop,catalogue.robot-shop.svc.cluster.local:8080,,linkerd,catalogue,robot-shop,catalogue-7f9d94b4db-9dxvq,7f9d94b4db,default,default.robot-shop.serviceaccount.identity.linkerd.cluster.local,,,catalogue
1613873596.371,response_latency_ms_count,,,10.1.18.184:4191,linkerd-proxy,robot-shop,,cart-5c4fff577-tcf95,cart,874,,,,,cart,,linkerd,outbound,,5c4fff577,200,true,robot-shop,catalogue.robot-shop.svc.cluster.local:8080,,linkerd,catalogue,robot-shop,catalogue-7f9d94b4db-9dxvq,7f9d94b4db,default,default.robot-shop.serviceaccount.identity.linkerd.cluster.local,,,catalogue
1613873606.366,response_latency_ms_count,,,10.1.18.184:4191,linkerd-proxy,robot-shop,,cart-5c4fff577-tcf95,cart,875,,,,,cart,,linkerd,outbound,,5c4fff577,200,true,robot-shop,catalogue.robot-shop.svc.cluster.local:8080,,linkerd,catalogue,robot-shop,catalogue-7f9d94b4db-9dxvq,7f9d94b4db,default,default.robot-shop.serviceaccount.identity.linkerd.cluster.local,,,catalogue
1613873616.366,response_latency_ms_count,,,10.1.18.184:4191,linkerd-proxy,robot-shop,,cart-5c4fff577-tcf95,cart,877,,,,,cart,,linkerd,outbound,,5c4fff577,200,true,robot-shop,catalogue.robot-shop.svc.cluster.local:8080,,linkerd,catalogue,robot-shop,catalogue-7f9d94b4db-9dxvq,7f9d94b4db,default,default.robot-shop.serviceaccount.identity.linkerd.cluster.local,,,catalogue
1613873571.955,response_latency_ms_count,,,10.1.18.188:4191,linkerd-proxy,robot-shop,,ratings-57874f848b-g4dvs,ratings,0,,,,,ratings,,linkerd,inbound,,57874f848b,,true,robot-shop,ratings.robot-shop.svc.cluster.local,default.robot-shop.serviceaccount.identity.linkerd.cluster.local,,,,,,,,,,
1613873581.955,response_latency_ms_count,,,10.1.18.188:4191,linkerd-proxy,robot-shop,,ratings-57874f848b-g4dvs,ratings,0,,,,,ratings,,linkerd,inbound,,57874f848b,,true,robot-shop,ratings.robot-shop.svc.cluster.local,default.robot-shop.serviceaccount.identity.linkerd.cluster.local,,,,,,,,,,
1613873591.956,response_latency_ms_count,,,10.1.18.188:4191,linkerd-proxy,robot-shop,,ratings-57874f848b-g4dvs,ratings,0,,,,,ratings,,linkerd,inbound,,57874f848b,,true,robot-shop,ratings.robot-shop.svc.cluster.local,default.robot-shop.serviceaccount.identity.linkerd.cluster.local,,,,,,,,,,
1613873601.956,response_latency_ms_count,,,10.1.18.188:4191,linkerd-proxy,robot-shop,,ratings-57874f848b-g4dvs,ratings,0,,,,,ratings,,linkerd,inbound,,57874f848b,,true,robot-shop,ratings.robot-shop.svc.cluster.local,default.robot-shop.serviceaccount.identity.linkerd.cluster.local,,,,,,,,,,
1613873611.955,response_latency_ms_count,,,10.1.18.188:4191,linkerd-proxy,robot-shop,,ratings-57874f848b-g4dvs,ratings,0,,,,,ratings,,linkerd,inbound,,57874f848b,,true,robot-shop,ratings.robot-shop.svc.cluster.local,default.robot-shop.serviceaccount.identity.linkerd.cluster.local,,,,,,,,,,
1613873621.955,response_latency_ms_count,,,10.1.18.188:4191,linkerd-proxy,robot-shop,,ratings-57874f848b-g4dvs,ratings,0,,,,,ratings,,linkerd,inbound,,57874f848b,,true,robot-shop,ratings.robot-shop.svc.cluster.local,default.robot-shop.serviceaccount.identity.linkerd.cluster.local,,,,,,,,,,
1613873563.253,response_latency_ms_count,,,10.1.18.191:4191,linkerd-proxy,robot-shop,,web-6b7cd5d75b-vl9w8,web,477,,,,,web,,linkerd,inbound,no_tls_from_remote,6b7cd5d75b,502,no_identity,robot-shop,localhost:30651,,,,,,,,,,,
1613873573.253,response_latency_ms_count,,,10.1.18.191:4191,linkerd-proxy,robot-shop,,web-6b7cd5d75b-vl9w8,web,477,,,,,web,,linkerd,inbound,no_tls_from_remote,6b7cd5d75b,502,no_identity,robot-shop,localhost:30651,,,,,,,,,,,
1613873583.253,response_latency_ms_count,,,10.1.18.191:4191,linkerd-proxy,robot-shop,,web-6b7cd5d75b-vl9w8,web,477,,,,,web,,linkerd,inbound,no_tls_from_remote,6b7cd5d75b,502,no_identity,robot-shop,localhost:30651,,,,,,,,,,,
1613873593.253,response_latency_ms_count,,,10.1.18.191:4191,linkerd-proxy,robot-shop,,web-6b7cd5d75b-vl9w8,web,541,,,,,web,,linkerd,inbound,no_tls_from_remote,6b7cd5d75b,502,no_identity,robot-shop,localhost:30651,,,,,,,,,,,
1613873603.252,response_latency_ms_count,,,10.1.18.191:4191,linkerd-proxy,robot-shop,,web-6b7cd5d75b-vl9w8,web,571,,,,,web,,linkerd,inbound,no_tls_from_remote,6b7cd5d75b,502,no_identity,robot-shop,localhost:30651,,,,,,,,,,,
1613873613.253,response_latency_ms_count,,,10.1.18.191:4191,linkerd-proxy,robot-shop,,web-6b7cd5d75b-vl9w8,web,604,,,,,web,,linkerd,inbound,no_tls_from_remote,6b7cd5d75b,502,no_identity,robot-shop,localhost:30651,,,,,,,,,,,
1613873563.253,response_latency_ms_count,,,10.1.18.191:4191,linkerd-proxy,robot-shop,,web-6b7cd5d75b-vl9w8,web,783,,,,,web,,linkerd,inbound,no_tls_from_remote,6b7cd5d75b,503,no_identity,robot-shop,localhost:30651,,,,,,,,,,,
1613873573.253,response_latency_ms_count,,,10.1.18.191:4191,linkerd-proxy,robot-shop,,web-6b7cd5d75b-vl9w8,web,783,,,,,web,,linkerd,inbound,no_tls_from_remote,6b7cd5d75b,503,no_identity,robot-shop,localhost:30651,,,,,,,,,,,
1613873583.253,response_latency_ms_count,,,10.1.18.191:4191,linkerd-proxy,robot-shop,,web-6b7cd5d75b-vl9w8,web,783,,,,,web,,linkerd,inbound,no_tls_from_remote,6b7cd5d75b,503,no_identity,robot-shop,localhost:30651,,,,,,,,,,,
1613873593.253,response_latency_ms_count,,,10.1.18.191:4191,linkerd-proxy,robot-shop,,web-6b7cd5d75b-vl9w8,web,799,,,,,web,,linkerd,inbound,no_tls_from_remote,6b7cd5d75b,503,no_identity,robot-shop,localhost:30651,,,,,,,,,,,
1613873603.252,response_latency_ms_count,,,10.1.18.191:4191,linkerd-proxy,robot-shop,,web-6b7cd5d75b-vl9w8,web,799,,,,,web,,linkerd,inbound,no_tls_from_remote,6b7cd5d75b,503,no_identity,robot-shop,localhost:30651,,,,,,,,,,,
1613873613.253,response_latency_ms_count,,,10.1.18.191:4191,linkerd-proxy,robot-shop,,web-6b7cd5d75b-vl9w8,web,799,,,,,web,,linkerd,inbound,no_tls_from_remote,6b7cd5d75b,503,no_identity,robot-shop,localhost:30651,,,,,,,,,,,
1613873563.253,response_latency_ms_count,,,10.1.18.191:4191,linkerd-proxy,robot-shop,,web-6b7cd5d75b-vl9w8,web,323,,,,,web,,linkerd,outbound,,6b7cd5d75b,502,true,robot-shop,ratings.robot-shop.svc.cluster.local,,linkerd,ratings,robot-shop,ratings-57874f848b-g4dvs,57874f848b,default,default.robot-shop.serviceaccount.identity.linkerd.cluster.local,,,ratings
1613873573.253,response_latency_ms_count,,,10.1.18.191:4191,linkerd-proxy,robot-shop,,web-6b7cd5d75b-vl9w8,web,323,,,,,web,,linkerd,outbound,,6b7cd5d75b,502,true,robot-shop,ratings.robot-shop.svc.cluster.local,,linkerd,ratings,robot-shop,ratings-57874f848b-g4dvs,57874f848b,default,default.robot-shop.serviceaccount.identity.linkerd.cluster.local,,,ratings
1613873583.253,response_latency_ms_count,,,10.1.18.191:4191,linkerd-proxy,robot-shop,,web-6b7cd5d75b-vl9w8,web,323,,,,,web,,linkerd,outbound,,6b7cd5d75b,502,true,robot-shop,ratings.robot-shop.svc.cluster.local,,linkerd,ratings,robot-shop,ratings-57874f848b-g4dvs,57874f848b,default,default.robot-shop.serviceaccount.identity.linkerd.cluster.local,,,ratings
1613873593.253,response_latency_ms_count,,,10.1.18.191:4191,linkerd-proxy,robot-shop,,web-6b7cd5d75b-vl9w8,web,352,,,,,web,,linkerd,outbound,,6b7cd5d75b,502,true,robot-shop,ratings.robot-shop.svc.cluster.local,,linkerd,ratings,robot-shop,ratings-57874f848b-g4dvs,57874f848b,default,default.robot-shop.serviceaccount.identity.linkerd.cluster.local,,,ratings
1613873603.252,response_latency_ms_count,,,10.1.18.191:4191,linkerd-proxy,robot-shop,,web-6b7cd5d75b-vl9w8,web,352,,,,,web,,linkerd,outbound,,6b7cd5d75b,502,true,robot-shop,ratings.robot-shop.svc.cluster.local,,linkerd,ratings,robot-shop,ratings-57874f848b-g4dvs,57874f848b,default,default.robot-shop.serviceaccount.identity.linkerd.cluster.local,,,ratings
1613873613.253,response_latency_ms_count,,,10.1.18.191:4191,linkerd-proxy,robot-shop,,web-6b7cd5d75b-vl9w8,web,352,,,,,web,,linkerd,outbound,,6b7cd5d75b,502,true,robot-shop,ratings.robot-shop.svc.cluster.local,,linkerd,ratings,robot-shop,ratings-57874f848b-g4dvs,57874f848b,default,default.robot-shop.serviceaccount.identity.linkerd.cluster.local,,,ratings
1613873563.253,response_latency_ms_count,,,10.1.18.191:4191,linkerd-proxy,robot-shop,,web-6b7cd5d75b-vl9w8,web,0,,,,,web,,linkerd,outbound,,6b7cd5d75b,,true,robot-shop,ratings.robot-shop.svc.cluster.local,,linkerd,ratings,robot-shop,ratings-57874f848b-g4dvs,57874f848b,default,default.robot-shop.serviceaccount.identity.linkerd.cluster.local,,,ratings
1613873573.253,response_latency_ms_count,,,10.1.18.191:4191,linkerd-proxy,robot-shop,,web-6b7cd5d75b-vl9w8,web,0,,,,,web,,linkerd,outbound,,6b7cd5d75b,,true,robot-shop,ratings.robot-shop.svc.cluster.local,,linkerd,ratings,robot-shop,ratings-57874f848b-g4dvs,57874f848b,default,default.robot-shop.serviceaccount.identity.linkerd.cluster.local,,,ratings
1613873583.253,response_latency_ms_count,,,10.1.18.191:4191,linkerd-proxy,robot-shop,,web-6b7cd5d75b-vl9w8,web,0,,,,,web,,linkerd,outbound,,6b7cd5d75b,,true,robot-shop,ratings.robot-shop.svc.cluster.local,,linkerd,ratings,robot-shop,ratings-57874f848b-g4dvs,57874f848b,default,default.robot-shop.serviceaccount.identity.linkerd.cluster.local,,,ratings
1613873593.253,response_latency_ms_count,,,10.1.18.191:4191,linkerd-proxy,robot-shop,,web-6b7cd5d75b-vl9w8,web,0,,,,,web,,linkerd,outbound,,6b7cd5d75b,,true,robot-shop,ratings.robot-shop.svc.cluster.local,,linkerd,ratings,robot-shop,ratings-57874f848b-g4dvs,57874f848b,default,default.robot-shop.serviceaccount.identity.linkerd.cluster.local,,,ratings
1613873603.252,response_latency_ms_count,,,10.1.18.191:4191,linkerd-proxy,robot-shop,,web-6b7cd5d75b-vl9w8,web,0,,,,,web,,linkerd,outbound,,6b7cd5d75b,,true,robot-shop,ratings.robot-shop.svc.cluster.local,,linkerd,ratings,robot-shop,ratings-57874f848b-g4dvs,57874f848b,default,default.robot-shop.serviceaccount.identity.linkerd.cluster.local,,,ratings
1613873613.253,response_latency_ms_count,,,10.1.18.191:4191,linkerd-proxy,robot-shop,,web-6b7cd5d75b-vl9w8,web,0,,,,,web,,linkerd,outbound,,6b7cd5d75b,,true,robot-shop,ratings.robot-shop.svc.cluster.local,,linkerd,ratings,robot-shop,ratings-57874f848b-g4dvs,57874f848b,default,default.robot-shop.serviceaccount.identity.linkerd.cluster.local,,,ratings
1613873563.253,response_latency_ms_count,,,10.1.18.191:4191,linkerd-proxy,robot-shop,,web-6b7cd5d75b-vl9w8,web,149,,,,,web,,linkerd,outbound,,6b7cd5d75b,502,true,robot-shop,shipping.robot-shop.svc.cluster.local:8080,,linkerd,shipping,robot-shop,shipping-85c8bd8d95-nwfnb,85c8bd8d95,default,default.robot-shop.serviceaccount.identity.linkerd.cluster.local,,,shipping
1613873573.253,response_latency_ms_count,,,10.1.18.191:4191,linkerd-proxy,robot-shop,,web-6b7cd5d75b-vl9w8,web,149,,,,,web,,linkerd,outbound,,6b7cd5d75b,502,true,robot-shop,shipping.robot-shop.svc.cluster.local:8080,,linkerd,shipping,robot-shop,shipping-85c8bd8d95-nwfnb,85c8bd8d95,default,default.robot-shop.serviceaccount.identity.linkerd.cluster.local,,,shipping
1613873583.253,response_latency_ms_count,,,10.1.18.191:4191,linkerd-proxy,robot-shop,,web-6b7cd5d75b-vl9w8,web,149,,,,,web,,linkerd,outbound,,6b7cd5d75b,502,true,robot-shop,shipping.robot-shop.svc.cluster.local:8080,,linkerd,shipping,robot-shop,shipping-85c8bd8d95-nwfnb,85c8bd8d95,default,default.robot-shop.serviceaccount.identity.linkerd.cluster.local,,,shipping
1613873593.253,response_latency_ms_count,,,10.1.18.191:4191,linkerd-proxy,robot-shop,,web-6b7cd5d75b-vl9w8,web,149,,,,,web,,linkerd,outbound,,6b7cd5d75b,502,true,robot-shop,shipping.robot-shop.svc.cluster.local:8080,,linkerd,shipping,robot-shop,shipping-85c8bd8d95-nwfnb,85c8bd8d95,default,default.robot-shop.serviceaccount.identity.linkerd.cluster.local,,,shipping
1613873603.252,response_latency_ms_count,,,10.1.18.191:4191,linkerd-proxy,robot-shop,,web-6b7cd5d75b-vl9w8,web,149,,,,,web,,linkerd,outbound,,6b7cd5d75b,502,true,robot-shop,shipping.robot-shop.svc.cluster.local:8080,,linkerd,shipping,robot-shop,shipping-85c8bd8d95-nwfnb,85c8bd8d95,default,default.robot-shop.serviceaccount.identity.linkerd.cluster.local,,,shipping
1613873613.253,response_latency_ms_count,,,10.1.18.191:4191,linkerd-proxy,robot-shop,,web-6b7cd5d75b-vl9w8,web,182,,,,,web,,linkerd,outbound,,6b7cd5d75b,502,true,robot-shop,shipping.robot-shop.svc.cluster.local:8080,,linkerd,shipping,robot-shop,shipping-85c8bd8d95-nwfnb,85c8bd8d95,default,default.robot-shop.serviceaccount.identity.linkerd.cluster.local,,,shipping
1613873565.402,response_latency_ms_count,,,10.1.18.189:4191,linkerd-proxy,robot-shop,,shipping-85c8bd8d95-nwfnb,shipping,0,,,,,shipping,,linkerd,inbound,,85c8bd8d95,,true,robot-shop,shipping.robot-shop.svc.cluster.local:8080,default.robot-shop.serviceaccount.identity.linkerd.cluster.local,,,,,,,,,,
1613873575.401,response_latency_ms_count,,,10.1.18.189:4191,linkerd-proxy,robot-shop,,shipping-85c8bd8d95-nwfnb,shipping,0,,,,,shipping,,linkerd,inbound,,85c8bd8d95,,true,robot-shop,shipping.robot-shop.svc.cluster.local:8080,default.robot-shop.serviceaccount.identity.linkerd.cluster.local,,,,,,,,,,
1613873585.401,response_latency_ms_count,,,10.1.18.189:4191,linkerd-proxy,robot-shop,,shipping-85c8bd8d95-nwfnb,shipping,0,,,,,shipping,,linkerd,inbound,,85c8bd8d95,,true,robot-shop,shipping.robot-shop.svc.cluster.local:8080,default.robot-shop.serviceaccount.identity.linkerd.cluster.local,,,,,,,,,,
1613873595.421,response_latency_ms_count,,,10.1.18.189:4191,linkerd-proxy,robot-shop,,shipping-85c8bd8d95-nwfnb,shipping,0,,,,,shipping,,linkerd,inbound,,85c8bd8d95,,true,robot-shop,shipping.robot-shop.svc.cluster.local:8080,default.robot-shop.serviceaccount.identity.linkerd.cluster.local,,,,,,,,,,
1613873605.401,response_latency_ms_count,,,10.1.18.189:4191,linkerd-proxy,robot-shop,,shipping-85c8bd8d95-nwfnb,shipping,0,,,,,shipping,,linkerd,inbound,,85c8bd8d95,,true,robot-shop,shipping.robot-shop.svc.cluster.local:8080,default.robot-shop.serviceaccount.identity.linkerd.cluster.local,,,,,,,,,,
1613873615.401,response_latency_ms_count,,,10.1.18.189:4191,linkerd-proxy,robot-shop,,shipping-85c8bd8d95-nwfnb,shipping,0,,,,,shipping,,linkerd,inbound,,85c8bd8d95,,true,robot-shop,shipping.robot-shop.svc.cluster.local:8080,default.robot-shop.serviceaccount.identity.linkerd.cluster.local,,,,,,,,,,
1613873571.955,response_latency_ms_count,,,10.1.18.188:4191,linkerd-proxy,robot-shop,,ratings-57874f848b-g4dvs,ratings,0,,,,,ratings,,linkerd,inbound,no_tls_from_remote,57874f848b,,no_identity,robot-shop,,,,,,,,,,,,
1613873581.955,response_latency_ms_count,,,10.1.18.188:4191,linkerd-proxy,robot-shop,,ratings-57874f848b-g4dvs,ratings,0,,,,,ratings,,linkerd,inbound,no_tls_from_remote,57874f848b,,no_identity,robot-shop,,,,,,,,,,,,
1613873591.956,response_latency_ms_count,,,10.1.18.188:4191,linkerd-proxy,robot-shop,,ratings-57874f848b-g4dvs,ratings,0,,,,,ratings,,linkerd,inbound,no_tls_from_remote,57874f848b,,no_identity,robot-shop,,,,,,,,,,,,
1613873601.956,response_latency_ms_count,,,10.1.18.188:4191,linkerd-proxy,robot-shop,,ratings-57874f848b-g4dvs,ratings,0,,,,,ratings,,linkerd,inbound,no_tls_from_remote,57874f848b,,no_identity,robot-shop,,,,,,,,,,,,
1613873611.955,response_latency_ms_count,,,10.1.18.188:4191,linkerd-proxy,robot-shop,,ratings-57874f848b-g4dvs,ratings,0,,,,,ratings,,linkerd,inbound,no_tls_from_remote,57874f848b,,no_identity,robot-shop,,,,,,,,,,,,
1613873621.955,response_latency_ms_count,,,10.1.18.188:4191,linkerd-proxy,robot-shop,,ratings-57874f848b-g4dvs,ratings,0,,,,,ratings,,linkerd,inbound,no_tls_from_remote,57874f848b,,no_identity,robot-shop,,,,,,,,,,,,
1613873571.012,response_latency_ms_count,,,10.1.7.224:4191,linkerd-proxy,linkerd,,linkerd-prometheus-5bccd64d4d-jzwmt,,31,,,,,linkerd-prometheus,prometheus,linkerd,outbound,,5bccd64d4d,200,true,linkerd,10.1.18.194:4191,,linkerd,dispatch,robot-shop,dispatch-54f9f7c88b-tsk66,54f9f7c88b,default,default.robot-shop.serviceaccount.identity.linkerd.cluster.local,,,
1613873581.012,response_latency_ms_count,,,10.1.7.224:4191,linkerd-proxy,linkerd,,linkerd-prometheus-5bccd64d4d-jzwmt,,32,,,,,linkerd-prometheus,prometheus,linkerd,outbound,,5bccd64d4d,200,true,linkerd,10.1.18.194:4191,,linkerd,dispatch,robot-shop,dispatch-54f9f7c88b-tsk66,54f9f7c88b,default,default.robot-shop.serviceaccount.identity.linkerd.cluster.local,,,
1613873591.011,response_latency_ms_count,,,10.1.7.224:4191,linkerd-proxy,linkerd,,linkerd-prometheus-5bccd64d4d-jzwmt,,33,,,,,linkerd-prometheus,prometheus,linkerd,outbound,,5bccd64d4d,200,true,linkerd,10.1.18.194:4191,,linkerd,dispatch,robot-shop,dispatch-54f9f7c88b-tsk66,54f9f7c88b,default,default.robot-shop.serviceaccount.identity.linkerd.cluster.local,,,
1613873601.012,response_latency_ms_count,,,10.1.7.224:4191,linkerd-proxy,linkerd,,linkerd-prometheus-5bccd64d4d-jzwmt,,34,,,,,linkerd-prometheus,prometheus,linkerd,outbound,,5bccd64d4d,200,true,linkerd,10.1.18.194:4191,,linkerd,dispatch,robot-shop,dispatch-54f9f7c88b-tsk66,54f9f7c88b,default,default.robot-shop.serviceaccount.identity.linkerd.cluster.local,,,
1613873611.012,response_latency_ms_count,,,10.1.7.224:4191,linkerd-proxy,linkerd,,linkerd-prometheus-5bccd64d4d-jzwmt,,35,,,,,linkerd-prometheus,prometheus,linkerd,outbound,,5bccd64d4d,200,true,linkerd,10.1.18.194:4191,,linkerd,dispatch,robot-shop,dispatch-54f9f7c88b-tsk66,54f9f7c88b,default,default.robot-shop.serviceaccount.identity.linkerd.cluster.local,,,
1613873571.012,response_latency_ms_count,,,10.1.7.224:4191,linkerd-proxy,linkerd,,linkerd-prometheus-5bccd64d4d-jzwmt,,31,,,,,linkerd-prometheus,prometheus,linkerd,outbound,,5bccd64d4d,200,true,linkerd,10.1.18.197:4191,,linkerd,shipping,robot-shop,shipping-85c8bd8d95-fm6ps,85c8bd8d95,default,default.robot-shop.serviceaccount.identity.linkerd.cluster.local,,,
1613873581.012,response_latency_ms_count,,,10.1.7.224:4191,linkerd-proxy,linkerd,,linkerd-prometheus-5bccd64d4d-jzwmt,,32,,,,,linkerd-prometheus,prometheus,linkerd,outbound,,5bccd64d4d,200,true,linkerd,10.1.18.197:4191,,linkerd,shipping,robot-shop,shipping-85c8bd8d95-fm6ps,85c8bd8d95,default,default.robot-shop.serviceaccount.identity.linkerd.cluster.local,,,
1613873591.011,response_latency_ms_count,,,10.1.7.224:4191,linkerd-proxy,linkerd,,linkerd-prometheus-5bccd64d4d-jzwmt,,33,,,,,linkerd-prometheus,prometheus,linkerd,outbound,,5bccd64d4d,200,true,linkerd,10.1.18.197:4191,,linkerd,shipping,robot-shop,shipping-85c8bd8d95-fm6ps,85c8bd8d95,default,default.robot-shop.serviceaccount.identity.linkerd.cluster.local,,,
1613873601.012,response_latency_ms_count,,,10.1.7.224:4191,linkerd-proxy,linkerd,,linkerd-prometheus-5bccd64d4d-jzwmt,,34,,,,,linkerd-prometheus,prometheus,linkerd,outbound,,5bccd64d4d,200,true,linkerd,10.1.18.197:4191,,linkerd,shipping,robot-shop,shipping-85c8bd8d95-fm6ps,85c8bd8d95,default,default.robot-shop.serviceaccount.identity.linkerd.cluster.local,,,
1613873611.012,response_latency_ms_count,,,10.1.7.224:4191,linkerd-proxy,linkerd,,linkerd-prometheus-5bccd64d4d-jzwmt,,35,,,,,linkerd-prometheus,prometheus,linkerd,outbound,,5bccd64d4d,200,true,linkerd,10.1.18.197:4191,,linkerd,shipping,robot-shop,shipping-85c8bd8d95-fm6ps,85c8bd8d95,default,default.robot-shop.serviceaccount.identity.linkerd.cluster.local,,,
1613873571.012,response_latency_ms_count,,,10.1.7.224:4191,linkerd-proxy,linkerd,,linkerd-prometheus-5bccd64d4d-jzwmt,,31,,,,,linkerd-prometheus,prometheus,linkerd,outbound,,5bccd64d4d,200,true,linkerd,10.1.18.199:4191,,linkerd,web,robot-shop,web-6b7cd5d75b-cq4k9,6b7cd5d75b,default,default.robot-shop.serviceaccount.identity.linkerd.cluster.local,,,
1613873581.012,response_latency_ms_count,,,10.1.7.224:4191,linkerd-proxy,linkerd,,linkerd-prometheus-5bccd64d4d-jzwmt,,32,,,,,linkerd-prometheus,prometheus,linkerd,outbound,,5bccd64d4d,200,true,linkerd,10.1.18.199:4191,,linkerd,web,robot-shop,web-6b7cd5d75b-cq4k9,6b7cd5d75b,default,default.robot-shop.serviceaccount.identity.linkerd.cluster.local,,,
1613873591.011,response_latency_ms_count,,,10.1.7.224:4191,linkerd-proxy,linkerd,,linkerd-prometheus-5bccd64d4d-jzwmt,,33,,,,,linkerd-prometheus,prometheus,linkerd,outbound,,5bccd64d4d,200,true,linkerd,10.1.18.199:4191,,linkerd,web,robot-shop,web-6b7cd5d75b-cq4k9,6b7cd5d75b,default,default.robot-shop.serviceaccount.identity.linkerd.cluster.local,,,
1613873601.012,response_latency_ms_count,,,10.1.7.224:4191,linkerd-proxy,linkerd,,linkerd-prometheus-5bccd64d4d-jzwmt,,34,,,,,linkerd-prometheus,prometheus,linkerd,outbound,,5bccd64d4d,200,true,linkerd,10.1.18.199:4191,,linkerd,web,robot-shop,web-6b7cd5d75b-cq4k9,6b7cd5d75b,default,default.robot-shop.serviceaccount.identity.linkerd.cluster.local,,,
1613873611.012,response_latency_ms_count,,,10.1.7.224:4191,linkerd-proxy,linkerd,,linkerd-prometheus-5bccd64d4d-jzwmt,,35,,,,,linkerd-prometheus,prometheus,linkerd,outbound,,5bccd64d4d,200,true,linkerd,10.1.18.199:4191,,linkerd,web,robot-shop,web-6b7cd5d75b-cq4k9,6b7cd5d75b,default,default.robot-shop.serviceaccount.identity.linkerd.cluster.local,,,
1613873564.731,response_latency_ms_count,,,10.1.18.193:4191,linkerd-proxy,robot-shop,,catalogue-7f9d94b4db-pvr5l,catalogue,0,,,,,catalogue,,linkerd,outbound,not_provided_by_service_discovery,7f9d94b4db,,no_identity,robot-shop,10.1.0.1:42699,,,,,,,,,,,
1613873574.731,response_latency_ms_count,,,10.1.18.193:4191,linkerd-proxy,robot-shop,,catalogue-7f9d94b4db-pvr5l,catalogue,0,,,,,catalogue,,linkerd,outbound,not_provided_by_service_discovery,7f9d94b4db,,no_identity,robot-shop,10.1.0.1:42699,,,,,,,,,,,
1613873584.731,response_latency_ms_count,,,10.1.18.193:4191,linkerd-proxy,robot-shop,,catalogue-7f9d94b4db-pvr5l,catalogue,0,,,,,catalogue,,linkerd,outbound,not_provided_by_service_discovery,7f9d94b4db,,no_identity,robot-shop,10.1.0.1:42699,,,,,,,,,,,
1613873594.732,response_latency_ms_count,,,10.1.18.193:4191,linkerd-proxy,robot-shop,,catalogue-7f9d94b4db-pvr5l,catalogue,0,,,,,catalogue,,linkerd,outbound,not_provided_by_service_discovery,7f9d94b4db,,no_identity,robot-shop,10.1.0.1:42699,,,,,,,,,,,
1613873604.731,response_latency_ms_count,,,10.1.18.193:4191,linkerd-proxy,robot-shop,,catalogue-7f9d94b4db-pvr5l,catalogue,0,,,,,catalogue,,linkerd,outbound,not_provided_by_service_discovery,7f9d94b4db,,no_identity,robot-shop,10.1.0.1:42699,,,,,,,,,,,
1613873614.731,response_latency_ms_count,,,10.1.18.193:4191,linkerd-proxy,robot-shop,,catalogue-7f9d94b4db-pvr5l,catalogue,0,,,,,catalogue,,linkerd,outbound,not_provided_by_service_discovery,7f9d94b4db,,no_identity,robot-shop,10.1.0.1:42699,,,,,,,,,,,
1613873567.071,response_latency_ms_count,,,10.1.18.197:4191,linkerd-proxy,robot-shop,,shipping-85c8bd8d95-fm6ps,shipping,0,,,,,shipping,,linkerd,inbound,no_tls_from_remote,85c8bd8d95,,no_identity,robot-shop,,,,,,,,,,,,
1613873577.071,response_latency_ms_count,,,10.1.18.197:4191,linkerd-proxy,robot-shop,,shipping-85c8bd8d95-fm6ps,shipping,0,,,,,shipping,,linkerd,inbound,no_tls_from_remote,85c8bd8d95,,no_identity,robot-shop,,,,,,,,,,,,
1613873587.074,response_latency_ms_count,,,10.1.18.197:4191,linkerd-proxy,robot-shop,,shipping-85c8bd8d95-fm6ps,shipping,0,,,,,shipping,,linkerd,inbound,no_tls_from_remote,85c8bd8d95,,no_identity,robot-shop,,,,,,,,,,,,
1613873597.069,response_latency_ms_count,,,10.1.18.197:4191,linkerd-proxy,robot-shop,,shipping-85c8bd8d95-fm6ps,shipping,0,,,,,shipping,,linkerd,inbound,no_tls_from_remote,85c8bd8d95,,no_identity,robot-shop,,,,,,,,,,,,
1613873607.07,response_latency_ms_count,,,10.1.18.197:4191,linkerd-proxy,robot-shop,,shipping-85c8bd8d95-fm6ps,shipping,0,,,,,shipping,,linkerd,inbound,no_tls_from_remote,85c8bd8d95,,no_identity,robot-shop,,,,,,,,,,,,
1613873617.069,response_latency_ms_count,,,10.1.18.197:4191,linkerd-proxy,robot-shop,,shipping-85c8bd8d95-fm6ps,shipping,0,,,,,shipping,,linkerd,inbound,no_tls_from_remote,85c8bd8d95,,no_identity,robot-shop,,,,,,,,,,,,
1613873567.612,response_latency_ms_count,,,10.1.18.192:4191,linkerd-proxy,robot-shop,,cart-5c4fff577-qbhqr,cart,0,,,,,cart,,linkerd,outbound,not_provided_by_service_discovery,5c4fff577,,no_identity,robot-shop,10.1.0.1:42699,,,,,,,,,,,
1613873577.612,response_latency_ms_count,,,10.1.18.192:4191,linkerd-proxy,robot-shop,,cart-5c4fff577-qbhqr,cart,0,,,,,cart,,linkerd,outbound,not_provided_by_service_discovery,5c4fff577,,no_identity,robot-shop,10.1.0.1:42699,,,,,,,,,,,
1613873587.612,response_latency_ms_count,,,10.1.18.192:4191,linkerd-proxy,robot-shop,,cart-5c4fff577-qbhqr,cart,0,,,,,cart,,linkerd,outbound,not_provided_by_service_discovery,5c4fff577,,no_identity,robot-shop,10.1.0.1:42699,,,,,,,,,,,
1613873597.612,response_latency_ms_count,,,10.1.18.192:4191,linkerd-proxy,robot-shop,,cart-5c4fff577-qbhqr,cart,0,,,,,cart,,linkerd,outbound,not_provided_by_service_discovery,5c4fff577,,no_identity,robot-shop,10.1.0.1:42699,,,,,,,,,,,
1613873607.612,response_latency_ms_count,,,10.1.18.192:4191,linkerd-proxy,robot-shop,,cart-5c4fff577-qbhqr,cart,0,,,,,cart,,linkerd,outbound,not_provided_by_service_discovery,5c4fff577,,no_identity,robot-shop,10.1.0.1:42699,,,,,,,,,,,
1613873617.612,response_latency_ms_count,,,10.1.18.192:4191,linkerd-proxy,robot-shop,,cart-5c4fff577-qbhqr,cart,0,,,,,cart,,linkerd,outbound,not_provided_by_service_discovery,5c4fff577,,no_identity,robot-shop,10.1.0.1:42699,,,,,,,,,,,
1613873568.987,response_latency_ms_count,,,10.1.18.198:4191,linkerd-proxy,robot-shop,,user-5bc66cc67d-nkqq4,user,0,,,,,user,,linkerd,outbound,not_provided_by_service_discovery,5bc66cc67d,,no_identity,robot-shop,10.1.0.1:42699,,,,,,,,,,,
1613873578.987,response_latency_ms_count,,,10.1.18.198:4191,linkerd-proxy,robot-shop,,user-5bc66cc67d-nkqq4,user,0,,,,,user,,linkerd,outbound,not_provided_by_service_discovery,5bc66cc67d,,no_identity,robot-shop,10.1.0.1:42699,,,,,,,,,,,
1613873588.987,response_latency_ms_count,,,10.1.18.198:4191,linkerd-proxy,robot-shop,,user-5bc66cc67d-nkqq4,user,0,,,,,user,,linkerd,outbound,not_provided_by_service_discovery,5bc66cc67d,,no_identity,robot-shop,10.1.0.1:42699,,,,,,,,,,,
1613873598.987,response_latency_ms_count,,,10.1.18.198:4191,linkerd-proxy,robot-shop,,user-5bc66cc67d-nkqq4,user,0,,,,,user,,linkerd,outbound,not_provided_by_service_discovery,5bc66cc67d,,no_identity,robot-shop,10.1.0.1:42699,,,,,,,,,,,
1613873608.987,response_latency_ms_count,,,10.1.18.198:4191,linkerd-proxy,robot-shop,,user-5bc66cc67d-nkqq4,user,0,,,,,user,,linkerd,outbound,not_provided_by_service_discovery,5bc66cc67d,,no_identity,robot-shop,10.1.0.1:42699,,,,,,,,,,,
1613873618.987,response_latency_ms_count,,,10.1.18.198:4191,linkerd-proxy,robot-shop,,user-5bc66cc67d-nkqq4,user,0,,,,,user,,linkerd,outbound,not_provided_by_service_discovery,5bc66cc67d,,no_identity,robot-shop,10.1.0.1:42699,,,,,,,,,,,
1613873569.019,response_latency_ms_count,,,10.1.18.195:4191,linkerd-proxy,robot-shop,,payment-568954696b-t7dz5,payment,0,,,,,payment,,linkerd,outbound,not_provided_by_service_discovery,568954696b,,no_identity,robot-shop,10.1.0.1:42699,,,,,,,,,,prod,
1613873579.019,response_latency_ms_count,,,10.1.18.195:4191,linkerd-proxy,robot-shop,,payment-568954696b-t7dz5,payment,0,,,,,payment,,linkerd,outbound,not_provided_by_service_discovery,568954696b,,no_identity,robot-shop,10.1.0.1:42699,,,,,,,,,,prod,
1613873589.019,response_latency_ms_count,,,10.1.18.195:4191,linkerd-proxy,robot-shop,,payment-568954696b-t7dz5,payment,0,,,,,payment,,linkerd,outbound,not_provided_by_service_discovery,568954696b,,no_identity,robot-shop,10.1.0.1:42699,,,,,,,,,,prod,
1613873599.019,response_latency_ms_count,,,10.1.18.195:4191,linkerd-proxy,robot-shop,,payment-568954696b-t7dz5,payment,0,,,,,payment,,linkerd,outbound,not_provided_by_service_discovery,568954696b,,no_identity,robot-shop,10.1.0.1:42699,,,,,,,,,,prod,
1613873609.019,response_latency_ms_count,,,10.1.18.195:4191,linkerd-proxy,robot-shop,,payment-568954696b-t7dz5,payment,0,,,,,payment,,linkerd,outbound,not_provided_by_service_discovery,568954696b,,no_identity,robot-shop,10.1.0.1:42699,,,,,,,,,,prod,
1613873619.019,response_latency_ms_count,,,10.1.18.195:4191,linkerd-proxy,robot-shop,,payment-568954696b-t7dz5,payment,0,,,,,payment,,linkerd,outbound,not_provided_by_service_discovery,568954696b,,no_identity,robot-shop,10.1.0.1:42699,,,,,,,,,,prod,
1613873571.012,response_latency_ms_count,,,10.1.7.224:4191,linkerd-proxy,linkerd,,linkerd-prometheus-5bccd64d4d-jzwmt,,30,,,,,linkerd-prometheus,prometheus,linkerd,outbound,,5bccd64d4d,200,true,linkerd,10.1.18.196:4191,,linkerd,ratings,robot-shop,ratings-57874f848b-xtvx6,57874f848b,default,default.robot-shop.serviceaccount.identity.linkerd.cluster.local,,,
1613873581.012,response_latency_ms_count,,,10.1.7.224:4191,linkerd-proxy,linkerd,,linkerd-prometheus-5bccd64d4d-jzwmt,,31,,,,,linkerd-prometheus,prometheus,linkerd,outbound,,5bccd64d4d,200,true,linkerd,10.1.18.196:4191,,linkerd,ratings,robot-shop,ratings-57874f848b-xtvx6,57874f848b,default,default.robot-shop.serviceaccount.identity.linkerd.cluster.local,,,
1613873591.011,response_latency_ms_count,,,10.1.7.224:4191,linkerd-proxy,linkerd,,linkerd-prometheus-5bccd64d4d-jzwmt,,32,,,,,linkerd-prometheus,prometheus,linkerd,outbound,,5bccd64d4d,200,true,linkerd,10.1.18.196:4191,,linkerd,ratings,robot-shop,ratings-57874f848b-xtvx6,57874f848b,default,default.robot-shop.serviceaccount.identity.linkerd.cluster.local,,,
1613873601.012,response_latency_ms_count,,,10.1.7.224:4191,linkerd-proxy,linkerd,,linkerd-prometheus-5bccd64d4d-jzwmt,,33,,,,,linkerd-prometheus,prometheus,linkerd,outbound,,5bccd64d4d,200,true,linkerd,10.1.18.196:4191,,linkerd,ratings,robot-shop,ratings-57874f848b-xtvx6,57874f848b,default,default.robot-shop.serviceaccount.identity.linkerd.cluster.local,,,
1613873611.012,response_latency_ms_count,,,10.1.7.224:4191,linkerd-proxy,linkerd,,linkerd-prometheus-5bccd64d4d-jzwmt,,34,,,,,linkerd-prometheus,prometheus,linkerd,outbound,,5bccd64d4d,200,true,linkerd,10.1.18.196:4191,,linkerd,ratings,robot-shop,ratings-57874f848b-xtvx6,57874f848b,default,default.robot-shop.serviceaccount.identity.linkerd.cluster.local,,,
1613873571.012,response_latency_ms_count,,,10.1.7.224:4191,linkerd-proxy,linkerd,,linkerd-prometheus-5bccd64d4d-jzwmt,,30,,,,,linkerd-prometheus,prometheus,linkerd,outbound,,5bccd64d4d,200,true,linkerd,10.1.18.193:4191,,linkerd,catalogue,robot-shop,catalogue-7f9d94b4db-pvr5l,7f9d94b4db,default,default.robot-shop.serviceaccount.identity.linkerd.cluster.local,,,
1613873581.012,response_latency_ms_count,,,10.1.7.224:4191,linkerd-proxy,linkerd,,linkerd-prometheus-5bccd64d4d-jzwmt,,31,,,,,linkerd-prometheus,prometheus,linkerd,outbound,,5bccd64d4d,200,true,linkerd,10.1.18.193:4191,,linkerd,catalogue,robot-shop,catalogue-7f9d94b4db-pvr5l,7f9d94b4db,default,default.robot-shop.serviceaccount.identity.linkerd.cluster.local,,,
1613873591.011,response_latency_ms_count,,,10.1.7.224:4191,linkerd-proxy,linkerd,,linkerd-prometheus-5bccd64d4d-jzwmt,,32,,,,,linkerd-prometheus,prometheus,linkerd,outbound,,5bccd64d4d,200,true,linkerd,10.1.18.193:4191,,linkerd,catalogue,robot-shop,catalogue-7f9d94b4db-pvr5l,7f9d94b4db,default,default.robot-shop.serviceaccount.identity.linkerd.cluster.local,,,
1613873601.012,response_latency_ms_count,,,10.1.7.224:4191,linkerd-proxy,linkerd,,linkerd-prometheus-5bccd64d4d-jzwmt,,33,,,,,linkerd-prometheus,prometheus,linkerd,outbound,,5bccd64d4d,200,true,linkerd,10.1.18.193:4191,,linkerd,catalogue,robot-shop,catalogue-7f9d94b4db-pvr5l,7f9d94b4db,default,default.robot-shop.serviceaccount.identity.linkerd.cluster.local,,,
1613873611.012,response_latency_ms_count,,,10.1.7.224:4191,linkerd-proxy,linkerd,,linkerd-prometheus-5bccd64d4d-jzwmt,,34,,,,,linkerd-prometheus,prometheus,linkerd,outbound,,5bccd64d4d,200,true,linkerd,10.1.18.193:4191,,linkerd,catalogue,robot-shop,catalogue-7f9d94b4db-pvr5l,7f9d94b4db,default,default.robot-shop.serviceaccount.identity.linkerd.cluster.local,,,
1613873571.012,response_latency_ms_count,,,10.1.7.224:4191,linkerd-proxy,linkerd,,linkerd-prometheus-5bccd64d4d-jzwmt,,30,,,,,linkerd-prometheus,prometheus,linkerd,outbound,,5bccd64d4d,200,true,linkerd,10.1.18.192:4191,,linkerd,cart,robot-shop,cart-5c4fff577-qbhqr,5c4fff577,default,default.robot-shop.serviceaccount.identity.linkerd.cluster.local,,,
1613873581.012,response_latency_ms_count,,,10.1.7.224:4191,linkerd-proxy,linkerd,,linkerd-prometheus-5bccd64d4d-jzwmt,,31,,,,,linkerd-prometheus,prometheus,linkerd,outbound,,5bccd64d4d,200,true,linkerd,10.1.18.192:4191,,linkerd,cart,robot-shop,cart-5c4fff577-qbhqr,5c4fff577,default,default.robot-shop.serviceaccount.identity.linkerd.cluster.local,,,
1613873591.011,response_latency_ms_count,,,10.1.7.224:4191,linkerd-proxy,linkerd,,linkerd-prometheus-5bccd64d4d-jzwmt,,32,,,,,linkerd-prometheus,prometheus,linkerd,outbound,,5bccd64d4d,200,true,linkerd,10.1.18.192:4191,,linkerd,cart,robot-shop,cart-5c4fff577-qbhqr,5c4fff577,default,default.robot-shop.serviceaccount.identity.linkerd.cluster.local,,,
1613873601.012,response_latency_ms_count,,,10.1.7.224:4191,linkerd-proxy,linkerd,,linkerd-prometheus-5bccd64d4d-jzwmt,,33,,,,,linkerd-prometheus,prometheus,linkerd,outbound,,5bccd64d4d,200,true,linkerd,10.1.18.192:4191,,linkerd,cart,robot-shop,cart-5c4fff577-qbhqr,5c4fff577,default,default.robot-shop.serviceaccount.identity.linkerd.cluster.local,,,
1613873611.012,response_latency_ms_count,,,10.1.7.224:4191,linkerd-proxy,linkerd,,linkerd-prometheus-5bccd64d4d-jzwmt,,34,,,,,linkerd-prometheus,prometheus,linkerd,outbound,,5bccd64d4d,200,true,linkerd,10.1.18.192:4191,,linkerd,cart,robot-shop,cart-5c4fff577-qbhqr,5c4fff577,default,default.robot-shop.serviceaccount.identity.linkerd.cluster.local,,,
1613873571.012,response_latency_ms_count,,,10.1.7.224:4191,linkerd-proxy,linkerd,,linkerd-prometheus-5bccd64d4d-jzwmt,,30,,,,,linkerd-prometheus,prometheus,linkerd,outbound,,5bccd64d4d,200,true,linkerd,10.1.18.198:4191,,linkerd,user,robot-shop,user-5bc66cc67d-nkqq4,5bc66cc67d,default,default.robot-shop.serviceaccount.identity.linkerd.cluster.local,,,
1613873581.012,response_latency_ms_count,,,10.1.7.224:4191,linkerd-proxy,linkerd,,linkerd-prometheus-5bccd64d4d-jzwmt,,31,,,,,linkerd-prometheus,prometheus,linkerd,outbound,,5bccd64d4d,200,true,linkerd,10.1.18.198:4191,,linkerd,user,robot-shop,user-5bc66cc67d-nkqq4,5bc66cc67d,default,default.robot-shop.serviceaccount.identity.linkerd.cluster.local,,,
1613873591.011,response_latency_ms_count,,,10.1.7.224:4191,linkerd-proxy,linkerd,,linkerd-prometheus-5bccd64d4d-jzwmt,,32,,,,,linkerd-prometheus,prometheus,linkerd,outbound,,5bccd64d4d,200,true,linkerd,10.1.18.198:4191,,linkerd,user,robot-shop,user-5bc66cc67d-nkqq4,5bc66cc67d,default,default.robot-shop.serviceaccount.identity.linkerd.cluster.local,,,
1613873601.012,response_latency_ms_count,,,10.1.7.224:4191,linkerd-proxy,linkerd,,linkerd-prometheus-5bccd64d4d-jzwmt,,33,,,,,linkerd-prometheus,prometheus,linkerd,outbound,,5bccd64d4d,200,true,linkerd,10.1.18.198:4191,,linkerd,user,robot-shop,user-5bc66cc67d-nkqq4,5bc66cc67d,default,default.robot-shop.serviceaccount.identity.linkerd.cluster.local,,,
1613873611.012,response_latency_ms_count,,,10.1.7.224:4191,linkerd-proxy,linkerd,,linkerd-prometheus-5bccd64d4d-jzwmt,,34,,,,,linkerd-prometheus,prometheus,linkerd,outbound,,5bccd64d4d,200,true,linkerd,10.1.18.198:4191,,linkerd,user,robot-shop,user-5bc66cc67d-nkqq4,5bc66cc67d,default,default.robot-shop.serviceaccount.identity.linkerd.cluster.local,,,
1613873571.012,response_latency_ms_count,,,10.1.7.224:4191,linkerd-proxy,linkerd,,linkerd-prometheus-5bccd64d4d-jzwmt,,30,,,,,linkerd-prometheus,prometheus,linkerd,outbound,,5bccd64d4d,200,true,linkerd,10.1.18.195:4191,,linkerd,payment,robot-shop,payment-568954696b-t7dz5,568954696b,default,default.robot-shop.serviceaccount.identity.linkerd.cluster.local,,,
1613873581.012,response_latency_ms_count,,,10.1.7.224:4191,linkerd-proxy,linkerd,,linkerd-prometheus-5bccd64d4d-jzwmt,,31,,,,,linkerd-prometheus,prometheus,linkerd,outbound,,5bccd64d4d,200,true,linkerd,10.1.18.195:4191,,linkerd,payment,robot-shop,payment-568954696b-t7dz5,568954696b,default,default.robot-shop.serviceaccount.identity.linkerd.cluster.local,,,
1613873591.011,response_latency_ms_count,,,10.1.7.224:4191,linkerd-proxy,linkerd,,linkerd-prometheus-5bccd64d4d-jzwmt,,32,,,,,linkerd-prometheus,prometheus,linkerd,outbound,,5bccd64d4d,200,true,linkerd,10.1.18.195:4191,,linkerd,payment,robot-shop,payment-568954696b-t7dz5,568954696b,default,default.robot-shop.serviceaccount.identity.linkerd.cluster.local,,,
1613873601.012,response_latency_ms_count,,,10.1.7.224:4191,linkerd-proxy,linkerd,,linkerd-prometheus-5bccd64d4d-jzwmt,,33,,,,,linkerd-prometheus,prometheus,linkerd,outbound,,5bccd64d4d,200,true,linkerd,10.1.18.195:4191,,linkerd,payment,robot-shop,payment-568954696b-t7dz5,568954696b,default,default.robot-shop.serviceaccount.identity.linkerd.cluster.local,,,
1613873611.012,response_latency_ms_count,,,10.1.7.224:4191,linkerd-proxy,linkerd,,linkerd-prometheus-5bccd64d4d-jzwmt,,34,,,,,linkerd-prometheus,prometheus,linkerd,outbound,,5bccd64d4d,200,true,linkerd,10.1.18.195:4191,,linkerd,payment,robot-shop,payment-568954696b-t7dz5,568954696b,default,default.robot-shop.serviceaccount.identity.linkerd.cluster.local,,,
1613873563.723,response_latency_ms_count,,,10.1.18.196:4191,linkerd-proxy,robot-shop,,ratings-57874f848b-xtvx6,ratings,58,,,,,ratings,,linkerd,inbound,no_tls_from_remote,57874f848b,200,no_identity,robot-shop,,,,,,,,,,,,
1613873573.723,response_latency_ms_count,,,10.1.18.196:4191,linkerd-proxy,robot-shop,,ratings-57874f848b-xtvx6,ratings,58,,,,,ratings,,linkerd,inbound,no_tls_from_remote,57874f848b,200,no_identity,robot-shop,,,,,,,,,,,,
1613873583.723,response_latency_ms_count,,,10.1.18.196:4191,linkerd-proxy,robot-shop,,ratings-57874f848b-xtvx6,ratings,58,,,,,ratings,,linkerd,inbound,no_tls_from_remote,57874f848b,200,no_identity,robot-shop,,,,,,,,,,,,
1613873593.723,response_latency_ms_count,,,10.1.18.196:4191,linkerd-proxy,robot-shop,,ratings-57874f848b-xtvx6,ratings,58,,,,,ratings,,linkerd,inbound,no_tls_from_remote,57874f848b,200,no_identity,robot-shop,,,,,,,,,,,,
1613873603.723,response_latency_ms_count,,,10.1.18.196:4191,linkerd-proxy,robot-shop,,ratings-57874f848b-xtvx6,ratings,60,,,,,ratings,,linkerd,inbound,no_tls_from_remote,57874f848b,200,no_identity,robot-shop,,,,,,,,,,,,
1613873613.723,response_latency_ms_count,,,10.1.18.196:4191,linkerd-proxy,robot-shop,,ratings-57874f848b-xtvx6,ratings,60,,,,,ratings,,linkerd,inbound,no_tls_from_remote,57874f848b,200,no_identity,robot-shop,,,,,,,,,,,,
1613873566.872,response_latency_ms_count,,,10.1.18.194:4191,linkerd-proxy,robot-shop,,dispatch-54f9f7c88b-tsk66,dispatch,0,,,,,dispatch,,linkerd,outbound,not_provided_by_service_discovery,54f9f7c88b,,no_identity,robot-shop,10.1.0.1:42699,,,,,,,,,,,
1613873576.871,response_latency_ms_count,,,10.1.18.194:4191,linkerd-proxy,robot-shop,,dispatch-54f9f7c88b-tsk66,dispatch,0,,,,,dispatch,,linkerd,outbound,not_provided_by_service_discovery,54f9f7c88b,,no_identity,robot-shop,10.1.0.1:42699,,,,,,,,,,,
1613873586.871,response_latency_ms_count,,,10.1.18.194:4191,linkerd-proxy,robot-shop,,dispatch-54f9f7c88b-tsk66,dispatch,0,,,,,dispatch,,linkerd,outbound,not_provided_by_service_discovery,54f9f7c88b,,no_identity,robot-shop,10.1.0.1:42699,,,,,,,,,,,
1613873596.871,response_latency_ms_count,,,10.1.18.194:4191,linkerd-proxy,robot-shop,,dispatch-54f9f7c88b-tsk66,dispatch,0,,,,,dispatch,,linkerd,outbound,not_provided_by_service_discovery,54f9f7c88b,,no_identity,robot-shop,10.1.0.1:42699,,,,,,,,,,,
1613873606.871,response_latency_ms_count,,,10.1.18.194:4191,linkerd-proxy,robot-shop,,dispatch-54f9f7c88b-tsk66,dispatch,0,,,,,dispatch,,linkerd,outbound,not_provided_by_service_discovery,54f9f7c88b,,no_identity,robot-shop,10.1.0.1:42699,,,,,,,,,,,
1613873616.871,response_latency_ms_count,,,10.1.18.194:4191,linkerd-proxy,robot-shop,,dispatch-54f9f7c88b-tsk66,dispatch,0,,,,,dispatch,,linkerd,outbound,not_provided_by_service_discovery,54f9f7c88b,,no_identity,robot-shop,10.1.0.1:42699,,,,,,,,,,,
1613873567.071,response_latency_ms_count,,,10.1.18.197:4191,linkerd-proxy,robot-shop,,shipping-85c8bd8d95-fm6ps,shipping,46,,,,,shipping,,linkerd,inbound,no_tls_from_remote,85c8bd8d95,200,no_identity,robot-shop,,,,,,,,,,,,
1613873577.071,response_latency_ms_count,,,10.1.18.197:4191,linkerd-proxy,robot-shop,,shipping-85c8bd8d95-fm6ps,shipping,48,,,,,shipping,,linkerd,inbound,no_tls_from_remote,85c8bd8d95,200,no_identity,robot-shop,,,,,,,,,,,,
1613873587.074,response_latency_ms_count,,,10.1.18.197:4191,linkerd-proxy,robot-shop,,shipping-85c8bd8d95-fm6ps,shipping,50,,,,,shipping,,linkerd,inbound,no_tls_from_remote,85c8bd8d95,200,no_identity,robot-shop,,,,,,,,,,,,
1613873597.069,response_latency_ms_count,,,10.1.18.197:4191,linkerd-proxy,robot-shop,,shipping-85c8bd8d95-fm6ps,shipping,50,,,,,shipping,,linkerd,inbound,no_tls_from_remote,85c8bd8d95,200,no_identity,robot-shop,,,,,,,,,,,,
1613873607.07,response_latency_ms_count,,,10.1.18.197:4191,linkerd-proxy,robot-shop,,shipping-85c8bd8d95-fm6ps,shipping,51,,,,,shipping,,linkerd,inbound,no_tls_from_remote,85c8bd8d95,200,no_identity,robot-shop,,,,,,,,,,,,
1613873617.069,response_latency_ms_count,,,10.1.18.197:4191,linkerd-proxy,robot-shop,,shipping-85c8bd8d95-fm6ps,shipping,51,,,,,shipping,,linkerd,inbound,no_tls_from_remote,85c8bd8d95,200,no_identity,robot-shop,,,,,,,,,,,,
1613873563.253,response_latency_ms_count,,,10.1.18.191:4191,linkerd-proxy,robot-shop,,web-6b7cd5d75b-vl9w8,web,1,,,,,web,,linkerd,outbound,,6b7cd5d75b,200,true,robot-shop,user.robot-shop.svc.cluster.local:8080,,linkerd,user,robot-shop,user-5bc66cc67d-nkqq4,5bc66cc67d,default,default.robot-shop.serviceaccount.identity.linkerd.cluster.local,,,user
1613873573.253,response_latency_ms_count,,,10.1.18.191:4191,linkerd-proxy,robot-shop,,web-6b7cd5d75b-vl9w8,web,2,,,,,web,,linkerd,outbound,,6b7cd5d75b,200,true,robot-shop,user.robot-shop.svc.cluster.local:8080,,linkerd,user,robot-shop,user-5bc66cc67d-nkqq4,5bc66cc67d,default,default.robot-shop.serviceaccount.identity.linkerd.cluster.local,,,user
1613873583.253,response_latency_ms_count,,,10.1.18.191:4191,linkerd-proxy,robot-shop,,web-6b7cd5d75b-vl9w8,web,2,,,,,web,,linkerd,outbound,,6b7cd5d75b,200,true,robot-shop,user.robot-shop.svc.cluster.local:8080,,linkerd,user,robot-shop,user-5bc66cc67d-nkqq4,5bc66cc67d,default,default.robot-shop.serviceaccount.identity.linkerd.cluster.local,,,user
1613873593.253,response_latency_ms_count,,,10.1.18.191:4191,linkerd-proxy,robot-shop,,web-6b7cd5d75b-vl9w8,web,2,,,,,web,,linkerd,outbound,,6b7cd5d75b,200,true,robot-shop,user.robot-shop.svc.cluster.local:8080,,linkerd,user,robot-shop,user-5bc66cc67d-nkqq4,5bc66cc67d,default,default.robot-shop.serviceaccount.identity.linkerd.cluster.local,,,user
1613873603.252,response_latency_ms_count,,,10.1.18.191:4191,linkerd-proxy,robot-shop,,web-6b7cd5d75b-vl9w8,web,4,,,,,web,,linkerd,outbound,,6b7cd5d75b,200,true,robot-shop,user.robot-shop.svc.cluster.local:8080,,linkerd,user,robot-shop,user-5bc66cc67d-nkqq4,5bc66cc67d,default,default.robot-shop.serviceaccount.identity.linkerd.cluster.local,,,user
1613873613.253,response_latency_ms_count,,,10.1.18.191:4191,linkerd-proxy,robot-shop,,web-6b7cd5d75b-vl9w8,web,46,,,,,web,,linkerd,outbound,,6b7cd5d75b,200,true,robot-shop,user.robot-shop.svc.cluster.local:8080,,linkerd,user,robot-shop,user-5bc66cc67d-nkqq4,5bc66cc67d,default,default.robot-shop.serviceaccount.identity.linkerd.cluster.local,,,user
1613873563.253,response_latency_ms_count,,,10.1.18.191:4191,linkerd-proxy,robot-shop,,web-6b7cd5d75b-vl9w8,web,1,,,,,web,,linkerd,outbound,,6b7cd5d75b,200,true,robot-shop,catalogue.robot-shop.svc.cluster.local:8080,,linkerd,catalogue,robot-shop,catalogue-7f9d94b4db-pvr5l,7f9d94b4db,default,default.robot-shop.serviceaccount.identity.linkerd.cluster.local,,,catalogue
1613873573.253,response_latency_ms_count,,,10.1.18.191:4191,linkerd-proxy,robot-shop,,web-6b7cd5d75b-vl9w8,web,107,,,,,web,,linkerd,outbound,,6b7cd5d75b,200,true,robot-shop,catalogue.robot-shop.svc.cluster.local:8080,,linkerd,catalogue,robot-shop,catalogue-7f9d94b4db-pvr5l,7f9d94b4db,default,default.robot-shop.serviceaccount.identity.linkerd.cluster.local,,,catalogue
1613873583.253,response_latency_ms_count,,,10.1.18.191:4191,linkerd-proxy,robot-shop,,web-6b7cd5d75b-vl9w8,web,137,,,,,web,,linkerd,outbound,,6b7cd5d75b,200,true,robot-shop,catalogue.robot-shop.svc.cluster.local:8080,,linkerd,catalogue,robot-shop,catalogue-7f9d94b4db-pvr5l,7f9d94b4db,default,default.robot-shop.serviceaccount.identity.linkerd.cluster.local,,,catalogue
1613873593.253,response_latency_ms_count,,,10.1.18.191:4191,linkerd-proxy,robot-shop,,web-6b7cd5d75b-vl9w8,web,150,,,,,web,,linkerd,outbound,,6b7cd5d75b,200,true,robot-shop,catalogue.robot-shop.svc.cluster.local:8080,,linkerd,catalogue,robot-shop,catalogue-7f9d94b4db-pvr5l,7f9d94b4db,default,default.robot-shop.serviceaccount.identity.linkerd.cluster.local,,,catalogue
1613873603.252,response_latency_ms_count,,,10.1.18.191:4191,linkerd-proxy,robot-shop,,web-6b7cd5d75b-vl9w8,web,152,,,,,web,,linkerd,outbound,,6b7cd5d75b,200,true,robot-shop,catalogue.robot-shop.svc.cluster.local:8080,,linkerd,catalogue,robot-shop,catalogue-7f9d94b4db-pvr5l,7f9d94b4db,default,default.robot-shop.serviceaccount.identity.linkerd.cluster.local,,,catalogue
1613873613.253,response_latency_ms_count,,,10.1.18.191:4191,linkerd-proxy,robot-shop,,web-6b7cd5d75b-vl9w8,web,229,,,,,web,,linkerd,outbound,,6b7cd5d75b,200,true,robot-shop,catalogue.robot-shop.svc.cluster.local:8080,,linkerd,catalogue,robot-shop,catalogue-7f9d94b4db-pvr5l,7f9d94b4db,default,default.robot-shop.serviceaccount.identity.linkerd.cluster.local,,,catalogue
1613873563.253,response_latency_ms_count,,,10.1.18.191:4191,linkerd-proxy,robot-shop,,web-6b7cd5d75b-vl9w8,web,5,,,,,web,,linkerd,outbound,,6b7cd5d75b,200,true,robot-shop,ratings.robot-shop.svc.cluster.local,,linkerd,ratings,robot-shop,ratings-57874f848b-xtvx6,57874f848b,default,default.robot-shop.serviceaccount.identity.linkerd.cluster.local,,,ratings
1613873573.253,response_latency_ms_count,,,10.1.18.191:4191,linkerd-proxy,robot-shop,,web-6b7cd5d75b-vl9w8,web,22,,,,,web,,linkerd,outbound,,6b7cd5d75b,200,true,robot-shop,ratings.robot-shop.svc.cluster.local,,linkerd,ratings,robot-shop,ratings-57874f848b-xtvx6,57874f848b,default,default.robot-shop.serviceaccount.identity.linkerd.cluster.local,,,ratings
1613873583.253,response_latency_ms_count,,,10.1.18.191:4191,linkerd-proxy,robot-shop,,web-6b7cd5d75b-vl9w8,web,39,,,,,web,,linkerd,outbound,,6b7cd5d75b,200,true,robot-shop,ratings.robot-shop.svc.cluster.local,,linkerd,ratings,robot-shop,ratings-57874f848b-xtvx6,57874f848b,default,default.robot-shop.serviceaccount.identity.linkerd.cluster.local,,,ratings
1613873593.253,response_latency_ms_count,,,10.1.18.191:4191,linkerd-proxy,robot-shop,,web-6b7cd5d75b-vl9w8,web,46,,,,,web,,linkerd,outbound,,6b7cd5d75b,200,true,robot-shop,ratings.robot-shop.svc.cluster.local,,linkerd,ratings,robot-shop,ratings-57874f848b-xtvx6,57874f848b,default,default.robot-shop.serviceaccount.identity.linkerd.cluster.local,,,ratings
1613873603.252,response_latency_ms_count,,,10.1.18.191:4191,linkerd-proxy,robot-shop,,web-6b7cd5d75b-vl9w8,web,46,,,,,web,,linkerd,outbound,,6b7cd5d75b,200,true,robot-shop,ratings.robot-shop.svc.cluster.local,,linkerd,ratings,robot-shop,ratings-57874f848b-xtvx6,57874f848b,default,default.robot-shop.serviceaccount.identity.linkerd.cluster.local,,,ratings
1613873613.253,response_latency_ms_count,,,10.1.18.191:4191,linkerd-proxy,robot-shop,,web-6b7cd5d75b-vl9w8,web,51,,,,,web,,linkerd,outbound,,6b7cd5d75b,200,true,robot-shop,ratings.robot-shop.svc.cluster.local,,linkerd,ratings,robot-shop,ratings-57874f848b-xtvx6,57874f848b,default,default.robot-shop.serviceaccount.identity.linkerd.cluster.local,,,ratings
1613873563.253,response_latency_ms_count,,,10.1.18.191:4191,linkerd-proxy,robot-shop,,web-6b7cd5d75b-vl9w8,web,14,,,,,web,,linkerd,outbound,,6b7cd5d75b,200,true,robot-shop,cart.robot-shop.svc.cluster.local:8080,,linkerd,cart,robot-shop,cart-5c4fff577-qbhqr,5c4fff577,default,default.robot-shop.serviceaccount.identity.linkerd.cluster.local,,,cart
1613873573.253,response_latency_ms_count,,,10.1.18.191:4191,linkerd-proxy,robot-shop,,web-6b7cd5d75b-vl9w8,web,50,,,,,web,,linkerd,outbound,,6b7cd5d75b,200,true,robot-shop,cart.robot-shop.svc.cluster.local:8080,,linkerd,cart,robot-shop,cart-5c4fff577-qbhqr,5c4fff577,default,default.robot-shop.serviceaccount.identity.linkerd.cluster.local,,,cart
1613873583.253,response_latency_ms_count,,,10.1.18.191:4191,linkerd-proxy,robot-shop,,web-6b7cd5d75b-vl9w8,web,60,,,,,web,,linkerd,outbound,,6b7cd5d75b,200,true,robot-shop,cart.robot-shop.svc.cluster.local:8080,,linkerd,cart,robot-shop,cart-5c4fff577-qbhqr,5c4fff577,default,default.robot-shop.serviceaccount.identity.linkerd.cluster.local,,,cart
1613873593.253,response_latency_ms_count,,,10.1.18.191:4191,linkerd-proxy,robot-shop,,web-6b7cd5d75b-vl9w8,web,132,,,,,web,,linkerd,outbound,,6b7cd5d75b,200,true,robot-shop,cart.robot-shop.svc.cluster.local:8080,,linkerd,cart,robot-shop,cart-5c4fff577-qbhqr,5c4fff577,default,default.robot-shop.serviceaccount.identity.linkerd.cluster.local,,,cart
1613873603.252,response_latency_ms_count,,,10.1.18.191:4191,linkerd-proxy,robot-shop,,web-6b7cd5d75b-vl9w8,web,132,,,,,web,,linkerd,outbound,,6b7cd5d75b,200,true,robot-shop,cart.robot-shop.svc.cluster.local:8080,,linkerd,cart,robot-shop,cart-5c4fff577-qbhqr,5c4fff577,default,default.robot-shop.serviceaccount.identity.linkerd.cluster.local,,,cart
1613873613.253,response_latency_ms_count,,,10.1.18.191:4191,linkerd-proxy,robot-shop,,web-6b7cd5d75b-vl9w8,web,134,,,,,web,,linkerd,outbound,,6b7cd5d75b,200,true,robot-shop,cart.robot-shop.svc.cluster.local:8080,,linkerd,cart,robot-shop,cart-5c4fff577-qbhqr,5c4fff577,default,default.robot-shop.serviceaccount.identity.linkerd.cluster.local,,,cart
1613873563.723,response_latency_ms_count,,,10.1.18.196:4191,linkerd-proxy,robot-shop,,ratings-57874f848b-xtvx6,ratings,10,,,,,ratings,,linkerd,inbound,,57874f848b,200,true,robot-shop,ratings.robot-shop.svc.cluster.local,default.robot-shop.serviceaccount.identity.linkerd.cluster.local,,,,,,,,,,
1613873573.723,response_latency_ms_count,,,10.1.18.196:4191,linkerd-proxy,robot-shop,,ratings-57874f848b-xtvx6,ratings,40,,,,,ratings,,linkerd,inbound,,57874f848b,200,true,robot-shop,ratings.robot-shop.svc.cluster.local,default.robot-shop.serviceaccount.identity.linkerd.cluster.local,,,,,,,,,,
1613873583.723,response_latency_ms_count,,,10.1.18.196:4191,linkerd-proxy,robot-shop,,ratings-57874f848b-xtvx6,ratings,85,,,,,ratings,,linkerd,inbound,,57874f848b,200,true,robot-shop,ratings.robot-shop.svc.cluster.local,default.robot-shop.serviceaccount.identity.linkerd.cluster.local,,,,,,,,,,
1613873593.723,response_latency_ms_count,,,10.1.18.196:4191,linkerd-proxy,robot-shop,,ratings-57874f848b-xtvx6,ratings,94,,,,,ratings,,linkerd,inbound,,57874f848b,200,true,robot-shop,ratings.robot-shop.svc.cluster.local,default.robot-shop.serviceaccount.identity.linkerd.cluster.local,,,,,,,,,,
1613873603.723,response_latency_ms_count,,,10.1.18.196:4191,linkerd-proxy,robot-shop,,ratings-57874f848b-xtvx6,ratings,96,,,,,ratings,,linkerd,inbound,,57874f848b,200,true,robot-shop,ratings.robot-shop.svc.cluster.local,default.robot-shop.serviceaccount.identity.linkerd.cluster.local,,,,,,,,,,
1613873613.723,response_latency_ms_count,,,10.1.18.196:4191,linkerd-proxy,robot-shop,,ratings-57874f848b-xtvx6,ratings,121,,,,,ratings,,linkerd,inbound,,57874f848b,200,true,robot-shop,ratings.robot-shop.svc.cluster.local,default.robot-shop.serviceaccount.identity.linkerd.cluster.local,,,,,,,,,,
1613873563.723,response_latency_ms_count,,,10.1.18.196:4191,linkerd-proxy,robot-shop,,ratings-57874f848b-xtvx6,ratings,1,,,,,ratings,,linkerd,outbound,,57874f848b,200,true,robot-shop,catalogue.robot-shop.svc.cluster.local:8080,,linkerd,catalogue,robot-shop,catalogue-7f9d94b4db-9dxvq,7f9d94b4db,default,default.robot-shop.serviceaccount.identity.linkerd.cluster.local,,,catalogue
1613873573.723,response_latency_ms_count,,,10.1.18.196:4191,linkerd-proxy,robot-shop,,ratings-57874f848b-xtvx6,ratings,4,,,,,ratings,,linkerd,outbound,,57874f848b,200,true,robot-shop,catalogue.robot-shop.svc.cluster.local:8080,,linkerd,catalogue,robot-shop,catalogue-7f9d94b4db-9dxvq,7f9d94b4db,default,default.robot-shop.serviceaccount.identity.linkerd.cluster.local,,,catalogue
1613873583.723,response_latency_ms_count,,,10.1.18.196:4191,linkerd-proxy,robot-shop,,ratings-57874f848b-xtvx6,ratings,12,,,,,ratings,,linkerd,outbound,,57874f848b,200,true,robot-shop,catalogue.robot-shop.svc.cluster.local:8080,,linkerd,catalogue,robot-shop,catalogue-7f9d94b4db-9dxvq,7f9d94b4db,default,default.robot-shop.serviceaccount.identity.linkerd.cluster.local,,,catalogue
1613873593.723,response_latency_ms_count,,,10.1.18.196:4191,linkerd-proxy,robot-shop,,ratings-57874f848b-xtvx6,ratings,15,,,,,ratings,,linkerd,outbound,,57874f848b,200,true,robot-shop,catalogue.robot-shop.svc.cluster.local:8080,,linkerd,catalogue,robot-shop,catalogue-7f9d94b4db-9dxvq,7f9d94b4db,default,default.robot-shop.serviceaccount.identity.linkerd.cluster.local,,,catalogue
1613873603.723,response_latency_ms_count,,,10.1.18.196:4191,linkerd-proxy,robot-shop,,ratings-57874f848b-xtvx6,ratings,16,,,,,ratings,,linkerd,outbound,,57874f848b,200,true,robot-shop,catalogue.robot-shop.svc.cluster.local:8080,,linkerd,catalogue,robot-shop,catalogue-7f9d94b4db-9dxvq,7f9d94b4db,default,default.robot-shop.serviceaccount.identity.linkerd.cluster.local,,,catalogue
1613873613.723,response_latency_ms_count,,,10.1.18.196:4191,linkerd-proxy,robot-shop,,ratings-57874f848b-xtvx6,ratings,18,,,,,ratings,,linkerd,outbound,,57874f848b,200,true,robot-shop,catalogue.robot-shop.svc.cluster.local:8080,,linkerd,catalogue,robot-shop,catalogue-7f9d94b4db-9dxvq,7f9d94b4db,default,default.robot-shop.serviceaccount.identity.linkerd.cluster.local,,,catalogue
1613873563.723,response_latency_ms_count,,,10.1.18.196:4191,linkerd-proxy,robot-shop,,ratings-57874f848b-xtvx6,ratings,1,,,,,ratings,,linkerd,outbound,,57874f848b,200,true,robot-shop,catalogue.robot-shop.svc.cluster.local:8080,,linkerd,catalogue,robot-shop,catalogue-7f9d94b4db-pvr5l,7f9d94b4db,default,default.robot-shop.serviceaccount.identity.linkerd.cluster.local,,,catalogue
1613873573.723,response_latency_ms_count,,,10.1.18.196:4191,linkerd-proxy,robot-shop,,ratings-57874f848b-xtvx6,ratings,4,,,,,ratings,,linkerd,outbound,,57874f848b,200,true,robot-shop,catalogue.robot-shop.svc.cluster.local:8080,,linkerd,catalogue,robot-shop,catalogue-7f9d94b4db-pvr5l,7f9d94b4db,default,default.robot-shop.serviceaccount.identity.linkerd.cluster.local,,,catalogue
1613873583.723,response_latency_ms_count,,,10.1.18.196:4191,linkerd-proxy,robot-shop,,ratings-57874f848b-xtvx6,ratings,9,,,,,ratings,,linkerd,outbound,,57874f848b,200,true,robot-shop,catalogue.robot-shop.svc.cluster.local:8080,,linkerd,catalogue,robot-shop,catalogue-7f9d94b4db-pvr5l,7f9d94b4db,default,default.robot-shop.serviceaccount.identity.linkerd.cluster.local,,,catalogue
1613873593.723,response_latency_ms_count,,,10.1.18.196:4191,linkerd-proxy,robot-shop,,ratings-57874f848b-xtvx6,ratings,10,,,,,ratings,,linkerd,outbound,,57874f848b,200,true,robot-shop,catalogue.robot-shop.svc.cluster.local:8080,,linkerd,catalogue,robot-shop,catalogue-7f9d94b4db-pvr5l,7f9d94b4db,default,default.robot-shop.serviceaccount.identity.linkerd.cluster.local,,,catalogue
1613873603.723,response_latency_ms_count,,,10.1.18.196:4191,linkerd-proxy,robot-shop,,ratings-57874f848b-xtvx6,ratings,10,,,,,ratings,,linkerd,outbound,,57874f848b,200,true,robot-shop,catalogue.robot-shop.svc.cluster.local:8080,,linkerd,catalogue,robot-shop,catalogue-7f9d94b4db-pvr5l,7f9d94b4db,default,default.robot-shop.serviceaccount.identity.linkerd.cluster.local,,,catalogue
1613873613.723,response_latency_ms_count,,,10.1.18.196:4191,linkerd-proxy,robot-shop,,ratings-57874f848b-xtvx6,ratings,13,,,,,ratings,,linkerd,outbound,,57874f848b,200,true,robot-shop,catalogue.robot-shop.svc.cluster.local:8080,,linkerd,catalogue,robot-shop,catalogue-7f9d94b4db-pvr5l,7f9d94b4db,default,default.robot-shop.serviceaccount.identity.linkerd.cluster.local,,,catalogue
1613873564.731,response_latency_ms_count,,,10.1.18.193:4191,linkerd-proxy,robot-shop,,catalogue-7f9d94b4db-pvr5l,catalogue,28,,,,,catalogue,,linkerd,inbound,,7f9d94b4db,200,true,robot-shop,catalogue.robot-shop.svc.cluster.local:8080,default.robot-shop.serviceaccount.identity.linkerd.cluster.local,,,,,,,,,,
1613873574.731,response_latency_ms_count,,,10.1.18.193:4191,linkerd-proxy,robot-shop,,catalogue-7f9d94b4db-pvr5l,catalogue,215,,,,,catalogue,,linkerd,inbound,,7f9d94b4db,200,true,robot-shop,catalogue.robot-shop.svc.cluster.local:8080,default.robot-shop.serviceaccount.identity.linkerd.cluster.local,,,,,,,,,,
1613873584.731,response_latency_ms_count,,,10.1.18.193:4191,linkerd-proxy,robot-shop,,catalogue-7f9d94b4db-pvr5l,catalogue,299,,,,,catalogue,,linkerd,inbound,,7f9d94b4db,200,true,robot-shop,catalogue.robot-shop.svc.cluster.local:8080,default.robot-shop.serviceaccount.identity.linkerd.cluster.local,,,,,,,,,,
1613873594.732,response_latency_ms_count,,,10.1.18.193:4191,linkerd-proxy,robot-shop,,catalogue-7f9d94b4db-pvr5l,catalogue,392,,,,,catalogue,,linkerd,inbound,,7f9d94b4db,200,true,robot-shop,catalogue.robot-shop.svc.cluster.local:8080,default.robot-shop.serviceaccount.identity.linkerd.cluster.local,,,,,,,,,,
1613873604.731,response_latency_ms_count,,,10.1.18.193:4191,linkerd-proxy,robot-shop,,catalogue-7f9d94b4db-pvr5l,catalogue,452,,,,,catalogue,,linkerd,inbound,,7f9d94b4db,200,true,robot-shop,catalogue.robot-shop.svc.cluster.local:8080,default.robot-shop.serviceaccount.identity.linkerd.cluster.local,,,,,,,,,,
1613873614.731,response_latency_ms_count,,,10.1.18.193:4191,linkerd-proxy,robot-shop,,catalogue-7f9d94b4db-pvr5l,catalogue,577,,,,,catalogue,,linkerd,inbound,,7f9d94b4db,200,true,robot-shop,catalogue.robot-shop.svc.cluster.local:8080,default.robot-shop.serviceaccount.identity.linkerd.cluster.local,,,,,,,,,,
1613873566.369,response_latency_ms_count,,,10.1.18.184:4191,linkerd-proxy,robot-shop,,cart-5c4fff577-tcf95,cart,2,,,,,cart,,linkerd,outbound,,5c4fff577,200,true,robot-shop,catalogue.robot-shop.svc.cluster.local:8080,,linkerd,catalogue,robot-shop,catalogue-7f9d94b4db-pvr5l,7f9d94b4db,default,default.robot-shop.serviceaccount.identity.linkerd.cluster.local,,,catalogue
1613873576.367,response_latency_ms_count,,,10.1.18.184:4191,linkerd-proxy,robot-shop,,cart-5c4fff577-tcf95,cart,16,,,,,cart,,linkerd,outbound,,5c4fff577,200,true,robot-shop,catalogue.robot-shop.svc.cluster.local:8080,,linkerd,catalogue,robot-shop,catalogue-7f9d94b4db-pvr5l,7f9d94b4db,default,default.robot-shop.serviceaccount.identity.linkerd.cluster.local,,,catalogue
1613873586.366,response_latency_ms_count,,,10.1.18.184:4191,linkerd-proxy,robot-shop,,cart-5c4fff577-tcf95,cart,54,,,,,cart,,linkerd,outbound,,5c4fff577,200,true,robot-shop,catalogue.robot-shop.svc.cluster.local:8080,,linkerd,catalogue,robot-shop,catalogue-7f9d94b4db-pvr5l,7f9d94b4db,default,default.robot-shop.serviceaccount.identity.linkerd.cluster.local,,,catalogue
1613873596.371,response_latency_ms_count,,,10.1.18.184:4191,linkerd-proxy,robot-shop,,cart-5c4fff577-tcf95,cart,77,,,,,cart,,linkerd,outbound,,5c4fff577,200,true,robot-shop,catalogue.robot-shop.svc.cluster.local:8080,,linkerd,catalogue,robot-shop,catalogue-7f9d94b4db-pvr5l,7f9d94b4db,default,default.robot-shop.serviceaccount.identity.linkerd.cluster.local,,,catalogue
1613873606.366,response_latency_ms_count,,,10.1.18.184:4191,linkerd-proxy,robot-shop,,cart-5c4fff577-tcf95,cart,78,,,,,cart,,linkerd,outbound,,5c4fff577,200,true,robot-shop,catalogue.robot-shop.svc.cluster.local:8080,,linkerd,catalogue,robot-shop,catalogue-7f9d94b4db-pvr5l,7f9d94b4db,default,default.robot-shop.serviceaccount.identity.linkerd.cluster.local,,,catalogue
1613873616.366,response_latency_ms_count,,,10.1.18.184:4191,linkerd-proxy,robot-shop,,cart-5c4fff577-tcf95,cart,82,,,,,cart,,linkerd,outbound,,5c4fff577,200,true,robot-shop,catalogue.robot-shop.svc.cluster.local:8080,,linkerd,catalogue,robot-shop,catalogue-7f9d94b4db-pvr5l,7f9d94b4db,default,default.robot-shop.serviceaccount.identity.linkerd.cluster.local,,,catalogue
1613873567.071,response_latency_ms_count,,,10.1.18.197:4191,linkerd-proxy,robot-shop,,shipping-85c8bd8d95-fm6ps,shipping,4,,,,,shipping,,linkerd,inbound,,85c8bd8d95,200,true,robot-shop,shipping.robot-shop.svc.cluster.local:8080,default.robot-shop.serviceaccount.identity.linkerd.cluster.local,,,,,,,,,,
1613873577.071,response_latency_ms_count,,,10.1.18.197:4191,linkerd-proxy,robot-shop,,shipping-85c8bd8d95-fm6ps,shipping,13,,,,,shipping,,linkerd,inbound,,85c8bd8d95,200,true,robot-shop,shipping.robot-shop.svc.cluster.local:8080,default.robot-shop.serviceaccount.identity.linkerd.cluster.local,,,,,,,,,,
1613873587.074,response_latency_ms_count,,,10.1.18.197:4191,linkerd-proxy,robot-shop,,shipping-85c8bd8d95-fm6ps,shipping,22,,,,,shipping,,linkerd,inbound,,85c8bd8d95,200,true,robot-shop,shipping.robot-shop.svc.cluster.local:8080,default.robot-shop.serviceaccount.identity.linkerd.cluster.local,,,,,,,,,,
1613873597.069,response_latency_ms_count,,,10.1.18.197:4191,linkerd-proxy,robot-shop,,shipping-85c8bd8d95-fm6ps,shipping,24,,,,,shipping,,linkerd,inbound,,85c8bd8d95,200,true,robot-shop,shipping.robot-shop.svc.cluster.local:8080,default.robot-shop.serviceaccount.identity.linkerd.cluster.local,,,,,,,,,,
1613873607.07,response_latency_ms_count,,,10.1.18.197:4191,linkerd-proxy,robot-shop,,shipping-85c8bd8d95-fm6ps,shipping,26,,,,,shipping,,linkerd,inbound,,85c8bd8d95,200,true,robot-shop,shipping.robot-shop.svc.cluster.local:8080,default.robot-shop.serviceaccount.identity.linkerd.cluster.local,,,,,,,,,,
1613873617.069,response_latency_ms_count,,,10.1.18.197:4191,linkerd-proxy,robot-shop,,shipping-85c8bd8d95-fm6ps,shipping,26,,,,,shipping,,linkerd,inbound,,85c8bd8d95,200,true,robot-shop,shipping.robot-shop.svc.cluster.local:8080,default.robot-shop.serviceaccount.identity.linkerd.cluster.local,,,,,,,,,,
1613873567.612,response_latency_ms_count,,,10.1.18.192:4191,linkerd-proxy,robot-shop,,cart-5c4fff577-qbhqr,cart,30,,,,,cart,,linkerd,inbound,,5c4fff577,200,true,robot-shop,cart.robot-shop.svc.cluster.local:8080,default.robot-shop.serviceaccount.identity.linkerd.cluster.local,,,,,,,,,,
1613873577.612,response_latency_ms_count,,,10.1.18.192:4191,linkerd-proxy,robot-shop,,cart-5c4fff577-qbhqr,cart,66,,,,,cart,,linkerd,inbound,,5c4fff577,200,true,robot-shop,cart.robot-shop.svc.cluster.local:8080,default.robot-shop.serviceaccount.identity.linkerd.cluster.local,,,,,,,,,,
1613873587.612,response_latency_ms_count,,,10.1.18.192:4191,linkerd-proxy,robot-shop,,cart-5c4fff577-qbhqr,cart,191,,,,,cart,,linkerd,inbound,,5c4fff577,200,true,robot-shop,cart.robot-shop.svc.cluster.local:8080,default.robot-shop.serviceaccount.identity.linkerd.cluster.local,,,,,,,,,,
1613873597.612,response_latency_ms_count,,,10.1.18.192:4191,linkerd-proxy,robot-shop,,cart-5c4fff577-qbhqr,cart,280,,,,,cart,,linkerd,inbound,,5c4fff577,200,true,robot-shop,cart.robot-shop.svc.cluster.local:8080,default.robot-shop.serviceaccount.identity.linkerd.cluster.local,,,,,,,,,,
1613873607.612,response_latency_ms_count,,,10.1.18.192:4191,linkerd-proxy,robot-shop,,cart-5c4fff577-qbhqr,cart,287,,,,,cart,,linkerd,inbound,,5c4fff577,200,true,robot-shop,cart.robot-shop.svc.cluster.local:8080,default.robot-shop.serviceaccount.identity.linkerd.cluster.local,,,,,,,,,,
1613873617.612,response_latency_ms_count,,,10.1.18.192:4191,linkerd-proxy,robot-shop,,cart-5c4fff577-qbhqr,cart,317,,,,,cart,,linkerd,inbound,,5c4fff577,200,true,robot-shop,cart.robot-shop.svc.cluster.local:8080,default.robot-shop.serviceaccount.identity.linkerd.cluster.local,,,,,,,,,,
1613873567.612,response_latency_ms_count,,,10.1.18.192:4191,linkerd-proxy,robot-shop,,cart-5c4fff577-qbhqr,cart,10,,,,,cart,,linkerd,outbound,,5c4fff577,200,true,robot-shop,catalogue.robot-shop.svc.cluster.local:8080,,linkerd,catalogue,robot-shop,catalogue-7f9d94b4db-9dxvq,7f9d94b4db,default,default.robot-shop.serviceaccount.identity.linkerd.cluster.local,,,catalogue
1613873577.612,response_latency_ms_count,,,10.1.18.192:4191,linkerd-proxy,robot-shop,,cart-5c4fff577-qbhqr,cart,24,,,,,cart,,linkerd,outbound,,5c4fff577,200,true,robot-shop,catalogue.robot-shop.svc.cluster.local:8080,,linkerd,catalogue,robot-shop,catalogue-7f9d94b4db-9dxvq,7f9d94b4db,default,default.robot-shop.serviceaccount.identity.linkerd.cluster.local,,,catalogue
1613873587.612,response_latency_ms_count,,,10.1.18.192:4191,linkerd-proxy,robot-shop,,cart-5c4fff577-qbhqr,cart,62,,,,,cart,,linkerd,outbound,,5c4fff577,200,true,robot-shop,catalogue.robot-shop.svc.cluster.local:8080,,linkerd,catalogue,robot-shop,catalogue-7f9d94b4db-9dxvq,7f9d94b4db,default,default.robot-shop.serviceaccount.identity.linkerd.cluster.local,,,catalogue
1613873597.612,response_latency_ms_count,,,10.1.18.192:4191,linkerd-proxy,robot-shop,,cart-5c4fff577-qbhqr,cart,75,,,,,cart,,linkerd,outbound,,5c4fff577,200,true,robot-shop,catalogue.robot-shop.svc.cluster.local:8080,,linkerd,catalogue,robot-shop,catalogue-7f9d94b4db-9dxvq,7f9d94b4db,default,default.robot-shop.serviceaccount.identity.linkerd.cluster.local,,,catalogue
1613873607.612,response_latency_ms_count,,,10.1.18.192:4191,linkerd-proxy,robot-shop,,cart-5c4fff577-qbhqr,cart,80,,,,,cart,,linkerd,outbound,,5c4fff577,200,true,robot-shop,catalogue.robot-shop.svc.cluster.local:8080,,linkerd,catalogue,robot-shop,catalogue-7f9d94b4db-9dxvq,7f9d94b4db,default,default.robot-shop.serviceaccount.identity.linkerd.cluster.local,,,catalogue
1613873617.612,response_latency_ms_count,,,10.1.18.192:4191,linkerd-proxy,robot-shop,,cart-5c4fff577-qbhqr,cart,91,,,,,cart,,linkerd,outbound,,5c4fff577,200,true,robot-shop,catalogue.robot-shop.svc.cluster.local:8080,,linkerd,catalogue,robot-shop,catalogue-7f9d94b4db-9dxvq,7f9d94b4db,default,default.robot-shop.serviceaccount.identity.linkerd.cluster.local,,,catalogue
1613873567.612,response_latency_ms_count,,,10.1.18.192:4191,linkerd-proxy,robot-shop,,cart-5c4fff577-qbhqr,cart,6,,,,,cart,,linkerd,outbound,,5c4fff577,200,true,robot-shop,catalogue.robot-shop.svc.cluster.local:8080,,linkerd,catalogue,robot-shop,catalogue-7f9d94b4db-pvr5l,7f9d94b4db,default,default.robot-shop.serviceaccount.identity.linkerd.cluster.local,,,catalogue
1613873577.612,response_latency_ms_count,,,10.1.18.192:4191,linkerd-proxy,robot-shop,,cart-5c4fff577-qbhqr,cart,20,,,,,cart,,linkerd,outbound,,5c4fff577,200,true,robot-shop,catalogue.robot-shop.svc.cluster.local:8080,,linkerd,catalogue,robot-shop,catalogue-7f9d94b4db-pvr5l,7f9d94b4db,default,default.robot-shop.serviceaccount.identity.linkerd.cluster.local,,,catalogue
1613873587.612,response_latency_ms_count,,,10.1.18.192:4191,linkerd-proxy,robot-shop,,cart-5c4fff577-qbhqr,cart,49,,,,,cart,,linkerd,outbound,,5c4fff577,200,true,robot-shop,catalogue.robot-shop.svc.cluster.local:8080,,linkerd,catalogue,robot-shop,catalogue-7f9d94b4db-pvr5l,7f9d94b4db,default,default.robot-shop.serviceaccount.identity.linkerd.cluster.local,,,catalogue
1613873597.612,response_latency_ms_count,,,10.1.18.192:4191,linkerd-proxy,robot-shop,,cart-5c4fff577-qbhqr,cart,58,,,,,cart,,linkerd,outbound,,5c4fff577,200,true,robot-shop,catalogue.robot-shop.svc.cluster.local:8080,,linkerd,catalogue,robot-shop,catalogue-7f9d94b4db-pvr5l,7f9d94b4db,default,default.robot-shop.serviceaccount.identity.linkerd.cluster.local,,,catalogue
1613873607.612,response_latency_ms_count,,,10.1.18.192:4191,linkerd-proxy,robot-shop,,cart-5c4fff577-qbhqr,cart,60,,,,,cart,,linkerd,outbound,,5c4fff577,200,true,robot-shop,catalogue.robot-shop.svc.cluster.local:8080,,linkerd,catalogue,robot-shop,catalogue-7f9d94b4db-pvr5l,7f9d94b4db,default,default.robot-shop.serviceaccount.identity.linkerd.cluster.local,,,catalogue
1613873617.612,response_latency_ms_count,,,10.1.18.192:4191,linkerd-proxy,robot-shop,,cart-5c4fff577-qbhqr,cart,71,,,,,cart,,linkerd,outbound,,5c4fff577,200,true,robot-shop,catalogue.robot-shop.svc.cluster.local:8080,,linkerd,catalogue,robot-shop,catalogue-7f9d94b4db-pvr5l,7f9d94b4db,default,default.robot-shop.serviceaccount.identity.linkerd.cluster.local,,,catalogue
1613873568.987,response_latency_ms_count,,,10.1.18.198:4191,linkerd-proxy,robot-shop,,user-5bc66cc67d-nkqq4,user,4,,,,,user,,linkerd,inbound,,5bc66cc67d,200,true,robot-shop,user.robot-shop.svc.cluster.local:8080,default.robot-shop.serviceaccount.identity.linkerd.cluster.local,,,,,,,,,,
1613873578.987,response_latency_ms_count,,,10.1.18.198:4191,linkerd-proxy,robot-shop,,user-5bc66cc67d-nkqq4,user,7,,,,,user,,linkerd,inbound,,5bc66cc67d,200,true,robot-shop,user.robot-shop.svc.cluster.local:8080,default.robot-shop.serviceaccount.identity.linkerd.cluster.local,,,,,,,,,,
1613873588.987,response_latency_ms_count,,,10.1.18.198:4191,linkerd-proxy,robot-shop,,user-5bc66cc67d-nkqq4,user,10,,,,,user,,linkerd,inbound,,5bc66cc67d,200,true,robot-shop,user.robot-shop.svc.cluster.local:8080,default.robot-shop.serviceaccount.identity.linkerd.cluster.local,,,,,,,,,,
1613873598.987,response_latency_ms_count,,,10.1.18.198:4191,linkerd-proxy,robot-shop,,user-5bc66cc67d-nkqq4,user,10,,,,,user,,linkerd,inbound,,5bc66cc67d,200,true,robot-shop,user.robot-shop.svc.cluster.local:8080,default.robot-shop.serviceaccount.identity.linkerd.cluster.local,,,,,,,,,,
1613873608.987,response_latency_ms_count,,,10.1.18.198:4191,linkerd-proxy,robot-shop,,user-5bc66cc67d-nkqq4,user,82,,,,,user,,linkerd,inbound,,5bc66cc67d,200,true,robot-shop,user.robot-shop.svc.cluster.local:8080,default.robot-shop.serviceaccount.identity.linkerd.cluster.local,,,,,,,,,,
1613873618.987,response_latency_ms_count,,,10.1.18.198:4191,linkerd-proxy,robot-shop,,user-5bc66cc67d-nkqq4,user,123,,,,,user,,linkerd,inbound,,5bc66cc67d,200,true,robot-shop,user.robot-shop.svc.cluster.local:8080,default.robot-shop.serviceaccount.identity.linkerd.cluster.local,,,,,,,,,,
1613873569.945,response_latency_ms_count,,,10.1.18.199:4191,linkerd-proxy,robot-shop,,web-6b7cd5d75b-cq4k9,web,416,,,,,web,,linkerd,inbound,no_tls_from_remote,6b7cd5d75b,200,no_identity,robot-shop,localhost:30651,,,,,,,,,,,
1613873579.945,response_latency_ms_count,,,10.1.18.199:4191,linkerd-proxy,robot-shop,,web-6b7cd5d75b-cq4k9,web,723,,,,,web,,linkerd,inbound,no_tls_from_remote,6b7cd5d75b,200,no_identity,robot-shop,localhost:30651,,,,,,,,,,,
1613873589.946,response_latency_ms_count,,,10.1.18.199:4191,linkerd-proxy,robot-shop,,web-6b7cd5d75b-cq4k9,web,1015,,,,,web,,linkerd,inbound,no_tls_from_remote,6b7cd5d75b,200,no_identity,robot-shop,localhost:30651,,,,,,,,,,,
1613873599.946,response_latency_ms_count,,,10.1.18.199:4191,linkerd-proxy,robot-shop,,web-6b7cd5d75b-cq4k9,web,1067,,,,,web,,linkerd,inbound,no_tls_from_remote,6b7cd5d75b,200,no_identity,robot-shop,localhost:30651,,,,,,,,,,,
1613873609.946,response_latency_ms_count,,,10.1.18.199:4191,linkerd-proxy,robot-shop,,web-6b7cd5d75b-cq4k9,web,1514,,,,,web,,linkerd,inbound,no_tls_from_remote,6b7cd5d75b,200,no_identity,robot-shop,localhost:30651,,,,,,,,,,,
1613873619.947,response_latency_ms_count,,,10.1.18.199:4191,linkerd-proxy,robot-shop,,web-6b7cd5d75b-cq4k9,web,1704,,,,,web,,linkerd,inbound,no_tls_from_remote,6b7cd5d75b,200,no_identity,robot-shop,localhost:30651,,,,,,,,,,,
1613873569.945,response_latency_ms_count,,,10.1.18.199:4191,linkerd-proxy,robot-shop,,web-6b7cd5d75b-cq4k9,web,3,,,,,web,,linkerd,outbound,,6b7cd5d75b,200,true,robot-shop,user.robot-shop.svc.cluster.local:8080,,linkerd,user,robot-shop,user-5bc66cc67d-nkqq4,5bc66cc67d,default,default.robot-shop.serviceaccount.identity.linkerd.cluster.local,,,user
1613873579.945,response_latency_ms_count,,,10.1.18.199:4191,linkerd-proxy,robot-shop,,web-6b7cd5d75b-cq4k9,web,5,,,,,web,,linkerd,outbound,,6b7cd5d75b,200,true,robot-shop,user.robot-shop.svc.cluster.local:8080,,linkerd,user,robot-shop,user-5bc66cc67d-nkqq4,5bc66cc67d,default,default.robot-shop.serviceaccount.identity.linkerd.cluster.local,,,user
1613873589.946,response_latency_ms_count,,,10.1.18.199:4191,linkerd-proxy,robot-shop,,web-6b7cd5d75b-cq4k9,web,8,,,,,web,,linkerd,outbound,,6b7cd5d75b,200,true,robot-shop,user.robot-shop.svc.cluster.local:8080,,linkerd,user,robot-shop,user-5bc66cc67d-nkqq4,5bc66cc67d,default,default.robot-shop.serviceaccount.identity.linkerd.cluster.local,,,user
1613873599.946,response_latency_ms_count,,,10.1.18.199:4191,linkerd-proxy,robot-shop,,web-6b7cd5d75b-cq4k9,web,8,,,,,web,,linkerd,outbound,,6b7cd5d75b,200,true,robot-shop,user.robot-shop.svc.cluster.local:8080,,linkerd,user,robot-shop,user-5bc66cc67d-nkqq4,5bc66cc67d,default,default.robot-shop.serviceaccount.identity.linkerd.cluster.local,,,user
1613873609.946,response_latency_ms_count,,,10.1.18.199:4191,linkerd-proxy,robot-shop,,web-6b7cd5d75b-cq4k9,web,48,,,,,web,,linkerd,outbound,,6b7cd5d75b,200,true,robot-shop,user.robot-shop.svc.cluster.local:8080,,linkerd,user,robot-shop,user-5bc66cc67d-nkqq4,5bc66cc67d,default,default.robot-shop.serviceaccount.identity.linkerd.cluster.local,,,user
1613873619.947,response_latency_ms_count,,,10.1.18.199:4191,linkerd-proxy,robot-shop,,web-6b7cd5d75b-cq4k9,web,73,,,,,web,,linkerd,outbound,,6b7cd5d75b,200,true,robot-shop,user.robot-shop.svc.cluster.local:8080,,linkerd,user,robot-shop,user-5bc66cc67d-nkqq4,5bc66cc67d,default,default.robot-shop.serviceaccount.identity.linkerd.cluster.local,,,user
1613873569.945,response_latency_ms_count,,,10.1.18.199:4191,linkerd-proxy,robot-shop,,web-6b7cd5d75b-cq4k9,web,124,,,,,web,,linkerd,outbound,,6b7cd5d75b,200,true,robot-shop,user.robot-shop.svc.cluster.local:8080,,linkerd,user,robot-shop,user-5bc66cc67d-7h8d6,5bc66cc67d,default,default.robot-shop.serviceaccount.identity.linkerd.cluster.local,,,user
1613873579.945,response_latency_ms_count,,,10.1.18.199:4191,linkerd-proxy,robot-shop,,web-6b7cd5d75b-cq4k9,web,163,,,,,web,,linkerd,outbound,,6b7cd5d75b,200,true,robot-shop,user.robot-shop.svc.cluster.local:8080,,linkerd,user,robot-shop,user-5bc66cc67d-7h8d6,5bc66cc67d,default,default.robot-shop.serviceaccount.identity.linkerd.cluster.local,,,user
1613873589.946,response_latency_ms_count,,,10.1.18.199:4191,linkerd-proxy,robot-shop,,web-6b7cd5d75b-cq4k9,web,164,,,,,web,,linkerd,outbound,,6b7cd5d75b,200,true,robot-shop,user.robot-shop.svc.cluster.local:8080,,linkerd,user,robot-shop,user-5bc66cc67d-7h8d6,5bc66cc67d,default,default.robot-shop.serviceaccount.identity.linkerd.cluster.local,,,user
1613873599.946,response_latency_ms_count,,,10.1.18.199:4191,linkerd-proxy,robot-shop,,web-6b7cd5d75b-cq4k9,web,164,,,,,web,,linkerd,outbound,,6b7cd5d75b,200,true,robot-shop,user.robot-shop.svc.cluster.local:8080,,linkerd,user,robot-shop,user-5bc66cc67d-7h8d6,5bc66cc67d,default,default.robot-shop.serviceaccount.identity.linkerd.cluster.local,,,user
1613873609.946,response_latency_ms_count,,,10.1.18.199:4191,linkerd-proxy,robot-shop,,web-6b7cd5d75b-cq4k9,web,255,,,,,web,,linkerd,outbound,,6b7cd5d75b,200,true,robot-shop,user.robot-shop.svc.cluster.local:8080,,linkerd,user,robot-shop,user-5bc66cc67d-7h8d6,5bc66cc67d,default,default.robot-shop.serviceaccount.identity.linkerd.cluster.local,,,user
1613873619.947,response_latency_ms_count,,,10.1.18.199:4191,linkerd-proxy,robot-shop,,web-6b7cd5d75b-cq4k9,web,268,,,,,web,,linkerd,outbound,,6b7cd5d75b,200,true,robot-shop,user.robot-shop.svc.cluster.local:8080,,linkerd,user,robot-shop,user-5bc66cc67d-7h8d6,5bc66cc67d,default,default.robot-shop.serviceaccount.identity.linkerd.cluster.local,,,user
1613873569.945,response_latency_ms_count,,,10.1.18.199:4191,linkerd-proxy,robot-shop,,web-6b7cd5d75b-cq4k9,web,54,,,,,web,,linkerd,outbound,,6b7cd5d75b,200,true,robot-shop,catalogue.robot-shop.svc.cluster.local:8080,,linkerd,catalogue,robot-shop,catalogue-7f9d94b4db-pvr5l,7f9d94b4db,default,default.robot-shop.serviceaccount.identity.linkerd.cluster.local,,,catalogue
1613873579.945,response_latency_ms_count,,,10.1.18.199:4191,linkerd-proxy,robot-shop,,web-6b7cd5d75b-cq4k9,web,66,,,,,web,,linkerd,outbound,,6b7cd5d75b,200,true,robot-shop,catalogue.robot-shop.svc.cluster.local:8080,,linkerd,catalogue,robot-shop,catalogue-7f9d94b4db-pvr5l,7f9d94b4db,default,default.robot-shop.serviceaccount.identity.linkerd.cluster.local,,,catalogue
1613873589.946,response_latency_ms_count,,,10.1.18.199:4191,linkerd-proxy,robot-shop,,web-6b7cd5d75b-cq4k9,web,85,,,,,web,,linkerd,outbound,,6b7cd5d75b,200,true,robot-shop,catalogue.robot-shop.svc.cluster.local:8080,,linkerd,catalogue,robot-shop,catalogue-7f9d94b4db-pvr5l,7f9d94b4db,default,default.robot-shop.serviceaccount.identity.linkerd.cluster.local,,,catalogue
1613873599.946,response_latency_ms_count,,,10.1.18.199:4191,linkerd-proxy,robot-shop,,web-6b7cd5d75b-cq4k9,web,85,,,,,web,,linkerd,outbound,,6b7cd5d75b,200,true,robot-shop,catalogue.robot-shop.svc.cluster.local:8080,,linkerd,catalogue,robot-shop,catalogue-7f9d94b4db-pvr5l,7f9d94b4db,default,default.robot-shop.serviceaccount.identity.linkerd.cluster.local,,,catalogue
1613873609.946,response_latency_ms_count,,,10.1.18.199:4191,linkerd-proxy,robot-shop,,web-6b7cd5d75b-cq4k9,web,168,,,,,web,,linkerd,outbound,,6b7cd5d75b,200,true,robot-shop,catalogue.robot-shop.svc.cluster.local:8080,,linkerd,catalogue,robot-shop,catalogue-7f9d94b4db-pvr5l,7f9d94b4db,default,default.robot-shop.serviceaccount.identity.linkerd.cluster.local,,,catalogue
1613873619.947,response_latency_ms_count,,,10.1.18.199:4191,linkerd-proxy,robot-shop,,web-6b7cd5d75b-cq4k9,web,177,,,,,web,,linkerd,outbound,,6b7cd5d75b,200,true,robot-shop,catalogue.robot-shop.svc.cluster.local:8080,,linkerd,catalogue,robot-shop,catalogue-7f9d94b4db-pvr5l,7f9d94b4db,default,default.robot-shop.serviceaccount.identity.linkerd.cluster.local,,,catalogue
1613873569.945,response_latency_ms_count,,,10.1.18.199:4191,linkerd-proxy,robot-shop,,web-6b7cd5d75b-cq4k9,web,127,,,,,web,,linkerd,outbound,,6b7cd5d75b,200,true,robot-shop,catalogue.robot-shop.svc.cluster.local:8080,,linkerd,catalogue,robot-shop,catalogue-7f9d94b4db-9dxvq,7f9d94b4db,default,default.robot-shop.serviceaccount.identity.linkerd.cluster.local,,,catalogue
1613873579.945,response_latency_ms_count,,,10.1.18.199:4191,linkerd-proxy,robot-shop,,web-6b7cd5d75b-cq4k9,web,218,,,,,web,,linkerd,outbound,,6b7cd5d75b,200,true,robot-shop,catalogue.robot-shop.svc.cluster.local:8080,,linkerd,catalogue,robot-shop,catalogue-7f9d94b4db-9dxvq,7f9d94b4db,default,default.robot-shop.serviceaccount.identity.linkerd.cluster.local,,,catalogue
1613873589.946,response_latency_ms_count,,,10.1.18.199:4191,linkerd-proxy,robot-shop,,web-6b7cd5d75b-cq4k9,web,255,,,,,web,,linkerd,outbound,,6b7cd5d75b,200,true,robot-shop,catalogue.robot-shop.svc.cluster.local:8080,,linkerd,catalogue,robot-shop,catalogue-7f9d94b4db-9dxvq,7f9d94b4db,default,default.robot-shop.serviceaccount.identity.linkerd.cluster.local,,,catalogue
1613873599.946,response_latency_ms_count,,,10.1.18.199:4191,linkerd-proxy,robot-shop,,web-6b7cd5d75b-cq4k9,web,255,,,,,web,,linkerd,outbound,,6b7cd5d75b,200,true,robot-shop,catalogue.robot-shop.svc.cluster.local:8080,,linkerd,catalogue,robot-shop,catalogue-7f9d94b4db-9dxvq,7f9d94b4db,default,default.robot-shop.serviceaccount.identity.linkerd.cluster.local,,,catalogue
1613873609.946,response_latency_ms_count,,,10.1.18.199:4191,linkerd-proxy,robot-shop,,web-6b7cd5d75b-cq4k9,web,382,,,,,web,,linkerd,outbound,,6b7cd5d75b,200,true,robot-shop,catalogue.robot-shop.svc.cluster.local:8080,,linkerd,catalogue,robot-shop,catalogue-7f9d94b4db-9dxvq,7f9d94b4db,default,default.robot-shop.serviceaccount.identity.linkerd.cluster.local,,,catalogue
1613873619.947,response_latency_ms_count,,,10.1.18.199:4191,linkerd-proxy,robot-shop,,web-6b7cd5d75b-cq4k9,web,440,,,,,web,,linkerd,outbound,,6b7cd5d75b,200,true,robot-shop,catalogue.robot-shop.svc.cluster.local:8080,,linkerd,catalogue,robot-shop,catalogue-7f9d94b4db-9dxvq,7f9d94b4db,default,default.robot-shop.serviceaccount.identity.linkerd.cluster.local,,,catalogue
1613873569.945,response_latency_ms_count,,,10.1.18.199:4191,linkerd-proxy,robot-shop,,web-6b7cd5d75b-cq4k9,web,10,,,,,web,,linkerd,outbound,,6b7cd5d75b,200,true,robot-shop,ratings.robot-shop.svc.cluster.local,,linkerd,ratings,robot-shop,ratings-57874f848b-xtvx6,57874f848b,default,default.robot-shop.serviceaccount.identity.linkerd.cluster.local,,,ratings
1613873579.945,response_latency_ms_count,,,10.1.18.199:4191,linkerd-proxy,robot-shop,,web-6b7cd5d75b-cq4k9,web,39,,,,,web,,linkerd,outbound,,6b7cd5d75b,200,true,robot-shop,ratings.robot-shop.svc.cluster.local,,linkerd,ratings,robot-shop,ratings-57874f848b-xtvx6,57874f848b,default,default.robot-shop.serviceaccount.identity.linkerd.cluster.local,,,ratings
1613873589.946,response_latency_ms_count,,,10.1.18.199:4191,linkerd-proxy,robot-shop,,web-6b7cd5d75b-cq4k9,web,48,,,,,web,,linkerd,outbound,,6b7cd5d75b,200,true,robot-shop,ratings.robot-shop.svc.cluster.local,,linkerd,ratings,robot-shop,ratings-57874f848b-xtvx6,57874f848b,default,default.robot-shop.serviceaccount.identity.linkerd.cluster.local,,,ratings
1613873599.946,response_latency_ms_count,,,10.1.18.199:4191,linkerd-proxy,robot-shop,,web-6b7cd5d75b-cq4k9,web,48,,,,,web,,linkerd,outbound,,6b7cd5d75b,200,true,robot-shop,ratings.robot-shop.svc.cluster.local,,linkerd,ratings,robot-shop,ratings-57874f848b-xtvx6,57874f848b,default,default.robot-shop.serviceaccount.identity.linkerd.cluster.local,,,ratings
1613873609.946,response_latency_ms_count,,,10.1.18.199:4191,linkerd-proxy,robot-shop,,web-6b7cd5d75b-cq4k9,web,65,,,,,web,,linkerd,outbound,,6b7cd5d75b,200,true,robot-shop,ratings.robot-shop.svc.cluster.local,,linkerd,ratings,robot-shop,ratings-57874f848b-xtvx6,57874f848b,default,default.robot-shop.serviceaccount.identity.linkerd.cluster.local,,,ratings
1613873619.947,response_latency_ms_count,,,10.1.18.199:4191,linkerd-proxy,robot-shop,,web-6b7cd5d75b-cq4k9,web,94,,,,,web,,linkerd,outbound,,6b7cd5d75b,200,true,robot-shop,ratings.robot-shop.svc.cluster.local,,linkerd,ratings,robot-shop,ratings-57874f848b-xtvx6,57874f848b,default,default.robot-shop.serviceaccount.identity.linkerd.cluster.local,,,ratings
1613873569.945,response_latency_ms_count,,,10.1.18.199:4191,linkerd-proxy,robot-shop,,web-6b7cd5d75b-cq4k9,web,8,,,,,web,,linkerd,outbound,,6b7cd5d75b,200,true,robot-shop,ratings.robot-shop.svc.cluster.local,,linkerd,ratings,robot-shop,ratings-57874f848b-g4dvs,57874f848b,default,default.robot-shop.serviceaccount.identity.linkerd.cluster.local,,,ratings
1613873579.945,response_latency_ms_count,,,10.1.18.199:4191,linkerd-proxy,robot-shop,,web-6b7cd5d75b-cq4k9,web,43,,,,,web,,linkerd,outbound,,6b7cd5d75b,200,true,robot-shop,ratings.robot-shop.svc.cluster.local,,linkerd,ratings,robot-shop,ratings-57874f848b-g4dvs,57874f848b,default,default.robot-shop.serviceaccount.identity.linkerd.cluster.local,,,ratings
1613873589.946,response_latency_ms_count,,,10.1.18.199:4191,linkerd-proxy,robot-shop,,web-6b7cd5d75b-cq4k9,web,57,,,,,web,,linkerd,outbound,,6b7cd5d75b,200,true,robot-shop,ratings.robot-shop.svc.cluster.local,,linkerd,ratings,robot-shop,ratings-57874f848b-g4dvs,57874f848b,default,default.robot-shop.serviceaccount.identity.linkerd.cluster.local,,,ratings
1613873599.946,response_latency_ms_count,,,10.1.18.199:4191,linkerd-proxy,robot-shop,,web-6b7cd5d75b-cq4k9,web,57,,,,,web,,linkerd,outbound,,6b7cd5d75b,200,true,robot-shop,ratings.robot-shop.svc.cluster.local,,linkerd,ratings,robot-shop,ratings-57874f848b-g4dvs,57874f848b,default,default.robot-shop.serviceaccount.identity.linkerd.cluster.local,,,ratings
1613873609.946,response_latency_ms_count,,,10.1.18.199:4191,linkerd-proxy,robot-shop,,web-6b7cd5d75b-cq4k9,web,57,,,,,web,,linkerd,outbound,,6b7cd5d75b,200,true,robot-shop,ratings.robot-shop.svc.cluster.local,,linkerd,ratings,robot-shop,ratings-57874f848b-g4dvs,57874f848b,default,default.robot-shop.serviceaccount.identity.linkerd.cluster.local,,,ratings
1613873619.947,response_latency_ms_count,,,10.1.18.199:4191,linkerd-proxy,robot-shop,,web-6b7cd5d75b-cq4k9,web,57,,,,,web,,linkerd,outbound,,6b7cd5d75b,200,true,robot-shop,ratings.robot-shop.svc.cluster.local,,linkerd,ratings,robot-shop,ratings-57874f848b-g4dvs,57874f848b,default,default.robot-shop.serviceaccount.identity.linkerd.cluster.local,,,ratings
1613873569.945,response_latency_ms_count,,,10.1.18.199:4191,linkerd-proxy,robot-shop,,web-6b7cd5d75b-cq4k9,web,1,,,,,web,,linkerd,outbound,,6b7cd5d75b,200,true,robot-shop,cart.robot-shop.svc.cluster.local:8080,,linkerd,cart,robot-shop,cart-5c4fff577-qbhqr,5c4fff577,default,default.robot-shop.serviceaccount.identity.linkerd.cluster.local,,,cart
1613873579.945,response_latency_ms_count,,,10.1.18.199:4191,linkerd-proxy,robot-shop,,web-6b7cd5d75b-cq4k9,web,28,,,,,web,,linkerd,outbound,,6b7cd5d75b,200,true,robot-shop,cart.robot-shop.svc.cluster.local:8080,,linkerd,cart,robot-shop,cart-5c4fff577-qbhqr,5c4fff577,default,default.robot-shop.serviceaccount.identity.linkerd.cluster.local,,,cart
1613873589.946,response_latency_ms_count,,,10.1.18.199:4191,linkerd-proxy,robot-shop,,web-6b7cd5d75b-cq4k9,web,123,,,,,web,,linkerd,outbound,,6b7cd5d75b,200,true,robot-shop,cart.robot-shop.svc.cluster.local:8080,,linkerd,cart,robot-shop,cart-5c4fff577-qbhqr,5c4fff577,default,default.robot-shop.serviceaccount.identity.linkerd.cluster.local,,,cart
1613873599.946,response_latency_ms_count,,,10.1.18.199:4191,linkerd-proxy,robot-shop,,web-6b7cd5d75b-cq4k9,web,148,,,,,web,,linkerd,outbound,,6b7cd5d75b,200,true,robot-shop,cart.robot-shop.svc.cluster.local:8080,,linkerd,cart,robot-shop,cart-5c4fff577-qbhqr,5c4fff577,default,default.robot-shop.serviceaccount.identity.linkerd.cluster.local,,,cart
1613873609.946,response_latency_ms_count,,,10.1.18.199:4191,linkerd-proxy,robot-shop,,web-6b7cd5d75b-cq4k9,web,161,,,,,web,,linkerd,outbound,,6b7cd5d75b,200,true,robot-shop,cart.robot-shop.svc.cluster.local:8080,,linkerd,cart,robot-shop,cart-5c4fff577-qbhqr,5c4fff577,default,default.robot-shop.serviceaccount.identity.linkerd.cluster.local,,,cart
1613873619.947,response_latency_ms_count,,,10.1.18.199:4191,linkerd-proxy,robot-shop,,web-6b7cd5d75b-cq4k9,web,195,,,,,web,,linkerd,outbound,,6b7cd5d75b,200,true,robot-shop,cart.robot-shop.svc.cluster.local:8080,,linkerd,cart,robot-shop,cart-5c4fff577-qbhqr,5c4fff577,default,default.robot-shop.serviceaccount.identity.linkerd.cluster.local,,,cart
1613873569.945,response_latency_ms_count,,,10.1.18.199:4191,linkerd-proxy,robot-shop,,web-6b7cd5d75b-cq4k9,web,22,,,,,web,,linkerd,outbound,,6b7cd5d75b,200,true,robot-shop,cart.robot-shop.svc.cluster.local:8080,,linkerd,cart,robot-shop,cart-5c4fff577-tcf95,5c4fff577,default,default.robot-shop.serviceaccount.identity.linkerd.cluster.local,,,cart
1613873579.945,response_latency_ms_count,,,10.1.18.199:4191,linkerd-proxy,robot-shop,,web-6b7cd5d75b-cq4k9,web,67,,,,,web,,linkerd,outbound,,6b7cd5d75b,200,true,robot-shop,cart.robot-shop.svc.cluster.local:8080,,linkerd,cart,robot-shop,cart-5c4fff577-tcf95,5c4fff577,default,default.robot-shop.serviceaccount.identity.linkerd.cluster.local,,,cart
1613873589.946,response_latency_ms_count,,,10.1.18.199:4191,linkerd-proxy,robot-shop,,web-6b7cd5d75b-cq4k9,web,169,,,,,web,,linkerd,outbound,,6b7cd5d75b,200,true,robot-shop,cart.robot-shop.svc.cluster.local:8080,,linkerd,cart,robot-shop,cart-5c4fff577-tcf95,5c4fff577,default,default.robot-shop.serviceaccount.identity.linkerd.cluster.local,,,cart
1613873599.946,response_latency_ms_count,,,10.1.18.199:4191,linkerd-proxy,robot-shop,,web-6b7cd5d75b-cq4k9,web,192,,,,,web,,linkerd,outbound,,6b7cd5d75b,200,true,robot-shop,cart.robot-shop.svc.cluster.local:8080,,linkerd,cart,robot-shop,cart-5c4fff577-tcf95,5c4fff577,default,default.robot-shop.serviceaccount.identity.linkerd.cluster.local,,,cart
1613873609.946,response_latency_ms_count,,,10.1.18.199:4191,linkerd-proxy,robot-shop,,web-6b7cd5d75b-cq4k9,web,193,,,,,web,,linkerd,outbound,,6b7cd5d75b,200,true,robot-shop,cart.robot-shop.svc.cluster.local:8080,,linkerd,cart,robot-shop,cart-5c4fff577-tcf95,5c4fff577,default,default.robot-shop.serviceaccount.identity.linkerd.cluster.local,,,cart
1613873619.947,response_latency_ms_count,,,10.1.18.199:4191,linkerd-proxy,robot-shop,,web-6b7cd5d75b-cq4k9,web,202,,,,,web,,linkerd,outbound,,6b7cd5d75b,200,true,robot-shop,cart.robot-shop.svc.cluster.local:8080,,linkerd,cart,robot-shop,cart-5c4fff577-tcf95,5c4fff577,default,default.robot-shop.serviceaccount.identity.linkerd.cluster.local,,,cart
1613873569.945,response_latency_ms_count,,,10.1.18.199:4191,linkerd-proxy,robot-shop,,web-6b7cd5d75b-cq4k9,web,2,,,,,web,,linkerd,outbound,,6b7cd5d75b,200,true,robot-shop,shipping.robot-shop.svc.cluster.local:8080,,linkerd,shipping,robot-shop,shipping-85c8bd8d95-nwfnb,85c8bd8d95,default,default.robot-shop.serviceaccount.identity.linkerd.cluster.local,,,shipping
1613873579.945,response_latency_ms_count,,,10.1.18.199:4191,linkerd-proxy,robot-shop,,web-6b7cd5d75b-cq4k9,web,4,,,,,web,,linkerd,outbound,,6b7cd5d75b,200,true,robot-shop,shipping.robot-shop.svc.cluster.local:8080,,linkerd,shipping,robot-shop,shipping-85c8bd8d95-nwfnb,85c8bd8d95,default,default.robot-shop.serviceaccount.identity.linkerd.cluster.local,,,shipping
1613873589.946,response_latency_ms_count,,,10.1.18.199:4191,linkerd-proxy,robot-shop,,web-6b7cd5d75b-cq4k9,web,12,,,,,web,,linkerd,outbound,,6b7cd5d75b,200,true,robot-shop,shipping.robot-shop.svc.cluster.local:8080,,linkerd,shipping,robot-shop,shipping-85c8bd8d95-nwfnb,85c8bd8d95,default,default.robot-shop.serviceaccount.identity.linkerd.cluster.local,,,shipping
1613873599.946,response_latency_ms_count,,,10.1.18.199:4191,linkerd-proxy,robot-shop,,web-6b7cd5d75b-cq4k9,web,15,,,,,web,,linkerd,outbound,,6b7cd5d75b,200,true,robot-shop,shipping.robot-shop.svc.cluster.local:8080,,linkerd,shipping,robot-shop,shipping-85c8bd8d95-nwfnb,85c8bd8d95,default,default.robot-shop.serviceaccount.identity.linkerd.cluster.local,,,shipping
1613873609.946,response_latency_ms_count,,,10.1.18.199:4191,linkerd-proxy,robot-shop,,web-6b7cd5d75b-cq4k9,web,15,,,,,web,,linkerd,outbound,,6b7cd5d75b,200,true,robot-shop,shipping.robot-shop.svc.cluster.local:8080,,linkerd,shipping,robot-shop,shipping-85c8bd8d95-nwfnb,85c8bd8d95,default,default.robot-shop.serviceaccount.identity.linkerd.cluster.local,,,shipping
1613873619.947,response_latency_ms_count,,,10.1.18.199:4191,linkerd-proxy,robot-shop,,web-6b7cd5d75b-cq4k9,web,15,,,,,web,,linkerd,outbound,,6b7cd5d75b,200,true,robot-shop,shipping.robot-shop.svc.cluster.local:8080,,linkerd,shipping,robot-shop,shipping-85c8bd8d95-nwfnb,85c8bd8d95,default,default.robot-shop.serviceaccount.identity.linkerd.cluster.local,,,shipping
1613873569.945,response_latency_ms_count,,,10.1.18.199:4191,linkerd-proxy,robot-shop,,web-6b7cd5d75b-cq4k9,web,2,,,,,web,,linkerd,outbound,,6b7cd5d75b,200,true,robot-shop,shipping.robot-shop.svc.cluster.local:8080,,linkerd,shipping,robot-shop,shipping-85c8bd8d95-fm6ps,85c8bd8d95,default,default.robot-shop.serviceaccount.identity.linkerd.cluster.local,,,shipping
1613873579.945,response_latency_ms_count,,,10.1.18.199:4191,linkerd-proxy,robot-shop,,web-6b7cd5d75b-cq4k9,web,6,,,,,web,,linkerd,outbound,,6b7cd5d75b,200,true,robot-shop,shipping.robot-shop.svc.cluster.local:8080,,linkerd,shipping,robot-shop,shipping-85c8bd8d95-fm6ps,85c8bd8d95,default,default.robot-shop.serviceaccount.identity.linkerd.cluster.local,,,shipping
1613873589.946,response_latency_ms_count,,,10.1.18.199:4191,linkerd-proxy,robot-shop,,web-6b7cd5d75b-cq4k9,web,9,,,,,web,,linkerd,outbound,,6b7cd5d75b,200,true,robot-shop,shipping.robot-shop.svc.cluster.local:8080,,linkerd,shipping,robot-shop,shipping-85c8bd8d95-fm6ps,85c8bd8d95,default,default.robot-shop.serviceaccount.identity.linkerd.cluster.local,,,shipping
1613873599.946,response_latency_ms_count,,,10.1.18.199:4191,linkerd-proxy,robot-shop,,web-6b7cd5d75b-cq4k9,web,10,,,,,web,,linkerd,outbound,,6b7cd5d75b,200,true,robot-shop,shipping.robot-shop.svc.cluster.local:8080,,linkerd,shipping,robot-shop,shipping-85c8bd8d95-fm6ps,85c8bd8d95,default,default.robot-shop.serviceaccount.identity.linkerd.cluster.local,,,shipping
1613873609.946,response_latency_ms_count,,,10.1.18.199:4191,linkerd-proxy,robot-shop,,web-6b7cd5d75b-cq4k9,web,11,,,,,web,,linkerd,outbound,,6b7cd5d75b,200,true,robot-shop,shipping.robot-shop.svc.cluster.local:8080,,linkerd,shipping,robot-shop,shipping-85c8bd8d95-fm6ps,85c8bd8d95,default,default.robot-shop.serviceaccount.identity.linkerd.cluster.local,,,shipping
1613873619.947,response_latency_ms_count,,,10.1.18.199:4191,linkerd-proxy,robot-shop,,web-6b7cd5d75b-cq4k9,web,11,,,,,web,,linkerd,outbound,,6b7cd5d75b,200,true,robot-shop,shipping.robot-shop.svc.cluster.local:8080,,linkerd,shipping,robot-shop,shipping-85c8bd8d95-fm6ps,85c8bd8d95,default,default.robot-shop.serviceaccount.identity.linkerd.cluster.local,,,shipping
1613873571.955,response_latency_ms_count,,,10.1.18.188:4191,linkerd-proxy,robot-shop,,ratings-57874f848b-g4dvs,ratings,4,,,,,ratings,,linkerd,outbound,,57874f848b,200,true,robot-shop,catalogue.robot-shop.svc.cluster.local:8080,,linkerd,catalogue,robot-shop,catalogue-7f9d94b4db-pvr5l,7f9d94b4db,default,default.robot-shop.serviceaccount.identity.linkerd.cluster.local,,,catalogue
1613873581.955,response_latency_ms_count,,,10.1.18.188:4191,linkerd-proxy,robot-shop,,ratings-57874f848b-g4dvs,ratings,11,,,,,ratings,,linkerd,outbound,,57874f848b,200,true,robot-shop,catalogue.robot-shop.svc.cluster.local:8080,,linkerd,catalogue,robot-shop,catalogue-7f9d94b4db-pvr5l,7f9d94b4db,default,default.robot-shop.serviceaccount.identity.linkerd.cluster.local,,,catalogue
1613873591.956,response_latency_ms_count,,,10.1.18.188:4191,linkerd-proxy,robot-shop,,ratings-57874f848b-g4dvs,ratings,12,,,,,ratings,,linkerd,outbound,,57874f848b,200,true,robot-shop,catalogue.robot-shop.svc.cluster.local:8080,,linkerd,catalogue,robot-shop,catalogue-7f9d94b4db-pvr5l,7f9d94b4db,default,default.robot-shop.serviceaccount.identity.linkerd.cluster.local,,,catalogue
1613873601.956,response_latency_ms_count,,,10.1.18.188:4191,linkerd-proxy,robot-shop,,ratings-57874f848b-g4dvs,ratings,12,,,,,ratings,,linkerd,outbound,,57874f848b,200,true,robot-shop,catalogue.robot-shop.svc.cluster.local:8080,,linkerd,catalogue,robot-shop,catalogue-7f9d94b4db-pvr5l,7f9d94b4db,default,default.robot-shop.serviceaccount.identity.linkerd.cluster.local,,,catalogue
1613873611.955,response_latency_ms_count,,,10.1.18.188:4191,linkerd-proxy,robot-shop,,ratings-57874f848b-g4dvs,ratings,12,,,,,ratings,,linkerd,outbound,,57874f848b,200,true,robot-shop,catalogue.robot-shop.svc.cluster.local:8080,,linkerd,catalogue,robot-shop,catalogue-7f9d94b4db-pvr5l,7f9d94b4db,default,default.robot-shop.serviceaccount.identity.linkerd.cluster.local,,,catalogue
1613873621.955,response_latency_ms_count,,,10.1.18.188:4191,linkerd-proxy,robot-shop,,ratings-57874f848b-g4dvs,ratings,13,,,,,ratings,,linkerd,outbound,,57874f848b,200,true,robot-shop,catalogue.robot-shop.svc.cluster.local:8080,,linkerd,catalogue,robot-shop,catalogue-7f9d94b4db-pvr5l,7f9d94b4db,default,default.robot-shop.serviceaccount.identity.linkerd.cluster.local,,,catalogue
1613873573.253,response_latency_ms_count,,,10.1.18.191:4191,linkerd-proxy,robot-shop,,web-6b7cd5d75b-vl9w8,web,7,,,,,web,,linkerd,outbound,,6b7cd5d75b,200,true,robot-shop,shipping.robot-shop.svc.cluster.local:8080,,linkerd,shipping,robot-shop,shipping-85c8bd8d95-fm6ps,85c8bd8d95,default,default.robot-shop.serviceaccount.identity.linkerd.cluster.local,,,shipping
1613873583.253,response_latency_ms_count,,,10.1.18.191:4191,linkerd-proxy,robot-shop,,web-6b7cd5d75b-vl9w8,web,12,,,,,web,,linkerd,outbound,,6b7cd5d75b,200,true,robot-shop,shipping.robot-shop.svc.cluster.local:8080,,linkerd,shipping,robot-shop,shipping-85c8bd8d95-fm6ps,85c8bd8d95,default,default.robot-shop.serviceaccount.identity.linkerd.cluster.local,,,shipping
1613873593.253,response_latency_ms_count,,,10.1.18.191:4191,linkerd-proxy,robot-shop,,web-6b7cd5d75b-vl9w8,web,15,,,,,web,,linkerd,outbound,,6b7cd5d75b,200,true,robot-shop,shipping.robot-shop.svc.cluster.local:8080,,linkerd,shipping,robot-shop,shipping-85c8bd8d95-fm6ps,85c8bd8d95,default,default.robot-shop.serviceaccount.identity.linkerd.cluster.local,,,shipping
1613873603.252,response_latency_ms_count,,,10.1.18.191:4191,linkerd-proxy,robot-shop,,web-6b7cd5d75b-vl9w8,web,15,,,,,web,,linkerd,outbound,,6b7cd5d75b,200,true,robot-shop,shipping.robot-shop.svc.cluster.local:8080,,linkerd,shipping,robot-shop,shipping-85c8bd8d95-fm6ps,85c8bd8d95,default,default.robot-shop.serviceaccount.identity.linkerd.cluster.local,,,shipping
1613873613.253,response_latency_ms_count,,,10.1.18.191:4191,linkerd-proxy,robot-shop,,web-6b7cd5d75b-vl9w8,web,15,,,,,web,,linkerd,outbound,,6b7cd5d75b,200,true,robot-shop,shipping.robot-shop.svc.cluster.local:8080,,linkerd,shipping,robot-shop,shipping-85c8bd8d95-fm6ps,85c8bd8d95,default,default.robot-shop.serviceaccount.identity.linkerd.cluster.local,,,shipping
1613873589.946,response_latency_ms_count,,,10.1.18.199:4191,linkerd-proxy,robot-shop,,web-6b7cd5d75b-cq4k9,web,94,,,,,web,,linkerd,inbound,no_tls_from_remote,6b7cd5d75b,502,no_identity,robot-shop,localhost:30651,,,,,,,,,,,
1613873599.946,response_latency_ms_count,,,10.1.18.199:4191,linkerd-proxy,robot-shop,,web-6b7cd5d75b-cq4k9,web,94,,,,,web,,linkerd,inbound,no_tls_from_remote,6b7cd5d75b,502,no_identity,robot-shop,localhost:30651,,,,,,,,,,,
1613873609.946,response_latency_ms_count,,,10.1.18.199:4191,linkerd-proxy,robot-shop,,web-6b7cd5d75b-cq4k9,web,176,,,,,web,,linkerd,inbound,no_tls_from_remote,6b7cd5d75b,502,no_identity,robot-shop,localhost:30651,,,,,,,,,,,
1613873619.947,response_latency_ms_count,,,10.1.18.199:4191,linkerd-proxy,robot-shop,,web-6b7cd5d75b-cq4k9,web,258,,,,,web,,linkerd,inbound,no_tls_from_remote,6b7cd5d75b,502,no_identity,robot-shop,localhost:30651,,,,,,,,,,,
1613873589.946,response_latency_ms_count,,,10.1.18.199:4191,linkerd-proxy,robot-shop,,web-6b7cd5d75b-cq4k9,web,46,,,,,web,,linkerd,outbound,,6b7cd5d75b,502,true,robot-shop,ratings.robot-shop.svc.cluster.local,,linkerd,ratings,robot-shop,ratings-57874f848b-xtvx6,57874f848b,default,default.robot-shop.serviceaccount.identity.linkerd.cluster.local,,,ratings
1613873599.946,response_latency_ms_count,,,10.1.18.199:4191,linkerd-proxy,robot-shop,,web-6b7cd5d75b-cq4k9,web,46,,,,,web,,linkerd,outbound,,6b7cd5d75b,502,true,robot-shop,ratings.robot-shop.svc.cluster.local,,linkerd,ratings,robot-shop,ratings-57874f848b-xtvx6,57874f848b,default,default.robot-shop.serviceaccount.identity.linkerd.cluster.local,,,ratings
1613873609.946,response_latency_ms_count,,,10.1.18.199:4191,linkerd-proxy,robot-shop,,web-6b7cd5d75b-cq4k9,web,46,,,,,web,,linkerd,outbound,,6b7cd5d75b,502,true,robot-shop,ratings.robot-shop.svc.cluster.local,,linkerd,ratings,robot-shop,ratings-57874f848b-xtvx6,57874f848b,default,default.robot-shop.serviceaccount.identity.linkerd.cluster.local,,,ratings
1613873619.947,response_latency_ms_count,,,10.1.18.199:4191,linkerd-proxy,robot-shop,,web-6b7cd5d75b-cq4k9,web,127,,,,,web,,linkerd,outbound,,6b7cd5d75b,502,true,robot-shop,ratings.robot-shop.svc.cluster.local,,linkerd,ratings,robot-shop,ratings-57874f848b-xtvx6,57874f848b,default,default.robot-shop.serviceaccount.identity.linkerd.cluster.local,,,ratings
1613873589.946,response_latency_ms_count,,,10.1.18.199:4191,linkerd-proxy,robot-shop,,web-6b7cd5d75b-cq4k9,web,0,,,,,web,,linkerd,outbound,,6b7cd5d75b,,true,robot-shop,ratings.robot-shop.svc.cluster.local,,linkerd,ratings,robot-shop,ratings-57874f848b-xtvx6,57874f848b,default,default.robot-shop.serviceaccount.identity.linkerd.cluster.local,,,ratings
1613873599.946,response_latency_ms_count,,,10.1.18.199:4191,linkerd-proxy,robot-shop,,web-6b7cd5d75b-cq4k9,web,0,,,,,web,,linkerd,outbound,,6b7cd5d75b,,true,robot-shop,ratings.robot-shop.svc.cluster.local,,linkerd,ratings,robot-shop,ratings-57874f848b-xtvx6,57874f848b,default,default.robot-shop.serviceaccount.identity.linkerd.cluster.local,,,ratings
1613873609.946,response_latency_ms_count,,,10.1.18.199:4191,linkerd-proxy,robot-shop,,web-6b7cd5d75b-cq4k9,web,0,,,,,web,,linkerd,outbound,,6b7cd5d75b,,true,robot-shop,ratings.robot-shop.svc.cluster.local,,linkerd,ratings,robot-shop,ratings-57874f848b-xtvx6,57874f848b,default,default.robot-shop.serviceaccount.identity.linkerd.cluster.local,,,ratings
1613873619.947,response_latency_ms_count,,,10.1.18.199:4191,linkerd-proxy,robot-shop,,web-6b7cd5d75b-cq4k9,web,0,,,,,web,,linkerd,outbound,,6b7cd5d75b,,true,robot-shop,ratings.robot-shop.svc.cluster.local,,linkerd,ratings,robot-shop,ratings-57874f848b-xtvx6,57874f848b,default,default.robot-shop.serviceaccount.identity.linkerd.cluster.local,,,ratings
1613873589.946,response_latency_ms_count,,,10.1.18.199:4191,linkerd-proxy,robot-shop,,web-6b7cd5d75b-cq4k9,web,44,,,,,web,,linkerd,outbound,,6b7cd5d75b,502,true,robot-shop,ratings.robot-shop.svc.cluster.local,,linkerd,ratings,robot-shop,ratings-57874f848b-g4dvs,57874f848b,default,default.robot-shop.serviceaccount.identity.linkerd.cluster.local,,,ratings
1613873599.946,response_latency_ms_count,,,10.1.18.199:4191,linkerd-proxy,robot-shop,,web-6b7cd5d75b-cq4k9,web,44,,,,,web,,linkerd,outbound,,6b7cd5d75b,502,true,robot-shop,ratings.robot-shop.svc.cluster.local,,linkerd,ratings,robot-shop,ratings-57874f848b-g4dvs,57874f848b,default,default.robot-shop.serviceaccount.identity.linkerd.cluster.local,,,ratings
1613873609.946,response_latency_ms_count,,,10.1.18.199:4191,linkerd-proxy,robot-shop,,web-6b7cd5d75b-cq4k9,web,44,,,,,web,,linkerd,outbound,,6b7cd5d75b,502,true,robot-shop,ratings.robot-shop.svc.cluster.local,,linkerd,ratings,robot-shop,ratings-57874f848b-g4dvs,57874f848b,default,default.robot-shop.serviceaccount.identity.linkerd.cluster.local,,,ratings
1613873619.947,response_latency_ms_count,,,10.1.18.199:4191,linkerd-proxy,robot-shop,,web-6b7cd5d75b-cq4k9,web,44,,,,,web,,linkerd,outbound,,6b7cd5d75b,502,true,robot-shop,ratings.robot-shop.svc.cluster.local,,linkerd,ratings,robot-shop,ratings-57874f848b-g4dvs,57874f848b,default,default.robot-shop.serviceaccount.identity.linkerd.cluster.local,,,ratings
1613873589.946,response_latency_ms_count,,,10.1.18.199:4191,linkerd-proxy,robot-shop,,web-6b7cd5d75b-cq4k9,web,0,,,,,web,,linkerd,outbound,,6b7cd5d75b,,true,robot-shop,ratings.robot-shop.svc.cluster.local,,linkerd,ratings,robot-shop,ratings-57874f848b-g4dvs,57874f848b,default,default.robot-shop.serviceaccount.identity.linkerd.cluster.local,,,ratings
1613873599.946,response_latency_ms_count,,,10.1.18.199:4191,linkerd-proxy,robot-shop,,web-6b7cd5d75b-cq4k9,web,0,,,,,web,,linkerd,outbound,,6b7cd5d75b,,true,robot-shop,ratings.robot-shop.svc.cluster.local,,linkerd,ratings,robot-shop,ratings-57874f848b-g4dvs,57874f848b,default,default.robot-shop.serviceaccount.identity.linkerd.cluster.local,,,ratings
1613873609.946,response_latency_ms_count,,,10.1.18.199:4191,linkerd-proxy,robot-shop,,web-6b7cd5d75b-cq4k9,web,0,,,,,web,,linkerd,outbound,,6b7cd5d75b,,true,robot-shop,ratings.robot-shop.svc.cluster.local,,linkerd,ratings,robot-shop,ratings-57874f848b-g4dvs,57874f848b,default,default.robot-shop.serviceaccount.identity.linkerd.cluster.local,,,ratings
1613873619.947,response_latency_ms_count,,,10.1.18.199:4191,linkerd-proxy,robot-shop,,web-6b7cd5d75b-cq4k9,web,0,,,,,web,,linkerd,outbound,,6b7cd5d75b,,true,robot-shop,ratings.robot-shop.svc.cluster.local,,linkerd,ratings,robot-shop,ratings-57874f848b-g4dvs,57874f848b,default,default.robot-shop.serviceaccount.identity.linkerd.cluster.local,,,ratings
1613873593.253,response_latency_ms_count,,,10.1.18.191:4191,linkerd-proxy,robot-shop,,web-6b7cd5d75b-vl9w8,web,33,,,,,web,,linkerd,outbound,,6b7cd5d75b,502,true,robot-shop,ratings.robot-shop.svc.cluster.local,,linkerd,ratings,robot-shop,ratings-57874f848b-xtvx6,57874f848b,default,default.robot-shop.serviceaccount.identity.linkerd.cluster.local,,,ratings
1613873603.252,response_latency_ms_count,,,10.1.18.191:4191,linkerd-proxy,robot-shop,,web-6b7cd5d75b-vl9w8,web,33,,,,,web,,linkerd,outbound,,6b7cd5d75b,502,true,robot-shop,ratings.robot-shop.svc.cluster.local,,linkerd,ratings,robot-shop,ratings-57874f848b-xtvx6,57874f848b,default,default.robot-shop.serviceaccount.identity.linkerd.cluster.local,,,ratings
1613873613.253,response_latency_ms_count,,,10.1.18.191:4191,linkerd-proxy,robot-shop,,web-6b7cd5d75b-vl9w8,web,33,,,,,web,,linkerd,outbound,,6b7cd5d75b,502,true,robot-shop,ratings.robot-shop.svc.cluster.local,,linkerd,ratings,robot-shop,ratings-57874f848b-xtvx6,57874f848b,default,default.robot-shop.serviceaccount.identity.linkerd.cluster.local,,,ratings
1613873593.253,response_latency_ms_count,,,10.1.18.191:4191,linkerd-proxy,robot-shop,,web-6b7cd5d75b-vl9w8,web,0,,,,,web,,linkerd,outbound,,6b7cd5d75b,,true,robot-shop,ratings.robot-shop.svc.cluster.local,,linkerd,ratings,robot-shop,ratings-57874f848b-xtvx6,57874f848b,default,default.robot-shop.serviceaccount.identity.linkerd.cluster.local,,,ratings
1613873603.252,response_latency_ms_count,,,10.1.18.191:4191,linkerd-proxy,robot-shop,,web-6b7cd5d75b-vl9w8,web,0,,,,,web,,linkerd,outbound,,6b7cd5d75b,,true,robot-shop,ratings.robot-shop.svc.cluster.local,,linkerd,ratings,robot-shop,ratings-57874f848b-xtvx6,57874f848b,default,default.robot-shop.serviceaccount.identity.linkerd.cluster.local,,,ratings
1613873613.253,response_latency_ms_count,,,10.1.18.191:4191,linkerd-proxy,robot-shop,,web-6b7cd5d75b-vl9w8,web,0,,,,,web,,linkerd,outbound,,6b7cd5d75b,,true,robot-shop,ratings.robot-shop.svc.cluster.local,,linkerd,ratings,robot-shop,ratings-57874f848b-xtvx6,57874f848b,default,default.robot-shop.serviceaccount.identity.linkerd.cluster.local,,,ratings
1613873593.723,response_latency_ms_count,,,10.1.18.196:4191,linkerd-proxy,robot-shop,,ratings-57874f848b-xtvx6,ratings,0,,,,,ratings,,linkerd,inbound,no_tls_from_remote,57874f848b,,no_identity,robot-shop,,,,,,,,,,,,
1613873603.723,response_latency_ms_count,,,10.1.18.196:4191,linkerd-proxy,robot-shop,,ratings-57874f848b-xtvx6,ratings,0,,,,,ratings,,linkerd,inbound,no_tls_from_remote,57874f848b,,no_identity,robot-shop,,,,,,,,,,,,
1613873613.723,response_latency_ms_count,,,10.1.18.196:4191,linkerd-proxy,robot-shop,,ratings-57874f848b-xtvx6,ratings,0,,,,,ratings,,linkerd,inbound,no_tls_from_remote,57874f848b,,no_identity,robot-shop,,,,,,,,,,,,
1613873593.723,response_latency_ms_count,,,10.1.18.196:4191,linkerd-proxy,robot-shop,,ratings-57874f848b-xtvx6,ratings,0,,,,,ratings,,linkerd,inbound,,57874f848b,,true,robot-shop,ratings.robot-shop.svc.cluster.local,default.robot-shop.serviceaccount.identity.linkerd.cluster.local,,,,,,,,,,
1613873603.723,response_latency_ms_count,,,10.1.18.196:4191,linkerd-proxy,robot-shop,,ratings-57874f848b-xtvx6,ratings,0,,,,,ratings,,linkerd,inbound,,57874f848b,,true,robot-shop,ratings.robot-shop.svc.cluster.local,default.robot-shop.serviceaccount.identity.linkerd.cluster.local,,,,,,,,,,
1613873613.723,response_latency_ms_count,,,10.1.18.196:4191,linkerd-proxy,robot-shop,,ratings-57874f848b-xtvx6,ratings,0,,,,,ratings,,linkerd,inbound,,57874f848b,,true,robot-shop,ratings.robot-shop.svc.cluster.local,default.robot-shop.serviceaccount.identity.linkerd.cluster.local,,,,,,,,,,
1613873599.946,response_latency_ms_count,,,10.1.18.199:4191,linkerd-proxy,robot-shop,,web-6b7cd5d75b-cq4k9,web,16,,,,,web,,linkerd,inbound,no_tls_from_remote,6b7cd5d75b,503,no_identity,robot-shop,localhost:30651,,,,,,,,,,,
1613873609.946,response_latency_ms_count,,,10.1.18.199:4191,linkerd-proxy,robot-shop,,web-6b7cd5d75b-cq4k9,web,16,,,,,web,,linkerd,inbound,no_tls_from_remote,6b7cd5d75b,503,no_identity,robot-shop,localhost:30651,,,,,,,,,,,
1613873619.947,response_latency_ms_count,,,10.1.18.199:4191,linkerd-proxy,robot-shop,,web-6b7cd5d75b-cq4k9,web,23,,,,,web,,linkerd,inbound,no_tls_from_remote,6b7cd5d75b,503,no_identity,robot-shop,localhost:30651,,,,,,,,,,,
1613873603.252,response_latency_ms_count,,,10.1.18.191:4191,linkerd-proxy,robot-shop,,web-6b7cd5d75b-vl9w8,web,30,,,,,web,,linkerd,outbound,,6b7cd5d75b,502,true,robot-shop,shipping.robot-shop.svc.cluster.local:8080,,linkerd,shipping,robot-shop,shipping-85c8bd8d95-fm6ps,85c8bd8d95,default,default.robot-shop.serviceaccount.identity.linkerd.cluster.local,,,shipping
1613873613.253,response_latency_ms_count,,,10.1.18.191:4191,linkerd-proxy,robot-shop,,web-6b7cd5d75b-vl9w8,web,30,,,,,web,,linkerd,outbound,,6b7cd5d75b,502,true,robot-shop,shipping.robot-shop.svc.cluster.local:8080,,linkerd,shipping,robot-shop,shipping-85c8bd8d95-fm6ps,85c8bd8d95,default,default.robot-shop.serviceaccount.identity.linkerd.cluster.local,,,shipping
1613873607.07,response_latency_ms_count,,,10.1.18.197:4191,linkerd-proxy,robot-shop,,shipping-85c8bd8d95-fm6ps,shipping,0,,,,,shipping,,linkerd,inbound,,85c8bd8d95,,true,robot-shop,shipping.robot-shop.svc.cluster.local:8080,default.robot-shop.serviceaccount.identity.linkerd.cluster.local,,,,,,,,,,
1613873617.069,response_latency_ms_count,,,10.1.18.197:4191,linkerd-proxy,robot-shop,,shipping-85c8bd8d95-fm6ps,shipping,0,,,,,shipping,,linkerd,inbound,,85c8bd8d95,,true,robot-shop,shipping.robot-shop.svc.cluster.local:8080,default.robot-shop.serviceaccount.identity.linkerd.cluster.local,,,,,,,,,,
1613873609.946,response_latency_ms_count,,,10.1.18.199:4191,linkerd-proxy,robot-shop,,web-6b7cd5d75b-cq4k9,web,16,,,,,web,,linkerd,outbound,,6b7cd5d75b,502,true,robot-shop,shipping.robot-shop.svc.cluster.local:8080,,linkerd,shipping,robot-shop,shipping-85c8bd8d95-nwfnb,85c8bd8d95,default,default.robot-shop.serviceaccount.identity.linkerd.cluster.local,,,shipping
1613873619.947,response_latency_ms_count,,,10.1.18.199:4191,linkerd-proxy,robot-shop,,web-6b7cd5d75b-cq4k9,web,16,,,,,web,,linkerd,outbound,,6b7cd5d75b,502,true,robot-shop,shipping.robot-shop.svc.cluster.local:8080,,linkerd,shipping,robot-shop,shipping-85c8bd8d95-nwfnb,85c8bd8d95,default,default.robot-shop.serviceaccount.identity.linkerd.cluster.local,,,shipping
1613873609.946,response_latency_ms_count,,,10.1.18.199:4191,linkerd-proxy,robot-shop,,web-6b7cd5d75b-cq4k9,web,66,,,,,web,,linkerd,outbound,,6b7cd5d75b,502,true,robot-shop,shipping.robot-shop.svc.cluster.local:8080,,linkerd,shipping,robot-shop,shipping-85c8bd8d95-fm6ps,85c8bd8d95,default,default.robot-shop.serviceaccount.identity.linkerd.cluster.local,,,shipping
1613873619.947,response_latency_ms_count,,,10.1.18.199:4191,linkerd-proxy,robot-shop,,web-6b7cd5d75b-cq4k9,web,66,,,,,web,,linkerd,outbound,,6b7cd5d75b,502,true,robot-shop,shipping.robot-shop.svc.cluster.local:8080,,linkerd,shipping,robot-shop,shipping-85c8bd8d95-fm6ps,85c8bd8d95,default,default.robot-shop.serviceaccount.identity.linkerd.cluster.local,,,shipping
