timestamp,__name__,container,endpoint,instance,job,namespace,node,pod,service,value,id,image,metrics_path,name,deployment,control_plane_component,control_plane_ns,direction,no_tls_reason,pod_template_hash,status_code,tls,workload_ns,authority,client_id,dst_control_plane_ns,dst_deployment,dst_namespace,dst_pod,dst_pod_template_hash,dst_serviceaccount,server_id,app,dst_service,run
1615588104.523,kube_pod_container_resource_requests_memory_bytes,alertmanager,http,10.1.45.83:8080,kube-state-metrics,default,docker-desktop,alertmanager-prometheus-kube-prometheus-alertmanager-0,prometheus-kube-state-metrics,209715200,,,,,,,,,,,,,,,,,,,,,,,,,
1615588134.523,kube_pod_container_resource_requests_memory_bytes,alertmanager,http,10.1.45.83:8080,kube-state-metrics,default,docker-desktop,alertmanager-prometheus-kube-prometheus-alertmanager-0,prometheus-kube-state-metrics,209715200,,,,,,,,,,,,,,,,,,,,,,,,,
1615588164.523,kube_pod_container_resource_requests_memory_bytes,alertmanager,http,10.1.45.83:8080,kube-state-metrics,default,docker-desktop,alertmanager-prometheus-kube-prometheus-alertmanager-0,prometheus-kube-state-metrics,209715200,,,,,,,,,,,,,,,,,,,,,,,,,
1615588194.523,kube_pod_container_resource_requests_memory_bytes,alertmanager,http,10.1.45.83:8080,kube-state-metrics,default,docker-desktop,alertmanager-prometheus-kube-prometheus-alertmanager-0,prometheus-kube-state-metrics,209715200,,,,,,,,,,,,,,,,,,,,,,,,,
1615588104.523,kube_pod_container_resource_requests_memory_bytes,config-reloader,http,10.1.45.83:8080,kube-state-metrics,default,docker-desktop,alertmanager-prometheus-kube-prometheus-alertmanager-0,prometheus-kube-state-metrics,52428800,,,,,,,,,,,,,,,,,,,,,,,,,
1615588134.523,kube_pod_container_resource_requests_memory_bytes,config-reloader,http,10.1.45.83:8080,kube-state-metrics,default,docker-desktop,alertmanager-prometheus-kube-prometheus-alertmanager-0,prometheus-kube-state-metrics,52428800,,,,,,,,,,,,,,,,,,,,,,,,,
1615588164.523,kube_pod_container_resource_requests_memory_bytes,config-reloader,http,10.1.45.83:8080,kube-state-metrics,default,docker-desktop,alertmanager-prometheus-kube-prometheus-alertmanager-0,prometheus-kube-state-metrics,52428800,,,,,,,,,,,,,,,,,,,,,,,,,
1615588194.523,kube_pod_container_resource_requests_memory_bytes,config-reloader,http,10.1.45.83:8080,kube-state-metrics,default,docker-desktop,alertmanager-prometheus-kube-prometheus-alertmanager-0,prometheus-kube-state-metrics,52428800,,,,,,,,,,,,,,,,,,,,,,,,,
1615588104.523,kube_pod_container_resource_requests_memory_bytes,config-reloader,http,10.1.45.83:8080,kube-state-metrics,default,docker-desktop,prometheus-prometheus-kube-prometheus-prometheus-0,prometheus-kube-state-metrics,52428800,,,,,,,,,,,,,,,,,,,,,,,,,
1615588134.523,kube_pod_container_resource_requests_memory_bytes,config-reloader,http,10.1.45.83:8080,kube-state-metrics,default,docker-desktop,prometheus-prometheus-kube-prometheus-prometheus-0,prometheus-kube-state-metrics,52428800,,,,,,,,,,,,,,,,,,,,,,,,,
1615588164.523,kube_pod_container_resource_requests_memory_bytes,config-reloader,http,10.1.45.83:8080,kube-state-metrics,default,docker-desktop,prometheus-prometheus-kube-prometheus-prometheus-0,prometheus-kube-state-metrics,52428800,,,,,,,,,,,,,,,,,,,,,,,,,
1615588194.523,kube_pod_container_resource_requests_memory_bytes,config-reloader,http,10.1.45.83:8080,kube-state-metrics,default,docker-desktop,prometheus-prometheus-kube-prometheus-prometheus-0,prometheus-kube-state-metrics,52428800,,,,,,,,,,,,,,,,,,,,,,,,,
1615588104.523,kube_pod_container_resource_requests_memory_bytes,coredns,http,10.1.45.83:8080,kube-state-metrics,kube-system,docker-desktop,coredns-f9fd979d6-4b2l5,prometheus-kube-state-metrics,73400320,,,,,,,,,,,,,,,,,,,,,,,,,
1615588134.523,kube_pod_container_resource_requests_memory_bytes,coredns,http,10.1.45.83:8080,kube-state-metrics,kube-system,docker-desktop,coredns-f9fd979d6-4b2l5,prometheus-kube-state-metrics,73400320,,,,,,,,,,,,,,,,,,,,,,,,,
1615588164.523,kube_pod_container_resource_requests_memory_bytes,coredns,http,10.1.45.83:8080,kube-state-metrics,kube-system,docker-desktop,coredns-f9fd979d6-4b2l5,prometheus-kube-state-metrics,73400320,,,,,,,,,,,,,,,,,,,,,,,,,
1615588194.523,kube_pod_container_resource_requests_memory_bytes,coredns,http,10.1.45.83:8080,kube-state-metrics,kube-system,docker-desktop,coredns-f9fd979d6-4b2l5,prometheus-kube-state-metrics,73400320,,,,,,,,,,,,,,,,,,,,,,,,,
1615588104.523,kube_pod_container_resource_requests_memory_bytes,coredns,http,10.1.45.83:8080,kube-state-metrics,kube-system,docker-desktop,coredns-f9fd979d6-gsfph,prometheus-kube-state-metrics,73400320,,,,,,,,,,,,,,,,,,,,,,,,,
1615588134.523,kube_pod_container_resource_requests_memory_bytes,coredns,http,10.1.45.83:8080,kube-state-metrics,kube-system,docker-desktop,coredns-f9fd979d6-gsfph,prometheus-kube-state-metrics,73400320,,,,,,,,,,,,,,,,,,,,,,,,,
1615588164.523,kube_pod_container_resource_requests_memory_bytes,coredns,http,10.1.45.83:8080,kube-state-metrics,kube-system,docker-desktop,coredns-f9fd979d6-gsfph,prometheus-kube-state-metrics,73400320,,,,,,,,,,,,,,,,,,,,,,,,,
1615588194.523,kube_pod_container_resource_requests_memory_bytes,coredns,http,10.1.45.83:8080,kube-state-metrics,kube-system,docker-desktop,coredns-f9fd979d6-gsfph,prometheus-kube-state-metrics,73400320,,,,,,,,,,,,,,,,,,,,,,,,,
1615588104.523,kube_pod_container_resource_requests_memory_bytes,teastore-webui,http,10.1.45.83:8080,kube-state-metrics,teastore,docker-desktop,teastore-webui-5648c5dddd-248k5,prometheus-kube-state-metrics,629145600,,,,,,,,,,,,,,,,,,,,,,,,,
1615588134.523,kube_pod_container_resource_requests_memory_bytes,teastore-webui,http,10.1.45.83:8080,kube-state-metrics,teastore,docker-desktop,teastore-webui-5648c5dddd-248k5,prometheus-kube-state-metrics,629145600,,,,,,,,,,,,,,,,,,,,,,,,,
1615588164.523,kube_pod_container_resource_requests_memory_bytes,teastore-webui,http,10.1.45.83:8080,kube-state-metrics,teastore,docker-desktop,teastore-webui-5648c5dddd-248k5,prometheus-kube-state-metrics,629145600,,,,,,,,,,,,,,,,,,,,,,,,,
1615588194.523,kube_pod_container_resource_requests_memory_bytes,teastore-webui,http,10.1.45.83:8080,kube-state-metrics,teastore,docker-desktop,teastore-webui-5648c5dddd-248k5,prometheus-kube-state-metrics,629145600,,,,,,,,,,,,,,,,,,,,,,,,,
1615588104.523,kube_pod_container_resource_requests_memory_bytes,teastore-webui,http,10.1.45.83:8080,kube-state-metrics,teastore,docker-desktop,teastore-webui-5648c5dddd-5xf7k,prometheus-kube-state-metrics,629145600,,,,,,,,,,,,,,,,,,,,,,,,,
1615588134.523,kube_pod_container_resource_requests_memory_bytes,teastore-webui,http,10.1.45.83:8080,kube-state-metrics,teastore,docker-desktop,teastore-webui-5648c5dddd-5xf7k,prometheus-kube-state-metrics,629145600,,,,,,,,,,,,,,,,,,,,,,,,,
1615588164.523,kube_pod_container_resource_requests_memory_bytes,teastore-webui,http,10.1.45.83:8080,kube-state-metrics,teastore,docker-desktop,teastore-webui-5648c5dddd-5xf7k,prometheus-kube-state-metrics,629145600,,,,,,,,,,,,,,,,,,,,,,,,,
1615588194.523,kube_pod_container_resource_requests_memory_bytes,teastore-webui,http,10.1.45.83:8080,kube-state-metrics,teastore,docker-desktop,teastore-webui-5648c5dddd-5xf7k,prometheus-kube-state-metrics,629145600,,,,,,,,,,,,,,,,,,,,,,,,,
1615588104.523,kube_pod_container_resource_limits_memory_bytes,config-reloader,http,10.1.45.83:8080,kube-state-metrics,default,docker-desktop,alertmanager-prometheus-kube-prometheus-alertmanager-0,prometheus-kube-state-metrics,52428800,,,,,,,,,,,,,,,,,,,,,,,,,
1615588134.523,kube_pod_container_resource_limits_memory_bytes,config-reloader,http,10.1.45.83:8080,kube-state-metrics,default,docker-desktop,alertmanager-prometheus-kube-prometheus-alertmanager-0,prometheus-kube-state-metrics,52428800,,,,,,,,,,,,,,,,,,,,,,,,,
1615588164.523,kube_pod_container_resource_limits_memory_bytes,config-reloader,http,10.1.45.83:8080,kube-state-metrics,default,docker-desktop,alertmanager-prometheus-kube-prometheus-alertmanager-0,prometheus-kube-state-metrics,52428800,,,,,,,,,,,,,,,,,,,,,,,,,
1615588194.523,kube_pod_container_resource_limits_memory_bytes,config-reloader,http,10.1.45.83:8080,kube-state-metrics,default,docker-desktop,alertmanager-prometheus-kube-prometheus-alertmanager-0,prometheus-kube-state-metrics,52428800,,,,,,,,,,,,,,,,,,,,,,,,,
1615588104.523,kube_pod_container_resource_limits_memory_bytes,config-reloader,http,10.1.45.83:8080,kube-state-metrics,default,docker-desktop,prometheus-prometheus-kube-prometheus-prometheus-0,prometheus-kube-state-metrics,52428800,,,,,,,,,,,,,,,,,,,,,,,,,
1615588134.523,kube_pod_container_resource_limits_memory_bytes,config-reloader,http,10.1.45.83:8080,kube-state-metrics,default,docker-desktop,prometheus-prometheus-kube-prometheus-prometheus-0,prometheus-kube-state-metrics,52428800,,,,,,,,,,,,,,,,,,,,,,,,,
1615588164.523,kube_pod_container_resource_limits_memory_bytes,config-reloader,http,10.1.45.83:8080,kube-state-metrics,default,docker-desktop,prometheus-prometheus-kube-prometheus-prometheus-0,prometheus-kube-state-metrics,52428800,,,,,,,,,,,,,,,,,,,,,,,,,
1615588194.523,kube_pod_container_resource_limits_memory_bytes,config-reloader,http,10.1.45.83:8080,kube-state-metrics,default,docker-desktop,prometheus-prometheus-kube-prometheus-prometheus-0,prometheus-kube-state-metrics,52428800,,,,,,,,,,,,,,,,,,,,,,,,,
1615588104.523,kube_pod_container_resource_limits_memory_bytes,coredns,http,10.1.45.83:8080,kube-state-metrics,kube-system,docker-desktop,coredns-f9fd979d6-4b2l5,prometheus-kube-state-metrics,178257920,,,,,,,,,,,,,,,,,,,,,,,,,
1615588134.523,kube_pod_container_resource_limits_memory_bytes,coredns,http,10.1.45.83:8080,kube-state-metrics,kube-system,docker-desktop,coredns-f9fd979d6-4b2l5,prometheus-kube-state-metrics,178257920,,,,,,,,,,,,,,,,,,,,,,,,,
1615588164.523,kube_pod_container_resource_limits_memory_bytes,coredns,http,10.1.45.83:8080,kube-state-metrics,kube-system,docker-desktop,coredns-f9fd979d6-4b2l5,prometheus-kube-state-metrics,178257920,,,,,,,,,,,,,,,,,,,,,,,,,
1615588194.523,kube_pod_container_resource_limits_memory_bytes,coredns,http,10.1.45.83:8080,kube-state-metrics,kube-system,docker-desktop,coredns-f9fd979d6-4b2l5,prometheus-kube-state-metrics,178257920,,,,,,,,,,,,,,,,,,,,,,,,,
1615588104.523,kube_pod_container_resource_limits_memory_bytes,coredns,http,10.1.45.83:8080,kube-state-metrics,kube-system,docker-desktop,coredns-f9fd979d6-gsfph,prometheus-kube-state-metrics,178257920,,,,,,,,,,,,,,,,,,,,,,,,,
1615588134.523,kube_pod_container_resource_limits_memory_bytes,coredns,http,10.1.45.83:8080,kube-state-metrics,kube-system,docker-desktop,coredns-f9fd979d6-gsfph,prometheus-kube-state-metrics,178257920,,,,,,,,,,,,,,,,,,,,,,,,,
1615588164.523,kube_pod_container_resource_limits_memory_bytes,coredns,http,10.1.45.83:8080,kube-state-metrics,kube-system,docker-desktop,coredns-f9fd979d6-gsfph,prometheus-kube-state-metrics,178257920,,,,,,,,,,,,,,,,,,,,,,,,,
1615588194.523,kube_pod_container_resource_limits_memory_bytes,coredns,http,10.1.45.83:8080,kube-state-metrics,kube-system,docker-desktop,coredns-f9fd979d6-gsfph,prometheus-kube-state-metrics,178257920,,,,,,,,,,,,,,,,,,,,,,,,,
1615588104.523,kube_pod_container_resource_limits_memory_bytes,teastore-webui,http,10.1.45.83:8080,kube-state-metrics,teastore,docker-desktop,teastore-webui-5648c5dddd-248k5,prometheus-kube-state-metrics,838860800,,,,,,,,,,,,,,,,,,,,,,,,,
1615588134.523,kube_pod_container_resource_limits_memory_bytes,teastore-webui,http,10.1.45.83:8080,kube-state-metrics,teastore,docker-desktop,teastore-webui-5648c5dddd-248k5,prometheus-kube-state-metrics,838860800,,,,,,,,,,,,,,,,,,,,,,,,,
1615588164.523,kube_pod_container_resource_limits_memory_bytes,teastore-webui,http,10.1.45.83:8080,kube-state-metrics,teastore,docker-desktop,teastore-webui-5648c5dddd-248k5,prometheus-kube-state-metrics,838860800,,,,,,,,,,,,,,,,,,,,,,,,,
1615588194.523,kube_pod_container_resource_limits_memory_bytes,teastore-webui,http,10.1.45.83:8080,kube-state-metrics,teastore,docker-desktop,teastore-webui-5648c5dddd-248k5,prometheus-kube-state-metrics,838860800,,,,,,,,,,,,,,,,,,,,,,,,,
1615588104.523,kube_pod_container_resource_limits_memory_bytes,teastore-webui,http,10.1.45.83:8080,kube-state-metrics,teastore,docker-desktop,teastore-webui-5648c5dddd-5xf7k,prometheus-kube-state-metrics,838860800,,,,,,,,,,,,,,,,,,,,,,,,,
1615588134.523,kube_pod_container_resource_limits_memory_bytes,teastore-webui,http,10.1.45.83:8080,kube-state-metrics,teastore,docker-desktop,teastore-webui-5648c5dddd-5xf7k,prometheus-kube-state-metrics,838860800,,,,,,,,,,,,,,,,,,,,,,,,,
1615588164.523,kube_pod_container_resource_limits_memory_bytes,teastore-webui,http,10.1.45.83:8080,kube-state-metrics,teastore,docker-desktop,teastore-webui-5648c5dddd-5xf7k,prometheus-kube-state-metrics,838860800,,,,,,,,,,,,,,,,,,,,,,,,,
1615588194.523,kube_pod_container_resource_limits_memory_bytes,teastore-webui,http,10.1.45.83:8080,kube-state-metrics,teastore,docker-desktop,teastore-webui-5648c5dddd-5xf7k,prometheus-kube-state-metrics,838860800,,,,,,,,,,,,,,,,,,,,,,,,,
1615588104.523,kube_pod_container_resource_limits_cpu_cores,config-reloader,http,10.1.45.83:8080,kube-state-metrics,default,docker-desktop,alertmanager-prometheus-kube-prometheus-alertmanager-0,prometheus-kube-state-metrics,0.1,,,,,,,,,,,,,,,,,,,,,,,,,
1615588134.523,kube_pod_container_resource_limits_cpu_cores,config-reloader,http,10.1.45.83:8080,kube-state-metrics,default,docker-desktop,alertmanager-prometheus-kube-prometheus-alertmanager-0,prometheus-kube-state-metrics,0.1,,,,,,,,,,,,,,,,,,,,,,,,,
1615588164.523,kube_pod_container_resource_limits_cpu_cores,config-reloader,http,10.1.45.83:8080,kube-state-metrics,default,docker-desktop,alertmanager-prometheus-kube-prometheus-alertmanager-0,prometheus-kube-state-metrics,0.1,,,,,,,,,,,,,,,,,,,,,,,,,
1615588194.523,kube_pod_container_resource_limits_cpu_cores,config-reloader,http,10.1.45.83:8080,kube-state-metrics,default,docker-desktop,alertmanager-prometheus-kube-prometheus-alertmanager-0,prometheus-kube-state-metrics,0.1,,,,,,,,,,,,,,,,,,,,,,,,,
1615588104.523,kube_pod_container_resource_limits_cpu_cores,config-reloader,http,10.1.45.83:8080,kube-state-metrics,default,docker-desktop,prometheus-prometheus-kube-prometheus-prometheus-0,prometheus-kube-state-metrics,0.1,,,,,,,,,,,,,,,,,,,,,,,,,
1615588134.523,kube_pod_container_resource_limits_cpu_cores,config-reloader,http,10.1.45.83:8080,kube-state-metrics,default,docker-desktop,prometheus-prometheus-kube-prometheus-prometheus-0,prometheus-kube-state-metrics,0.1,,,,,,,,,,,,,,,,,,,,,,,,,
1615588164.523,kube_pod_container_resource_limits_cpu_cores,config-reloader,http,10.1.45.83:8080,kube-state-metrics,default,docker-desktop,prometheus-prometheus-kube-prometheus-prometheus-0,prometheus-kube-state-metrics,0.1,,,,,,,,,,,,,,,,,,,,,,,,,
1615588194.523,kube_pod_container_resource_limits_cpu_cores,config-reloader,http,10.1.45.83:8080,kube-state-metrics,default,docker-desktop,prometheus-prometheus-kube-prometheus-prometheus-0,prometheus-kube-state-metrics,0.1,,,,,,,,,,,,,,,,,,,,,,,,,
1615588104.523,kube_pod_container_resource_limits_cpu_cores,teastore-webui,http,10.1.45.83:8080,kube-state-metrics,teastore,docker-desktop,teastore-webui-5648c5dddd-248k5,prometheus-kube-state-metrics,0.2,,,,,,,,,,,,,,,,,,,,,,,,,
1615588134.523,kube_pod_container_resource_limits_cpu_cores,teastore-webui,http,10.1.45.83:8080,kube-state-metrics,teastore,docker-desktop,teastore-webui-5648c5dddd-248k5,prometheus-kube-state-metrics,0.2,,,,,,,,,,,,,,,,,,,,,,,,,
1615588164.523,kube_pod_container_resource_limits_cpu_cores,teastore-webui,http,10.1.45.83:8080,kube-state-metrics,teastore,docker-desktop,teastore-webui-5648c5dddd-248k5,prometheus-kube-state-metrics,0.2,,,,,,,,,,,,,,,,,,,,,,,,,
1615588194.523,kube_pod_container_resource_limits_cpu_cores,teastore-webui,http,10.1.45.83:8080,kube-state-metrics,teastore,docker-desktop,teastore-webui-5648c5dddd-248k5,prometheus-kube-state-metrics,0.2,,,,,,,,,,,,,,,,,,,,,,,,,
1615588104.523,kube_pod_container_resource_limits_cpu_cores,teastore-webui,http,10.1.45.83:8080,kube-state-metrics,teastore,docker-desktop,teastore-webui-5648c5dddd-5xf7k,prometheus-kube-state-metrics,0.2,,,,,,,,,,,,,,,,,,,,,,,,,
1615588134.523,kube_pod_container_resource_limits_cpu_cores,teastore-webui,http,10.1.45.83:8080,kube-state-metrics,teastore,docker-desktop,teastore-webui-5648c5dddd-5xf7k,prometheus-kube-state-metrics,0.2,,,,,,,,,,,,,,,,,,,,,,,,,
1615588164.523,kube_pod_container_resource_limits_cpu_cores,teastore-webui,http,10.1.45.83:8080,kube-state-metrics,teastore,docker-desktop,teastore-webui-5648c5dddd-5xf7k,prometheus-kube-state-metrics,0.2,,,,,,,,,,,,,,,,,,,,,,,,,
1615588194.523,kube_pod_container_resource_limits_cpu_cores,teastore-webui,http,10.1.45.83:8080,kube-state-metrics,teastore,docker-desktop,teastore-webui-5648c5dddd-5xf7k,prometheus-kube-state-metrics,0.2,,,,,,,,,,,,,,,,,,,,,,,,,
1615588104.523,kube_pod_container_resource_requests_cpu_cores,config-reloader,http,10.1.45.83:8080,kube-state-metrics,default,docker-desktop,alertmanager-prometheus-kube-prometheus-alertmanager-0,prometheus-kube-state-metrics,0.1,,,,,,,,,,,,,,,,,,,,,,,,,
1615588134.523,kube_pod_container_resource_requests_cpu_cores,config-reloader,http,10.1.45.83:8080,kube-state-metrics,default,docker-desktop,alertmanager-prometheus-kube-prometheus-alertmanager-0,prometheus-kube-state-metrics,0.1,,,,,,,,,,,,,,,,,,,,,,,,,
1615588164.523,kube_pod_container_resource_requests_cpu_cores,config-reloader,http,10.1.45.83:8080,kube-state-metrics,default,docker-desktop,alertmanager-prometheus-kube-prometheus-alertmanager-0,prometheus-kube-state-metrics,0.1,,,,,,,,,,,,,,,,,,,,,,,,,
1615588194.523,kube_pod_container_resource_requests_cpu_cores,config-reloader,http,10.1.45.83:8080,kube-state-metrics,default,docker-desktop,alertmanager-prometheus-kube-prometheus-alertmanager-0,prometheus-kube-state-metrics,0.1,,,,,,,,,,,,,,,,,,,,,,,,,
1615588104.523,kube_pod_container_resource_requests_cpu_cores,config-reloader,http,10.1.45.83:8080,kube-state-metrics,default,docker-desktop,prometheus-prometheus-kube-prometheus-prometheus-0,prometheus-kube-state-metrics,0.1,,,,,,,,,,,,,,,,,,,,,,,,,
1615588134.523,kube_pod_container_resource_requests_cpu_cores,config-reloader,http,10.1.45.83:8080,kube-state-metrics,default,docker-desktop,prometheus-prometheus-kube-prometheus-prometheus-0,prometheus-kube-state-metrics,0.1,,,,,,,,,,,,,,,,,,,,,,,,,
1615588164.523,kube_pod_container_resource_requests_cpu_cores,config-reloader,http,10.1.45.83:8080,kube-state-metrics,default,docker-desktop,prometheus-prometheus-kube-prometheus-prometheus-0,prometheus-kube-state-metrics,0.1,,,,,,,,,,,,,,,,,,,,,,,,,
1615588194.523,kube_pod_container_resource_requests_cpu_cores,config-reloader,http,10.1.45.83:8080,kube-state-metrics,default,docker-desktop,prometheus-prometheus-kube-prometheus-prometheus-0,prometheus-kube-state-metrics,0.1,,,,,,,,,,,,,,,,,,,,,,,,,
1615588104.523,kube_pod_container_resource_requests_cpu_cores,coredns,http,10.1.45.83:8080,kube-state-metrics,kube-system,docker-desktop,coredns-f9fd979d6-4b2l5,prometheus-kube-state-metrics,0.1,,,,,,,,,,,,,,,,,,,,,,,,,
1615588134.523,kube_pod_container_resource_requests_cpu_cores,coredns,http,10.1.45.83:8080,kube-state-metrics,kube-system,docker-desktop,coredns-f9fd979d6-4b2l5,prometheus-kube-state-metrics,0.1,,,,,,,,,,,,,,,,,,,,,,,,,
1615588164.523,kube_pod_container_resource_requests_cpu_cores,coredns,http,10.1.45.83:8080,kube-state-metrics,kube-system,docker-desktop,coredns-f9fd979d6-4b2l5,prometheus-kube-state-metrics,0.1,,,,,,,,,,,,,,,,,,,,,,,,,
1615588194.523,kube_pod_container_resource_requests_cpu_cores,coredns,http,10.1.45.83:8080,kube-state-metrics,kube-system,docker-desktop,coredns-f9fd979d6-4b2l5,prometheus-kube-state-metrics,0.1,,,,,,,,,,,,,,,,,,,,,,,,,
1615588104.523,kube_pod_container_resource_requests_cpu_cores,coredns,http,10.1.45.83:8080,kube-state-metrics,kube-system,docker-desktop,coredns-f9fd979d6-gsfph,prometheus-kube-state-metrics,0.1,,,,,,,,,,,,,,,,,,,,,,,,,
1615588134.523,kube_pod_container_resource_requests_cpu_cores,coredns,http,10.1.45.83:8080,kube-state-metrics,kube-system,docker-desktop,coredns-f9fd979d6-gsfph,prometheus-kube-state-metrics,0.1,,,,,,,,,,,,,,,,,,,,,,,,,
1615588164.523,kube_pod_container_resource_requests_cpu_cores,coredns,http,10.1.45.83:8080,kube-state-metrics,kube-system,docker-desktop,coredns-f9fd979d6-gsfph,prometheus-kube-state-metrics,0.1,,,,,,,,,,,,,,,,,,,,,,,,,
1615588194.523,kube_pod_container_resource_requests_cpu_cores,coredns,http,10.1.45.83:8080,kube-state-metrics,kube-system,docker-desktop,coredns-f9fd979d6-gsfph,prometheus-kube-state-metrics,0.1,,,,,,,,,,,,,,,,,,,,,,,,,
1615588104.523,kube_pod_container_resource_requests_cpu_cores,kube-apiserver,http,10.1.45.83:8080,kube-state-metrics,kube-system,docker-desktop,kube-apiserver-docker-desktop,prometheus-kube-state-metrics,0.25,,,,,,,,,,,,,,,,,,,,,,,,,
1615588134.523,kube_pod_container_resource_requests_cpu_cores,kube-apiserver,http,10.1.45.83:8080,kube-state-metrics,kube-system,docker-desktop,kube-apiserver-docker-desktop,prometheus-kube-state-metrics,0.25,,,,,,,,,,,,,,,,,,,,,,,,,
1615588164.523,kube_pod_container_resource_requests_cpu_cores,kube-apiserver,http,10.1.45.83:8080,kube-state-metrics,kube-system,docker-desktop,kube-apiserver-docker-desktop,prometheus-kube-state-metrics,0.25,,,,,,,,,,,,,,,,,,,,,,,,,
1615588194.523,kube_pod_container_resource_requests_cpu_cores,kube-apiserver,http,10.1.45.83:8080,kube-state-metrics,kube-system,docker-desktop,kube-apiserver-docker-desktop,prometheus-kube-state-metrics,0.25,,,,,,,,,,,,,,,,,,,,,,,,,
1615588104.523,kube_pod_container_resource_requests_cpu_cores,kube-controller-manager,http,10.1.45.83:8080,kube-state-metrics,kube-system,docker-desktop,kube-controller-manager-docker-desktop,prometheus-kube-state-metrics,0.2,,,,,,,,,,,,,,,,,,,,,,,,,
1615588134.523,kube_pod_container_resource_requests_cpu_cores,kube-controller-manager,http,10.1.45.83:8080,kube-state-metrics,kube-system,docker-desktop,kube-controller-manager-docker-desktop,prometheus-kube-state-metrics,0.2,,,,,,,,,,,,,,,,,,,,,,,,,
1615588164.523,kube_pod_container_resource_requests_cpu_cores,kube-controller-manager,http,10.1.45.83:8080,kube-state-metrics,kube-system,docker-desktop,kube-controller-manager-docker-desktop,prometheus-kube-state-metrics,0.2,,,,,,,,,,,,,,,,,,,,,,,,,
1615588194.523,kube_pod_container_resource_requests_cpu_cores,kube-controller-manager,http,10.1.45.83:8080,kube-state-metrics,kube-system,docker-desktop,kube-controller-manager-docker-desktop,prometheus-kube-state-metrics,0.2,,,,,,,,,,,,,,,,,,,,,,,,,
1615588104.523,kube_pod_container_resource_requests_cpu_cores,kube-scheduler,http,10.1.45.83:8080,kube-state-metrics,kube-system,docker-desktop,kube-scheduler-docker-desktop,prometheus-kube-state-metrics,0.1,,,,,,,,,,,,,,,,,,,,,,,,,
1615588134.523,kube_pod_container_resource_requests_cpu_cores,kube-scheduler,http,10.1.45.83:8080,kube-state-metrics,kube-system,docker-desktop,kube-scheduler-docker-desktop,prometheus-kube-state-metrics,0.1,,,,,,,,,,,,,,,,,,,,,,,,,
1615588164.523,kube_pod_container_resource_requests_cpu_cores,kube-scheduler,http,10.1.45.83:8080,kube-state-metrics,kube-system,docker-desktop,kube-scheduler-docker-desktop,prometheus-kube-state-metrics,0.1,,,,,,,,,,,,,,,,,,,,,,,,,
1615588194.523,kube_pod_container_resource_requests_cpu_cores,kube-scheduler,http,10.1.45.83:8080,kube-state-metrics,kube-system,docker-desktop,kube-scheduler-docker-desktop,prometheus-kube-state-metrics,0.1,,,,,,,,,,,,,,,,,,,,,,,,,
1615588104.523,kube_pod_container_resource_requests_cpu_cores,teastore-webui,http,10.1.45.83:8080,kube-state-metrics,teastore,docker-desktop,teastore-webui-5648c5dddd-248k5,prometheus-kube-state-metrics,0.2,,,,,,,,,,,,,,,,,,,,,,,,,
1615588134.523,kube_pod_container_resource_requests_cpu_cores,teastore-webui,http,10.1.45.83:8080,kube-state-metrics,teastore,docker-desktop,teastore-webui-5648c5dddd-248k5,prometheus-kube-state-metrics,0.2,,,,,,,,,,,,,,,,,,,,,,,,,
1615588164.523,kube_pod_container_resource_requests_cpu_cores,teastore-webui,http,10.1.45.83:8080,kube-state-metrics,teastore,docker-desktop,teastore-webui-5648c5dddd-248k5,prometheus-kube-state-metrics,0.2,,,,,,,,,,,,,,,,,,,,,,,,,
1615588194.523,kube_pod_container_resource_requests_cpu_cores,teastore-webui,http,10.1.45.83:8080,kube-state-metrics,teastore,docker-desktop,teastore-webui-5648c5dddd-248k5,prometheus-kube-state-metrics,0.2,,,,,,,,,,,,,,,,,,,,,,,,,
1615588104.523,kube_pod_container_resource_requests_cpu_cores,teastore-webui,http,10.1.45.83:8080,kube-state-metrics,teastore,docker-desktop,teastore-webui-5648c5dddd-5xf7k,prometheus-kube-state-metrics,0.2,,,,,,,,,,,,,,,,,,,,,,,,,
1615588134.523,kube_pod_container_resource_requests_cpu_cores,teastore-webui,http,10.1.45.83:8080,kube-state-metrics,teastore,docker-desktop,teastore-webui-5648c5dddd-5xf7k,prometheus-kube-state-metrics,0.2,,,,,,,,,,,,,,,,,,,,,,,,,
1615588164.523,kube_pod_container_resource_requests_cpu_cores,teastore-webui,http,10.1.45.83:8080,kube-state-metrics,teastore,docker-desktop,teastore-webui-5648c5dddd-5xf7k,prometheus-kube-state-metrics,0.2,,,,,,,,,,,,,,,,,,,,,,,,,
1615588194.523,kube_pod_container_resource_requests_cpu_cores,teastore-webui,http,10.1.45.83:8080,kube-state-metrics,teastore,docker-desktop,teastore-webui-5648c5dddd-5xf7k,prometheus-kube-state-metrics,0.2,,,,,,,,,,,,,,,,,,,,,,,,,
1615588087.217,container_cpu_cfs_throttled_seconds_total,config-reloader,https-metrics,192.168.65.4:10250,kubelet,default,docker-desktop,prometheus-prometheus-kube-prometheus-prometheus-0,prometheus-kube-prometheus-kubelet,2.3884163,/kubepods/kubepods/burstable/pod2e96bfc4-3c10-4d82-8559-96ee02c50c31/0b68d21545ff84d59751ef6cedd2292c720dc5d6ef6964ca919de9a3c941d6b9,sha256:73bc771f8028b1accae9e696fb577750cc9ff09feea8a3a30b590d4a4c2766d2,/metrics/cadvisor,k8s_config-reloader_prometheus-prometheus-kube-prometheus-prometheus-0_default_2e96bfc4-3c10-4d82-8559-96ee02c50c31_19,,,,,,,,,,,,,,,,,,,,,
1615588102.91,container_cpu_cfs_throttled_seconds_total,config-reloader,https-metrics,192.168.65.4:10250,kubelet,default,docker-desktop,prometheus-prometheus-kube-prometheus-prometheus-0,prometheus-kube-prometheus-kubelet,2.3884163,/kubepods/kubepods/burstable/pod2e96bfc4-3c10-4d82-8559-96ee02c50c31/0b68d21545ff84d59751ef6cedd2292c720dc5d6ef6964ca919de9a3c941d6b9,sha256:73bc771f8028b1accae9e696fb577750cc9ff09feea8a3a30b590d4a4c2766d2,/metrics/cadvisor,k8s_config-reloader_prometheus-prometheus-kube-prometheus-prometheus-0_default_2e96bfc4-3c10-4d82-8559-96ee02c50c31_19,,,,,,,,,,,,,,,,,,,,,
1615588136.861,container_cpu_cfs_throttled_seconds_total,config-reloader,https-metrics,192.168.65.4:10250,kubelet,default,docker-desktop,prometheus-prometheus-kube-prometheus-prometheus-0,prometheus-kube-prometheus-kubelet,2.3884163,/kubepods/kubepods/burstable/pod2e96bfc4-3c10-4d82-8559-96ee02c50c31/0b68d21545ff84d59751ef6cedd2292c720dc5d6ef6964ca919de9a3c941d6b9,sha256:73bc771f8028b1accae9e696fb577750cc9ff09feea8a3a30b590d4a4c2766d2,/metrics/cadvisor,k8s_config-reloader_prometheus-prometheus-kube-prometheus-prometheus-0_default_2e96bfc4-3c10-4d82-8559-96ee02c50c31_19,,,,,,,,,,,,,,,,,,,,,
1615588170.453,container_cpu_cfs_throttled_seconds_total,config-reloader,https-metrics,192.168.65.4:10250,kubelet,default,docker-desktop,prometheus-prometheus-kube-prometheus-prometheus-0,prometheus-kube-prometheus-kubelet,2.4702362,/kubepods/kubepods/burstable/pod2e96bfc4-3c10-4d82-8559-96ee02c50c31/0b68d21545ff84d59751ef6cedd2292c720dc5d6ef6964ca919de9a3c941d6b9,sha256:73bc771f8028b1accae9e696fb577750cc9ff09feea8a3a30b590d4a4c2766d2,/metrics/cadvisor,k8s_config-reloader_prometheus-prometheus-kube-prometheus-prometheus-0_default_2e96bfc4-3c10-4d82-8559-96ee02c50c31_19,,,,,,,,,,,,,,,,,,,,,
1615588111.776,container_cpu_cfs_throttled_seconds_total,config-reloader,https-metrics,192.168.65.4:10250,kubelet,default,docker-desktop,alertmanager-prometheus-kube-prometheus-alertmanager-0,prometheus-kube-prometheus-kubelet,0.5748164,/kubepods/kubepods/burstable/pod414fed11-6938-47e9-8069-d32074624822/240829829ebd6e809687294fb464a1741c9b6af734276a046af89f896b9b130b,sha256:73bc771f8028b1accae9e696fb577750cc9ff09feea8a3a30b590d4a4c2766d2,/metrics/cadvisor,k8s_config-reloader_alertmanager-prometheus-kube-prometheus-alertmanager-0_default_414fed11-6938-47e9-8069-d32074624822_19,,,,,,,,,,,,,,,,,,,,,
1615588140.512,container_cpu_cfs_throttled_seconds_total,config-reloader,https-metrics,192.168.65.4:10250,kubelet,default,docker-desktop,alertmanager-prometheus-kube-prometheus-alertmanager-0,prometheus-kube-prometheus-kubelet,0.5748164,/kubepods/kubepods/burstable/pod414fed11-6938-47e9-8069-d32074624822/240829829ebd6e809687294fb464a1741c9b6af734276a046af89f896b9b130b,sha256:73bc771f8028b1accae9e696fb577750cc9ff09feea8a3a30b590d4a4c2766d2,/metrics/cadvisor,k8s_config-reloader_alertmanager-prometheus-kube-prometheus-alertmanager-0_default_414fed11-6938-47e9-8069-d32074624822_19,,,,,,,,,,,,,,,,,,,,,
1615588171.641,container_cpu_cfs_throttled_seconds_total,config-reloader,https-metrics,192.168.65.4:10250,kubelet,default,docker-desktop,alertmanager-prometheus-kube-prometheus-alertmanager-0,prometheus-kube-prometheus-kubelet,0.5748164,/kubepods/kubepods/burstable/pod414fed11-6938-47e9-8069-d32074624822/240829829ebd6e809687294fb464a1741c9b6af734276a046af89f896b9b130b,sha256:73bc771f8028b1accae9e696fb577750cc9ff09feea8a3a30b590d4a4c2766d2,/metrics/cadvisor,k8s_config-reloader_alertmanager-prometheus-kube-prometheus-alertmanager-0_default_414fed11-6938-47e9-8069-d32074624822_19,,,,,,,,,,,,,,,,,,,,,
1615588088.136,container_cpu_cfs_throttled_seconds_total,teastore-webui,https-metrics,192.168.65.4:10250,kubelet,teastore,docker-desktop,teastore-webui-5648c5dddd-248k5,prometheus-kube-prometheus-kubelet,513.7051552,/kubepods/kubepods/burstable/pod2191a205-264a-4c81-a6e2-ebc4dff2542a/7e6c715a90818db77fd2f9999df062b4673b199cac4c489899b46f1d94686f6c,descartesresearch/teastore-webui@sha256:a22920057ef41fdd0936a970ac93b60c21e3237fc812de00318092d3bbc93ea5,/metrics/cadvisor,k8s_teastore-webui_teastore-webui-5648c5dddd-248k5_teastore_2191a205-264a-4c81-a6e2-ebc4dff2542a_0,,,,,,,,,,,,,,,,,,,,,
1615588104.397,container_cpu_cfs_throttled_seconds_total,teastore-webui,https-metrics,192.168.65.4:10250,kubelet,teastore,docker-desktop,teastore-webui-5648c5dddd-248k5,prometheus-kube-prometheus-kubelet,551.7471132,/kubepods/kubepods/burstable/pod2191a205-264a-4c81-a6e2-ebc4dff2542a/7e6c715a90818db77fd2f9999df062b4673b199cac4c489899b46f1d94686f6c,descartesresearch/teastore-webui@sha256:a22920057ef41fdd0936a970ac93b60c21e3237fc812de00318092d3bbc93ea5,/metrics/cadvisor,k8s_teastore-webui_teastore-webui-5648c5dddd-248k5_teastore_2191a205-264a-4c81-a6e2-ebc4dff2542a_0,,,,,,,,,,,,,,,,,,,,,
1615588136.029,container_cpu_cfs_throttled_seconds_total,teastore-webui,https-metrics,192.168.65.4:10250,kubelet,teastore,docker-desktop,teastore-webui-5648c5dddd-248k5,prometheus-kube-prometheus-kubelet,638.9642775,/kubepods/kubepods/burstable/pod2191a205-264a-4c81-a6e2-ebc4dff2542a/7e6c715a90818db77fd2f9999df062b4673b199cac4c489899b46f1d94686f6c,descartesresearch/teastore-webui@sha256:a22920057ef41fdd0936a970ac93b60c21e3237fc812de00318092d3bbc93ea5,/metrics/cadvisor,k8s_teastore-webui_teastore-webui-5648c5dddd-248k5_teastore_2191a205-264a-4c81-a6e2-ebc4dff2542a_0,,,,,,,,,,,,,,,,,,,,,
1615588172.244,container_cpu_cfs_throttled_seconds_total,teastore-webui,https-metrics,192.168.65.4:10250,kubelet,teastore,docker-desktop,teastore-webui-5648c5dddd-248k5,prometheus-kube-prometheus-kubelet,748.0121402,/kubepods/kubepods/burstable/pod2191a205-264a-4c81-a6e2-ebc4dff2542a/7e6c715a90818db77fd2f9999df062b4673b199cac4c489899b46f1d94686f6c,descartesresearch/teastore-webui@sha256:a22920057ef41fdd0936a970ac93b60c21e3237fc812de00318092d3bbc93ea5,/metrics/cadvisor,k8s_teastore-webui_teastore-webui-5648c5dddd-248k5_teastore_2191a205-264a-4c81-a6e2-ebc4dff2542a_0,,,,,,,,,,,,,,,,,,,,,
1615588085.695,container_cpu_cfs_throttled_seconds_total,teastore-webui,https-metrics,192.168.65.4:10250,kubelet,teastore,docker-desktop,teastore-webui-5648c5dddd-5xf7k,prometheus-kube-prometheus-kubelet,115.6473617,/kubepods/kubepods/burstable/podf7c9ef23-77d2-4da7-8243-672f56e6c5af/077925bdcf22a4dea167bfe0d10a3e2110fe04f8d04877a777c3b5fac2b88d1e,descartesresearch/teastore-webui@sha256:a22920057ef41fdd0936a970ac93b60c21e3237fc812de00318092d3bbc93ea5,/metrics/cadvisor,k8s_teastore-webui_teastore-webui-5648c5dddd-5xf7k_teastore_f7c9ef23-77d2-4da7-8243-672f56e6c5af_0,,,,,,,,,,,,,,,,,,,,,
1615588103.593,container_cpu_cfs_throttled_seconds_total,teastore-webui,https-metrics,192.168.65.4:10250,kubelet,teastore,docker-desktop,teastore-webui-5648c5dddd-5xf7k,prometheus-kube-prometheus-kubelet,158.9904211,/kubepods/kubepods/burstable/podf7c9ef23-77d2-4da7-8243-672f56e6c5af/077925bdcf22a4dea167bfe0d10a3e2110fe04f8d04877a777c3b5fac2b88d1e,descartesresearch/teastore-webui@sha256:a22920057ef41fdd0936a970ac93b60c21e3237fc812de00318092d3bbc93ea5,/metrics/cadvisor,k8s_teastore-webui_teastore-webui-5648c5dddd-5xf7k_teastore_f7c9ef23-77d2-4da7-8243-672f56e6c5af_0,,,,,,,,,,,,,,,,,,,,,
1615588138.55,container_cpu_cfs_throttled_seconds_total,teastore-webui,https-metrics,192.168.65.4:10250,kubelet,teastore,docker-desktop,teastore-webui-5648c5dddd-5xf7k,prometheus-kube-prometheus-kubelet,244.162755,/kubepods/kubepods/burstable/podf7c9ef23-77d2-4da7-8243-672f56e6c5af/077925bdcf22a4dea167bfe0d10a3e2110fe04f8d04877a777c3b5fac2b88d1e,descartesresearch/teastore-webui@sha256:a22920057ef41fdd0936a970ac93b60c21e3237fc812de00318092d3bbc93ea5,/metrics/cadvisor,k8s_teastore-webui_teastore-webui-5648c5dddd-5xf7k_teastore_f7c9ef23-77d2-4da7-8243-672f56e6c5af_0,,,,,,,,,,,,,,,,,,,,,
1615588173.571,container_cpu_cfs_throttled_seconds_total,teastore-webui,https-metrics,192.168.65.4:10250,kubelet,teastore,docker-desktop,teastore-webui-5648c5dddd-5xf7k,prometheus-kube-prometheus-kubelet,339.7680669,/kubepods/kubepods/burstable/podf7c9ef23-77d2-4da7-8243-672f56e6c5af/077925bdcf22a4dea167bfe0d10a3e2110fe04f8d04877a777c3b5fac2b88d1e,descartesresearch/teastore-webui@sha256:a22920057ef41fdd0936a970ac93b60c21e3237fc812de00318092d3bbc93ea5,/metrics/cadvisor,k8s_teastore-webui_teastore-webui-5648c5dddd-5xf7k_teastore_f7c9ef23-77d2-4da7-8243-672f56e6c5af_0,,,,,,,,,,,,,,,,,,,,,
1615588104.523,kube_deployment_spec_replicas,kube-state-metrics,http,10.1.45.83:8080,kube-state-metrics,kube-system,,prometheus-kube-state-metrics-95d956569-9dl7x,prometheus-kube-state-metrics,2,,,,,coredns,,,,,,,,,,,,,,,,,,,,
1615588134.523,kube_deployment_spec_replicas,kube-state-metrics,http,10.1.45.83:8080,kube-state-metrics,kube-system,,prometheus-kube-state-metrics-95d956569-9dl7x,prometheus-kube-state-metrics,2,,,,,coredns,,,,,,,,,,,,,,,,,,,,
1615588164.523,kube_deployment_spec_replicas,kube-state-metrics,http,10.1.45.83:8080,kube-state-metrics,kube-system,,prometheus-kube-state-metrics-95d956569-9dl7x,prometheus-kube-state-metrics,2,,,,,coredns,,,,,,,,,,,,,,,,,,,,
1615588194.523,kube_deployment_spec_replicas,kube-state-metrics,http,10.1.45.83:8080,kube-state-metrics,kube-system,,prometheus-kube-state-metrics-95d956569-9dl7x,prometheus-kube-state-metrics,2,,,,,coredns,,,,,,,,,,,,,,,,,,,,
1615588104.523,kube_deployment_spec_replicas,kube-state-metrics,http,10.1.45.83:8080,kube-state-metrics,linkerd,,prometheus-kube-state-metrics-95d956569-9dl7x,prometheus-kube-state-metrics,1,,,,,linkerd-controller,,,,,,,,,,,,,,,,,,,,
1615588134.523,kube_deployment_spec_replicas,kube-state-metrics,http,10.1.45.83:8080,kube-state-metrics,linkerd,,prometheus-kube-state-metrics-95d956569-9dl7x,prometheus-kube-state-metrics,1,,,,,linkerd-controller,,,,,,,,,,,,,,,,,,,,
1615588164.523,kube_deployment_spec_replicas,kube-state-metrics,http,10.1.45.83:8080,kube-state-metrics,linkerd,,prometheus-kube-state-metrics-95d956569-9dl7x,prometheus-kube-state-metrics,1,,,,,linkerd-controller,,,,,,,,,,,,,,,,,,,,
1615588194.523,kube_deployment_spec_replicas,kube-state-metrics,http,10.1.45.83:8080,kube-state-metrics,linkerd,,prometheus-kube-state-metrics-95d956569-9dl7x,prometheus-kube-state-metrics,1,,,,,linkerd-controller,,,,,,,,,,,,,,,,,,,,
1615588104.523,kube_deployment_spec_replicas,kube-state-metrics,http,10.1.45.83:8080,kube-state-metrics,linkerd,,prometheus-kube-state-metrics-95d956569-9dl7x,prometheus-kube-state-metrics,1,,,,,linkerd-destination,,,,,,,,,,,,,,,,,,,,
1615588134.523,kube_deployment_spec_replicas,kube-state-metrics,http,10.1.45.83:8080,kube-state-metrics,linkerd,,prometheus-kube-state-metrics-95d956569-9dl7x,prometheus-kube-state-metrics,1,,,,,linkerd-destination,,,,,,,,,,,,,,,,,,,,
1615588164.523,kube_deployment_spec_replicas,kube-state-metrics,http,10.1.45.83:8080,kube-state-metrics,linkerd,,prometheus-kube-state-metrics-95d956569-9dl7x,prometheus-kube-state-metrics,1,,,,,linkerd-destination,,,,,,,,,,,,,,,,,,,,
1615588194.523,kube_deployment_spec_replicas,kube-state-metrics,http,10.1.45.83:8080,kube-state-metrics,linkerd,,prometheus-kube-state-metrics-95d956569-9dl7x,prometheus-kube-state-metrics,1,,,,,linkerd-destination,,,,,,,,,,,,,,,,,,,,
1615588104.523,kube_deployment_spec_replicas,kube-state-metrics,http,10.1.45.83:8080,kube-state-metrics,linkerd,,prometheus-kube-state-metrics-95d956569-9dl7x,prometheus-kube-state-metrics,1,,,,,linkerd-grafana,,,,,,,,,,,,,,,,,,,,
1615588134.523,kube_deployment_spec_replicas,kube-state-metrics,http,10.1.45.83:8080,kube-state-metrics,linkerd,,prometheus-kube-state-metrics-95d956569-9dl7x,prometheus-kube-state-metrics,1,,,,,linkerd-grafana,,,,,,,,,,,,,,,,,,,,
1615588164.523,kube_deployment_spec_replicas,kube-state-metrics,http,10.1.45.83:8080,kube-state-metrics,linkerd,,prometheus-kube-state-metrics-95d956569-9dl7x,prometheus-kube-state-metrics,1,,,,,linkerd-grafana,,,,,,,,,,,,,,,,,,,,
1615588194.523,kube_deployment_spec_replicas,kube-state-metrics,http,10.1.45.83:8080,kube-state-metrics,linkerd,,prometheus-kube-state-metrics-95d956569-9dl7x,prometheus-kube-state-metrics,1,,,,,linkerd-grafana,,,,,,,,,,,,,,,,,,,,
1615588104.523,kube_deployment_spec_replicas,kube-state-metrics,http,10.1.45.83:8080,kube-state-metrics,linkerd,,prometheus-kube-state-metrics-95d956569-9dl7x,prometheus-kube-state-metrics,1,,,,,linkerd-identity,,,,,,,,,,,,,,,,,,,,
1615588134.523,kube_deployment_spec_replicas,kube-state-metrics,http,10.1.45.83:8080,kube-state-metrics,linkerd,,prometheus-kube-state-metrics-95d956569-9dl7x,prometheus-kube-state-metrics,1,,,,,linkerd-identity,,,,,,,,,,,,,,,,,,,,
1615588164.523,kube_deployment_spec_replicas,kube-state-metrics,http,10.1.45.83:8080,kube-state-metrics,linkerd,,prometheus-kube-state-metrics-95d956569-9dl7x,prometheus-kube-state-metrics,1,,,,,linkerd-identity,,,,,,,,,,,,,,,,,,,,
1615588194.523,kube_deployment_spec_replicas,kube-state-metrics,http,10.1.45.83:8080,kube-state-metrics,linkerd,,prometheus-kube-state-metrics-95d956569-9dl7x,prometheus-kube-state-metrics,1,,,,,linkerd-identity,,,,,,,,,,,,,,,,,,,,
1615588104.523,kube_deployment_spec_replicas,kube-state-metrics,http,10.1.45.83:8080,kube-state-metrics,linkerd,,prometheus-kube-state-metrics-95d956569-9dl7x,prometheus-kube-state-metrics,1,,,,,linkerd-prometheus,,,,,,,,,,,,,,,,,,,,
1615588134.523,kube_deployment_spec_replicas,kube-state-metrics,http,10.1.45.83:8080,kube-state-metrics,linkerd,,prometheus-kube-state-metrics-95d956569-9dl7x,prometheus-kube-state-metrics,1,,,,,linkerd-prometheus,,,,,,,,,,,,,,,,,,,,
1615588164.523,kube_deployment_spec_replicas,kube-state-metrics,http,10.1.45.83:8080,kube-state-metrics,linkerd,,prometheus-kube-state-metrics-95d956569-9dl7x,prometheus-kube-state-metrics,1,,,,,linkerd-prometheus,,,,,,,,,,,,,,,,,,,,
1615588194.523,kube_deployment_spec_replicas,kube-state-metrics,http,10.1.45.83:8080,kube-state-metrics,linkerd,,prometheus-kube-state-metrics-95d956569-9dl7x,prometheus-kube-state-metrics,1,,,,,linkerd-prometheus,,,,,,,,,,,,,,,,,,,,
1615588104.523,kube_deployment_spec_replicas,kube-state-metrics,http,10.1.45.83:8080,kube-state-metrics,linkerd,,prometheus-kube-state-metrics-95d956569-9dl7x,prometheus-kube-state-metrics,1,,,,,linkerd-proxy-injector,,,,,,,,,,,,,,,,,,,,
1615588134.523,kube_deployment_spec_replicas,kube-state-metrics,http,10.1.45.83:8080,kube-state-metrics,linkerd,,prometheus-kube-state-metrics-95d956569-9dl7x,prometheus-kube-state-metrics,1,,,,,linkerd-proxy-injector,,,,,,,,,,,,,,,,,,,,
1615588164.523,kube_deployment_spec_replicas,kube-state-metrics,http,10.1.45.83:8080,kube-state-metrics,linkerd,,prometheus-kube-state-metrics-95d956569-9dl7x,prometheus-kube-state-metrics,1,,,,,linkerd-proxy-injector,,,,,,,,,,,,,,,,,,,,
1615588194.523,kube_deployment_spec_replicas,kube-state-metrics,http,10.1.45.83:8080,kube-state-metrics,linkerd,,prometheus-kube-state-metrics-95d956569-9dl7x,prometheus-kube-state-metrics,1,,,,,linkerd-proxy-injector,,,,,,,,,,,,,,,,,,,,
1615588104.523,kube_deployment_spec_replicas,kube-state-metrics,http,10.1.45.83:8080,kube-state-metrics,linkerd,,prometheus-kube-state-metrics-95d956569-9dl7x,prometheus-kube-state-metrics,1,,,,,linkerd-sp-validator,,,,,,,,,,,,,,,,,,,,
1615588134.523,kube_deployment_spec_replicas,kube-state-metrics,http,10.1.45.83:8080,kube-state-metrics,linkerd,,prometheus-kube-state-metrics-95d956569-9dl7x,prometheus-kube-state-metrics,1,,,,,linkerd-sp-validator,,,,,,,,,,,,,,,,,,,,
1615588164.523,kube_deployment_spec_replicas,kube-state-metrics,http,10.1.45.83:8080,kube-state-metrics,linkerd,,prometheus-kube-state-metrics-95d956569-9dl7x,prometheus-kube-state-metrics,1,,,,,linkerd-sp-validator,,,,,,,,,,,,,,,,,,,,
1615588194.523,kube_deployment_spec_replicas,kube-state-metrics,http,10.1.45.83:8080,kube-state-metrics,linkerd,,prometheus-kube-state-metrics-95d956569-9dl7x,prometheus-kube-state-metrics,1,,,,,linkerd-sp-validator,,,,,,,,,,,,,,,,,,,,
1615588104.523,kube_deployment_spec_replicas,kube-state-metrics,http,10.1.45.83:8080,kube-state-metrics,linkerd,,prometheus-kube-state-metrics-95d956569-9dl7x,prometheus-kube-state-metrics,1,,,,,linkerd-tap,,,,,,,,,,,,,,,,,,,,
1615588134.523,kube_deployment_spec_replicas,kube-state-metrics,http,10.1.45.83:8080,kube-state-metrics,linkerd,,prometheus-kube-state-metrics-95d956569-9dl7x,prometheus-kube-state-metrics,1,,,,,linkerd-tap,,,,,,,,,,,,,,,,,,,,
1615588164.523,kube_deployment_spec_replicas,kube-state-metrics,http,10.1.45.83:8080,kube-state-metrics,linkerd,,prometheus-kube-state-metrics-95d956569-9dl7x,prometheus-kube-state-metrics,1,,,,,linkerd-tap,,,,,,,,,,,,,,,,,,,,
1615588194.523,kube_deployment_spec_replicas,kube-state-metrics,http,10.1.45.83:8080,kube-state-metrics,linkerd,,prometheus-kube-state-metrics-95d956569-9dl7x,prometheus-kube-state-metrics,1,,,,,linkerd-tap,,,,,,,,,,,,,,,,,,,,
1615588104.523,kube_deployment_spec_replicas,kube-state-metrics,http,10.1.45.83:8080,kube-state-metrics,linkerd,,prometheus-kube-state-metrics-95d956569-9dl7x,prometheus-kube-state-metrics,1,,,,,linkerd-web,,,,,,,,,,,,,,,,,,,,
1615588134.523,kube_deployment_spec_replicas,kube-state-metrics,http,10.1.45.83:8080,kube-state-metrics,linkerd,,prometheus-kube-state-metrics-95d956569-9dl7x,prometheus-kube-state-metrics,1,,,,,linkerd-web,,,,,,,,,,,,,,,,,,,,
1615588164.523,kube_deployment_spec_replicas,kube-state-metrics,http,10.1.45.83:8080,kube-state-metrics,linkerd,,prometheus-kube-state-metrics-95d956569-9dl7x,prometheus-kube-state-metrics,1,,,,,linkerd-web,,,,,,,,,,,,,,,,,,,,
1615588194.523,kube_deployment_spec_replicas,kube-state-metrics,http,10.1.45.83:8080,kube-state-metrics,linkerd,,prometheus-kube-state-metrics-95d956569-9dl7x,prometheus-kube-state-metrics,1,,,,,linkerd-web,,,,,,,,,,,,,,,,,,,,
1615588104.523,kube_deployment_spec_replicas,kube-state-metrics,http,10.1.45.83:8080,kube-state-metrics,default,,prometheus-kube-state-metrics-95d956569-9dl7x,prometheus-kube-state-metrics,1,,,,,prometheus-grafana,,,,,,,,,,,,,,,,,,,,
1615588134.523,kube_deployment_spec_replicas,kube-state-metrics,http,10.1.45.83:8080,kube-state-metrics,default,,prometheus-kube-state-metrics-95d956569-9dl7x,prometheus-kube-state-metrics,1,,,,,prometheus-grafana,,,,,,,,,,,,,,,,,,,,
1615588164.523,kube_deployment_spec_replicas,kube-state-metrics,http,10.1.45.83:8080,kube-state-metrics,default,,prometheus-kube-state-metrics-95d956569-9dl7x,prometheus-kube-state-metrics,1,,,,,prometheus-grafana,,,,,,,,,,,,,,,,,,,,
1615588194.523,kube_deployment_spec_replicas,kube-state-metrics,http,10.1.45.83:8080,kube-state-metrics,default,,prometheus-kube-state-metrics-95d956569-9dl7x,prometheus-kube-state-metrics,1,,,,,prometheus-grafana,,,,,,,,,,,,,,,,,,,,
1615588104.523,kube_deployment_spec_replicas,kube-state-metrics,http,10.1.45.83:8080,kube-state-metrics,default,,prometheus-kube-state-metrics-95d956569-9dl7x,prometheus-kube-state-metrics,1,,,,,prometheus-kube-prometheus-operator,,,,,,,,,,,,,,,,,,,,
1615588134.523,kube_deployment_spec_replicas,kube-state-metrics,http,10.1.45.83:8080,kube-state-metrics,default,,prometheus-kube-state-metrics-95d956569-9dl7x,prometheus-kube-state-metrics,1,,,,,prometheus-kube-prometheus-operator,,,,,,,,,,,,,,,,,,,,
1615588164.523,kube_deployment_spec_replicas,kube-state-metrics,http,10.1.45.83:8080,kube-state-metrics,default,,prometheus-kube-state-metrics-95d956569-9dl7x,prometheus-kube-state-metrics,1,,,,,prometheus-kube-prometheus-operator,,,,,,,,,,,,,,,,,,,,
1615588194.523,kube_deployment_spec_replicas,kube-state-metrics,http,10.1.45.83:8080,kube-state-metrics,default,,prometheus-kube-state-metrics-95d956569-9dl7x,prometheus-kube-state-metrics,1,,,,,prometheus-kube-prometheus-operator,,,,,,,,,,,,,,,,,,,,
1615588104.523,kube_deployment_spec_replicas,kube-state-metrics,http,10.1.45.83:8080,kube-state-metrics,default,,prometheus-kube-state-metrics-95d956569-9dl7x,prometheus-kube-state-metrics,1,,,,,prometheus-kube-state-metrics,,,,,,,,,,,,,,,,,,,,
1615588134.523,kube_deployment_spec_replicas,kube-state-metrics,http,10.1.45.83:8080,kube-state-metrics,default,,prometheus-kube-state-metrics-95d956569-9dl7x,prometheus-kube-state-metrics,1,,,,,prometheus-kube-state-metrics,,,,,,,,,,,,,,,,,,,,
1615588164.523,kube_deployment_spec_replicas,kube-state-metrics,http,10.1.45.83:8080,kube-state-metrics,default,,prometheus-kube-state-metrics-95d956569-9dl7x,prometheus-kube-state-metrics,1,,,,,prometheus-kube-state-metrics,,,,,,,,,,,,,,,,,,,,
1615588194.523,kube_deployment_spec_replicas,kube-state-metrics,http,10.1.45.83:8080,kube-state-metrics,default,,prometheus-kube-state-metrics-95d956569-9dl7x,prometheus-kube-state-metrics,1,,,,,prometheus-kube-state-metrics,,,,,,,,,,,,,,,,,,,,
1615588104.523,kube_deployment_spec_replicas,kube-state-metrics,http,10.1.45.83:8080,kube-state-metrics,teastore,,prometheus-kube-state-metrics-95d956569-9dl7x,prometheus-kube-state-metrics,1,,,,,teastore-auth,,,,,,,,,,,,,,,,,,,,
1615588134.523,kube_deployment_spec_replicas,kube-state-metrics,http,10.1.45.83:8080,kube-state-metrics,teastore,,prometheus-kube-state-metrics-95d956569-9dl7x,prometheus-kube-state-metrics,1,,,,,teastore-auth,,,,,,,,,,,,,,,,,,,,
1615588164.523,kube_deployment_spec_replicas,kube-state-metrics,http,10.1.45.83:8080,kube-state-metrics,teastore,,prometheus-kube-state-metrics-95d956569-9dl7x,prometheus-kube-state-metrics,1,,,,,teastore-auth,,,,,,,,,,,,,,,,,,,,
1615588194.523,kube_deployment_spec_replicas,kube-state-metrics,http,10.1.45.83:8080,kube-state-metrics,teastore,,prometheus-kube-state-metrics-95d956569-9dl7x,prometheus-kube-state-metrics,1,,,,,teastore-auth,,,,,,,,,,,,,,,,,,,,
1615588104.523,kube_deployment_spec_replicas,kube-state-metrics,http,10.1.45.83:8080,kube-state-metrics,teastore,,prometheus-kube-state-metrics-95d956569-9dl7x,prometheus-kube-state-metrics,1,,,,,teastore-db,,,,,,,,,,,,,,,,,,,,
1615588134.523,kube_deployment_spec_replicas,kube-state-metrics,http,10.1.45.83:8080,kube-state-metrics,teastore,,prometheus-kube-state-metrics-95d956569-9dl7x,prometheus-kube-state-metrics,1,,,,,teastore-db,,,,,,,,,,,,,,,,,,,,
1615588164.523,kube_deployment_spec_replicas,kube-state-metrics,http,10.1.45.83:8080,kube-state-metrics,teastore,,prometheus-kube-state-metrics-95d956569-9dl7x,prometheus-kube-state-metrics,1,,,,,teastore-db,,,,,,,,,,,,,,,,,,,,
1615588194.523,kube_deployment_spec_replicas,kube-state-metrics,http,10.1.45.83:8080,kube-state-metrics,teastore,,prometheus-kube-state-metrics-95d956569-9dl7x,prometheus-kube-state-metrics,1,,,,,teastore-db,,,,,,,,,,,,,,,,,,,,
1615588104.523,kube_deployment_spec_replicas,kube-state-metrics,http,10.1.45.83:8080,kube-state-metrics,teastore,,prometheus-kube-state-metrics-95d956569-9dl7x,prometheus-kube-state-metrics,1,,,,,teastore-image,,,,,,,,,,,,,,,,,,,,
1615588134.523,kube_deployment_spec_replicas,kube-state-metrics,http,10.1.45.83:8080,kube-state-metrics,teastore,,prometheus-kube-state-metrics-95d956569-9dl7x,prometheus-kube-state-metrics,1,,,,,teastore-image,,,,,,,,,,,,,,,,,,,,
1615588164.523,kube_deployment_spec_replicas,kube-state-metrics,http,10.1.45.83:8080,kube-state-metrics,teastore,,prometheus-kube-state-metrics-95d956569-9dl7x,prometheus-kube-state-metrics,1,,,,,teastore-image,,,,,,,,,,,,,,,,,,,,
1615588194.523,kube_deployment_spec_replicas,kube-state-metrics,http,10.1.45.83:8080,kube-state-metrics,teastore,,prometheus-kube-state-metrics-95d956569-9dl7x,prometheus-kube-state-metrics,1,,,,,teastore-image,,,,,,,,,,,,,,,,,,,,
1615588104.523,kube_deployment_spec_replicas,kube-state-metrics,http,10.1.45.83:8080,kube-state-metrics,teastore,,prometheus-kube-state-metrics-95d956569-9dl7x,prometheus-kube-state-metrics,1,,,,,teastore-persistence,,,,,,,,,,,,,,,,,,,,
1615588134.523,kube_deployment_spec_replicas,kube-state-metrics,http,10.1.45.83:8080,kube-state-metrics,teastore,,prometheus-kube-state-metrics-95d956569-9dl7x,prometheus-kube-state-metrics,1,,,,,teastore-persistence,,,,,,,,,,,,,,,,,,,,
1615588164.523,kube_deployment_spec_replicas,kube-state-metrics,http,10.1.45.83:8080,kube-state-metrics,teastore,,prometheus-kube-state-metrics-95d956569-9dl7x,prometheus-kube-state-metrics,1,,,,,teastore-persistence,,,,,,,,,,,,,,,,,,,,
1615588194.523,kube_deployment_spec_replicas,kube-state-metrics,http,10.1.45.83:8080,kube-state-metrics,teastore,,prometheus-kube-state-metrics-95d956569-9dl7x,prometheus-kube-state-metrics,1,,,,,teastore-persistence,,,,,,,,,,,,,,,,,,,,
1615588104.523,kube_deployment_spec_replicas,kube-state-metrics,http,10.1.45.83:8080,kube-state-metrics,teastore,,prometheus-kube-state-metrics-95d956569-9dl7x,prometheus-kube-state-metrics,1,,,,,teastore-recommender,,,,,,,,,,,,,,,,,,,,
1615588134.523,kube_deployment_spec_replicas,kube-state-metrics,http,10.1.45.83:8080,kube-state-metrics,teastore,,prometheus-kube-state-metrics-95d956569-9dl7x,prometheus-kube-state-metrics,1,,,,,teastore-recommender,,,,,,,,,,,,,,,,,,,,
1615588164.523,kube_deployment_spec_replicas,kube-state-metrics,http,10.1.45.83:8080,kube-state-metrics,teastore,,prometheus-kube-state-metrics-95d956569-9dl7x,prometheus-kube-state-metrics,1,,,,,teastore-recommender,,,,,,,,,,,,,,,,,,,,
1615588194.523,kube_deployment_spec_replicas,kube-state-metrics,http,10.1.45.83:8080,kube-state-metrics,teastore,,prometheus-kube-state-metrics-95d956569-9dl7x,prometheus-kube-state-metrics,1,,,,,teastore-recommender,,,,,,,,,,,,,,,,,,,,
1615588104.523,kube_deployment_spec_replicas,kube-state-metrics,http,10.1.45.83:8080,kube-state-metrics,teastore,,prometheus-kube-state-metrics-95d956569-9dl7x,prometheus-kube-state-metrics,1,,,,,teastore-registry,,,,,,,,,,,,,,,,,,,,
1615588134.523,kube_deployment_spec_replicas,kube-state-metrics,http,10.1.45.83:8080,kube-state-metrics,teastore,,prometheus-kube-state-metrics-95d956569-9dl7x,prometheus-kube-state-metrics,1,,,,,teastore-registry,,,,,,,,,,,,,,,,,,,,
1615588164.523,kube_deployment_spec_replicas,kube-state-metrics,http,10.1.45.83:8080,kube-state-metrics,teastore,,prometheus-kube-state-metrics-95d956569-9dl7x,prometheus-kube-state-metrics,1,,,,,teastore-registry,,,,,,,,,,,,,,,,,,,,
1615588194.523,kube_deployment_spec_replicas,kube-state-metrics,http,10.1.45.83:8080,kube-state-metrics,teastore,,prometheus-kube-state-metrics-95d956569-9dl7x,prometheus-kube-state-metrics,1,,,,,teastore-registry,,,,,,,,,,,,,,,,,,,,
1615588104.523,kube_deployment_spec_replicas,kube-state-metrics,http,10.1.45.83:8080,kube-state-metrics,teastore,,prometheus-kube-state-metrics-95d956569-9dl7x,prometheus-kube-state-metrics,2,,,,,teastore-webui,,,,,,,,,,,,,,,,,,,,
1615588134.523,kube_deployment_spec_replicas,kube-state-metrics,http,10.1.45.83:8080,kube-state-metrics,teastore,,prometheus-kube-state-metrics-95d956569-9dl7x,prometheus-kube-state-metrics,2,,,,,teastore-webui,,,,,,,,,,,,,,,,,,,,
1615588164.523,kube_deployment_spec_replicas,kube-state-metrics,http,10.1.45.83:8080,kube-state-metrics,teastore,,prometheus-kube-state-metrics-95d956569-9dl7x,prometheus-kube-state-metrics,2,,,,,teastore-webui,,,,,,,,,,,,,,,,,,,,
1615588194.523,kube_deployment_spec_replicas,kube-state-metrics,http,10.1.45.83:8080,kube-state-metrics,teastore,,prometheus-kube-state-metrics-95d956569-9dl7x,prometheus-kube-state-metrics,2,,,,,teastore-webui,,,,,,,,,,,,,,,,,,,,
1615588093.729,response_latency_ms_sum,,,10.1.45.78:4191,linkerd-proxy,linkerd,,linkerd-prometheus-5bccd64d4d-jzwmt,,39,,,,,linkerd-prometheus,prometheus,linkerd,inbound,no_tls_from_remote,5bccd64d4d,503,no_identity,linkerd,,,,,,,,,,,,
1615588103.729,response_latency_ms_sum,,,10.1.45.78:4191,linkerd-proxy,linkerd,,linkerd-prometheus-5bccd64d4d-jzwmt,,39,,,,,linkerd-prometheus,prometheus,linkerd,inbound,no_tls_from_remote,5bccd64d4d,503,no_identity,linkerd,,,,,,,,,,,,
1615588113.729,response_latency_ms_sum,,,10.1.45.78:4191,linkerd-proxy,linkerd,,linkerd-prometheus-5bccd64d4d-jzwmt,,39,,,,,linkerd-prometheus,prometheus,linkerd,inbound,no_tls_from_remote,5bccd64d4d,503,no_identity,linkerd,,,,,,,,,,,,
1615588123.729,response_latency_ms_sum,,,10.1.45.78:4191,linkerd-proxy,linkerd,,linkerd-prometheus-5bccd64d4d-jzwmt,,39,,,,,linkerd-prometheus,prometheus,linkerd,inbound,no_tls_from_remote,5bccd64d4d,503,no_identity,linkerd,,,,,,,,,,,,
1615588133.729,response_latency_ms_sum,,,10.1.45.78:4191,linkerd-proxy,linkerd,,linkerd-prometheus-5bccd64d4d-jzwmt,,39,,,,,linkerd-prometheus,prometheus,linkerd,inbound,no_tls_from_remote,5bccd64d4d,503,no_identity,linkerd,,,,,,,,,,,,
1615588143.729,response_latency_ms_sum,,,10.1.45.78:4191,linkerd-proxy,linkerd,,linkerd-prometheus-5bccd64d4d-jzwmt,,39,,,,,linkerd-prometheus,prometheus,linkerd,inbound,no_tls_from_remote,5bccd64d4d,503,no_identity,linkerd,,,,,,,,,,,,
1615588153.729,response_latency_ms_sum,,,10.1.45.78:4191,linkerd-proxy,linkerd,,linkerd-prometheus-5bccd64d4d-jzwmt,,39,,,,,linkerd-prometheus,prometheus,linkerd,inbound,no_tls_from_remote,5bccd64d4d,503,no_identity,linkerd,,,,,,,,,,,,
1615588163.729,response_latency_ms_sum,,,10.1.45.78:4191,linkerd-proxy,linkerd,,linkerd-prometheus-5bccd64d4d-jzwmt,,39,,,,,linkerd-prometheus,prometheus,linkerd,inbound,no_tls_from_remote,5bccd64d4d,503,no_identity,linkerd,,,,,,,,,,,,
1615588173.729,response_latency_ms_sum,,,10.1.45.78:4191,linkerd-proxy,linkerd,,linkerd-prometheus-5bccd64d4d-jzwmt,,39,,,,,linkerd-prometheus,prometheus,linkerd,inbound,no_tls_from_remote,5bccd64d4d,503,no_identity,linkerd,,,,,,,,,,,,
1615588183.729,response_latency_ms_sum,,,10.1.45.78:4191,linkerd-proxy,linkerd,,linkerd-prometheus-5bccd64d4d-jzwmt,,39,,,,,linkerd-prometheus,prometheus,linkerd,inbound,no_tls_from_remote,5bccd64d4d,503,no_identity,linkerd,,,,,,,,,,,,
1615588193.731,response_latency_ms_sum,,,10.1.45.78:4191,linkerd-proxy,linkerd,,linkerd-prometheus-5bccd64d4d-jzwmt,,39,,,,,linkerd-prometheus,prometheus,linkerd,inbound,no_tls_from_remote,5bccd64d4d,503,no_identity,linkerd,,,,,,,,,,,,
1615588203.729,response_latency_ms_sum,,,10.1.45.78:4191,linkerd-proxy,linkerd,,linkerd-prometheus-5bccd64d4d-jzwmt,,39,,,,,linkerd-prometheus,prometheus,linkerd,inbound,no_tls_from_remote,5bccd64d4d,503,no_identity,linkerd,,,,,,,,,,,,
1615588093.729,response_latency_ms_sum,,,10.1.45.78:4191,linkerd-proxy,linkerd,,linkerd-prometheus-5bccd64d4d-jzwmt,,13842,,,,,linkerd-prometheus,prometheus,linkerd,inbound,no_tls_from_remote,5bccd64d4d,200,no_identity,linkerd,,,,,,,,,,,,
1615588103.729,response_latency_ms_sum,,,10.1.45.78:4191,linkerd-proxy,linkerd,,linkerd-prometheus-5bccd64d4d-jzwmt,,13844,,,,,linkerd-prometheus,prometheus,linkerd,inbound,no_tls_from_remote,5bccd64d4d,200,no_identity,linkerd,,,,,,,,,,,,
1615588113.729,response_latency_ms_sum,,,10.1.45.78:4191,linkerd-proxy,linkerd,,linkerd-prometheus-5bccd64d4d-jzwmt,,13844,,,,,linkerd-prometheus,prometheus,linkerd,inbound,no_tls_from_remote,5bccd64d4d,200,no_identity,linkerd,,,,,,,,,,,,
1615588123.729,response_latency_ms_sum,,,10.1.45.78:4191,linkerd-proxy,linkerd,,linkerd-prometheus-5bccd64d4d-jzwmt,,14013,,,,,linkerd-prometheus,prometheus,linkerd,inbound,no_tls_from_remote,5bccd64d4d,200,no_identity,linkerd,,,,,,,,,,,,
1615588133.729,response_latency_ms_sum,,,10.1.45.78:4191,linkerd-proxy,linkerd,,linkerd-prometheus-5bccd64d4d-jzwmt,,14013,,,,,linkerd-prometheus,prometheus,linkerd,inbound,no_tls_from_remote,5bccd64d4d,200,no_identity,linkerd,,,,,,,,,,,,
1615588143.729,response_latency_ms_sum,,,10.1.45.78:4191,linkerd-proxy,linkerd,,linkerd-prometheus-5bccd64d4d-jzwmt,,14013,,,,,linkerd-prometheus,prometheus,linkerd,inbound,no_tls_from_remote,5bccd64d4d,200,no_identity,linkerd,,,,,,,,,,,,
1615588153.729,response_latency_ms_sum,,,10.1.45.78:4191,linkerd-proxy,linkerd,,linkerd-prometheus-5bccd64d4d-jzwmt,,14103,,,,,linkerd-prometheus,prometheus,linkerd,inbound,no_tls_from_remote,5bccd64d4d,200,no_identity,linkerd,,,,,,,,,,,,
1615588163.729,response_latency_ms_sum,,,10.1.45.78:4191,linkerd-proxy,linkerd,,linkerd-prometheus-5bccd64d4d-jzwmt,,14104,,,,,linkerd-prometheus,prometheus,linkerd,inbound,no_tls_from_remote,5bccd64d4d,200,no_identity,linkerd,,,,,,,,,,,,
1615588173.729,response_latency_ms_sum,,,10.1.45.78:4191,linkerd-proxy,linkerd,,linkerd-prometheus-5bccd64d4d-jzwmt,,14106,,,,,linkerd-prometheus,prometheus,linkerd,inbound,no_tls_from_remote,5bccd64d4d,200,no_identity,linkerd,,,,,,,,,,,,
1615588183.729,response_latency_ms_sum,,,10.1.45.78:4191,linkerd-proxy,linkerd,,linkerd-prometheus-5bccd64d4d-jzwmt,,14269,,,,,linkerd-prometheus,prometheus,linkerd,inbound,no_tls_from_remote,5bccd64d4d,200,no_identity,linkerd,,,,,,,,,,,,
1615588193.731,response_latency_ms_sum,,,10.1.45.78:4191,linkerd-proxy,linkerd,,linkerd-prometheus-5bccd64d4d-jzwmt,,14272,,,,,linkerd-prometheus,prometheus,linkerd,inbound,no_tls_from_remote,5bccd64d4d,200,no_identity,linkerd,,,,,,,,,,,,
1615588203.729,response_latency_ms_sum,,,10.1.45.78:4191,linkerd-proxy,linkerd,,linkerd-prometheus-5bccd64d4d-jzwmt,,14272,,,,,linkerd-prometheus,prometheus,linkerd,inbound,no_tls_from_remote,5bccd64d4d,200,no_identity,linkerd,,,,,,,,,,,,
1615588093.449,response_latency_ms_sum,,,10.1.45.72:4191,linkerd-proxy,linkerd,,linkerd-identity-57f4bc9db9-gb7rk,,128,,,,,linkerd-identity,identity,linkerd,inbound,no_tls_from_remote,57f4bc9db9,200,no_identity,linkerd,,,,,,,,,,,,
1615588103.449,response_latency_ms_sum,,,10.1.45.72:4191,linkerd-proxy,linkerd,,linkerd-identity-57f4bc9db9-gb7rk,,128,,,,,linkerd-identity,identity,linkerd,inbound,no_tls_from_remote,57f4bc9db9,200,no_identity,linkerd,,,,,,,,,,,,
1615588113.449,response_latency_ms_sum,,,10.1.45.72:4191,linkerd-proxy,linkerd,,linkerd-identity-57f4bc9db9-gb7rk,,128,,,,,linkerd-identity,identity,linkerd,inbound,no_tls_from_remote,57f4bc9db9,200,no_identity,linkerd,,,,,,,,,,,,
1615588123.449,response_latency_ms_sum,,,10.1.45.72:4191,linkerd-proxy,linkerd,,linkerd-identity-57f4bc9db9-gb7rk,,128,,,,,linkerd-identity,identity,linkerd,inbound,no_tls_from_remote,57f4bc9db9,200,no_identity,linkerd,,,,,,,,,,,,
1615588133.449,response_latency_ms_sum,,,10.1.45.72:4191,linkerd-proxy,linkerd,,linkerd-identity-57f4bc9db9-gb7rk,,128,,,,,linkerd-identity,identity,linkerd,inbound,no_tls_from_remote,57f4bc9db9,200,no_identity,linkerd,,,,,,,,,,,,
1615588143.449,response_latency_ms_sum,,,10.1.45.72:4191,linkerd-proxy,linkerd,,linkerd-identity-57f4bc9db9-gb7rk,,128,,,,,linkerd-identity,identity,linkerd,inbound,no_tls_from_remote,57f4bc9db9,200,no_identity,linkerd,,,,,,,,,,,,
1615588153.449,response_latency_ms_sum,,,10.1.45.72:4191,linkerd-proxy,linkerd,,linkerd-identity-57f4bc9db9-gb7rk,,128,,,,,linkerd-identity,identity,linkerd,inbound,no_tls_from_remote,57f4bc9db9,200,no_identity,linkerd,,,,,,,,,,,,
1615588163.448,response_latency_ms_sum,,,10.1.45.72:4191,linkerd-proxy,linkerd,,linkerd-identity-57f4bc9db9-gb7rk,,128,,,,,linkerd-identity,identity,linkerd,inbound,no_tls_from_remote,57f4bc9db9,200,no_identity,linkerd,,,,,,,,,,,,
1615588173.449,response_latency_ms_sum,,,10.1.45.72:4191,linkerd-proxy,linkerd,,linkerd-identity-57f4bc9db9-gb7rk,,128,,,,,linkerd-identity,identity,linkerd,inbound,no_tls_from_remote,57f4bc9db9,200,no_identity,linkerd,,,,,,,,,,,,
1615588183.449,response_latency_ms_sum,,,10.1.45.72:4191,linkerd-proxy,linkerd,,linkerd-identity-57f4bc9db9-gb7rk,,128,,,,,linkerd-identity,identity,linkerd,inbound,no_tls_from_remote,57f4bc9db9,200,no_identity,linkerd,,,,,,,,,,,,
1615588193.449,response_latency_ms_sum,,,10.1.45.72:4191,linkerd-proxy,linkerd,,linkerd-identity-57f4bc9db9-gb7rk,,128,,,,,linkerd-identity,identity,linkerd,inbound,no_tls_from_remote,57f4bc9db9,200,no_identity,linkerd,,,,,,,,,,,,
1615588203.449,response_latency_ms_sum,,,10.1.45.72:4191,linkerd-proxy,linkerd,,linkerd-identity-57f4bc9db9-gb7rk,,128,,,,,linkerd-identity,identity,linkerd,inbound,no_tls_from_remote,57f4bc9db9,200,no_identity,linkerd,,,,,,,,,,,,
1615588093.449,response_latency_ms_sum,,,10.1.45.72:4191,linkerd-proxy,linkerd,,linkerd-identity-57f4bc9db9-gb7rk,,300,,,,,linkerd-identity,identity,linkerd,inbound,no_peer_id_from_remote,57f4bc9db9,200,no_identity,linkerd,linkerd-identity-headless.linkerd.svc.cluster.local:8080,,,,,,,,,,,
1615588103.449,response_latency_ms_sum,,,10.1.45.72:4191,linkerd-proxy,linkerd,,linkerd-identity-57f4bc9db9-gb7rk,,300,,,,,linkerd-identity,identity,linkerd,inbound,no_peer_id_from_remote,57f4bc9db9,200,no_identity,linkerd,linkerd-identity-headless.linkerd.svc.cluster.local:8080,,,,,,,,,,,
1615588113.449,response_latency_ms_sum,,,10.1.45.72:4191,linkerd-proxy,linkerd,,linkerd-identity-57f4bc9db9-gb7rk,,300,,,,,linkerd-identity,identity,linkerd,inbound,no_peer_id_from_remote,57f4bc9db9,200,no_identity,linkerd,linkerd-identity-headless.linkerd.svc.cluster.local:8080,,,,,,,,,,,
1615588123.449,response_latency_ms_sum,,,10.1.45.72:4191,linkerd-proxy,linkerd,,linkerd-identity-57f4bc9db9-gb7rk,,300,,,,,linkerd-identity,identity,linkerd,inbound,no_peer_id_from_remote,57f4bc9db9,200,no_identity,linkerd,linkerd-identity-headless.linkerd.svc.cluster.local:8080,,,,,,,,,,,
1615588133.449,response_latency_ms_sum,,,10.1.45.72:4191,linkerd-proxy,linkerd,,linkerd-identity-57f4bc9db9-gb7rk,,300,,,,,linkerd-identity,identity,linkerd,inbound,no_peer_id_from_remote,57f4bc9db9,200,no_identity,linkerd,linkerd-identity-headless.linkerd.svc.cluster.local:8080,,,,,,,,,,,
1615588143.449,response_latency_ms_sum,,,10.1.45.72:4191,linkerd-proxy,linkerd,,linkerd-identity-57f4bc9db9-gb7rk,,300,,,,,linkerd-identity,identity,linkerd,inbound,no_peer_id_from_remote,57f4bc9db9,200,no_identity,linkerd,linkerd-identity-headless.linkerd.svc.cluster.local:8080,,,,,,,,,,,
1615588153.449,response_latency_ms_sum,,,10.1.45.72:4191,linkerd-proxy,linkerd,,linkerd-identity-57f4bc9db9-gb7rk,,300,,,,,linkerd-identity,identity,linkerd,inbound,no_peer_id_from_remote,57f4bc9db9,200,no_identity,linkerd,linkerd-identity-headless.linkerd.svc.cluster.local:8080,,,,,,,,,,,
1615588163.448,response_latency_ms_sum,,,10.1.45.72:4191,linkerd-proxy,linkerd,,linkerd-identity-57f4bc9db9-gb7rk,,300,,,,,linkerd-identity,identity,linkerd,inbound,no_peer_id_from_remote,57f4bc9db9,200,no_identity,linkerd,linkerd-identity-headless.linkerd.svc.cluster.local:8080,,,,,,,,,,,
1615588173.449,response_latency_ms_sum,,,10.1.45.72:4191,linkerd-proxy,linkerd,,linkerd-identity-57f4bc9db9-gb7rk,,300,,,,,linkerd-identity,identity,linkerd,inbound,no_peer_id_from_remote,57f4bc9db9,200,no_identity,linkerd,linkerd-identity-headless.linkerd.svc.cluster.local:8080,,,,,,,,,,,
1615588183.449,response_latency_ms_sum,,,10.1.45.72:4191,linkerd-proxy,linkerd,,linkerd-identity-57f4bc9db9-gb7rk,,300,,,,,linkerd-identity,identity,linkerd,inbound,no_peer_id_from_remote,57f4bc9db9,200,no_identity,linkerd,linkerd-identity-headless.linkerd.svc.cluster.local:8080,,,,,,,,,,,
1615588193.449,response_latency_ms_sum,,,10.1.45.72:4191,linkerd-proxy,linkerd,,linkerd-identity-57f4bc9db9-gb7rk,,300,,,,,linkerd-identity,identity,linkerd,inbound,no_peer_id_from_remote,57f4bc9db9,200,no_identity,linkerd,linkerd-identity-headless.linkerd.svc.cluster.local:8080,,,,,,,,,,,
1615588203.449,response_latency_ms_sum,,,10.1.45.72:4191,linkerd-proxy,linkerd,,linkerd-identity-57f4bc9db9-gb7rk,,300,,,,,linkerd-identity,identity,linkerd,inbound,no_peer_id_from_remote,57f4bc9db9,200,no_identity,linkerd,linkerd-identity-headless.linkerd.svc.cluster.local:8080,,,,,,,,,,,
1615588093.461,response_latency_ms_sum,,,10.1.45.71:4191,linkerd-proxy,linkerd,,linkerd-destination-654f8848f5-4tr7b,,820,,,,,linkerd-destination,destination,linkerd,inbound,no_tls_from_remote,654f8848f5,200,no_identity,linkerd,,,,,,,,,,,,
1615588103.461,response_latency_ms_sum,,,10.1.45.71:4191,linkerd-proxy,linkerd,,linkerd-destination-654f8848f5-4tr7b,,820,,,,,linkerd-destination,destination,linkerd,inbound,no_tls_from_remote,654f8848f5,200,no_identity,linkerd,,,,,,,,,,,,
1615588113.461,response_latency_ms_sum,,,10.1.45.71:4191,linkerd-proxy,linkerd,,linkerd-destination-654f8848f5-4tr7b,,820,,,,,linkerd-destination,destination,linkerd,inbound,no_tls_from_remote,654f8848f5,200,no_identity,linkerd,,,,,,,,,,,,
1615588123.461,response_latency_ms_sum,,,10.1.45.71:4191,linkerd-proxy,linkerd,,linkerd-destination-654f8848f5-4tr7b,,820,,,,,linkerd-destination,destination,linkerd,inbound,no_tls_from_remote,654f8848f5,200,no_identity,linkerd,,,,,,,,,,,,
1615588133.461,response_latency_ms_sum,,,10.1.45.71:4191,linkerd-proxy,linkerd,,linkerd-destination-654f8848f5-4tr7b,,823,,,,,linkerd-destination,destination,linkerd,inbound,no_tls_from_remote,654f8848f5,200,no_identity,linkerd,,,,,,,,,,,,
1615588143.461,response_latency_ms_sum,,,10.1.45.71:4191,linkerd-proxy,linkerd,,linkerd-destination-654f8848f5-4tr7b,,824,,,,,linkerd-destination,destination,linkerd,inbound,no_tls_from_remote,654f8848f5,200,no_identity,linkerd,,,,,,,,,,,,
1615588153.461,response_latency_ms_sum,,,10.1.45.71:4191,linkerd-proxy,linkerd,,linkerd-destination-654f8848f5-4tr7b,,824,,,,,linkerd-destination,destination,linkerd,inbound,no_tls_from_remote,654f8848f5,200,no_identity,linkerd,,,,,,,,,,,,
1615588163.461,response_latency_ms_sum,,,10.1.45.71:4191,linkerd-proxy,linkerd,,linkerd-destination-654f8848f5-4tr7b,,828,,,,,linkerd-destination,destination,linkerd,inbound,no_tls_from_remote,654f8848f5,200,no_identity,linkerd,,,,,,,,,,,,
1615588173.461,response_latency_ms_sum,,,10.1.45.71:4191,linkerd-proxy,linkerd,,linkerd-destination-654f8848f5-4tr7b,,829,,,,,linkerd-destination,destination,linkerd,inbound,no_tls_from_remote,654f8848f5,200,no_identity,linkerd,,,,,,,,,,,,
1615588183.461,response_latency_ms_sum,,,10.1.45.71:4191,linkerd-proxy,linkerd,,linkerd-destination-654f8848f5-4tr7b,,829,,,,,linkerd-destination,destination,linkerd,inbound,no_tls_from_remote,654f8848f5,200,no_identity,linkerd,,,,,,,,,,,,
1615588193.461,response_latency_ms_sum,,,10.1.45.71:4191,linkerd-proxy,linkerd,,linkerd-destination-654f8848f5-4tr7b,,829,,,,,linkerd-destination,destination,linkerd,inbound,no_tls_from_remote,654f8848f5,200,no_identity,linkerd,,,,,,,,,,,,
1615588203.461,response_latency_ms_sum,,,10.1.45.71:4191,linkerd-proxy,linkerd,,linkerd-destination-654f8848f5-4tr7b,,830,,,,,linkerd-destination,destination,linkerd,inbound,no_tls_from_remote,654f8848f5,200,no_identity,linkerd,,,,,,,,,,,,
1615588093.461,response_latency_ms_sum,,,10.1.45.71:4191,linkerd-proxy,linkerd,,linkerd-destination-654f8848f5-4tr7b,,0,,,,,linkerd-destination,destination,linkerd,inbound,,654f8848f5,200,true,linkerd,linkerd-dst-headless.linkerd.svc.cluster.local:8086,linkerd-controller.linkerd.serviceaccount.identity.linkerd.cluster.local,,,,,,,,,,
1615588103.461,response_latency_ms_sum,,,10.1.45.71:4191,linkerd-proxy,linkerd,,linkerd-destination-654f8848f5-4tr7b,,0,,,,,linkerd-destination,destination,linkerd,inbound,,654f8848f5,200,true,linkerd,linkerd-dst-headless.linkerd.svc.cluster.local:8086,linkerd-controller.linkerd.serviceaccount.identity.linkerd.cluster.local,,,,,,,,,,
1615588113.461,response_latency_ms_sum,,,10.1.45.71:4191,linkerd-proxy,linkerd,,linkerd-destination-654f8848f5-4tr7b,,0,,,,,linkerd-destination,destination,linkerd,inbound,,654f8848f5,200,true,linkerd,linkerd-dst-headless.linkerd.svc.cluster.local:8086,linkerd-controller.linkerd.serviceaccount.identity.linkerd.cluster.local,,,,,,,,,,
1615588123.461,response_latency_ms_sum,,,10.1.45.71:4191,linkerd-proxy,linkerd,,linkerd-destination-654f8848f5-4tr7b,,0,,,,,linkerd-destination,destination,linkerd,inbound,,654f8848f5,200,true,linkerd,linkerd-dst-headless.linkerd.svc.cluster.local:8086,linkerd-controller.linkerd.serviceaccount.identity.linkerd.cluster.local,,,,,,,,,,
1615588133.461,response_latency_ms_sum,,,10.1.45.71:4191,linkerd-proxy,linkerd,,linkerd-destination-654f8848f5-4tr7b,,0,,,,,linkerd-destination,destination,linkerd,inbound,,654f8848f5,200,true,linkerd,linkerd-dst-headless.linkerd.svc.cluster.local:8086,linkerd-controller.linkerd.serviceaccount.identity.linkerd.cluster.local,,,,,,,,,,
1615588143.461,response_latency_ms_sum,,,10.1.45.71:4191,linkerd-proxy,linkerd,,linkerd-destination-654f8848f5-4tr7b,,0,,,,,linkerd-destination,destination,linkerd,inbound,,654f8848f5,200,true,linkerd,linkerd-dst-headless.linkerd.svc.cluster.local:8086,linkerd-controller.linkerd.serviceaccount.identity.linkerd.cluster.local,,,,,,,,,,
1615588153.461,response_latency_ms_sum,,,10.1.45.71:4191,linkerd-proxy,linkerd,,linkerd-destination-654f8848f5-4tr7b,,0,,,,,linkerd-destination,destination,linkerd,inbound,,654f8848f5,200,true,linkerd,linkerd-dst-headless.linkerd.svc.cluster.local:8086,linkerd-controller.linkerd.serviceaccount.identity.linkerd.cluster.local,,,,,,,,,,
1615588163.461,response_latency_ms_sum,,,10.1.45.71:4191,linkerd-proxy,linkerd,,linkerd-destination-654f8848f5-4tr7b,,0,,,,,linkerd-destination,destination,linkerd,inbound,,654f8848f5,200,true,linkerd,linkerd-dst-headless.linkerd.svc.cluster.local:8086,linkerd-controller.linkerd.serviceaccount.identity.linkerd.cluster.local,,,,,,,,,,
1615588173.461,response_latency_ms_sum,,,10.1.45.71:4191,linkerd-proxy,linkerd,,linkerd-destination-654f8848f5-4tr7b,,0,,,,,linkerd-destination,destination,linkerd,inbound,,654f8848f5,200,true,linkerd,linkerd-dst-headless.linkerd.svc.cluster.local:8086,linkerd-controller.linkerd.serviceaccount.identity.linkerd.cluster.local,,,,,,,,,,
1615588183.461,response_latency_ms_sum,,,10.1.45.71:4191,linkerd-proxy,linkerd,,linkerd-destination-654f8848f5-4tr7b,,0,,,,,linkerd-destination,destination,linkerd,inbound,,654f8848f5,200,true,linkerd,linkerd-dst-headless.linkerd.svc.cluster.local:8086,linkerd-controller.linkerd.serviceaccount.identity.linkerd.cluster.local,,,,,,,,,,
1615588193.461,response_latency_ms_sum,,,10.1.45.71:4191,linkerd-proxy,linkerd,,linkerd-destination-654f8848f5-4tr7b,,0,,,,,linkerd-destination,destination,linkerd,inbound,,654f8848f5,200,true,linkerd,linkerd-dst-headless.linkerd.svc.cluster.local:8086,linkerd-controller.linkerd.serviceaccount.identity.linkerd.cluster.local,,,,,,,,,,
1615588203.461,response_latency_ms_sum,,,10.1.45.71:4191,linkerd-proxy,linkerd,,linkerd-destination-654f8848f5-4tr7b,,0,,,,,linkerd-destination,destination,linkerd,inbound,,654f8848f5,200,true,linkerd,linkerd-dst-headless.linkerd.svc.cluster.local:8086,linkerd-controller.linkerd.serviceaccount.identity.linkerd.cluster.local,,,,,,,,,,
1615588093.461,response_latency_ms_sum,,,10.1.45.71:4191,linkerd-proxy,linkerd,,linkerd-destination-654f8848f5-4tr7b,,85,,,,,linkerd-destination,destination,linkerd,inbound,,654f8848f5,200,true,linkerd,linkerd-dst-headless.linkerd.svc.cluster.local:8086,linkerd-prometheus.linkerd.serviceaccount.identity.linkerd.cluster.local,,,,,,,,,,
1615588103.461,response_latency_ms_sum,,,10.1.45.71:4191,linkerd-proxy,linkerd,,linkerd-destination-654f8848f5-4tr7b,,85,,,,,linkerd-destination,destination,linkerd,inbound,,654f8848f5,200,true,linkerd,linkerd-dst-headless.linkerd.svc.cluster.local:8086,linkerd-prometheus.linkerd.serviceaccount.identity.linkerd.cluster.local,,,,,,,,,,
1615588113.461,response_latency_ms_sum,,,10.1.45.71:4191,linkerd-proxy,linkerd,,linkerd-destination-654f8848f5-4tr7b,,85,,,,,linkerd-destination,destination,linkerd,inbound,,654f8848f5,200,true,linkerd,linkerd-dst-headless.linkerd.svc.cluster.local:8086,linkerd-prometheus.linkerd.serviceaccount.identity.linkerd.cluster.local,,,,,,,,,,
1615588123.461,response_latency_ms_sum,,,10.1.45.71:4191,linkerd-proxy,linkerd,,linkerd-destination-654f8848f5-4tr7b,,85,,,,,linkerd-destination,destination,linkerd,inbound,,654f8848f5,200,true,linkerd,linkerd-dst-headless.linkerd.svc.cluster.local:8086,linkerd-prometheus.linkerd.serviceaccount.identity.linkerd.cluster.local,,,,,,,,,,
1615588133.461,response_latency_ms_sum,,,10.1.45.71:4191,linkerd-proxy,linkerd,,linkerd-destination-654f8848f5-4tr7b,,85,,,,,linkerd-destination,destination,linkerd,inbound,,654f8848f5,200,true,linkerd,linkerd-dst-headless.linkerd.svc.cluster.local:8086,linkerd-prometheus.linkerd.serviceaccount.identity.linkerd.cluster.local,,,,,,,,,,
1615588143.461,response_latency_ms_sum,,,10.1.45.71:4191,linkerd-proxy,linkerd,,linkerd-destination-654f8848f5-4tr7b,,85,,,,,linkerd-destination,destination,linkerd,inbound,,654f8848f5,200,true,linkerd,linkerd-dst-headless.linkerd.svc.cluster.local:8086,linkerd-prometheus.linkerd.serviceaccount.identity.linkerd.cluster.local,,,,,,,,,,
1615588153.461,response_latency_ms_sum,,,10.1.45.71:4191,linkerd-proxy,linkerd,,linkerd-destination-654f8848f5-4tr7b,,85,,,,,linkerd-destination,destination,linkerd,inbound,,654f8848f5,200,true,linkerd,linkerd-dst-headless.linkerd.svc.cluster.local:8086,linkerd-prometheus.linkerd.serviceaccount.identity.linkerd.cluster.local,,,,,,,,,,
1615588163.461,response_latency_ms_sum,,,10.1.45.71:4191,linkerd-proxy,linkerd,,linkerd-destination-654f8848f5-4tr7b,,85,,,,,linkerd-destination,destination,linkerd,inbound,,654f8848f5,200,true,linkerd,linkerd-dst-headless.linkerd.svc.cluster.local:8086,linkerd-prometheus.linkerd.serviceaccount.identity.linkerd.cluster.local,,,,,,,,,,
1615588173.461,response_latency_ms_sum,,,10.1.45.71:4191,linkerd-proxy,linkerd,,linkerd-destination-654f8848f5-4tr7b,,85,,,,,linkerd-destination,destination,linkerd,inbound,,654f8848f5,200,true,linkerd,linkerd-dst-headless.linkerd.svc.cluster.local:8086,linkerd-prometheus.linkerd.serviceaccount.identity.linkerd.cluster.local,,,,,,,,,,
1615588183.461,response_latency_ms_sum,,,10.1.45.71:4191,linkerd-proxy,linkerd,,linkerd-destination-654f8848f5-4tr7b,,85,,,,,linkerd-destination,destination,linkerd,inbound,,654f8848f5,200,true,linkerd,linkerd-dst-headless.linkerd.svc.cluster.local:8086,linkerd-prometheus.linkerd.serviceaccount.identity.linkerd.cluster.local,,,,,,,,,,
1615588193.461,response_latency_ms_sum,,,10.1.45.71:4191,linkerd-proxy,linkerd,,linkerd-destination-654f8848f5-4tr7b,,85,,,,,linkerd-destination,destination,linkerd,inbound,,654f8848f5,200,true,linkerd,linkerd-dst-headless.linkerd.svc.cluster.local:8086,linkerd-prometheus.linkerd.serviceaccount.identity.linkerd.cluster.local,,,,,,,,,,
1615588203.461,response_latency_ms_sum,,,10.1.45.71:4191,linkerd-proxy,linkerd,,linkerd-destination-654f8848f5-4tr7b,,85,,,,,linkerd-destination,destination,linkerd,inbound,,654f8848f5,200,true,linkerd,linkerd-dst-headless.linkerd.svc.cluster.local:8086,linkerd-prometheus.linkerd.serviceaccount.identity.linkerd.cluster.local,,,,,,,,,,
1615588085.539,response_latency_ms_sum,,,10.1.45.75:4191,linkerd-proxy,linkerd,,linkerd-controller-798d449c77-qk6j4,,110,,,,,linkerd-controller,controller,linkerd,inbound,no_tls_from_remote,798d449c77,200,no_identity,linkerd,,,,,,,,,,,,
1615588095.54,response_latency_ms_sum,,,10.1.45.75:4191,linkerd-proxy,linkerd,,linkerd-controller-798d449c77-qk6j4,,110,,,,,linkerd-controller,controller,linkerd,inbound,no_tls_from_remote,798d449c77,200,no_identity,linkerd,,,,,,,,,,,,
1615588105.539,response_latency_ms_sum,,,10.1.45.75:4191,linkerd-proxy,linkerd,,linkerd-controller-798d449c77-qk6j4,,110,,,,,linkerd-controller,controller,linkerd,inbound,no_tls_from_remote,798d449c77,200,no_identity,linkerd,,,,,,,,,,,,
1615588115.539,response_latency_ms_sum,,,10.1.45.75:4191,linkerd-proxy,linkerd,,linkerd-controller-798d449c77-qk6j4,,110,,,,,linkerd-controller,controller,linkerd,inbound,no_tls_from_remote,798d449c77,200,no_identity,linkerd,,,,,,,,,,,,
1615588125.54,response_latency_ms_sum,,,10.1.45.75:4191,linkerd-proxy,linkerd,,linkerd-controller-798d449c77-qk6j4,,110,,,,,linkerd-controller,controller,linkerd,inbound,no_tls_from_remote,798d449c77,200,no_identity,linkerd,,,,,,,,,,,,
1615588135.539,response_latency_ms_sum,,,10.1.45.75:4191,linkerd-proxy,linkerd,,linkerd-controller-798d449c77-qk6j4,,110,,,,,linkerd-controller,controller,linkerd,inbound,no_tls_from_remote,798d449c77,200,no_identity,linkerd,,,,,,,,,,,,
1615588145.539,response_latency_ms_sum,,,10.1.45.75:4191,linkerd-proxy,linkerd,,linkerd-controller-798d449c77-qk6j4,,110,,,,,linkerd-controller,controller,linkerd,inbound,no_tls_from_remote,798d449c77,200,no_identity,linkerd,,,,,,,,,,,,
1615588155.539,response_latency_ms_sum,,,10.1.45.75:4191,linkerd-proxy,linkerd,,linkerd-controller-798d449c77-qk6j4,,110,,,,,linkerd-controller,controller,linkerd,inbound,no_tls_from_remote,798d449c77,200,no_identity,linkerd,,,,,,,,,,,,
1615588165.539,response_latency_ms_sum,,,10.1.45.75:4191,linkerd-proxy,linkerd,,linkerd-controller-798d449c77-qk6j4,,110,,,,,linkerd-controller,controller,linkerd,inbound,no_tls_from_remote,798d449c77,200,no_identity,linkerd,,,,,,,,,,,,
1615588175.539,response_latency_ms_sum,,,10.1.45.75:4191,linkerd-proxy,linkerd,,linkerd-controller-798d449c77-qk6j4,,110,,,,,linkerd-controller,controller,linkerd,inbound,no_tls_from_remote,798d449c77,200,no_identity,linkerd,,,,,,,,,,,,
1615588185.539,response_latency_ms_sum,,,10.1.45.75:4191,linkerd-proxy,linkerd,,linkerd-controller-798d449c77-qk6j4,,110,,,,,linkerd-controller,controller,linkerd,inbound,no_tls_from_remote,798d449c77,200,no_identity,linkerd,,,,,,,,,,,,
1615588195.539,response_latency_ms_sum,,,10.1.45.75:4191,linkerd-proxy,linkerd,,linkerd-controller-798d449c77-qk6j4,,110,,,,,linkerd-controller,controller,linkerd,inbound,no_tls_from_remote,798d449c77,200,no_identity,linkerd,,,,,,,,,,,,
1615588088.362,response_latency_ms_sum,,,10.1.45.79:4191,linkerd-proxy,linkerd,,linkerd-grafana-ddd5c496f-cctr6,,80,,,,,linkerd-grafana,grafana,linkerd,inbound,no_tls_from_remote,ddd5c496f,200,no_identity,linkerd,,,,,,,,,,,,
1615588098.363,response_latency_ms_sum,,,10.1.45.79:4191,linkerd-proxy,linkerd,,linkerd-grafana-ddd5c496f-cctr6,,80,,,,,linkerd-grafana,grafana,linkerd,inbound,no_tls_from_remote,ddd5c496f,200,no_identity,linkerd,,,,,,,,,,,,
1615588108.362,response_latency_ms_sum,,,10.1.45.79:4191,linkerd-proxy,linkerd,,linkerd-grafana-ddd5c496f-cctr6,,80,,,,,linkerd-grafana,grafana,linkerd,inbound,no_tls_from_remote,ddd5c496f,200,no_identity,linkerd,,,,,,,,,,,,
1615588118.362,response_latency_ms_sum,,,10.1.45.79:4191,linkerd-proxy,linkerd,,linkerd-grafana-ddd5c496f-cctr6,,80,,,,,linkerd-grafana,grafana,linkerd,inbound,no_tls_from_remote,ddd5c496f,200,no_identity,linkerd,,,,,,,,,,,,
1615588128.362,response_latency_ms_sum,,,10.1.45.79:4191,linkerd-proxy,linkerd,,linkerd-grafana-ddd5c496f-cctr6,,81,,,,,linkerd-grafana,grafana,linkerd,inbound,no_tls_from_remote,ddd5c496f,200,no_identity,linkerd,,,,,,,,,,,,
1615588138.362,response_latency_ms_sum,,,10.1.45.79:4191,linkerd-proxy,linkerd,,linkerd-grafana-ddd5c496f-cctr6,,81,,,,,linkerd-grafana,grafana,linkerd,inbound,no_tls_from_remote,ddd5c496f,200,no_identity,linkerd,,,,,,,,,,,,
1615588148.362,response_latency_ms_sum,,,10.1.45.79:4191,linkerd-proxy,linkerd,,linkerd-grafana-ddd5c496f-cctr6,,81,,,,,linkerd-grafana,grafana,linkerd,inbound,no_tls_from_remote,ddd5c496f,200,no_identity,linkerd,,,,,,,,,,,,
1615588158.362,response_latency_ms_sum,,,10.1.45.79:4191,linkerd-proxy,linkerd,,linkerd-grafana-ddd5c496f-cctr6,,81,,,,,linkerd-grafana,grafana,linkerd,inbound,no_tls_from_remote,ddd5c496f,200,no_identity,linkerd,,,,,,,,,,,,
1615588168.363,response_latency_ms_sum,,,10.1.45.79:4191,linkerd-proxy,linkerd,,linkerd-grafana-ddd5c496f-cctr6,,81,,,,,linkerd-grafana,grafana,linkerd,inbound,no_tls_from_remote,ddd5c496f,200,no_identity,linkerd,,,,,,,,,,,,
1615588178.362,response_latency_ms_sum,,,10.1.45.79:4191,linkerd-proxy,linkerd,,linkerd-grafana-ddd5c496f-cctr6,,81,,,,,linkerd-grafana,grafana,linkerd,inbound,no_tls_from_remote,ddd5c496f,200,no_identity,linkerd,,,,,,,,,,,,
1615588188.362,response_latency_ms_sum,,,10.1.45.79:4191,linkerd-proxy,linkerd,,linkerd-grafana-ddd5c496f-cctr6,,81,,,,,linkerd-grafana,grafana,linkerd,inbound,no_tls_from_remote,ddd5c496f,200,no_identity,linkerd,,,,,,,,,,,,
1615588198.362,response_latency_ms_sum,,,10.1.45.79:4191,linkerd-proxy,linkerd,,linkerd-grafana-ddd5c496f-cctr6,,81,,,,,linkerd-grafana,grafana,linkerd,inbound,no_tls_from_remote,ddd5c496f,200,no_identity,linkerd,,,,,,,,,,,,
1615588088.362,response_latency_ms_sum,,,10.1.45.79:4191,linkerd-proxy,linkerd,,linkerd-grafana-ddd5c496f-cctr6,,516,,,,,linkerd-grafana,grafana,linkerd,inbound,,ddd5c496f,200,true,linkerd,,linkerd-prometheus.linkerd.serviceaccount.identity.linkerd.cluster.local,,,,,,,,,,
1615588098.363,response_latency_ms_sum,,,10.1.45.79:4191,linkerd-proxy,linkerd,,linkerd-grafana-ddd5c496f-cctr6,,517,,,,,linkerd-grafana,grafana,linkerd,inbound,,ddd5c496f,200,true,linkerd,,linkerd-prometheus.linkerd.serviceaccount.identity.linkerd.cluster.local,,,,,,,,,,
1615588108.362,response_latency_ms_sum,,,10.1.45.79:4191,linkerd-proxy,linkerd,,linkerd-grafana-ddd5c496f-cctr6,,520,,,,,linkerd-grafana,grafana,linkerd,inbound,,ddd5c496f,200,true,linkerd,,linkerd-prometheus.linkerd.serviceaccount.identity.linkerd.cluster.local,,,,,,,,,,
1615588118.362,response_latency_ms_sum,,,10.1.45.79:4191,linkerd-proxy,linkerd,,linkerd-grafana-ddd5c496f-cctr6,,521,,,,,linkerd-grafana,grafana,linkerd,inbound,,ddd5c496f,200,true,linkerd,,linkerd-prometheus.linkerd.serviceaccount.identity.linkerd.cluster.local,,,,,,,,,,
1615588128.362,response_latency_ms_sum,,,10.1.45.79:4191,linkerd-proxy,linkerd,,linkerd-grafana-ddd5c496f-cctr6,,522,,,,,linkerd-grafana,grafana,linkerd,inbound,,ddd5c496f,200,true,linkerd,,linkerd-prometheus.linkerd.serviceaccount.identity.linkerd.cluster.local,,,,,,,,,,
1615588138.362,response_latency_ms_sum,,,10.1.45.79:4191,linkerd-proxy,linkerd,,linkerd-grafana-ddd5c496f-cctr6,,523,,,,,linkerd-grafana,grafana,linkerd,inbound,,ddd5c496f,200,true,linkerd,,linkerd-prometheus.linkerd.serviceaccount.identity.linkerd.cluster.local,,,,,,,,,,
1615588148.362,response_latency_ms_sum,,,10.1.45.79:4191,linkerd-proxy,linkerd,,linkerd-grafana-ddd5c496f-cctr6,,524,,,,,linkerd-grafana,grafana,linkerd,inbound,,ddd5c496f,200,true,linkerd,,linkerd-prometheus.linkerd.serviceaccount.identity.linkerd.cluster.local,,,,,,,,,,
1615588158.362,response_latency_ms_sum,,,10.1.45.79:4191,linkerd-proxy,linkerd,,linkerd-grafana-ddd5c496f-cctr6,,525,,,,,linkerd-grafana,grafana,linkerd,inbound,,ddd5c496f,200,true,linkerd,,linkerd-prometheus.linkerd.serviceaccount.identity.linkerd.cluster.local,,,,,,,,,,
1615588168.363,response_latency_ms_sum,,,10.1.45.79:4191,linkerd-proxy,linkerd,,linkerd-grafana-ddd5c496f-cctr6,,540,,,,,linkerd-grafana,grafana,linkerd,inbound,,ddd5c496f,200,true,linkerd,,linkerd-prometheus.linkerd.serviceaccount.identity.linkerd.cluster.local,,,,,,,,,,
1615588178.362,response_latency_ms_sum,,,10.1.45.79:4191,linkerd-proxy,linkerd,,linkerd-grafana-ddd5c496f-cctr6,,541,,,,,linkerd-grafana,grafana,linkerd,inbound,,ddd5c496f,200,true,linkerd,,linkerd-prometheus.linkerd.serviceaccount.identity.linkerd.cluster.local,,,,,,,,,,
1615588188.362,response_latency_ms_sum,,,10.1.45.79:4191,linkerd-proxy,linkerd,,linkerd-grafana-ddd5c496f-cctr6,,542,,,,,linkerd-grafana,grafana,linkerd,inbound,,ddd5c496f,200,true,linkerd,,linkerd-prometheus.linkerd.serviceaccount.identity.linkerd.cluster.local,,,,,,,,,,
1615588198.362,response_latency_ms_sum,,,10.1.45.79:4191,linkerd-proxy,linkerd,,linkerd-grafana-ddd5c496f-cctr6,,546,,,,,linkerd-grafana,grafana,linkerd,inbound,,ddd5c496f,200,true,linkerd,,linkerd-prometheus.linkerd.serviceaccount.identity.linkerd.cluster.local,,,,,,,,,,
1615588090.963,response_latency_ms_sum,,,10.1.45.73:4191,linkerd-proxy,linkerd,,linkerd-tap-75785bb98d-dvlv2,,104,,,,,linkerd-tap,tap,linkerd,inbound,no_tls_from_remote,75785bb98d,200,no_identity,linkerd,,,,,,,,,,,,
1615588100.963,response_latency_ms_sum,,,10.1.45.73:4191,linkerd-proxy,linkerd,,linkerd-tap-75785bb98d-dvlv2,,104,,,,,linkerd-tap,tap,linkerd,inbound,no_tls_from_remote,75785bb98d,200,no_identity,linkerd,,,,,,,,,,,,
1615588110.963,response_latency_ms_sum,,,10.1.45.73:4191,linkerd-proxy,linkerd,,linkerd-tap-75785bb98d-dvlv2,,104,,,,,linkerd-tap,tap,linkerd,inbound,no_tls_from_remote,75785bb98d,200,no_identity,linkerd,,,,,,,,,,,,
1615588120.963,response_latency_ms_sum,,,10.1.45.73:4191,linkerd-proxy,linkerd,,linkerd-tap-75785bb98d-dvlv2,,104,,,,,linkerd-tap,tap,linkerd,inbound,no_tls_from_remote,75785bb98d,200,no_identity,linkerd,,,,,,,,,,,,
1615588130.963,response_latency_ms_sum,,,10.1.45.73:4191,linkerd-proxy,linkerd,,linkerd-tap-75785bb98d-dvlv2,,104,,,,,linkerd-tap,tap,linkerd,inbound,no_tls_from_remote,75785bb98d,200,no_identity,linkerd,,,,,,,,,,,,
1615588140.963,response_latency_ms_sum,,,10.1.45.73:4191,linkerd-proxy,linkerd,,linkerd-tap-75785bb98d-dvlv2,,104,,,,,linkerd-tap,tap,linkerd,inbound,no_tls_from_remote,75785bb98d,200,no_identity,linkerd,,,,,,,,,,,,
1615588150.963,response_latency_ms_sum,,,10.1.45.73:4191,linkerd-proxy,linkerd,,linkerd-tap-75785bb98d-dvlv2,,104,,,,,linkerd-tap,tap,linkerd,inbound,no_tls_from_remote,75785bb98d,200,no_identity,linkerd,,,,,,,,,,,,
1615588160.963,response_latency_ms_sum,,,10.1.45.73:4191,linkerd-proxy,linkerd,,linkerd-tap-75785bb98d-dvlv2,,104,,,,,linkerd-tap,tap,linkerd,inbound,no_tls_from_remote,75785bb98d,200,no_identity,linkerd,,,,,,,,,,,,
1615588170.963,response_latency_ms_sum,,,10.1.45.73:4191,linkerd-proxy,linkerd,,linkerd-tap-75785bb98d-dvlv2,,104,,,,,linkerd-tap,tap,linkerd,inbound,no_tls_from_remote,75785bb98d,200,no_identity,linkerd,,,,,,,,,,,,
1615588180.963,response_latency_ms_sum,,,10.1.45.73:4191,linkerd-proxy,linkerd,,linkerd-tap-75785bb98d-dvlv2,,104,,,,,linkerd-tap,tap,linkerd,inbound,no_tls_from_remote,75785bb98d,200,no_identity,linkerd,,,,,,,,,,,,
1615588190.963,response_latency_ms_sum,,,10.1.45.73:4191,linkerd-proxy,linkerd,,linkerd-tap-75785bb98d-dvlv2,,104,,,,,linkerd-tap,tap,linkerd,inbound,no_tls_from_remote,75785bb98d,200,no_identity,linkerd,,,,,,,,,,,,
1615588200.963,response_latency_ms_sum,,,10.1.45.73:4191,linkerd-proxy,linkerd,,linkerd-tap-75785bb98d-dvlv2,,104,,,,,linkerd-tap,tap,linkerd,inbound,no_tls_from_remote,75785bb98d,200,no_identity,linkerd,,,,,,,,,,,,
1615588090.963,response_latency_ms_sum,,,10.1.45.73:4191,linkerd-proxy,linkerd,,linkerd-tap-75785bb98d-dvlv2,,872,,,,,linkerd-tap,tap,linkerd,inbound,,75785bb98d,200,true,linkerd,,linkerd-prometheus.linkerd.serviceaccount.identity.linkerd.cluster.local,,,,,,,,,,
1615588100.963,response_latency_ms_sum,,,10.1.45.73:4191,linkerd-proxy,linkerd,,linkerd-tap-75785bb98d-dvlv2,,873,,,,,linkerd-tap,tap,linkerd,inbound,,75785bb98d,200,true,linkerd,,linkerd-prometheus.linkerd.serviceaccount.identity.linkerd.cluster.local,,,,,,,,,,
1615588110.963,response_latency_ms_sum,,,10.1.45.73:4191,linkerd-proxy,linkerd,,linkerd-tap-75785bb98d-dvlv2,,875,,,,,linkerd-tap,tap,linkerd,inbound,,75785bb98d,200,true,linkerd,,linkerd-prometheus.linkerd.serviceaccount.identity.linkerd.cluster.local,,,,,,,,,,
1615588120.963,response_latency_ms_sum,,,10.1.45.73:4191,linkerd-proxy,linkerd,,linkerd-tap-75785bb98d-dvlv2,,878,,,,,linkerd-tap,tap,linkerd,inbound,,75785bb98d,200,true,linkerd,,linkerd-prometheus.linkerd.serviceaccount.identity.linkerd.cluster.local,,,,,,,,,,
1615588130.963,response_latency_ms_sum,,,10.1.45.73:4191,linkerd-proxy,linkerd,,linkerd-tap-75785bb98d-dvlv2,,879,,,,,linkerd-tap,tap,linkerd,inbound,,75785bb98d,200,true,linkerd,,linkerd-prometheus.linkerd.serviceaccount.identity.linkerd.cluster.local,,,,,,,,,,
1615588140.963,response_latency_ms_sum,,,10.1.45.73:4191,linkerd-proxy,linkerd,,linkerd-tap-75785bb98d-dvlv2,,880,,,,,linkerd-tap,tap,linkerd,inbound,,75785bb98d,200,true,linkerd,,linkerd-prometheus.linkerd.serviceaccount.identity.linkerd.cluster.local,,,,,,,,,,
1615588150.963,response_latency_ms_sum,,,10.1.45.73:4191,linkerd-proxy,linkerd,,linkerd-tap-75785bb98d-dvlv2,,881,,,,,linkerd-tap,tap,linkerd,inbound,,75785bb98d,200,true,linkerd,,linkerd-prometheus.linkerd.serviceaccount.identity.linkerd.cluster.local,,,,,,,,,,
1615588160.963,response_latency_ms_sum,,,10.1.45.73:4191,linkerd-proxy,linkerd,,linkerd-tap-75785bb98d-dvlv2,,888,,,,,linkerd-tap,tap,linkerd,inbound,,75785bb98d,200,true,linkerd,,linkerd-prometheus.linkerd.serviceaccount.identity.linkerd.cluster.local,,,,,,,,,,
1615588170.963,response_latency_ms_sum,,,10.1.45.73:4191,linkerd-proxy,linkerd,,linkerd-tap-75785bb98d-dvlv2,,891,,,,,linkerd-tap,tap,linkerd,inbound,,75785bb98d,200,true,linkerd,,linkerd-prometheus.linkerd.serviceaccount.identity.linkerd.cluster.local,,,,,,,,,,
1615588180.963,response_latency_ms_sum,,,10.1.45.73:4191,linkerd-proxy,linkerd,,linkerd-tap-75785bb98d-dvlv2,,893,,,,,linkerd-tap,tap,linkerd,inbound,,75785bb98d,200,true,linkerd,,linkerd-prometheus.linkerd.serviceaccount.identity.linkerd.cluster.local,,,,,,,,,,
1615588190.963,response_latency_ms_sum,,,10.1.45.73:4191,linkerd-proxy,linkerd,,linkerd-tap-75785bb98d-dvlv2,,894,,,,,linkerd-tap,tap,linkerd,inbound,,75785bb98d,200,true,linkerd,,linkerd-prometheus.linkerd.serviceaccount.identity.linkerd.cluster.local,,,,,,,,,,
1615588200.963,response_latency_ms_sum,,,10.1.45.73:4191,linkerd-proxy,linkerd,,linkerd-tap-75785bb98d-dvlv2,,901,,,,,linkerd-tap,tap,linkerd,inbound,,75785bb98d,200,true,linkerd,,linkerd-prometheus.linkerd.serviceaccount.identity.linkerd.cluster.local,,,,,,,,,,
1615588091.127,response_latency_ms_sum,,,10.1.45.70:4191,linkerd-proxy,linkerd,,linkerd-proxy-injector-666c478cbb-z7nnc,,516,,,,,linkerd-proxy-injector,proxy-injector,linkerd,inbound,no_tls_from_remote,666c478cbb,200,no_identity,linkerd,,,,,,,,,,,,
1615588101.126,response_latency_ms_sum,,,10.1.45.70:4191,linkerd-proxy,linkerd,,linkerd-proxy-injector-666c478cbb-z7nnc,,516,,,,,linkerd-proxy-injector,proxy-injector,linkerd,inbound,no_tls_from_remote,666c478cbb,200,no_identity,linkerd,,,,,,,,,,,,
1615588111.127,response_latency_ms_sum,,,10.1.45.70:4191,linkerd-proxy,linkerd,,linkerd-proxy-injector-666c478cbb-z7nnc,,516,,,,,linkerd-proxy-injector,proxy-injector,linkerd,inbound,no_tls_from_remote,666c478cbb,200,no_identity,linkerd,,,,,,,,,,,,
1615588121.126,response_latency_ms_sum,,,10.1.45.70:4191,linkerd-proxy,linkerd,,linkerd-proxy-injector-666c478cbb-z7nnc,,516,,,,,linkerd-proxy-injector,proxy-injector,linkerd,inbound,no_tls_from_remote,666c478cbb,200,no_identity,linkerd,,,,,,,,,,,,
1615588131.126,response_latency_ms_sum,,,10.1.45.70:4191,linkerd-proxy,linkerd,,linkerd-proxy-injector-666c478cbb-z7nnc,,516,,,,,linkerd-proxy-injector,proxy-injector,linkerd,inbound,no_tls_from_remote,666c478cbb,200,no_identity,linkerd,,,,,,,,,,,,
1615588141.126,response_latency_ms_sum,,,10.1.45.70:4191,linkerd-proxy,linkerd,,linkerd-proxy-injector-666c478cbb-z7nnc,,516,,,,,linkerd-proxy-injector,proxy-injector,linkerd,inbound,no_tls_from_remote,666c478cbb,200,no_identity,linkerd,,,,,,,,,,,,
1615588151.126,response_latency_ms_sum,,,10.1.45.70:4191,linkerd-proxy,linkerd,,linkerd-proxy-injector-666c478cbb-z7nnc,,517,,,,,linkerd-proxy-injector,proxy-injector,linkerd,inbound,no_tls_from_remote,666c478cbb,200,no_identity,linkerd,,,,,,,,,,,,
1615588161.127,response_latency_ms_sum,,,10.1.45.70:4191,linkerd-proxy,linkerd,,linkerd-proxy-injector-666c478cbb-z7nnc,,517,,,,,linkerd-proxy-injector,proxy-injector,linkerd,inbound,no_tls_from_remote,666c478cbb,200,no_identity,linkerd,,,,,,,,,,,,
1615588171.127,response_latency_ms_sum,,,10.1.45.70:4191,linkerd-proxy,linkerd,,linkerd-proxy-injector-666c478cbb-z7nnc,,518,,,,,linkerd-proxy-injector,proxy-injector,linkerd,inbound,no_tls_from_remote,666c478cbb,200,no_identity,linkerd,,,,,,,,,,,,
1615588181.126,response_latency_ms_sum,,,10.1.45.70:4191,linkerd-proxy,linkerd,,linkerd-proxy-injector-666c478cbb-z7nnc,,518,,,,,linkerd-proxy-injector,proxy-injector,linkerd,inbound,no_tls_from_remote,666c478cbb,200,no_identity,linkerd,,,,,,,,,,,,
1615588191.127,response_latency_ms_sum,,,10.1.45.70:4191,linkerd-proxy,linkerd,,linkerd-proxy-injector-666c478cbb-z7nnc,,518,,,,,linkerd-proxy-injector,proxy-injector,linkerd,inbound,no_tls_from_remote,666c478cbb,200,no_identity,linkerd,,,,,,,,,,,,
1615588201.127,response_latency_ms_sum,,,10.1.45.70:4191,linkerd-proxy,linkerd,,linkerd-proxy-injector-666c478cbb-z7nnc,,519,,,,,linkerd-proxy-injector,proxy-injector,linkerd,inbound,no_tls_from_remote,666c478cbb,200,no_identity,linkerd,,,,,,,,,,,,
1615588091.127,response_latency_ms_sum,,,10.1.45.70:4191,linkerd-proxy,linkerd,,linkerd-proxy-injector-666c478cbb-z7nnc,,749,,,,,linkerd-proxy-injector,proxy-injector,linkerd,inbound,,666c478cbb,200,true,linkerd,,linkerd-prometheus.linkerd.serviceaccount.identity.linkerd.cluster.local,,,,,,,,,,
1615588101.126,response_latency_ms_sum,,,10.1.45.70:4191,linkerd-proxy,linkerd,,linkerd-proxy-injector-666c478cbb-z7nnc,,759,,,,,linkerd-proxy-injector,proxy-injector,linkerd,inbound,,666c478cbb,200,true,linkerd,,linkerd-prometheus.linkerd.serviceaccount.identity.linkerd.cluster.local,,,,,,,,,,
1615588111.127,response_latency_ms_sum,,,10.1.45.70:4191,linkerd-proxy,linkerd,,linkerd-proxy-injector-666c478cbb-z7nnc,,760,,,,,linkerd-proxy-injector,proxy-injector,linkerd,inbound,,666c478cbb,200,true,linkerd,,linkerd-prometheus.linkerd.serviceaccount.identity.linkerd.cluster.local,,,,,,,,,,
1615588121.126,response_latency_ms_sum,,,10.1.45.70:4191,linkerd-proxy,linkerd,,linkerd-proxy-injector-666c478cbb-z7nnc,,761,,,,,linkerd-proxy-injector,proxy-injector,linkerd,inbound,,666c478cbb,200,true,linkerd,,linkerd-prometheus.linkerd.serviceaccount.identity.linkerd.cluster.local,,,,,,,,,,
1615588131.126,response_latency_ms_sum,,,10.1.45.70:4191,linkerd-proxy,linkerd,,linkerd-proxy-injector-666c478cbb-z7nnc,,762,,,,,linkerd-proxy-injector,proxy-injector,linkerd,inbound,,666c478cbb,200,true,linkerd,,linkerd-prometheus.linkerd.serviceaccount.identity.linkerd.cluster.local,,,,,,,,,,
1615588141.126,response_latency_ms_sum,,,10.1.45.70:4191,linkerd-proxy,linkerd,,linkerd-proxy-injector-666c478cbb-z7nnc,,763,,,,,linkerd-proxy-injector,proxy-injector,linkerd,inbound,,666c478cbb,200,true,linkerd,,linkerd-prometheus.linkerd.serviceaccount.identity.linkerd.cluster.local,,,,,,,,,,
1615588151.126,response_latency_ms_sum,,,10.1.45.70:4191,linkerd-proxy,linkerd,,linkerd-proxy-injector-666c478cbb-z7nnc,,764,,,,,linkerd-proxy-injector,proxy-injector,linkerd,inbound,,666c478cbb,200,true,linkerd,,linkerd-prometheus.linkerd.serviceaccount.identity.linkerd.cluster.local,,,,,,,,,,
1615588161.127,response_latency_ms_sum,,,10.1.45.70:4191,linkerd-proxy,linkerd,,linkerd-proxy-injector-666c478cbb-z7nnc,,765,,,,,linkerd-proxy-injector,proxy-injector,linkerd,inbound,,666c478cbb,200,true,linkerd,,linkerd-prometheus.linkerd.serviceaccount.identity.linkerd.cluster.local,,,,,,,,,,
1615588171.127,response_latency_ms_sum,,,10.1.45.70:4191,linkerd-proxy,linkerd,,linkerd-proxy-injector-666c478cbb-z7nnc,,767,,,,,linkerd-proxy-injector,proxy-injector,linkerd,inbound,,666c478cbb,200,true,linkerd,,linkerd-prometheus.linkerd.serviceaccount.identity.linkerd.cluster.local,,,,,,,,,,
1615588181.126,response_latency_ms_sum,,,10.1.45.70:4191,linkerd-proxy,linkerd,,linkerd-proxy-injector-666c478cbb-z7nnc,,768,,,,,linkerd-proxy-injector,proxy-injector,linkerd,inbound,,666c478cbb,200,true,linkerd,,linkerd-prometheus.linkerd.serviceaccount.identity.linkerd.cluster.local,,,,,,,,,,
1615588191.127,response_latency_ms_sum,,,10.1.45.70:4191,linkerd-proxy,linkerd,,linkerd-proxy-injector-666c478cbb-z7nnc,,769,,,,,linkerd-proxy-injector,proxy-injector,linkerd,inbound,,666c478cbb,200,true,linkerd,,linkerd-prometheus.linkerd.serviceaccount.identity.linkerd.cluster.local,,,,,,,,,,
1615588201.127,response_latency_ms_sum,,,10.1.45.70:4191,linkerd-proxy,linkerd,,linkerd-proxy-injector-666c478cbb-z7nnc,,775,,,,,linkerd-proxy-injector,proxy-injector,linkerd,inbound,,666c478cbb,200,true,linkerd,,linkerd-prometheus.linkerd.serviceaccount.identity.linkerd.cluster.local,,,,,,,,,,
1615588091.149,response_latency_ms_sum,,,10.1.45.76:4191,linkerd-proxy,linkerd,,linkerd-sp-validator-77d978fbd9-zk8mm,,24,,,,,linkerd-sp-validator,sp-validator,linkerd,inbound,no_tls_from_remote,77d978fbd9,200,no_identity,linkerd,,,,,,,,,,,,
1615588101.149,response_latency_ms_sum,,,10.1.45.76:4191,linkerd-proxy,linkerd,,linkerd-sp-validator-77d978fbd9-zk8mm,,24,,,,,linkerd-sp-validator,sp-validator,linkerd,inbound,no_tls_from_remote,77d978fbd9,200,no_identity,linkerd,,,,,,,,,,,,
1615588111.148,response_latency_ms_sum,,,10.1.45.76:4191,linkerd-proxy,linkerd,,linkerd-sp-validator-77d978fbd9-zk8mm,,24,,,,,linkerd-sp-validator,sp-validator,linkerd,inbound,no_tls_from_remote,77d978fbd9,200,no_identity,linkerd,,,,,,,,,,,,
1615588121.148,response_latency_ms_sum,,,10.1.45.76:4191,linkerd-proxy,linkerd,,linkerd-sp-validator-77d978fbd9-zk8mm,,24,,,,,linkerd-sp-validator,sp-validator,linkerd,inbound,no_tls_from_remote,77d978fbd9,200,no_identity,linkerd,,,,,,,,,,,,
1615588131.148,response_latency_ms_sum,,,10.1.45.76:4191,linkerd-proxy,linkerd,,linkerd-sp-validator-77d978fbd9-zk8mm,,24,,,,,linkerd-sp-validator,sp-validator,linkerd,inbound,no_tls_from_remote,77d978fbd9,200,no_identity,linkerd,,,,,,,,,,,,
1615588141.148,response_latency_ms_sum,,,10.1.45.76:4191,linkerd-proxy,linkerd,,linkerd-sp-validator-77d978fbd9-zk8mm,,24,,,,,linkerd-sp-validator,sp-validator,linkerd,inbound,no_tls_from_remote,77d978fbd9,200,no_identity,linkerd,,,,,,,,,,,,
1615588151.148,response_latency_ms_sum,,,10.1.45.76:4191,linkerd-proxy,linkerd,,linkerd-sp-validator-77d978fbd9-zk8mm,,24,,,,,linkerd-sp-validator,sp-validator,linkerd,inbound,no_tls_from_remote,77d978fbd9,200,no_identity,linkerd,,,,,,,,,,,,
1615588161.149,response_latency_ms_sum,,,10.1.45.76:4191,linkerd-proxy,linkerd,,linkerd-sp-validator-77d978fbd9-zk8mm,,24,,,,,linkerd-sp-validator,sp-validator,linkerd,inbound,no_tls_from_remote,77d978fbd9,200,no_identity,linkerd,,,,,,,,,,,,
1615588171.148,response_latency_ms_sum,,,10.1.45.76:4191,linkerd-proxy,linkerd,,linkerd-sp-validator-77d978fbd9-zk8mm,,24,,,,,linkerd-sp-validator,sp-validator,linkerd,inbound,no_tls_from_remote,77d978fbd9,200,no_identity,linkerd,,,,,,,,,,,,
1615588181.148,response_latency_ms_sum,,,10.1.45.76:4191,linkerd-proxy,linkerd,,linkerd-sp-validator-77d978fbd9-zk8mm,,24,,,,,linkerd-sp-validator,sp-validator,linkerd,inbound,no_tls_from_remote,77d978fbd9,200,no_identity,linkerd,,,,,,,,,,,,
1615588191.149,response_latency_ms_sum,,,10.1.45.76:4191,linkerd-proxy,linkerd,,linkerd-sp-validator-77d978fbd9-zk8mm,,24,,,,,linkerd-sp-validator,sp-validator,linkerd,inbound,no_tls_from_remote,77d978fbd9,200,no_identity,linkerd,,,,,,,,,,,,
1615588201.148,response_latency_ms_sum,,,10.1.45.76:4191,linkerd-proxy,linkerd,,linkerd-sp-validator-77d978fbd9-zk8mm,,24,,,,,linkerd-sp-validator,sp-validator,linkerd,inbound,no_tls_from_remote,77d978fbd9,200,no_identity,linkerd,,,,,,,,,,,,
1615588091.149,response_latency_ms_sum,,,10.1.45.76:4191,linkerd-proxy,linkerd,,linkerd-sp-validator-77d978fbd9-zk8mm,,221,,,,,linkerd-sp-validator,sp-validator,linkerd,inbound,,77d978fbd9,200,true,linkerd,,linkerd-prometheus.linkerd.serviceaccount.identity.linkerd.cluster.local,,,,,,,,,,
1615588101.149,response_latency_ms_sum,,,10.1.45.76:4191,linkerd-proxy,linkerd,,linkerd-sp-validator-77d978fbd9-zk8mm,,221,,,,,linkerd-sp-validator,sp-validator,linkerd,inbound,,77d978fbd9,200,true,linkerd,,linkerd-prometheus.linkerd.serviceaccount.identity.linkerd.cluster.local,,,,,,,,,,
1615588111.148,response_latency_ms_sum,,,10.1.45.76:4191,linkerd-proxy,linkerd,,linkerd-sp-validator-77d978fbd9-zk8mm,,221,,,,,linkerd-sp-validator,sp-validator,linkerd,inbound,,77d978fbd9,200,true,linkerd,,linkerd-prometheus.linkerd.serviceaccount.identity.linkerd.cluster.local,,,,,,,,,,
1615588121.148,response_latency_ms_sum,,,10.1.45.76:4191,linkerd-proxy,linkerd,,linkerd-sp-validator-77d978fbd9-zk8mm,,221,,,,,linkerd-sp-validator,sp-validator,linkerd,inbound,,77d978fbd9,200,true,linkerd,,linkerd-prometheus.linkerd.serviceaccount.identity.linkerd.cluster.local,,,,,,,,,,
1615588131.148,response_latency_ms_sum,,,10.1.45.76:4191,linkerd-proxy,linkerd,,linkerd-sp-validator-77d978fbd9-zk8mm,,221,,,,,linkerd-sp-validator,sp-validator,linkerd,inbound,,77d978fbd9,200,true,linkerd,,linkerd-prometheus.linkerd.serviceaccount.identity.linkerd.cluster.local,,,,,,,,,,
1615588141.148,response_latency_ms_sum,,,10.1.45.76:4191,linkerd-proxy,linkerd,,linkerd-sp-validator-77d978fbd9-zk8mm,,221,,,,,linkerd-sp-validator,sp-validator,linkerd,inbound,,77d978fbd9,200,true,linkerd,,linkerd-prometheus.linkerd.serviceaccount.identity.linkerd.cluster.local,,,,,,,,,,
1615588151.148,response_latency_ms_sum,,,10.1.45.76:4191,linkerd-proxy,linkerd,,linkerd-sp-validator-77d978fbd9-zk8mm,,222,,,,,linkerd-sp-validator,sp-validator,linkerd,inbound,,77d978fbd9,200,true,linkerd,,linkerd-prometheus.linkerd.serviceaccount.identity.linkerd.cluster.local,,,,,,,,,,
1615588161.149,response_latency_ms_sum,,,10.1.45.76:4191,linkerd-proxy,linkerd,,linkerd-sp-validator-77d978fbd9-zk8mm,,223,,,,,linkerd-sp-validator,sp-validator,linkerd,inbound,,77d978fbd9,200,true,linkerd,,linkerd-prometheus.linkerd.serviceaccount.identity.linkerd.cluster.local,,,,,,,,,,
1615588171.148,response_latency_ms_sum,,,10.1.45.76:4191,linkerd-proxy,linkerd,,linkerd-sp-validator-77d978fbd9-zk8mm,,224,,,,,linkerd-sp-validator,sp-validator,linkerd,inbound,,77d978fbd9,200,true,linkerd,,linkerd-prometheus.linkerd.serviceaccount.identity.linkerd.cluster.local,,,,,,,,,,
1615588181.148,response_latency_ms_sum,,,10.1.45.76:4191,linkerd-proxy,linkerd,,linkerd-sp-validator-77d978fbd9-zk8mm,,225,,,,,linkerd-sp-validator,sp-validator,linkerd,inbound,,77d978fbd9,200,true,linkerd,,linkerd-prometheus.linkerd.serviceaccount.identity.linkerd.cluster.local,,,,,,,,,,
1615588191.149,response_latency_ms_sum,,,10.1.45.76:4191,linkerd-proxy,linkerd,,linkerd-sp-validator-77d978fbd9-zk8mm,,226,,,,,linkerd-sp-validator,sp-validator,linkerd,inbound,,77d978fbd9,200,true,linkerd,,linkerd-prometheus.linkerd.serviceaccount.identity.linkerd.cluster.local,,,,,,,,,,
1615588201.148,response_latency_ms_sum,,,10.1.45.76:4191,linkerd-proxy,linkerd,,linkerd-sp-validator-77d978fbd9-zk8mm,,227,,,,,linkerd-sp-validator,sp-validator,linkerd,inbound,,77d978fbd9,200,true,linkerd,,linkerd-prometheus.linkerd.serviceaccount.identity.linkerd.cluster.local,,,,,,,,,,
1615588091.499,response_latency_ms_sum,,,10.1.45.74:4191,linkerd-proxy,linkerd,,linkerd-web-b48d9c89b-49fzh,,117,,,,,linkerd-web,web,linkerd,inbound,no_tls_from_remote,b48d9c89b,200,no_identity,linkerd,,,,,,,,,,,,
1615588101.498,response_latency_ms_sum,,,10.1.45.74:4191,linkerd-proxy,linkerd,,linkerd-web-b48d9c89b-49fzh,,117,,,,,linkerd-web,web,linkerd,inbound,no_tls_from_remote,b48d9c89b,200,no_identity,linkerd,,,,,,,,,,,,
1615588111.498,response_latency_ms_sum,,,10.1.45.74:4191,linkerd-proxy,linkerd,,linkerd-web-b48d9c89b-49fzh,,117,,,,,linkerd-web,web,linkerd,inbound,no_tls_from_remote,b48d9c89b,200,no_identity,linkerd,,,,,,,,,,,,
1615588121.498,response_latency_ms_sum,,,10.1.45.74:4191,linkerd-proxy,linkerd,,linkerd-web-b48d9c89b-49fzh,,117,,,,,linkerd-web,web,linkerd,inbound,no_tls_from_remote,b48d9c89b,200,no_identity,linkerd,,,,,,,,,,,,
1615588131.499,response_latency_ms_sum,,,10.1.45.74:4191,linkerd-proxy,linkerd,,linkerd-web-b48d9c89b-49fzh,,117,,,,,linkerd-web,web,linkerd,inbound,no_tls_from_remote,b48d9c89b,200,no_identity,linkerd,,,,,,,,,,,,
1615588141.498,response_latency_ms_sum,,,10.1.45.74:4191,linkerd-proxy,linkerd,,linkerd-web-b48d9c89b-49fzh,,117,,,,,linkerd-web,web,linkerd,inbound,no_tls_from_remote,b48d9c89b,200,no_identity,linkerd,,,,,,,,,,,,
1615588151.498,response_latency_ms_sum,,,10.1.45.74:4191,linkerd-proxy,linkerd,,linkerd-web-b48d9c89b-49fzh,,117,,,,,linkerd-web,web,linkerd,inbound,no_tls_from_remote,b48d9c89b,200,no_identity,linkerd,,,,,,,,,,,,
1615588161.498,response_latency_ms_sum,,,10.1.45.74:4191,linkerd-proxy,linkerd,,linkerd-web-b48d9c89b-49fzh,,117,,,,,linkerd-web,web,linkerd,inbound,no_tls_from_remote,b48d9c89b,200,no_identity,linkerd,,,,,,,,,,,,
1615588171.499,response_latency_ms_sum,,,10.1.45.74:4191,linkerd-proxy,linkerd,,linkerd-web-b48d9c89b-49fzh,,117,,,,,linkerd-web,web,linkerd,inbound,no_tls_from_remote,b48d9c89b,200,no_identity,linkerd,,,,,,,,,,,,
1615588181.499,response_latency_ms_sum,,,10.1.45.74:4191,linkerd-proxy,linkerd,,linkerd-web-b48d9c89b-49fzh,,117,,,,,linkerd-web,web,linkerd,inbound,no_tls_from_remote,b48d9c89b,200,no_identity,linkerd,,,,,,,,,,,,
1615588191.498,response_latency_ms_sum,,,10.1.45.74:4191,linkerd-proxy,linkerd,,linkerd-web-b48d9c89b-49fzh,,117,,,,,linkerd-web,web,linkerd,inbound,no_tls_from_remote,b48d9c89b,200,no_identity,linkerd,,,,,,,,,,,,
1615588201.499,response_latency_ms_sum,,,10.1.45.74:4191,linkerd-proxy,linkerd,,linkerd-web-b48d9c89b-49fzh,,117,,,,,linkerd-web,web,linkerd,inbound,no_tls_from_remote,b48d9c89b,200,no_identity,linkerd,,,,,,,,,,,,
1615588091.499,response_latency_ms_sum,,,10.1.45.74:4191,linkerd-proxy,linkerd,,linkerd-web-b48d9c89b-49fzh,,374,,,,,linkerd-web,web,linkerd,inbound,,b48d9c89b,200,true,linkerd,,linkerd-prometheus.linkerd.serviceaccount.identity.linkerd.cluster.local,,,,,,,,,,
1615588101.498,response_latency_ms_sum,,,10.1.45.74:4191,linkerd-proxy,linkerd,,linkerd-web-b48d9c89b-49fzh,,375,,,,,linkerd-web,web,linkerd,inbound,,b48d9c89b,200,true,linkerd,,linkerd-prometheus.linkerd.serviceaccount.identity.linkerd.cluster.local,,,,,,,,,,
1615588111.498,response_latency_ms_sum,,,10.1.45.74:4191,linkerd-proxy,linkerd,,linkerd-web-b48d9c89b-49fzh,,376,,,,,linkerd-web,web,linkerd,inbound,,b48d9c89b,200,true,linkerd,,linkerd-prometheus.linkerd.serviceaccount.identity.linkerd.cluster.local,,,,,,,,,,
1615588121.498,response_latency_ms_sum,,,10.1.45.74:4191,linkerd-proxy,linkerd,,linkerd-web-b48d9c89b-49fzh,,377,,,,,linkerd-web,web,linkerd,inbound,,b48d9c89b,200,true,linkerd,,linkerd-prometheus.linkerd.serviceaccount.identity.linkerd.cluster.local,,,,,,,,,,
1615588131.499,response_latency_ms_sum,,,10.1.45.74:4191,linkerd-proxy,linkerd,,linkerd-web-b48d9c89b-49fzh,,378,,,,,linkerd-web,web,linkerd,inbound,,b48d9c89b,200,true,linkerd,,linkerd-prometheus.linkerd.serviceaccount.identity.linkerd.cluster.local,,,,,,,,,,
1615588141.498,response_latency_ms_sum,,,10.1.45.74:4191,linkerd-proxy,linkerd,,linkerd-web-b48d9c89b-49fzh,,379,,,,,linkerd-web,web,linkerd,inbound,,b48d9c89b,200,true,linkerd,,linkerd-prometheus.linkerd.serviceaccount.identity.linkerd.cluster.local,,,,,,,,,,
1615588151.498,response_latency_ms_sum,,,10.1.45.74:4191,linkerd-proxy,linkerd,,linkerd-web-b48d9c89b-49fzh,,380,,,,,linkerd-web,web,linkerd,inbound,,b48d9c89b,200,true,linkerd,,linkerd-prometheus.linkerd.serviceaccount.identity.linkerd.cluster.local,,,,,,,,,,
1615588161.498,response_latency_ms_sum,,,10.1.45.74:4191,linkerd-proxy,linkerd,,linkerd-web-b48d9c89b-49fzh,,381,,,,,linkerd-web,web,linkerd,inbound,,b48d9c89b,200,true,linkerd,,linkerd-prometheus.linkerd.serviceaccount.identity.linkerd.cluster.local,,,,,,,,,,
1615588171.499,response_latency_ms_sum,,,10.1.45.74:4191,linkerd-proxy,linkerd,,linkerd-web-b48d9c89b-49fzh,,382,,,,,linkerd-web,web,linkerd,inbound,,b48d9c89b,200,true,linkerd,,linkerd-prometheus.linkerd.serviceaccount.identity.linkerd.cluster.local,,,,,,,,,,
1615588181.499,response_latency_ms_sum,,,10.1.45.74:4191,linkerd-proxy,linkerd,,linkerd-web-b48d9c89b-49fzh,,383,,,,,linkerd-web,web,linkerd,inbound,,b48d9c89b,200,true,linkerd,,linkerd-prometheus.linkerd.serviceaccount.identity.linkerd.cluster.local,,,,,,,,,,
1615588191.498,response_latency_ms_sum,,,10.1.45.74:4191,linkerd-proxy,linkerd,,linkerd-web-b48d9c89b-49fzh,,384,,,,,linkerd-web,web,linkerd,inbound,,b48d9c89b,200,true,linkerd,,linkerd-prometheus.linkerd.serviceaccount.identity.linkerd.cluster.local,,,,,,,,,,
1615588201.499,response_latency_ms_sum,,,10.1.45.74:4191,linkerd-proxy,linkerd,,linkerd-web-b48d9c89b-49fzh,,385,,,,,linkerd-web,web,linkerd,inbound,,b48d9c89b,200,true,linkerd,,linkerd-prometheus.linkerd.serviceaccount.identity.linkerd.cluster.local,,,,,,,,,,
1615588093.449,response_latency_ms_sum,,,10.1.45.72:4191,linkerd-proxy,linkerd,,linkerd-identity-57f4bc9db9-gb7rk,,402,,,,,linkerd-identity,identity,linkerd,inbound,no_peer_id_from_remote,57f4bc9db9,200,no_identity,linkerd,,,,,,,,,,,,
1615588103.449,response_latency_ms_sum,,,10.1.45.72:4191,linkerd-proxy,linkerd,,linkerd-identity-57f4bc9db9-gb7rk,,403,,,,,linkerd-identity,identity,linkerd,inbound,no_peer_id_from_remote,57f4bc9db9,200,no_identity,linkerd,,,,,,,,,,,,
1615588113.449,response_latency_ms_sum,,,10.1.45.72:4191,linkerd-proxy,linkerd,,linkerd-identity-57f4bc9db9-gb7rk,,404,,,,,linkerd-identity,identity,linkerd,inbound,no_peer_id_from_remote,57f4bc9db9,200,no_identity,linkerd,,,,,,,,,,,,
1615588123.449,response_latency_ms_sum,,,10.1.45.72:4191,linkerd-proxy,linkerd,,linkerd-identity-57f4bc9db9-gb7rk,,405,,,,,linkerd-identity,identity,linkerd,inbound,no_peer_id_from_remote,57f4bc9db9,200,no_identity,linkerd,,,,,,,,,,,,
1615588133.449,response_latency_ms_sum,,,10.1.45.72:4191,linkerd-proxy,linkerd,,linkerd-identity-57f4bc9db9-gb7rk,,406,,,,,linkerd-identity,identity,linkerd,inbound,no_peer_id_from_remote,57f4bc9db9,200,no_identity,linkerd,,,,,,,,,,,,
1615588143.449,response_latency_ms_sum,,,10.1.45.72:4191,linkerd-proxy,linkerd,,linkerd-identity-57f4bc9db9-gb7rk,,407,,,,,linkerd-identity,identity,linkerd,inbound,no_peer_id_from_remote,57f4bc9db9,200,no_identity,linkerd,,,,,,,,,,,,
1615588153.449,response_latency_ms_sum,,,10.1.45.72:4191,linkerd-proxy,linkerd,,linkerd-identity-57f4bc9db9-gb7rk,,408,,,,,linkerd-identity,identity,linkerd,inbound,no_peer_id_from_remote,57f4bc9db9,200,no_identity,linkerd,,,,,,,,,,,,
1615588163.448,response_latency_ms_sum,,,10.1.45.72:4191,linkerd-proxy,linkerd,,linkerd-identity-57f4bc9db9-gb7rk,,409,,,,,linkerd-identity,identity,linkerd,inbound,no_peer_id_from_remote,57f4bc9db9,200,no_identity,linkerd,,,,,,,,,,,,
1615588173.449,response_latency_ms_sum,,,10.1.45.72:4191,linkerd-proxy,linkerd,,linkerd-identity-57f4bc9db9-gb7rk,,410,,,,,linkerd-identity,identity,linkerd,inbound,no_peer_id_from_remote,57f4bc9db9,200,no_identity,linkerd,,,,,,,,,,,,
1615588183.449,response_latency_ms_sum,,,10.1.45.72:4191,linkerd-proxy,linkerd,,linkerd-identity-57f4bc9db9-gb7rk,,411,,,,,linkerd-identity,identity,linkerd,inbound,no_peer_id_from_remote,57f4bc9db9,200,no_identity,linkerd,,,,,,,,,,,,
1615588193.449,response_latency_ms_sum,,,10.1.45.72:4191,linkerd-proxy,linkerd,,linkerd-identity-57f4bc9db9-gb7rk,,412,,,,,linkerd-identity,identity,linkerd,inbound,no_peer_id_from_remote,57f4bc9db9,200,no_identity,linkerd,,,,,,,,,,,,
1615588203.449,response_latency_ms_sum,,,10.1.45.72:4191,linkerd-proxy,linkerd,,linkerd-identity-57f4bc9db9-gb7rk,,413,,,,,linkerd-identity,identity,linkerd,inbound,no_peer_id_from_remote,57f4bc9db9,200,no_identity,linkerd,,,,,,,,,,,,
1615588093.461,response_latency_ms_sum,,,10.1.45.71:4191,linkerd-proxy,linkerd,,linkerd-destination-654f8848f5-4tr7b,,435,,,,,linkerd-destination,destination,linkerd,inbound,,654f8848f5,200,true,linkerd,,linkerd-prometheus.linkerd.serviceaccount.identity.linkerd.cluster.local,,,,,,,,,,
1615588103.461,response_latency_ms_sum,,,10.1.45.71:4191,linkerd-proxy,linkerd,,linkerd-destination-654f8848f5-4tr7b,,436,,,,,linkerd-destination,destination,linkerd,inbound,,654f8848f5,200,true,linkerd,,linkerd-prometheus.linkerd.serviceaccount.identity.linkerd.cluster.local,,,,,,,,,,
1615588113.461,response_latency_ms_sum,,,10.1.45.71:4191,linkerd-proxy,linkerd,,linkerd-destination-654f8848f5-4tr7b,,437,,,,,linkerd-destination,destination,linkerd,inbound,,654f8848f5,200,true,linkerd,,linkerd-prometheus.linkerd.serviceaccount.identity.linkerd.cluster.local,,,,,,,,,,
1615588123.461,response_latency_ms_sum,,,10.1.45.71:4191,linkerd-proxy,linkerd,,linkerd-destination-654f8848f5-4tr7b,,438,,,,,linkerd-destination,destination,linkerd,inbound,,654f8848f5,200,true,linkerd,,linkerd-prometheus.linkerd.serviceaccount.identity.linkerd.cluster.local,,,,,,,,,,
1615588133.461,response_latency_ms_sum,,,10.1.45.71:4191,linkerd-proxy,linkerd,,linkerd-destination-654f8848f5-4tr7b,,439,,,,,linkerd-destination,destination,linkerd,inbound,,654f8848f5,200,true,linkerd,,linkerd-prometheus.linkerd.serviceaccount.identity.linkerd.cluster.local,,,,,,,,,,
1615588143.461,response_latency_ms_sum,,,10.1.45.71:4191,linkerd-proxy,linkerd,,linkerd-destination-654f8848f5-4tr7b,,440,,,,,linkerd-destination,destination,linkerd,inbound,,654f8848f5,200,true,linkerd,,linkerd-prometheus.linkerd.serviceaccount.identity.linkerd.cluster.local,,,,,,,,,,
1615588153.461,response_latency_ms_sum,,,10.1.45.71:4191,linkerd-proxy,linkerd,,linkerd-destination-654f8848f5-4tr7b,,441,,,,,linkerd-destination,destination,linkerd,inbound,,654f8848f5,200,true,linkerd,,linkerd-prometheus.linkerd.serviceaccount.identity.linkerd.cluster.local,,,,,,,,,,
1615588163.461,response_latency_ms_sum,,,10.1.45.71:4191,linkerd-proxy,linkerd,,linkerd-destination-654f8848f5-4tr7b,,443,,,,,linkerd-destination,destination,linkerd,inbound,,654f8848f5,200,true,linkerd,,linkerd-prometheus.linkerd.serviceaccount.identity.linkerd.cluster.local,,,,,,,,,,
1615588173.461,response_latency_ms_sum,,,10.1.45.71:4191,linkerd-proxy,linkerd,,linkerd-destination-654f8848f5-4tr7b,,444,,,,,linkerd-destination,destination,linkerd,inbound,,654f8848f5,200,true,linkerd,,linkerd-prometheus.linkerd.serviceaccount.identity.linkerd.cluster.local,,,,,,,,,,
1615588183.461,response_latency_ms_sum,,,10.1.45.71:4191,linkerd-proxy,linkerd,,linkerd-destination-654f8848f5-4tr7b,,445,,,,,linkerd-destination,destination,linkerd,inbound,,654f8848f5,200,true,linkerd,,linkerd-prometheus.linkerd.serviceaccount.identity.linkerd.cluster.local,,,,,,,,,,
1615588193.461,response_latency_ms_sum,,,10.1.45.71:4191,linkerd-proxy,linkerd,,linkerd-destination-654f8848f5-4tr7b,,446,,,,,linkerd-destination,destination,linkerd,inbound,,654f8848f5,200,true,linkerd,,linkerd-prometheus.linkerd.serviceaccount.identity.linkerd.cluster.local,,,,,,,,,,
1615588203.461,response_latency_ms_sum,,,10.1.45.71:4191,linkerd-proxy,linkerd,,linkerd-destination-654f8848f5-4tr7b,,447,,,,,linkerd-destination,destination,linkerd,inbound,,654f8848f5,200,true,linkerd,,linkerd-prometheus.linkerd.serviceaccount.identity.linkerd.cluster.local,,,,,,,,,,
1615588093.729,response_latency_ms_sum,,,10.1.45.78:4191,linkerd-proxy,linkerd,,linkerd-prometheus-5bccd64d4d-jzwmt,,301,,,,,linkerd-prometheus,prometheus,linkerd,outbound,,5bccd64d4d,200,true,linkerd,10.1.45.72:4191,,linkerd,linkerd-identity,linkerd,linkerd-identity-57f4bc9db9-gb7rk,57f4bc9db9,linkerd-identity,linkerd-identity.linkerd.serviceaccount.identity.linkerd.cluster.local,,,
1615588103.729,response_latency_ms_sum,,,10.1.45.78:4191,linkerd-proxy,linkerd,,linkerd-prometheus-5bccd64d4d-jzwmt,,302,,,,,linkerd-prometheus,prometheus,linkerd,outbound,,5bccd64d4d,200,true,linkerd,10.1.45.72:4191,,linkerd,linkerd-identity,linkerd,linkerd-identity-57f4bc9db9-gb7rk,57f4bc9db9,linkerd-identity,linkerd-identity.linkerd.serviceaccount.identity.linkerd.cluster.local,,,
1615588113.729,response_latency_ms_sum,,,10.1.45.78:4191,linkerd-proxy,linkerd,,linkerd-prometheus-5bccd64d4d-jzwmt,,303,,,,,linkerd-prometheus,prometheus,linkerd,outbound,,5bccd64d4d,200,true,linkerd,10.1.45.72:4191,,linkerd,linkerd-identity,linkerd,linkerd-identity-57f4bc9db9-gb7rk,57f4bc9db9,linkerd-identity,linkerd-identity.linkerd.serviceaccount.identity.linkerd.cluster.local,,,
1615588123.729,response_latency_ms_sum,,,10.1.45.78:4191,linkerd-proxy,linkerd,,linkerd-prometheus-5bccd64d4d-jzwmt,,304,,,,,linkerd-prometheus,prometheus,linkerd,outbound,,5bccd64d4d,200,true,linkerd,10.1.45.72:4191,,linkerd,linkerd-identity,linkerd,linkerd-identity-57f4bc9db9-gb7rk,57f4bc9db9,linkerd-identity,linkerd-identity.linkerd.serviceaccount.identity.linkerd.cluster.local,,,
1615588133.729,response_latency_ms_sum,,,10.1.45.78:4191,linkerd-proxy,linkerd,,linkerd-prometheus-5bccd64d4d-jzwmt,,305,,,,,linkerd-prometheus,prometheus,linkerd,outbound,,5bccd64d4d,200,true,linkerd,10.1.45.72:4191,,linkerd,linkerd-identity,linkerd,linkerd-identity-57f4bc9db9-gb7rk,57f4bc9db9,linkerd-identity,linkerd-identity.linkerd.serviceaccount.identity.linkerd.cluster.local,,,
1615588143.729,response_latency_ms_sum,,,10.1.45.78:4191,linkerd-proxy,linkerd,,linkerd-prometheus-5bccd64d4d-jzwmt,,306,,,,,linkerd-prometheus,prometheus,linkerd,outbound,,5bccd64d4d,200,true,linkerd,10.1.45.72:4191,,linkerd,linkerd-identity,linkerd,linkerd-identity-57f4bc9db9-gb7rk,57f4bc9db9,linkerd-identity,linkerd-identity.linkerd.serviceaccount.identity.linkerd.cluster.local,,,
1615588153.729,response_latency_ms_sum,,,10.1.45.78:4191,linkerd-proxy,linkerd,,linkerd-prometheus-5bccd64d4d-jzwmt,,307,,,,,linkerd-prometheus,prometheus,linkerd,outbound,,5bccd64d4d,200,true,linkerd,10.1.45.72:4191,,linkerd,linkerd-identity,linkerd,linkerd-identity-57f4bc9db9-gb7rk,57f4bc9db9,linkerd-identity,linkerd-identity.linkerd.serviceaccount.identity.linkerd.cluster.local,,,
1615588163.729,response_latency_ms_sum,,,10.1.45.78:4191,linkerd-proxy,linkerd,,linkerd-prometheus-5bccd64d4d-jzwmt,,308,,,,,linkerd-prometheus,prometheus,linkerd,outbound,,5bccd64d4d,200,true,linkerd,10.1.45.72:4191,,linkerd,linkerd-identity,linkerd,linkerd-identity-57f4bc9db9-gb7rk,57f4bc9db9,linkerd-identity,linkerd-identity.linkerd.serviceaccount.identity.linkerd.cluster.local,,,
1615588173.729,response_latency_ms_sum,,,10.1.45.78:4191,linkerd-proxy,linkerd,,linkerd-prometheus-5bccd64d4d-jzwmt,,309,,,,,linkerd-prometheus,prometheus,linkerd,outbound,,5bccd64d4d,200,true,linkerd,10.1.45.72:4191,,linkerd,linkerd-identity,linkerd,linkerd-identity-57f4bc9db9-gb7rk,57f4bc9db9,linkerd-identity,linkerd-identity.linkerd.serviceaccount.identity.linkerd.cluster.local,,,
1615588183.729,response_latency_ms_sum,,,10.1.45.78:4191,linkerd-proxy,linkerd,,linkerd-prometheus-5bccd64d4d-jzwmt,,310,,,,,linkerd-prometheus,prometheus,linkerd,outbound,,5bccd64d4d,200,true,linkerd,10.1.45.72:4191,,linkerd,linkerd-identity,linkerd,linkerd-identity-57f4bc9db9-gb7rk,57f4bc9db9,linkerd-identity,linkerd-identity.linkerd.serviceaccount.identity.linkerd.cluster.local,,,
1615588193.731,response_latency_ms_sum,,,10.1.45.78:4191,linkerd-proxy,linkerd,,linkerd-prometheus-5bccd64d4d-jzwmt,,311,,,,,linkerd-prometheus,prometheus,linkerd,outbound,,5bccd64d4d,200,true,linkerd,10.1.45.72:4191,,linkerd,linkerd-identity,linkerd,linkerd-identity-57f4bc9db9-gb7rk,57f4bc9db9,linkerd-identity,linkerd-identity.linkerd.serviceaccount.identity.linkerd.cluster.local,,,
1615588203.729,response_latency_ms_sum,,,10.1.45.78:4191,linkerd-proxy,linkerd,,linkerd-prometheus-5bccd64d4d-jzwmt,,312,,,,,linkerd-prometheus,prometheus,linkerd,outbound,,5bccd64d4d,200,true,linkerd,10.1.45.72:4191,,linkerd,linkerd-identity,linkerd,linkerd-identity-57f4bc9db9-gb7rk,57f4bc9db9,linkerd-identity,linkerd-identity.linkerd.serviceaccount.identity.linkerd.cluster.local,,,
1615588093.729,response_latency_ms_sum,,,10.1.45.78:4191,linkerd-proxy,linkerd,,linkerd-prometheus-5bccd64d4d-jzwmt,,325,,,,,linkerd-prometheus,prometheus,linkerd,outbound,,5bccd64d4d,200,true,linkerd,10.1.45.71:4191,,linkerd,linkerd-destination,linkerd,linkerd-destination-654f8848f5-4tr7b,654f8848f5,linkerd-destination,linkerd-destination.linkerd.serviceaccount.identity.linkerd.cluster.local,,,
1615588103.729,response_latency_ms_sum,,,10.1.45.78:4191,linkerd-proxy,linkerd,,linkerd-prometheus-5bccd64d4d-jzwmt,,326,,,,,linkerd-prometheus,prometheus,linkerd,outbound,,5bccd64d4d,200,true,linkerd,10.1.45.71:4191,,linkerd,linkerd-destination,linkerd,linkerd-destination-654f8848f5-4tr7b,654f8848f5,linkerd-destination,linkerd-destination.linkerd.serviceaccount.identity.linkerd.cluster.local,,,
1615588113.729,response_latency_ms_sum,,,10.1.45.78:4191,linkerd-proxy,linkerd,,linkerd-prometheus-5bccd64d4d-jzwmt,,327,,,,,linkerd-prometheus,prometheus,linkerd,outbound,,5bccd64d4d,200,true,linkerd,10.1.45.71:4191,,linkerd,linkerd-destination,linkerd,linkerd-destination-654f8848f5-4tr7b,654f8848f5,linkerd-destination,linkerd-destination.linkerd.serviceaccount.identity.linkerd.cluster.local,,,
1615588123.729,response_latency_ms_sum,,,10.1.45.78:4191,linkerd-proxy,linkerd,,linkerd-prometheus-5bccd64d4d-jzwmt,,328,,,,,linkerd-prometheus,prometheus,linkerd,outbound,,5bccd64d4d,200,true,linkerd,10.1.45.71:4191,,linkerd,linkerd-destination,linkerd,linkerd-destination-654f8848f5-4tr7b,654f8848f5,linkerd-destination,linkerd-destination.linkerd.serviceaccount.identity.linkerd.cluster.local,,,
1615588133.729,response_latency_ms_sum,,,10.1.45.78:4191,linkerd-proxy,linkerd,,linkerd-prometheus-5bccd64d4d-jzwmt,,330,,,,,linkerd-prometheus,prometheus,linkerd,outbound,,5bccd64d4d,200,true,linkerd,10.1.45.71:4191,,linkerd,linkerd-destination,linkerd,linkerd-destination-654f8848f5-4tr7b,654f8848f5,linkerd-destination,linkerd-destination.linkerd.serviceaccount.identity.linkerd.cluster.local,,,
1615588143.729,response_latency_ms_sum,,,10.1.45.78:4191,linkerd-proxy,linkerd,,linkerd-prometheus-5bccd64d4d-jzwmt,,331,,,,,linkerd-prometheus,prometheus,linkerd,outbound,,5bccd64d4d,200,true,linkerd,10.1.45.71:4191,,linkerd,linkerd-destination,linkerd,linkerd-destination-654f8848f5-4tr7b,654f8848f5,linkerd-destination,linkerd-destination.linkerd.serviceaccount.identity.linkerd.cluster.local,,,
1615588153.729,response_latency_ms_sum,,,10.1.45.78:4191,linkerd-proxy,linkerd,,linkerd-prometheus-5bccd64d4d-jzwmt,,332,,,,,linkerd-prometheus,prometheus,linkerd,outbound,,5bccd64d4d,200,true,linkerd,10.1.45.71:4191,,linkerd,linkerd-destination,linkerd,linkerd-destination-654f8848f5-4tr7b,654f8848f5,linkerd-destination,linkerd-destination.linkerd.serviceaccount.identity.linkerd.cluster.local,,,
1615588163.729,response_latency_ms_sum,,,10.1.45.78:4191,linkerd-proxy,linkerd,,linkerd-prometheus-5bccd64d4d-jzwmt,,333,,,,,linkerd-prometheus,prometheus,linkerd,outbound,,5bccd64d4d,200,true,linkerd,10.1.45.71:4191,,linkerd,linkerd-destination,linkerd,linkerd-destination-654f8848f5-4tr7b,654f8848f5,linkerd-destination,linkerd-destination.linkerd.serviceaccount.identity.linkerd.cluster.local,,,
1615588173.729,response_latency_ms_sum,,,10.1.45.78:4191,linkerd-proxy,linkerd,,linkerd-prometheus-5bccd64d4d-jzwmt,,335,,,,,linkerd-prometheus,prometheus,linkerd,outbound,,5bccd64d4d,200,true,linkerd,10.1.45.71:4191,,linkerd,linkerd-destination,linkerd,linkerd-destination-654f8848f5-4tr7b,654f8848f5,linkerd-destination,linkerd-destination.linkerd.serviceaccount.identity.linkerd.cluster.local,,,
1615588183.729,response_latency_ms_sum,,,10.1.45.78:4191,linkerd-proxy,linkerd,,linkerd-prometheus-5bccd64d4d-jzwmt,,336,,,,,linkerd-prometheus,prometheus,linkerd,outbound,,5bccd64d4d,200,true,linkerd,10.1.45.71:4191,,linkerd,linkerd-destination,linkerd,linkerd-destination-654f8848f5-4tr7b,654f8848f5,linkerd-destination,linkerd-destination.linkerd.serviceaccount.identity.linkerd.cluster.local,,,
1615588193.731,response_latency_ms_sum,,,10.1.45.78:4191,linkerd-proxy,linkerd,,linkerd-prometheus-5bccd64d4d-jzwmt,,337,,,,,linkerd-prometheus,prometheus,linkerd,outbound,,5bccd64d4d,200,true,linkerd,10.1.45.71:4191,,linkerd,linkerd-destination,linkerd,linkerd-destination-654f8848f5-4tr7b,654f8848f5,linkerd-destination,linkerd-destination.linkerd.serviceaccount.identity.linkerd.cluster.local,,,
1615588203.729,response_latency_ms_sum,,,10.1.45.78:4191,linkerd-proxy,linkerd,,linkerd-prometheus-5bccd64d4d-jzwmt,,338,,,,,linkerd-prometheus,prometheus,linkerd,outbound,,5bccd64d4d,200,true,linkerd,10.1.45.71:4191,,linkerd,linkerd-destination,linkerd,linkerd-destination-654f8848f5-4tr7b,654f8848f5,linkerd-destination,linkerd-destination.linkerd.serviceaccount.identity.linkerd.cluster.local,,,
1615588093.729,response_latency_ms_sum,,,10.1.45.78:4191,linkerd-proxy,linkerd,,linkerd-prometheus-5bccd64d4d-jzwmt,,638,,,,,linkerd-prometheus,prometheus,linkerd,outbound,,5bccd64d4d,200,true,linkerd,10.1.45.79:3000,,linkerd,linkerd-grafana,linkerd,linkerd-grafana-ddd5c496f-cctr6,ddd5c496f,linkerd-grafana,linkerd-grafana.linkerd.serviceaccount.identity.linkerd.cluster.local,,,
1615588103.729,response_latency_ms_sum,,,10.1.45.78:4191,linkerd-proxy,linkerd,,linkerd-prometheus-5bccd64d4d-jzwmt,,639,,,,,linkerd-prometheus,prometheus,linkerd,outbound,,5bccd64d4d,200,true,linkerd,10.1.45.79:3000,,linkerd,linkerd-grafana,linkerd,linkerd-grafana-ddd5c496f-cctr6,ddd5c496f,linkerd-grafana,linkerd-grafana.linkerd.serviceaccount.identity.linkerd.cluster.local,,,
1615588113.729,response_latency_ms_sum,,,10.1.45.78:4191,linkerd-proxy,linkerd,,linkerd-prometheus-5bccd64d4d-jzwmt,,642,,,,,linkerd-prometheus,prometheus,linkerd,outbound,,5bccd64d4d,200,true,linkerd,10.1.45.79:3000,,linkerd,linkerd-grafana,linkerd,linkerd-grafana-ddd5c496f-cctr6,ddd5c496f,linkerd-grafana,linkerd-grafana.linkerd.serviceaccount.identity.linkerd.cluster.local,,,
1615588123.729,response_latency_ms_sum,,,10.1.45.78:4191,linkerd-proxy,linkerd,,linkerd-prometheus-5bccd64d4d-jzwmt,,643,,,,,linkerd-prometheus,prometheus,linkerd,outbound,,5bccd64d4d,200,true,linkerd,10.1.45.79:3000,,linkerd,linkerd-grafana,linkerd,linkerd-grafana-ddd5c496f-cctr6,ddd5c496f,linkerd-grafana,linkerd-grafana.linkerd.serviceaccount.identity.linkerd.cluster.local,,,
1615588133.729,response_latency_ms_sum,,,10.1.45.78:4191,linkerd-proxy,linkerd,,linkerd-prometheus-5bccd64d4d-jzwmt,,644,,,,,linkerd-prometheus,prometheus,linkerd,outbound,,5bccd64d4d,200,true,linkerd,10.1.45.79:3000,,linkerd,linkerd-grafana,linkerd,linkerd-grafana-ddd5c496f-cctr6,ddd5c496f,linkerd-grafana,linkerd-grafana.linkerd.serviceaccount.identity.linkerd.cluster.local,,,
1615588143.729,response_latency_ms_sum,,,10.1.45.78:4191,linkerd-proxy,linkerd,,linkerd-prometheus-5bccd64d4d-jzwmt,,647,,,,,linkerd-prometheus,prometheus,linkerd,outbound,,5bccd64d4d,200,true,linkerd,10.1.45.79:3000,,linkerd,linkerd-grafana,linkerd,linkerd-grafana-ddd5c496f-cctr6,ddd5c496f,linkerd-grafana,linkerd-grafana.linkerd.serviceaccount.identity.linkerd.cluster.local,,,
1615588153.729,response_latency_ms_sum,,,10.1.45.78:4191,linkerd-proxy,linkerd,,linkerd-prometheus-5bccd64d4d-jzwmt,,648,,,,,linkerd-prometheus,prometheus,linkerd,outbound,,5bccd64d4d,200,true,linkerd,10.1.45.79:3000,,linkerd,linkerd-grafana,linkerd,linkerd-grafana-ddd5c496f-cctr6,ddd5c496f,linkerd-grafana,linkerd-grafana.linkerd.serviceaccount.identity.linkerd.cluster.local,,,
1615588163.729,response_latency_ms_sum,,,10.1.45.78:4191,linkerd-proxy,linkerd,,linkerd-prometheus-5bccd64d4d-jzwmt,,649,,,,,linkerd-prometheus,prometheus,linkerd,outbound,,5bccd64d4d,200,true,linkerd,10.1.45.79:3000,,linkerd,linkerd-grafana,linkerd,linkerd-grafana-ddd5c496f-cctr6,ddd5c496f,linkerd-grafana,linkerd-grafana.linkerd.serviceaccount.identity.linkerd.cluster.local,,,
1615588173.729,response_latency_ms_sum,,,10.1.45.78:4191,linkerd-proxy,linkerd,,linkerd-prometheus-5bccd64d4d-jzwmt,,665,,,,,linkerd-prometheus,prometheus,linkerd,outbound,,5bccd64d4d,200,true,linkerd,10.1.45.79:3000,,linkerd,linkerd-grafana,linkerd,linkerd-grafana-ddd5c496f-cctr6,ddd5c496f,linkerd-grafana,linkerd-grafana.linkerd.serviceaccount.identity.linkerd.cluster.local,,,
1615588183.729,response_latency_ms_sum,,,10.1.45.78:4191,linkerd-proxy,linkerd,,linkerd-prometheus-5bccd64d4d-jzwmt,,666,,,,,linkerd-prometheus,prometheus,linkerd,outbound,,5bccd64d4d,200,true,linkerd,10.1.45.79:3000,,linkerd,linkerd-grafana,linkerd,linkerd-grafana-ddd5c496f-cctr6,ddd5c496f,linkerd-grafana,linkerd-grafana.linkerd.serviceaccount.identity.linkerd.cluster.local,,,
1615588193.731,response_latency_ms_sum,,,10.1.45.78:4191,linkerd-proxy,linkerd,,linkerd-prometheus-5bccd64d4d-jzwmt,,667,,,,,linkerd-prometheus,prometheus,linkerd,outbound,,5bccd64d4d,200,true,linkerd,10.1.45.79:3000,,linkerd,linkerd-grafana,linkerd,linkerd-grafana-ddd5c496f-cctr6,ddd5c496f,linkerd-grafana,linkerd-grafana.linkerd.serviceaccount.identity.linkerd.cluster.local,,,
1615588203.729,response_latency_ms_sum,,,10.1.45.78:4191,linkerd-proxy,linkerd,,linkerd-prometheus-5bccd64d4d-jzwmt,,671,,,,,linkerd-prometheus,prometheus,linkerd,outbound,,5bccd64d4d,200,true,linkerd,10.1.45.79:3000,,linkerd,linkerd-grafana,linkerd,linkerd-grafana-ddd5c496f-cctr6,ddd5c496f,linkerd-grafana,linkerd-grafana.linkerd.serviceaccount.identity.linkerd.cluster.local,,,
1615588093.729,response_latency_ms_sum,,,10.1.45.78:4191,linkerd-proxy,linkerd,,linkerd-prometheus-5bccd64d4d-jzwmt,,911,,,,,linkerd-prometheus,prometheus,linkerd,outbound,,5bccd64d4d,200,true,linkerd,10.1.45.70:9995,,linkerd,linkerd-proxy-injector,linkerd,linkerd-proxy-injector-666c478cbb-z7nnc,666c478cbb,linkerd-proxy-injector,linkerd-proxy-injector.linkerd.serviceaccount.identity.linkerd.cluster.local,,,
1615588103.729,response_latency_ms_sum,,,10.1.45.78:4191,linkerd-proxy,linkerd,,linkerd-prometheus-5bccd64d4d-jzwmt,,921,,,,,linkerd-prometheus,prometheus,linkerd,outbound,,5bccd64d4d,200,true,linkerd,10.1.45.70:9995,,linkerd,linkerd-proxy-injector,linkerd,linkerd-proxy-injector-666c478cbb-z7nnc,666c478cbb,linkerd-proxy-injector,linkerd-proxy-injector.linkerd.serviceaccount.identity.linkerd.cluster.local,,,
1615588113.729,response_latency_ms_sum,,,10.1.45.78:4191,linkerd-proxy,linkerd,,linkerd-prometheus-5bccd64d4d-jzwmt,,923,,,,,linkerd-prometheus,prometheus,linkerd,outbound,,5bccd64d4d,200,true,linkerd,10.1.45.70:9995,,linkerd,linkerd-proxy-injector,linkerd,linkerd-proxy-injector-666c478cbb-z7nnc,666c478cbb,linkerd-proxy-injector,linkerd-proxy-injector.linkerd.serviceaccount.identity.linkerd.cluster.local,,,
1615588123.729,response_latency_ms_sum,,,10.1.45.78:4191,linkerd-proxy,linkerd,,linkerd-prometheus-5bccd64d4d-jzwmt,,924,,,,,linkerd-prometheus,prometheus,linkerd,outbound,,5bccd64d4d,200,true,linkerd,10.1.45.70:9995,,linkerd,linkerd-proxy-injector,linkerd,linkerd-proxy-injector-666c478cbb-z7nnc,666c478cbb,linkerd-proxy-injector,linkerd-proxy-injector.linkerd.serviceaccount.identity.linkerd.cluster.local,,,
1615588133.729,response_latency_ms_sum,,,10.1.45.78:4191,linkerd-proxy,linkerd,,linkerd-prometheus-5bccd64d4d-jzwmt,,925,,,,,linkerd-prometheus,prometheus,linkerd,outbound,,5bccd64d4d,200,true,linkerd,10.1.45.70:9995,,linkerd,linkerd-proxy-injector,linkerd,linkerd-proxy-injector-666c478cbb-z7nnc,666c478cbb,linkerd-proxy-injector,linkerd-proxy-injector.linkerd.serviceaccount.identity.linkerd.cluster.local,,,
1615588143.729,response_latency_ms_sum,,,10.1.45.78:4191,linkerd-proxy,linkerd,,linkerd-prometheus-5bccd64d4d-jzwmt,,926,,,,,linkerd-prometheus,prometheus,linkerd,outbound,,5bccd64d4d,200,true,linkerd,10.1.45.70:9995,,linkerd,linkerd-proxy-injector,linkerd,linkerd-proxy-injector-666c478cbb-z7nnc,666c478cbb,linkerd-proxy-injector,linkerd-proxy-injector.linkerd.serviceaccount.identity.linkerd.cluster.local,,,
1615588153.729,response_latency_ms_sum,,,10.1.45.78:4191,linkerd-proxy,linkerd,,linkerd-prometheus-5bccd64d4d-jzwmt,,927,,,,,linkerd-prometheus,prometheus,linkerd,outbound,,5bccd64d4d,200,true,linkerd,10.1.45.70:9995,,linkerd,linkerd-proxy-injector,linkerd,linkerd-proxy-injector-666c478cbb-z7nnc,666c478cbb,linkerd-proxy-injector,linkerd-proxy-injector.linkerd.serviceaccount.identity.linkerd.cluster.local,,,
1615588163.729,response_latency_ms_sum,,,10.1.45.78:4191,linkerd-proxy,linkerd,,linkerd-prometheus-5bccd64d4d-jzwmt,,929,,,,,linkerd-prometheus,prometheus,linkerd,outbound,,5bccd64d4d,200,true,linkerd,10.1.45.70:9995,,linkerd,linkerd-proxy-injector,linkerd,linkerd-proxy-injector-666c478cbb-z7nnc,666c478cbb,linkerd-proxy-injector,linkerd-proxy-injector.linkerd.serviceaccount.identity.linkerd.cluster.local,,,
1615588173.729,response_latency_ms_sum,,,10.1.45.78:4191,linkerd-proxy,linkerd,,linkerd-prometheus-5bccd64d4d-jzwmt,,932,,,,,linkerd-prometheus,prometheus,linkerd,outbound,,5bccd64d4d,200,true,linkerd,10.1.45.70:9995,,linkerd,linkerd-proxy-injector,linkerd,linkerd-proxy-injector-666c478cbb-z7nnc,666c478cbb,linkerd-proxy-injector,linkerd-proxy-injector.linkerd.serviceaccount.identity.linkerd.cluster.local,,,
1615588183.729,response_latency_ms_sum,,,10.1.45.78:4191,linkerd-proxy,linkerd,,linkerd-prometheus-5bccd64d4d-jzwmt,,935,,,,,linkerd-prometheus,prometheus,linkerd,outbound,,5bccd64d4d,200,true,linkerd,10.1.45.70:9995,,linkerd,linkerd-proxy-injector,linkerd,linkerd-proxy-injector-666c478cbb-z7nnc,666c478cbb,linkerd-proxy-injector,linkerd-proxy-injector.linkerd.serviceaccount.identity.linkerd.cluster.local,,,
1615588193.731,response_latency_ms_sum,,,10.1.45.78:4191,linkerd-proxy,linkerd,,linkerd-prometheus-5bccd64d4d-jzwmt,,937,,,,,linkerd-prometheus,prometheus,linkerd,outbound,,5bccd64d4d,200,true,linkerd,10.1.45.70:9995,,linkerd,linkerd-proxy-injector,linkerd,linkerd-proxy-injector-666c478cbb-z7nnc,666c478cbb,linkerd-proxy-injector,linkerd-proxy-injector.linkerd.serviceaccount.identity.linkerd.cluster.local,,,
1615588203.729,response_latency_ms_sum,,,10.1.45.78:4191,linkerd-proxy,linkerd,,linkerd-prometheus-5bccd64d4d-jzwmt,,944,,,,,linkerd-prometheus,prometheus,linkerd,outbound,,5bccd64d4d,200,true,linkerd,10.1.45.70:9995,,linkerd,linkerd-proxy-injector,linkerd,linkerd-proxy-injector-666c478cbb-z7nnc,666c478cbb,linkerd-proxy-injector,linkerd-proxy-injector.linkerd.serviceaccount.identity.linkerd.cluster.local,,,
1615588093.729,response_latency_ms_sum,,,10.1.45.78:4191,linkerd-proxy,linkerd,,linkerd-prometheus-5bccd64d4d-jzwmt,,440,,,,,linkerd-prometheus,prometheus,linkerd,outbound,,5bccd64d4d,200,true,linkerd,10.1.45.75:9995,,linkerd,linkerd-controller,linkerd,linkerd-controller-798d449c77-qk6j4,798d449c77,linkerd-controller,linkerd-controller.linkerd.serviceaccount.identity.linkerd.cluster.local,,,
1615588103.729,response_latency_ms_sum,,,10.1.45.78:4191,linkerd-proxy,linkerd,,linkerd-prometheus-5bccd64d4d-jzwmt,,441,,,,,linkerd-prometheus,prometheus,linkerd,outbound,,5bccd64d4d,200,true,linkerd,10.1.45.75:9995,,linkerd,linkerd-controller,linkerd,linkerd-controller-798d449c77-qk6j4,798d449c77,linkerd-controller,linkerd-controller.linkerd.serviceaccount.identity.linkerd.cluster.local,,,
1615588113.729,response_latency_ms_sum,,,10.1.45.78:4191,linkerd-proxy,linkerd,,linkerd-prometheus-5bccd64d4d-jzwmt,,442,,,,,linkerd-prometheus,prometheus,linkerd,outbound,,5bccd64d4d,200,true,linkerd,10.1.45.75:9995,,linkerd,linkerd-controller,linkerd,linkerd-controller-798d449c77-qk6j4,798d449c77,linkerd-controller,linkerd-controller.linkerd.serviceaccount.identity.linkerd.cluster.local,,,
1615588123.729,response_latency_ms_sum,,,10.1.45.78:4191,linkerd-proxy,linkerd,,linkerd-prometheus-5bccd64d4d-jzwmt,,443,,,,,linkerd-prometheus,prometheus,linkerd,outbound,,5bccd64d4d,200,true,linkerd,10.1.45.75:9995,,linkerd,linkerd-controller,linkerd,linkerd-controller-798d449c77-qk6j4,798d449c77,linkerd-controller,linkerd-controller.linkerd.serviceaccount.identity.linkerd.cluster.local,,,
1615588133.729,response_latency_ms_sum,,,10.1.45.78:4191,linkerd-proxy,linkerd,,linkerd-prometheus-5bccd64d4d-jzwmt,,444,,,,,linkerd-prometheus,prometheus,linkerd,outbound,,5bccd64d4d,200,true,linkerd,10.1.45.75:9995,,linkerd,linkerd-controller,linkerd,linkerd-controller-798d449c77-qk6j4,798d449c77,linkerd-controller,linkerd-controller.linkerd.serviceaccount.identity.linkerd.cluster.local,,,
1615588143.729,response_latency_ms_sum,,,10.1.45.78:4191,linkerd-proxy,linkerd,,linkerd-prometheus-5bccd64d4d-jzwmt,,445,,,,,linkerd-prometheus,prometheus,linkerd,outbound,,5bccd64d4d,200,true,linkerd,10.1.45.75:9995,,linkerd,linkerd-controller,linkerd,linkerd-controller-798d449c77-qk6j4,798d449c77,linkerd-controller,linkerd-controller.linkerd.serviceaccount.identity.linkerd.cluster.local,,,
1615588153.729,response_latency_ms_sum,,,10.1.45.78:4191,linkerd-proxy,linkerd,,linkerd-prometheus-5bccd64d4d-jzwmt,,446,,,,,linkerd-prometheus,prometheus,linkerd,outbound,,5bccd64d4d,200,true,linkerd,10.1.45.75:9995,,linkerd,linkerd-controller,linkerd,linkerd-controller-798d449c77-qk6j4,798d449c77,linkerd-controller,linkerd-controller.linkerd.serviceaccount.identity.linkerd.cluster.local,,,
1615588163.729,response_latency_ms_sum,,,10.1.45.78:4191,linkerd-proxy,linkerd,,linkerd-prometheus-5bccd64d4d-jzwmt,,447,,,,,linkerd-prometheus,prometheus,linkerd,outbound,,5bccd64d4d,200,true,linkerd,10.1.45.75:9995,,linkerd,linkerd-controller,linkerd,linkerd-controller-798d449c77-qk6j4,798d449c77,linkerd-controller,linkerd-controller.linkerd.serviceaccount.identity.linkerd.cluster.local,,,
1615588173.729,response_latency_ms_sum,,,10.1.45.78:4191,linkerd-proxy,linkerd,,linkerd-prometheus-5bccd64d4d-jzwmt,,448,,,,,linkerd-prometheus,prometheus,linkerd,outbound,,5bccd64d4d,200,true,linkerd,10.1.45.75:9995,,linkerd,linkerd-controller,linkerd,linkerd-controller-798d449c77-qk6j4,798d449c77,linkerd-controller,linkerd-controller.linkerd.serviceaccount.identity.linkerd.cluster.local,,,
1615588183.729,response_latency_ms_sum,,,10.1.45.78:4191,linkerd-proxy,linkerd,,linkerd-prometheus-5bccd64d4d-jzwmt,,449,,,,,linkerd-prometheus,prometheus,linkerd,outbound,,5bccd64d4d,200,true,linkerd,10.1.45.75:9995,,linkerd,linkerd-controller,linkerd,linkerd-controller-798d449c77-qk6j4,798d449c77,linkerd-controller,linkerd-controller.linkerd.serviceaccount.identity.linkerd.cluster.local,,,
1615588193.731,response_latency_ms_sum,,,10.1.45.78:4191,linkerd-proxy,linkerd,,linkerd-prometheus-5bccd64d4d-jzwmt,,450,,,,,linkerd-prometheus,prometheus,linkerd,outbound,,5bccd64d4d,200,true,linkerd,10.1.45.75:9995,,linkerd,linkerd-controller,linkerd,linkerd-controller-798d449c77-qk6j4,798d449c77,linkerd-controller,linkerd-controller.linkerd.serviceaccount.identity.linkerd.cluster.local,,,
1615588203.729,response_latency_ms_sum,,,10.1.45.78:4191,linkerd-proxy,linkerd,,linkerd-prometheus-5bccd64d4d-jzwmt,,451,,,,,linkerd-prometheus,prometheus,linkerd,outbound,,5bccd64d4d,200,true,linkerd,10.1.45.75:9995,,linkerd,linkerd-controller,linkerd,linkerd-controller-798d449c77-qk6j4,798d449c77,linkerd-controller,linkerd-controller.linkerd.serviceaccount.identity.linkerd.cluster.local,,,
1615588093.729,response_latency_ms_sum,,,10.1.45.78:4191,linkerd-proxy,linkerd,,linkerd-prometheus-5bccd64d4d-jzwmt,,271,,,,,linkerd-prometheus,prometheus,linkerd,outbound,,5bccd64d4d,200,true,linkerd,10.1.45.75:4191,,linkerd,linkerd-controller,linkerd,linkerd-controller-798d449c77-qk6j4,798d449c77,linkerd-controller,linkerd-controller.linkerd.serviceaccount.identity.linkerd.cluster.local,,,
1615588103.729,response_latency_ms_sum,,,10.1.45.78:4191,linkerd-proxy,linkerd,,linkerd-prometheus-5bccd64d4d-jzwmt,,271,,,,,linkerd-prometheus,prometheus,linkerd,outbound,,5bccd64d4d,200,true,linkerd,10.1.45.75:4191,,linkerd,linkerd-controller,linkerd,linkerd-controller-798d449c77-qk6j4,798d449c77,linkerd-controller,linkerd-controller.linkerd.serviceaccount.identity.linkerd.cluster.local,,,
1615588113.729,response_latency_ms_sum,,,10.1.45.78:4191,linkerd-proxy,linkerd,,linkerd-prometheus-5bccd64d4d-jzwmt,,271,,,,,linkerd-prometheus,prometheus,linkerd,outbound,,5bccd64d4d,200,true,linkerd,10.1.45.75:4191,,linkerd,linkerd-controller,linkerd,linkerd-controller-798d449c77-qk6j4,798d449c77,linkerd-controller,linkerd-controller.linkerd.serviceaccount.identity.linkerd.cluster.local,,,
1615588123.729,response_latency_ms_sum,,,10.1.45.78:4191,linkerd-proxy,linkerd,,linkerd-prometheus-5bccd64d4d-jzwmt,,271,,,,,linkerd-prometheus,prometheus,linkerd,outbound,,5bccd64d4d,200,true,linkerd,10.1.45.75:4191,,linkerd,linkerd-controller,linkerd,linkerd-controller-798d449c77-qk6j4,798d449c77,linkerd-controller,linkerd-controller.linkerd.serviceaccount.identity.linkerd.cluster.local,,,
1615588133.729,response_latency_ms_sum,,,10.1.45.78:4191,linkerd-proxy,linkerd,,linkerd-prometheus-5bccd64d4d-jzwmt,,271,,,,,linkerd-prometheus,prometheus,linkerd,outbound,,5bccd64d4d,200,true,linkerd,10.1.45.75:4191,,linkerd,linkerd-controller,linkerd,linkerd-controller-798d449c77-qk6j4,798d449c77,linkerd-controller,linkerd-controller.linkerd.serviceaccount.identity.linkerd.cluster.local,,,
1615588143.729,response_latency_ms_sum,,,10.1.45.78:4191,linkerd-proxy,linkerd,,linkerd-prometheus-5bccd64d4d-jzwmt,,272,,,,,linkerd-prometheus,prometheus,linkerd,outbound,,5bccd64d4d,200,true,linkerd,10.1.45.75:4191,,linkerd,linkerd-controller,linkerd,linkerd-controller-798d449c77-qk6j4,798d449c77,linkerd-controller,linkerd-controller.linkerd.serviceaccount.identity.linkerd.cluster.local,,,
1615588153.729,response_latency_ms_sum,,,10.1.45.78:4191,linkerd-proxy,linkerd,,linkerd-prometheus-5bccd64d4d-jzwmt,,273,,,,,linkerd-prometheus,prometheus,linkerd,outbound,,5bccd64d4d,200,true,linkerd,10.1.45.75:4191,,linkerd,linkerd-controller,linkerd,linkerd-controller-798d449c77-qk6j4,798d449c77,linkerd-controller,linkerd-controller.linkerd.serviceaccount.identity.linkerd.cluster.local,,,
1615588163.729,response_latency_ms_sum,,,10.1.45.78:4191,linkerd-proxy,linkerd,,linkerd-prometheus-5bccd64d4d-jzwmt,,274,,,,,linkerd-prometheus,prometheus,linkerd,outbound,,5bccd64d4d,200,true,linkerd,10.1.45.75:4191,,linkerd,linkerd-controller,linkerd,linkerd-controller-798d449c77-qk6j4,798d449c77,linkerd-controller,linkerd-controller.linkerd.serviceaccount.identity.linkerd.cluster.local,,,
1615588173.729,response_latency_ms_sum,,,10.1.45.78:4191,linkerd-proxy,linkerd,,linkerd-prometheus-5bccd64d4d-jzwmt,,275,,,,,linkerd-prometheus,prometheus,linkerd,outbound,,5bccd64d4d,200,true,linkerd,10.1.45.75:4191,,linkerd,linkerd-controller,linkerd,linkerd-controller-798d449c77-qk6j4,798d449c77,linkerd-controller,linkerd-controller.linkerd.serviceaccount.identity.linkerd.cluster.local,,,
1615588183.729,response_latency_ms_sum,,,10.1.45.78:4191,linkerd-proxy,linkerd,,linkerd-prometheus-5bccd64d4d-jzwmt,,276,,,,,linkerd-prometheus,prometheus,linkerd,outbound,,5bccd64d4d,200,true,linkerd,10.1.45.75:4191,,linkerd,linkerd-controller,linkerd,linkerd-controller-798d449c77-qk6j4,798d449c77,linkerd-controller,linkerd-controller.linkerd.serviceaccount.identity.linkerd.cluster.local,,,
1615588193.731,response_latency_ms_sum,,,10.1.45.78:4191,linkerd-proxy,linkerd,,linkerd-prometheus-5bccd64d4d-jzwmt,,277,,,,,linkerd-prometheus,prometheus,linkerd,outbound,,5bccd64d4d,200,true,linkerd,10.1.45.75:4191,,linkerd,linkerd-controller,linkerd,linkerd-controller-798d449c77-qk6j4,798d449c77,linkerd-controller,linkerd-controller.linkerd.serviceaccount.identity.linkerd.cluster.local,,,
1615588203.729,response_latency_ms_sum,,,10.1.45.78:4191,linkerd-proxy,linkerd,,linkerd-prometheus-5bccd64d4d-jzwmt,,278,,,,,linkerd-prometheus,prometheus,linkerd,outbound,,5bccd64d4d,200,true,linkerd,10.1.45.75:4191,,linkerd,linkerd-controller,linkerd,linkerd-controller-798d449c77-qk6j4,798d449c77,linkerd-controller,linkerd-controller.linkerd.serviceaccount.identity.linkerd.cluster.local,,,
1615588093.729,response_latency_ms_sum,,,10.1.45.78:4191,linkerd-proxy,linkerd,,linkerd-prometheus-5bccd64d4d-jzwmt,,560,,,,,linkerd-prometheus,prometheus,linkerd,outbound,,5bccd64d4d,200,true,linkerd,10.1.45.71:9996,,linkerd,linkerd-destination,linkerd,linkerd-destination-654f8848f5-4tr7b,654f8848f5,linkerd-destination,linkerd-destination.linkerd.serviceaccount.identity.linkerd.cluster.local,,,
1615588103.729,response_latency_ms_sum,,,10.1.45.78:4191,linkerd-proxy,linkerd,,linkerd-prometheus-5bccd64d4d-jzwmt,,561,,,,,linkerd-prometheus,prometheus,linkerd,outbound,,5bccd64d4d,200,true,linkerd,10.1.45.71:9996,,linkerd,linkerd-destination,linkerd,linkerd-destination-654f8848f5-4tr7b,654f8848f5,linkerd-destination,linkerd-destination.linkerd.serviceaccount.identity.linkerd.cluster.local,,,
1615588113.729,response_latency_ms_sum,,,10.1.45.78:4191,linkerd-proxy,linkerd,,linkerd-prometheus-5bccd64d4d-jzwmt,,562,,,,,linkerd-prometheus,prometheus,linkerd,outbound,,5bccd64d4d,200,true,linkerd,10.1.45.71:9996,,linkerd,linkerd-destination,linkerd,linkerd-destination-654f8848f5-4tr7b,654f8848f5,linkerd-destination,linkerd-destination.linkerd.serviceaccount.identity.linkerd.cluster.local,,,
1615588123.729,response_latency_ms_sum,,,10.1.45.78:4191,linkerd-proxy,linkerd,,linkerd-prometheus-5bccd64d4d-jzwmt,,563,,,,,linkerd-prometheus,prometheus,linkerd,outbound,,5bccd64d4d,200,true,linkerd,10.1.45.71:9996,,linkerd,linkerd-destination,linkerd,linkerd-destination-654f8848f5-4tr7b,654f8848f5,linkerd-destination,linkerd-destination.linkerd.serviceaccount.identity.linkerd.cluster.local,,,
1615588133.729,response_latency_ms_sum,,,10.1.45.78:4191,linkerd-proxy,linkerd,,linkerd-prometheus-5bccd64d4d-jzwmt,,564,,,,,linkerd-prometheus,prometheus,linkerd,outbound,,5bccd64d4d,200,true,linkerd,10.1.45.71:9996,,linkerd,linkerd-destination,linkerd,linkerd-destination-654f8848f5-4tr7b,654f8848f5,linkerd-destination,linkerd-destination.linkerd.serviceaccount.identity.linkerd.cluster.local,,,
1615588143.729,response_latency_ms_sum,,,10.1.45.78:4191,linkerd-proxy,linkerd,,linkerd-prometheus-5bccd64d4d-jzwmt,,565,,,,,linkerd-prometheus,prometheus,linkerd,outbound,,5bccd64d4d,200,true,linkerd,10.1.45.71:9996,,linkerd,linkerd-destination,linkerd,linkerd-destination-654f8848f5-4tr7b,654f8848f5,linkerd-destination,linkerd-destination.linkerd.serviceaccount.identity.linkerd.cluster.local,,,
1615588153.729,response_latency_ms_sum,,,10.1.45.78:4191,linkerd-proxy,linkerd,,linkerd-prometheus-5bccd64d4d-jzwmt,,566,,,,,linkerd-prometheus,prometheus,linkerd,outbound,,5bccd64d4d,200,true,linkerd,10.1.45.71:9996,,linkerd,linkerd-destination,linkerd,linkerd-destination-654f8848f5-4tr7b,654f8848f5,linkerd-destination,linkerd-destination.linkerd.serviceaccount.identity.linkerd.cluster.local,,,
1615588163.729,response_latency_ms_sum,,,10.1.45.78:4191,linkerd-proxy,linkerd,,linkerd-prometheus-5bccd64d4d-jzwmt,,568,,,,,linkerd-prometheus,prometheus,linkerd,outbound,,5bccd64d4d,200,true,linkerd,10.1.45.71:9996,,linkerd,linkerd-destination,linkerd,linkerd-destination-654f8848f5-4tr7b,654f8848f5,linkerd-destination,linkerd-destination.linkerd.serviceaccount.identity.linkerd.cluster.local,,,
1615588173.729,response_latency_ms_sum,,,10.1.45.78:4191,linkerd-proxy,linkerd,,linkerd-prometheus-5bccd64d4d-jzwmt,,570,,,,,linkerd-prometheus,prometheus,linkerd,outbound,,5bccd64d4d,200,true,linkerd,10.1.45.71:9996,,linkerd,linkerd-destination,linkerd,linkerd-destination-654f8848f5-4tr7b,654f8848f5,linkerd-destination,linkerd-destination.linkerd.serviceaccount.identity.linkerd.cluster.local,,,
1615588183.729,response_latency_ms_sum,,,10.1.45.78:4191,linkerd-proxy,linkerd,,linkerd-prometheus-5bccd64d4d-jzwmt,,571,,,,,linkerd-prometheus,prometheus,linkerd,outbound,,5bccd64d4d,200,true,linkerd,10.1.45.71:9996,,linkerd,linkerd-destination,linkerd,linkerd-destination-654f8848f5-4tr7b,654f8848f5,linkerd-destination,linkerd-destination.linkerd.serviceaccount.identity.linkerd.cluster.local,,,
1615588193.731,response_latency_ms_sum,,,10.1.45.78:4191,linkerd-proxy,linkerd,,linkerd-prometheus-5bccd64d4d-jzwmt,,573,,,,,linkerd-prometheus,prometheus,linkerd,outbound,,5bccd64d4d,200,true,linkerd,10.1.45.71:9996,,linkerd,linkerd-destination,linkerd,linkerd-destination-654f8848f5-4tr7b,654f8848f5,linkerd-destination,linkerd-destination.linkerd.serviceaccount.identity.linkerd.cluster.local,,,
1615588203.729,response_latency_ms_sum,,,10.1.45.78:4191,linkerd-proxy,linkerd,,linkerd-prometheus-5bccd64d4d-jzwmt,,574,,,,,linkerd-prometheus,prometheus,linkerd,outbound,,5bccd64d4d,200,true,linkerd,10.1.45.71:9996,,linkerd,linkerd-destination,linkerd,linkerd-destination-654f8848f5-4tr7b,654f8848f5,linkerd-destination,linkerd-destination.linkerd.serviceaccount.identity.linkerd.cluster.local,,,
1615588093.729,response_latency_ms_sum,,,10.1.45.78:4191,linkerd-proxy,linkerd,,linkerd-prometheus-5bccd64d4d-jzwmt,,175,,,,,linkerd-prometheus,prometheus,linkerd,outbound,,5bccd64d4d,200,true,linkerd,10.1.45.79:4191,,linkerd,linkerd-grafana,linkerd,linkerd-grafana-ddd5c496f-cctr6,ddd5c496f,linkerd-grafana,linkerd-grafana.linkerd.serviceaccount.identity.linkerd.cluster.local,,,
1615588103.729,response_latency_ms_sum,,,10.1.45.78:4191,linkerd-proxy,linkerd,,linkerd-prometheus-5bccd64d4d-jzwmt,,175,,,,,linkerd-prometheus,prometheus,linkerd,outbound,,5bccd64d4d,200,true,linkerd,10.1.45.79:4191,,linkerd,linkerd-grafana,linkerd,linkerd-grafana-ddd5c496f-cctr6,ddd5c496f,linkerd-grafana,linkerd-grafana.linkerd.serviceaccount.identity.linkerd.cluster.local,,,
1615588113.729,response_latency_ms_sum,,,10.1.45.78:4191,linkerd-proxy,linkerd,,linkerd-prometheus-5bccd64d4d-jzwmt,,175,,,,,linkerd-prometheus,prometheus,linkerd,outbound,,5bccd64d4d,200,true,linkerd,10.1.45.79:4191,,linkerd,linkerd-grafana,linkerd,linkerd-grafana-ddd5c496f-cctr6,ddd5c496f,linkerd-grafana,linkerd-grafana.linkerd.serviceaccount.identity.linkerd.cluster.local,,,
1615588123.729,response_latency_ms_sum,,,10.1.45.78:4191,linkerd-proxy,linkerd,,linkerd-prometheus-5bccd64d4d-jzwmt,,176,,,,,linkerd-prometheus,prometheus,linkerd,outbound,,5bccd64d4d,200,true,linkerd,10.1.45.79:4191,,linkerd,linkerd-grafana,linkerd,linkerd-grafana-ddd5c496f-cctr6,ddd5c496f,linkerd-grafana,linkerd-grafana.linkerd.serviceaccount.identity.linkerd.cluster.local,,,
1615588133.729,response_latency_ms_sum,,,10.1.45.78:4191,linkerd-proxy,linkerd,,linkerd-prometheus-5bccd64d4d-jzwmt,,176,,,,,linkerd-prometheus,prometheus,linkerd,outbound,,5bccd64d4d,200,true,linkerd,10.1.45.79:4191,,linkerd,linkerd-grafana,linkerd,linkerd-grafana-ddd5c496f-cctr6,ddd5c496f,linkerd-grafana,linkerd-grafana.linkerd.serviceaccount.identity.linkerd.cluster.local,,,
1615588143.729,response_latency_ms_sum,,,10.1.45.78:4191,linkerd-proxy,linkerd,,linkerd-prometheus-5bccd64d4d-jzwmt,,176,,,,,linkerd-prometheus,prometheus,linkerd,outbound,,5bccd64d4d,200,true,linkerd,10.1.45.79:4191,,linkerd,linkerd-grafana,linkerd,linkerd-grafana-ddd5c496f-cctr6,ddd5c496f,linkerd-grafana,linkerd-grafana.linkerd.serviceaccount.identity.linkerd.cluster.local,,,
1615588153.729,response_latency_ms_sum,,,10.1.45.78:4191,linkerd-proxy,linkerd,,linkerd-prometheus-5bccd64d4d-jzwmt,,177,,,,,linkerd-prometheus,prometheus,linkerd,outbound,,5bccd64d4d,200,true,linkerd,10.1.45.79:4191,,linkerd,linkerd-grafana,linkerd,linkerd-grafana-ddd5c496f-cctr6,ddd5c496f,linkerd-grafana,linkerd-grafana.linkerd.serviceaccount.identity.linkerd.cluster.local,,,
1615588163.729,response_latency_ms_sum,,,10.1.45.78:4191,linkerd-proxy,linkerd,,linkerd-prometheus-5bccd64d4d-jzwmt,,177,,,,,linkerd-prometheus,prometheus,linkerd,outbound,,5bccd64d4d,200,true,linkerd,10.1.45.79:4191,,linkerd,linkerd-grafana,linkerd,linkerd-grafana-ddd5c496f-cctr6,ddd5c496f,linkerd-grafana,linkerd-grafana.linkerd.serviceaccount.identity.linkerd.cluster.local,,,
1615588173.729,response_latency_ms_sum,,,10.1.45.78:4191,linkerd-proxy,linkerd,,linkerd-prometheus-5bccd64d4d-jzwmt,,177,,,,,linkerd-prometheus,prometheus,linkerd,outbound,,5bccd64d4d,200,true,linkerd,10.1.45.79:4191,,linkerd,linkerd-grafana,linkerd,linkerd-grafana-ddd5c496f-cctr6,ddd5c496f,linkerd-grafana,linkerd-grafana.linkerd.serviceaccount.identity.linkerd.cluster.local,,,
1615588183.729,response_latency_ms_sum,,,10.1.45.78:4191,linkerd-proxy,linkerd,,linkerd-prometheus-5bccd64d4d-jzwmt,,178,,,,,linkerd-prometheus,prometheus,linkerd,outbound,,5bccd64d4d,200,true,linkerd,10.1.45.79:4191,,linkerd,linkerd-grafana,linkerd,linkerd-grafana-ddd5c496f-cctr6,ddd5c496f,linkerd-grafana,linkerd-grafana.linkerd.serviceaccount.identity.linkerd.cluster.local,,,
1615588193.731,response_latency_ms_sum,,,10.1.45.78:4191,linkerd-proxy,linkerd,,linkerd-prometheus-5bccd64d4d-jzwmt,,178,,,,,linkerd-prometheus,prometheus,linkerd,outbound,,5bccd64d4d,200,true,linkerd,10.1.45.79:4191,,linkerd,linkerd-grafana,linkerd,linkerd-grafana-ddd5c496f-cctr6,ddd5c496f,linkerd-grafana,linkerd-grafana.linkerd.serviceaccount.identity.linkerd.cluster.local,,,
1615588203.729,response_latency_ms_sum,,,10.1.45.78:4191,linkerd-proxy,linkerd,,linkerd-prometheus-5bccd64d4d-jzwmt,,179,,,,,linkerd-prometheus,prometheus,linkerd,outbound,,5bccd64d4d,200,true,linkerd,10.1.45.79:4191,,linkerd,linkerd-grafana,linkerd,linkerd-grafana-ddd5c496f-cctr6,ddd5c496f,linkerd-grafana,linkerd-grafana.linkerd.serviceaccount.identity.linkerd.cluster.local,,,
1615588093.729,response_latency_ms_sum,,,10.1.45.78:4191,linkerd-proxy,linkerd,,linkerd-prometheus-5bccd64d4d-jzwmt,,513,,,,,linkerd-prometheus,prometheus,linkerd,outbound,,5bccd64d4d,200,true,linkerd,10.1.45.72:9990,,linkerd,linkerd-identity,linkerd,linkerd-identity-57f4bc9db9-gb7rk,57f4bc9db9,linkerd-identity,linkerd-identity.linkerd.serviceaccount.identity.linkerd.cluster.local,,,
1615588103.729,response_latency_ms_sum,,,10.1.45.78:4191,linkerd-proxy,linkerd,,linkerd-prometheus-5bccd64d4d-jzwmt,,514,,,,,linkerd-prometheus,prometheus,linkerd,outbound,,5bccd64d4d,200,true,linkerd,10.1.45.72:9990,,linkerd,linkerd-identity,linkerd,linkerd-identity-57f4bc9db9-gb7rk,57f4bc9db9,linkerd-identity,linkerd-identity.linkerd.serviceaccount.identity.linkerd.cluster.local,,,
1615588113.729,response_latency_ms_sum,,,10.1.45.78:4191,linkerd-proxy,linkerd,,linkerd-prometheus-5bccd64d4d-jzwmt,,515,,,,,linkerd-prometheus,prometheus,linkerd,outbound,,5bccd64d4d,200,true,linkerd,10.1.45.72:9990,,linkerd,linkerd-identity,linkerd,linkerd-identity-57f4bc9db9-gb7rk,57f4bc9db9,linkerd-identity,linkerd-identity.linkerd.serviceaccount.identity.linkerd.cluster.local,,,
1615588123.729,response_latency_ms_sum,,,10.1.45.78:4191,linkerd-proxy,linkerd,,linkerd-prometheus-5bccd64d4d-jzwmt,,516,,,,,linkerd-prometheus,prometheus,linkerd,outbound,,5bccd64d4d,200,true,linkerd,10.1.45.72:9990,,linkerd,linkerd-identity,linkerd,linkerd-identity-57f4bc9db9-gb7rk,57f4bc9db9,linkerd-identity,linkerd-identity.linkerd.serviceaccount.identity.linkerd.cluster.local,,,
1615588133.729,response_latency_ms_sum,,,10.1.45.78:4191,linkerd-proxy,linkerd,,linkerd-prometheus-5bccd64d4d-jzwmt,,517,,,,,linkerd-prometheus,prometheus,linkerd,outbound,,5bccd64d4d,200,true,linkerd,10.1.45.72:9990,,linkerd,linkerd-identity,linkerd,linkerd-identity-57f4bc9db9-gb7rk,57f4bc9db9,linkerd-identity,linkerd-identity.linkerd.serviceaccount.identity.linkerd.cluster.local,,,
1615588143.729,response_latency_ms_sum,,,10.1.45.78:4191,linkerd-proxy,linkerd,,linkerd-prometheus-5bccd64d4d-jzwmt,,518,,,,,linkerd-prometheus,prometheus,linkerd,outbound,,5bccd64d4d,200,true,linkerd,10.1.45.72:9990,,linkerd,linkerd-identity,linkerd,linkerd-identity-57f4bc9db9-gb7rk,57f4bc9db9,linkerd-identity,linkerd-identity.linkerd.serviceaccount.identity.linkerd.cluster.local,,,
1615588153.729,response_latency_ms_sum,,,10.1.45.78:4191,linkerd-proxy,linkerd,,linkerd-prometheus-5bccd64d4d-jzwmt,,519,,,,,linkerd-prometheus,prometheus,linkerd,outbound,,5bccd64d4d,200,true,linkerd,10.1.45.72:9990,,linkerd,linkerd-identity,linkerd,linkerd-identity-57f4bc9db9-gb7rk,57f4bc9db9,linkerd-identity,linkerd-identity.linkerd.serviceaccount.identity.linkerd.cluster.local,,,
1615588163.729,response_latency_ms_sum,,,10.1.45.78:4191,linkerd-proxy,linkerd,,linkerd-prometheus-5bccd64d4d-jzwmt,,520,,,,,linkerd-prometheus,prometheus,linkerd,outbound,,5bccd64d4d,200,true,linkerd,10.1.45.72:9990,,linkerd,linkerd-identity,linkerd,linkerd-identity-57f4bc9db9-gb7rk,57f4bc9db9,linkerd-identity,linkerd-identity.linkerd.serviceaccount.identity.linkerd.cluster.local,,,
1615588173.729,response_latency_ms_sum,,,10.1.45.78:4191,linkerd-proxy,linkerd,,linkerd-prometheus-5bccd64d4d-jzwmt,,521,,,,,linkerd-prometheus,prometheus,linkerd,outbound,,5bccd64d4d,200,true,linkerd,10.1.45.72:9990,,linkerd,linkerd-identity,linkerd,linkerd-identity-57f4bc9db9-gb7rk,57f4bc9db9,linkerd-identity,linkerd-identity.linkerd.serviceaccount.identity.linkerd.cluster.local,,,
1615588183.729,response_latency_ms_sum,,,10.1.45.78:4191,linkerd-proxy,linkerd,,linkerd-prometheus-5bccd64d4d-jzwmt,,522,,,,,linkerd-prometheus,prometheus,linkerd,outbound,,5bccd64d4d,200,true,linkerd,10.1.45.72:9990,,linkerd,linkerd-identity,linkerd,linkerd-identity-57f4bc9db9-gb7rk,57f4bc9db9,linkerd-identity,linkerd-identity.linkerd.serviceaccount.identity.linkerd.cluster.local,,,
1615588193.731,response_latency_ms_sum,,,10.1.45.78:4191,linkerd-proxy,linkerd,,linkerd-prometheus-5bccd64d4d-jzwmt,,523,,,,,linkerd-prometheus,prometheus,linkerd,outbound,,5bccd64d4d,200,true,linkerd,10.1.45.72:9990,,linkerd,linkerd-identity,linkerd,linkerd-identity-57f4bc9db9-gb7rk,57f4bc9db9,linkerd-identity,linkerd-identity.linkerd.serviceaccount.identity.linkerd.cluster.local,,,
1615588203.729,response_latency_ms_sum,,,10.1.45.78:4191,linkerd-proxy,linkerd,,linkerd-prometheus-5bccd64d4d-jzwmt,,524,,,,,linkerd-prometheus,prometheus,linkerd,outbound,,5bccd64d4d,200,true,linkerd,10.1.45.72:9990,,linkerd,linkerd-identity,linkerd,linkerd-identity-57f4bc9db9-gb7rk,57f4bc9db9,linkerd-identity,linkerd-identity.linkerd.serviceaccount.identity.linkerd.cluster.local,,,
1615588093.729,response_latency_ms_sum,,,10.1.45.78:4191,linkerd-proxy,linkerd,,linkerd-prometheus-5bccd64d4d-jzwmt,,373,,,,,linkerd-prometheus,prometheus,linkerd,outbound,,5bccd64d4d,200,true,linkerd,10.1.45.76:9997,,linkerd,linkerd-sp-validator,linkerd,linkerd-sp-validator-77d978fbd9-zk8mm,77d978fbd9,linkerd-sp-validator,linkerd-sp-validator.linkerd.serviceaccount.identity.linkerd.cluster.local,,,
1615588103.729,response_latency_ms_sum,,,10.1.45.78:4191,linkerd-proxy,linkerd,,linkerd-prometheus-5bccd64d4d-jzwmt,,374,,,,,linkerd-prometheus,prometheus,linkerd,outbound,,5bccd64d4d,200,true,linkerd,10.1.45.76:9997,,linkerd,linkerd-sp-validator,linkerd,linkerd-sp-validator-77d978fbd9-zk8mm,77d978fbd9,linkerd-sp-validator,linkerd-sp-validator.linkerd.serviceaccount.identity.linkerd.cluster.local,,,
1615588113.729,response_latency_ms_sum,,,10.1.45.78:4191,linkerd-proxy,linkerd,,linkerd-prometheus-5bccd64d4d-jzwmt,,375,,,,,linkerd-prometheus,prometheus,linkerd,outbound,,5bccd64d4d,200,true,linkerd,10.1.45.76:9997,,linkerd,linkerd-sp-validator,linkerd,linkerd-sp-validator-77d978fbd9-zk8mm,77d978fbd9,linkerd-sp-validator,linkerd-sp-validator.linkerd.serviceaccount.identity.linkerd.cluster.local,,,
1615588123.729,response_latency_ms_sum,,,10.1.45.78:4191,linkerd-proxy,linkerd,,linkerd-prometheus-5bccd64d4d-jzwmt,,376,,,,,linkerd-prometheus,prometheus,linkerd,outbound,,5bccd64d4d,200,true,linkerd,10.1.45.76:9997,,linkerd,linkerd-sp-validator,linkerd,linkerd-sp-validator-77d978fbd9-zk8mm,77d978fbd9,linkerd-sp-validator,linkerd-sp-validator.linkerd.serviceaccount.identity.linkerd.cluster.local,,,
1615588133.729,response_latency_ms_sum,,,10.1.45.78:4191,linkerd-proxy,linkerd,,linkerd-prometheus-5bccd64d4d-jzwmt,,377,,,,,linkerd-prometheus,prometheus,linkerd,outbound,,5bccd64d4d,200,true,linkerd,10.1.45.76:9997,,linkerd,linkerd-sp-validator,linkerd,linkerd-sp-validator-77d978fbd9-zk8mm,77d978fbd9,linkerd-sp-validator,linkerd-sp-validator.linkerd.serviceaccount.identity.linkerd.cluster.local,,,
1615588143.729,response_latency_ms_sum,,,10.1.45.78:4191,linkerd-proxy,linkerd,,linkerd-prometheus-5bccd64d4d-jzwmt,,378,,,,,linkerd-prometheus,prometheus,linkerd,outbound,,5bccd64d4d,200,true,linkerd,10.1.45.76:9997,,linkerd,linkerd-sp-validator,linkerd,linkerd-sp-validator-77d978fbd9-zk8mm,77d978fbd9,linkerd-sp-validator,linkerd-sp-validator.linkerd.serviceaccount.identity.linkerd.cluster.local,,,
1615588153.729,response_latency_ms_sum,,,10.1.45.78:4191,linkerd-proxy,linkerd,,linkerd-prometheus-5bccd64d4d-jzwmt,,379,,,,,linkerd-prometheus,prometheus,linkerd,outbound,,5bccd64d4d,200,true,linkerd,10.1.45.76:9997,,linkerd,linkerd-sp-validator,linkerd,linkerd-sp-validator-77d978fbd9-zk8mm,77d978fbd9,linkerd-sp-validator,linkerd-sp-validator.linkerd.serviceaccount.identity.linkerd.cluster.local,,,
1615588163.729,response_latency_ms_sum,,,10.1.45.78:4191,linkerd-proxy,linkerd,,linkerd-prometheus-5bccd64d4d-jzwmt,,380,,,,,linkerd-prometheus,prometheus,linkerd,outbound,,5bccd64d4d,200,true,linkerd,10.1.45.76:9997,,linkerd,linkerd-sp-validator,linkerd,linkerd-sp-validator-77d978fbd9-zk8mm,77d978fbd9,linkerd-sp-validator,linkerd-sp-validator.linkerd.serviceaccount.identity.linkerd.cluster.local,,,
1615588173.729,response_latency_ms_sum,,,10.1.45.78:4191,linkerd-proxy,linkerd,,linkerd-prometheus-5bccd64d4d-jzwmt,,381,,,,,linkerd-prometheus,prometheus,linkerd,outbound,,5bccd64d4d,200,true,linkerd,10.1.45.76:9997,,linkerd,linkerd-sp-validator,linkerd,linkerd-sp-validator-77d978fbd9-zk8mm,77d978fbd9,linkerd-sp-validator,linkerd-sp-validator.linkerd.serviceaccount.identity.linkerd.cluster.local,,,
1615588183.729,response_latency_ms_sum,,,10.1.45.78:4191,linkerd-proxy,linkerd,,linkerd-prometheus-5bccd64d4d-jzwmt,,382,,,,,linkerd-prometheus,prometheus,linkerd,outbound,,5bccd64d4d,200,true,linkerd,10.1.45.76:9997,,linkerd,linkerd-sp-validator,linkerd,linkerd-sp-validator-77d978fbd9-zk8mm,77d978fbd9,linkerd-sp-validator,linkerd-sp-validator.linkerd.serviceaccount.identity.linkerd.cluster.local,,,
1615588193.731,response_latency_ms_sum,,,10.1.45.78:4191,linkerd-proxy,linkerd,,linkerd-prometheus-5bccd64d4d-jzwmt,,383,,,,,linkerd-prometheus,prometheus,linkerd,outbound,,5bccd64d4d,200,true,linkerd,10.1.45.76:9997,,linkerd,linkerd-sp-validator,linkerd,linkerd-sp-validator-77d978fbd9-zk8mm,77d978fbd9,linkerd-sp-validator,linkerd-sp-validator.linkerd.serviceaccount.identity.linkerd.cluster.local,,,
1615588203.729,response_latency_ms_sum,,,10.1.45.78:4191,linkerd-proxy,linkerd,,linkerd-prometheus-5bccd64d4d-jzwmt,,384,,,,,linkerd-prometheus,prometheus,linkerd,outbound,,5bccd64d4d,200,true,linkerd,10.1.45.76:9997,,linkerd,linkerd-sp-validator,linkerd,linkerd-sp-validator-77d978fbd9-zk8mm,77d978fbd9,linkerd-sp-validator,linkerd-sp-validator.linkerd.serviceaccount.identity.linkerd.cluster.local,,,
1615588093.729,response_latency_ms_sum,,,10.1.45.78:4191,linkerd-proxy,linkerd,,linkerd-prometheus-5bccd64d4d-jzwmt,,1106,,,,,linkerd-prometheus,prometheus,linkerd,outbound,,5bccd64d4d,200,true,linkerd,10.1.45.73:9998,,linkerd,linkerd-tap,linkerd,linkerd-tap-75785bb98d-dvlv2,75785bb98d,linkerd-tap,linkerd-tap.linkerd.serviceaccount.identity.linkerd.cluster.local,,,
1615588103.729,response_latency_ms_sum,,,10.1.45.78:4191,linkerd-proxy,linkerd,,linkerd-prometheus-5bccd64d4d-jzwmt,,1107,,,,,linkerd-prometheus,prometheus,linkerd,outbound,,5bccd64d4d,200,true,linkerd,10.1.45.73:9998,,linkerd,linkerd-tap,linkerd,linkerd-tap-75785bb98d-dvlv2,75785bb98d,linkerd-tap,linkerd-tap.linkerd.serviceaccount.identity.linkerd.cluster.local,,,
1615588113.729,response_latency_ms_sum,,,10.1.45.78:4191,linkerd-proxy,linkerd,,linkerd-prometheus-5bccd64d4d-jzwmt,,1110,,,,,linkerd-prometheus,prometheus,linkerd,outbound,,5bccd64d4d,200,true,linkerd,10.1.45.73:9998,,linkerd,linkerd-tap,linkerd,linkerd-tap-75785bb98d-dvlv2,75785bb98d,linkerd-tap,linkerd-tap.linkerd.serviceaccount.identity.linkerd.cluster.local,,,
1615588123.729,response_latency_ms_sum,,,10.1.45.78:4191,linkerd-proxy,linkerd,,linkerd-prometheus-5bccd64d4d-jzwmt,,1114,,,,,linkerd-prometheus,prometheus,linkerd,outbound,,5bccd64d4d,200,true,linkerd,10.1.45.73:9998,,linkerd,linkerd-tap,linkerd,linkerd-tap-75785bb98d-dvlv2,75785bb98d,linkerd-tap,linkerd-tap.linkerd.serviceaccount.identity.linkerd.cluster.local,,,
1615588133.729,response_latency_ms_sum,,,10.1.45.78:4191,linkerd-proxy,linkerd,,linkerd-prometheus-5bccd64d4d-jzwmt,,1115,,,,,linkerd-prometheus,prometheus,linkerd,outbound,,5bccd64d4d,200,true,linkerd,10.1.45.73:9998,,linkerd,linkerd-tap,linkerd,linkerd-tap-75785bb98d-dvlv2,75785bb98d,linkerd-tap,linkerd-tap.linkerd.serviceaccount.identity.linkerd.cluster.local,,,
1615588143.729,response_latency_ms_sum,,,10.1.45.78:4191,linkerd-proxy,linkerd,,linkerd-prometheus-5bccd64d4d-jzwmt,,1116,,,,,linkerd-prometheus,prometheus,linkerd,outbound,,5bccd64d4d,200,true,linkerd,10.1.45.73:9998,,linkerd,linkerd-tap,linkerd,linkerd-tap-75785bb98d-dvlv2,75785bb98d,linkerd-tap,linkerd-tap.linkerd.serviceaccount.identity.linkerd.cluster.local,,,
1615588153.729,response_latency_ms_sum,,,10.1.45.78:4191,linkerd-proxy,linkerd,,linkerd-prometheus-5bccd64d4d-jzwmt,,1117,,,,,linkerd-prometheus,prometheus,linkerd,outbound,,5bccd64d4d,200,true,linkerd,10.1.45.73:9998,,linkerd,linkerd-tap,linkerd,linkerd-tap-75785bb98d-dvlv2,75785bb98d,linkerd-tap,linkerd-tap.linkerd.serviceaccount.identity.linkerd.cluster.local,,,
1615588163.729,response_latency_ms_sum,,,10.1.45.78:4191,linkerd-proxy,linkerd,,linkerd-prometheus-5bccd64d4d-jzwmt,,1124,,,,,linkerd-prometheus,prometheus,linkerd,outbound,,5bccd64d4d,200,true,linkerd,10.1.45.73:9998,,linkerd,linkerd-tap,linkerd,linkerd-tap-75785bb98d-dvlv2,75785bb98d,linkerd-tap,linkerd-tap.linkerd.serviceaccount.identity.linkerd.cluster.local,,,
1615588173.729,response_latency_ms_sum,,,10.1.45.78:4191,linkerd-proxy,linkerd,,linkerd-prometheus-5bccd64d4d-jzwmt,,1128,,,,,linkerd-prometheus,prometheus,linkerd,outbound,,5bccd64d4d,200,true,linkerd,10.1.45.73:9998,,linkerd,linkerd-tap,linkerd,linkerd-tap-75785bb98d-dvlv2,75785bb98d,linkerd-tap,linkerd-tap.linkerd.serviceaccount.identity.linkerd.cluster.local,,,
1615588183.729,response_latency_ms_sum,,,10.1.45.78:4191,linkerd-proxy,linkerd,,linkerd-prometheus-5bccd64d4d-jzwmt,,1131,,,,,linkerd-prometheus,prometheus,linkerd,outbound,,5bccd64d4d,200,true,linkerd,10.1.45.73:9998,,linkerd,linkerd-tap,linkerd,linkerd-tap-75785bb98d-dvlv2,75785bb98d,linkerd-tap,linkerd-tap.linkerd.serviceaccount.identity.linkerd.cluster.local,,,
1615588193.731,response_latency_ms_sum,,,10.1.45.78:4191,linkerd-proxy,linkerd,,linkerd-prometheus-5bccd64d4d-jzwmt,,1133,,,,,linkerd-prometheus,prometheus,linkerd,outbound,,5bccd64d4d,200,true,linkerd,10.1.45.73:9998,,linkerd,linkerd-tap,linkerd,linkerd-tap-75785bb98d-dvlv2,75785bb98d,linkerd-tap,linkerd-tap.linkerd.serviceaccount.identity.linkerd.cluster.local,,,
1615588203.729,response_latency_ms_sum,,,10.1.45.78:4191,linkerd-proxy,linkerd,,linkerd-prometheus-5bccd64d4d-jzwmt,,1141,,,,,linkerd-prometheus,prometheus,linkerd,outbound,,5bccd64d4d,200,true,linkerd,10.1.45.73:9998,,linkerd,linkerd-tap,linkerd,linkerd-tap-75785bb98d-dvlv2,75785bb98d,linkerd-tap,linkerd-tap.linkerd.serviceaccount.identity.linkerd.cluster.local,,,
1615588093.729,response_latency_ms_sum,,,10.1.45.78:4191,linkerd-proxy,linkerd,,linkerd-prometheus-5bccd64d4d-jzwmt,,542,,,,,linkerd-prometheus,prometheus,linkerd,outbound,,5bccd64d4d,200,true,linkerd,10.1.45.74:9994,,linkerd,linkerd-web,linkerd,linkerd-web-b48d9c89b-49fzh,b48d9c89b,linkerd-web,linkerd-web.linkerd.serviceaccount.identity.linkerd.cluster.local,,,
1615588103.729,response_latency_ms_sum,,,10.1.45.78:4191,linkerd-proxy,linkerd,,linkerd-prometheus-5bccd64d4d-jzwmt,,543,,,,,linkerd-prometheus,prometheus,linkerd,outbound,,5bccd64d4d,200,true,linkerd,10.1.45.74:9994,,linkerd,linkerd-web,linkerd,linkerd-web-b48d9c89b-49fzh,b48d9c89b,linkerd-web,linkerd-web.linkerd.serviceaccount.identity.linkerd.cluster.local,,,
1615588113.729,response_latency_ms_sum,,,10.1.45.78:4191,linkerd-proxy,linkerd,,linkerd-prometheus-5bccd64d4d-jzwmt,,544,,,,,linkerd-prometheus,prometheus,linkerd,outbound,,5bccd64d4d,200,true,linkerd,10.1.45.74:9994,,linkerd,linkerd-web,linkerd,linkerd-web-b48d9c89b-49fzh,b48d9c89b,linkerd-web,linkerd-web.linkerd.serviceaccount.identity.linkerd.cluster.local,,,
1615588123.729,response_latency_ms_sum,,,10.1.45.78:4191,linkerd-proxy,linkerd,,linkerd-prometheus-5bccd64d4d-jzwmt,,545,,,,,linkerd-prometheus,prometheus,linkerd,outbound,,5bccd64d4d,200,true,linkerd,10.1.45.74:9994,,linkerd,linkerd-web,linkerd,linkerd-web-b48d9c89b-49fzh,b48d9c89b,linkerd-web,linkerd-web.linkerd.serviceaccount.identity.linkerd.cluster.local,,,
1615588133.729,response_latency_ms_sum,,,10.1.45.78:4191,linkerd-proxy,linkerd,,linkerd-prometheus-5bccd64d4d-jzwmt,,546,,,,,linkerd-prometheus,prometheus,linkerd,outbound,,5bccd64d4d,200,true,linkerd,10.1.45.74:9994,,linkerd,linkerd-web,linkerd,linkerd-web-b48d9c89b-49fzh,b48d9c89b,linkerd-web,linkerd-web.linkerd.serviceaccount.identity.linkerd.cluster.local,,,
1615588143.729,response_latency_ms_sum,,,10.1.45.78:4191,linkerd-proxy,linkerd,,linkerd-prometheus-5bccd64d4d-jzwmt,,547,,,,,linkerd-prometheus,prometheus,linkerd,outbound,,5bccd64d4d,200,true,linkerd,10.1.45.74:9994,,linkerd,linkerd-web,linkerd,linkerd-web-b48d9c89b-49fzh,b48d9c89b,linkerd-web,linkerd-web.linkerd.serviceaccount.identity.linkerd.cluster.local,,,
1615588153.729,response_latency_ms_sum,,,10.1.45.78:4191,linkerd-proxy,linkerd,,linkerd-prometheus-5bccd64d4d-jzwmt,,548,,,,,linkerd-prometheus,prometheus,linkerd,outbound,,5bccd64d4d,200,true,linkerd,10.1.45.74:9994,,linkerd,linkerd-web,linkerd,linkerd-web-b48d9c89b-49fzh,b48d9c89b,linkerd-web,linkerd-web.linkerd.serviceaccount.identity.linkerd.cluster.local,,,
1615588163.729,response_latency_ms_sum,,,10.1.45.78:4191,linkerd-proxy,linkerd,,linkerd-prometheus-5bccd64d4d-jzwmt,,549,,,,,linkerd-prometheus,prometheus,linkerd,outbound,,5bccd64d4d,200,true,linkerd,10.1.45.74:9994,,linkerd,linkerd-web,linkerd,linkerd-web-b48d9c89b-49fzh,b48d9c89b,linkerd-web,linkerd-web.linkerd.serviceaccount.identity.linkerd.cluster.local,,,
1615588173.729,response_latency_ms_sum,,,10.1.45.78:4191,linkerd-proxy,linkerd,,linkerd-prometheus-5bccd64d4d-jzwmt,,550,,,,,linkerd-prometheus,prometheus,linkerd,outbound,,5bccd64d4d,200,true,linkerd,10.1.45.74:9994,,linkerd,linkerd-web,linkerd,linkerd-web-b48d9c89b-49fzh,b48d9c89b,linkerd-web,linkerd-web.linkerd.serviceaccount.identity.linkerd.cluster.local,,,
1615588183.729,response_latency_ms_sum,,,10.1.45.78:4191,linkerd-proxy,linkerd,,linkerd-prometheus-5bccd64d4d-jzwmt,,551,,,,,linkerd-prometheus,prometheus,linkerd,outbound,,5bccd64d4d,200,true,linkerd,10.1.45.74:9994,,linkerd,linkerd-web,linkerd,linkerd-web-b48d9c89b-49fzh,b48d9c89b,linkerd-web,linkerd-web.linkerd.serviceaccount.identity.linkerd.cluster.local,,,
1615588193.731,response_latency_ms_sum,,,10.1.45.78:4191,linkerd-proxy,linkerd,,linkerd-prometheus-5bccd64d4d-jzwmt,,552,,,,,linkerd-prometheus,prometheus,linkerd,outbound,,5bccd64d4d,200,true,linkerd,10.1.45.74:9994,,linkerd,linkerd-web,linkerd,linkerd-web-b48d9c89b-49fzh,b48d9c89b,linkerd-web,linkerd-web.linkerd.serviceaccount.identity.linkerd.cluster.local,,,
1615588203.729,response_latency_ms_sum,,,10.1.45.78:4191,linkerd-proxy,linkerd,,linkerd-prometheus-5bccd64d4d-jzwmt,,554,,,,,linkerd-prometheus,prometheus,linkerd,outbound,,5bccd64d4d,200,true,linkerd,10.1.45.74:9994,,linkerd,linkerd-web,linkerd,linkerd-web-b48d9c89b-49fzh,b48d9c89b,linkerd-web,linkerd-web.linkerd.serviceaccount.identity.linkerd.cluster.local,,,
1615588093.729,response_latency_ms_sum,,,10.1.45.78:4191,linkerd-proxy,linkerd,,linkerd-prometheus-5bccd64d4d-jzwmt,,214,,,,,linkerd-prometheus,prometheus,linkerd,outbound,,5bccd64d4d,200,true,linkerd,10.1.45.73:4191,,linkerd,linkerd-tap,linkerd,linkerd-tap-75785bb98d-dvlv2,75785bb98d,linkerd-tap,linkerd-tap.linkerd.serviceaccount.identity.linkerd.cluster.local,,,
1615588103.729,response_latency_ms_sum,,,10.1.45.78:4191,linkerd-proxy,linkerd,,linkerd-prometheus-5bccd64d4d-jzwmt,,215,,,,,linkerd-prometheus,prometheus,linkerd,outbound,,5bccd64d4d,200,true,linkerd,10.1.45.73:4191,,linkerd,linkerd-tap,linkerd,linkerd-tap-75785bb98d-dvlv2,75785bb98d,linkerd-tap,linkerd-tap.linkerd.serviceaccount.identity.linkerd.cluster.local,,,
1615588113.729,response_latency_ms_sum,,,10.1.45.78:4191,linkerd-proxy,linkerd,,linkerd-prometheus-5bccd64d4d-jzwmt,,216,,,,,linkerd-prometheus,prometheus,linkerd,outbound,,5bccd64d4d,200,true,linkerd,10.1.45.73:4191,,linkerd,linkerd-tap,linkerd,linkerd-tap-75785bb98d-dvlv2,75785bb98d,linkerd-tap,linkerd-tap.linkerd.serviceaccount.identity.linkerd.cluster.local,,,
1615588123.729,response_latency_ms_sum,,,10.1.45.78:4191,linkerd-proxy,linkerd,,linkerd-prometheus-5bccd64d4d-jzwmt,,216,,,,,linkerd-prometheus,prometheus,linkerd,outbound,,5bccd64d4d,200,true,linkerd,10.1.45.73:4191,,linkerd,linkerd-tap,linkerd,linkerd-tap-75785bb98d-dvlv2,75785bb98d,linkerd-tap,linkerd-tap.linkerd.serviceaccount.identity.linkerd.cluster.local,,,
1615588133.729,response_latency_ms_sum,,,10.1.45.78:4191,linkerd-proxy,linkerd,,linkerd-prometheus-5bccd64d4d-jzwmt,,217,,,,,linkerd-prometheus,prometheus,linkerd,outbound,,5bccd64d4d,200,true,linkerd,10.1.45.73:4191,,linkerd,linkerd-tap,linkerd,linkerd-tap-75785bb98d-dvlv2,75785bb98d,linkerd-tap,linkerd-tap.linkerd.serviceaccount.identity.linkerd.cluster.local,,,
1615588143.729,response_latency_ms_sum,,,10.1.45.78:4191,linkerd-proxy,linkerd,,linkerd-prometheus-5bccd64d4d-jzwmt,,218,,,,,linkerd-prometheus,prometheus,linkerd,outbound,,5bccd64d4d,200,true,linkerd,10.1.45.73:4191,,linkerd,linkerd-tap,linkerd,linkerd-tap-75785bb98d-dvlv2,75785bb98d,linkerd-tap,linkerd-tap.linkerd.serviceaccount.identity.linkerd.cluster.local,,,
1615588153.729,response_latency_ms_sum,,,10.1.45.78:4191,linkerd-proxy,linkerd,,linkerd-prometheus-5bccd64d4d-jzwmt,,219,,,,,linkerd-prometheus,prometheus,linkerd,outbound,,5bccd64d4d,200,true,linkerd,10.1.45.73:4191,,linkerd,linkerd-tap,linkerd,linkerd-tap-75785bb98d-dvlv2,75785bb98d,linkerd-tap,linkerd-tap.linkerd.serviceaccount.identity.linkerd.cluster.local,,,
1615588163.729,response_latency_ms_sum,,,10.1.45.78:4191,linkerd-proxy,linkerd,,linkerd-prometheus-5bccd64d4d-jzwmt,,219,,,,,linkerd-prometheus,prometheus,linkerd,outbound,,5bccd64d4d,200,true,linkerd,10.1.45.73:4191,,linkerd,linkerd-tap,linkerd,linkerd-tap-75785bb98d-dvlv2,75785bb98d,linkerd-tap,linkerd-tap.linkerd.serviceaccount.identity.linkerd.cluster.local,,,
1615588173.729,response_latency_ms_sum,,,10.1.45.78:4191,linkerd-proxy,linkerd,,linkerd-prometheus-5bccd64d4d-jzwmt,,220,,,,,linkerd-prometheus,prometheus,linkerd,outbound,,5bccd64d4d,200,true,linkerd,10.1.45.73:4191,,linkerd,linkerd-tap,linkerd,linkerd-tap-75785bb98d-dvlv2,75785bb98d,linkerd-tap,linkerd-tap.linkerd.serviceaccount.identity.linkerd.cluster.local,,,
1615588183.729,response_latency_ms_sum,,,10.1.45.78:4191,linkerd-proxy,linkerd,,linkerd-prometheus-5bccd64d4d-jzwmt,,221,,,,,linkerd-prometheus,prometheus,linkerd,outbound,,5bccd64d4d,200,true,linkerd,10.1.45.73:4191,,linkerd,linkerd-tap,linkerd,linkerd-tap-75785bb98d-dvlv2,75785bb98d,linkerd-tap,linkerd-tap.linkerd.serviceaccount.identity.linkerd.cluster.local,,,
1615588193.731,response_latency_ms_sum,,,10.1.45.78:4191,linkerd-proxy,linkerd,,linkerd-prometheus-5bccd64d4d-jzwmt,,222,,,,,linkerd-prometheus,prometheus,linkerd,outbound,,5bccd64d4d,200,true,linkerd,10.1.45.73:4191,,linkerd,linkerd-tap,linkerd,linkerd-tap-75785bb98d-dvlv2,75785bb98d,linkerd-tap,linkerd-tap.linkerd.serviceaccount.identity.linkerd.cluster.local,,,
1615588203.729,response_latency_ms_sum,,,10.1.45.78:4191,linkerd-proxy,linkerd,,linkerd-prometheus-5bccd64d4d-jzwmt,,223,,,,,linkerd-prometheus,prometheus,linkerd,outbound,,5bccd64d4d,200,true,linkerd,10.1.45.73:4191,,linkerd,linkerd-tap,linkerd,linkerd-tap-75785bb98d-dvlv2,75785bb98d,linkerd-tap,linkerd-tap.linkerd.serviceaccount.identity.linkerd.cluster.local,,,
1615588093.729,response_latency_ms_sum,,,10.1.45.78:4191,linkerd-proxy,linkerd,,linkerd-prometheus-5bccd64d4d-jzwmt,,248,,,,,linkerd-prometheus,prometheus,linkerd,outbound,,5bccd64d4d,200,true,linkerd,10.1.45.70:4191,,linkerd,linkerd-proxy-injector,linkerd,linkerd-proxy-injector-666c478cbb-z7nnc,666c478cbb,linkerd-proxy-injector,linkerd-proxy-injector.linkerd.serviceaccount.identity.linkerd.cluster.local,,,
1615588103.729,response_latency_ms_sum,,,10.1.45.78:4191,linkerd-proxy,linkerd,,linkerd-prometheus-5bccd64d4d-jzwmt,,249,,,,,linkerd-prometheus,prometheus,linkerd,outbound,,5bccd64d4d,200,true,linkerd,10.1.45.70:4191,,linkerd,linkerd-proxy-injector,linkerd,linkerd-proxy-injector-666c478cbb-z7nnc,666c478cbb,linkerd-proxy-injector,linkerd-proxy-injector.linkerd.serviceaccount.identity.linkerd.cluster.local,,,
1615588113.729,response_latency_ms_sum,,,10.1.45.78:4191,linkerd-proxy,linkerd,,linkerd-prometheus-5bccd64d4d-jzwmt,,250,,,,,linkerd-prometheus,prometheus,linkerd,outbound,,5bccd64d4d,200,true,linkerd,10.1.45.70:4191,,linkerd,linkerd-proxy-injector,linkerd,linkerd-proxy-injector-666c478cbb-z7nnc,666c478cbb,linkerd-proxy-injector,linkerd-proxy-injector.linkerd.serviceaccount.identity.linkerd.cluster.local,,,
1615588123.729,response_latency_ms_sum,,,10.1.45.78:4191,linkerd-proxy,linkerd,,linkerd-prometheus-5bccd64d4d-jzwmt,,250,,,,,linkerd-prometheus,prometheus,linkerd,outbound,,5bccd64d4d,200,true,linkerd,10.1.45.70:4191,,linkerd,linkerd-proxy-injector,linkerd,linkerd-proxy-injector-666c478cbb-z7nnc,666c478cbb,linkerd-proxy-injector,linkerd-proxy-injector.linkerd.serviceaccount.identity.linkerd.cluster.local,,,
1615588133.729,response_latency_ms_sum,,,10.1.45.78:4191,linkerd-proxy,linkerd,,linkerd-prometheus-5bccd64d4d-jzwmt,,251,,,,,linkerd-prometheus,prometheus,linkerd,outbound,,5bccd64d4d,200,true,linkerd,10.1.45.70:4191,,linkerd,linkerd-proxy-injector,linkerd,linkerd-proxy-injector-666c478cbb-z7nnc,666c478cbb,linkerd-proxy-injector,linkerd-proxy-injector.linkerd.serviceaccount.identity.linkerd.cluster.local,,,
1615588143.729,response_latency_ms_sum,,,10.1.45.78:4191,linkerd-proxy,linkerd,,linkerd-prometheus-5bccd64d4d-jzwmt,,252,,,,,linkerd-prometheus,prometheus,linkerd,outbound,,5bccd64d4d,200,true,linkerd,10.1.45.70:4191,,linkerd,linkerd-proxy-injector,linkerd,linkerd-proxy-injector-666c478cbb-z7nnc,666c478cbb,linkerd-proxy-injector,linkerd-proxy-injector.linkerd.serviceaccount.identity.linkerd.cluster.local,,,
1615588153.729,response_latency_ms_sum,,,10.1.45.78:4191,linkerd-proxy,linkerd,,linkerd-prometheus-5bccd64d4d-jzwmt,,253,,,,,linkerd-prometheus,prometheus,linkerd,outbound,,5bccd64d4d,200,true,linkerd,10.1.45.70:4191,,linkerd,linkerd-proxy-injector,linkerd,linkerd-proxy-injector-666c478cbb-z7nnc,666c478cbb,linkerd-proxy-injector,linkerd-proxy-injector.linkerd.serviceaccount.identity.linkerd.cluster.local,,,
1615588163.729,response_latency_ms_sum,,,10.1.45.78:4191,linkerd-proxy,linkerd,,linkerd-prometheus-5bccd64d4d-jzwmt,,254,,,,,linkerd-prometheus,prometheus,linkerd,outbound,,5bccd64d4d,200,true,linkerd,10.1.45.70:4191,,linkerd,linkerd-proxy-injector,linkerd,linkerd-proxy-injector-666c478cbb-z7nnc,666c478cbb,linkerd-proxy-injector,linkerd-proxy-injector.linkerd.serviceaccount.identity.linkerd.cluster.local,,,
1615588173.729,response_latency_ms_sum,,,10.1.45.78:4191,linkerd-proxy,linkerd,,linkerd-prometheus-5bccd64d4d-jzwmt,,255,,,,,linkerd-prometheus,prometheus,linkerd,outbound,,5bccd64d4d,200,true,linkerd,10.1.45.70:4191,,linkerd,linkerd-proxy-injector,linkerd,linkerd-proxy-injector-666c478cbb-z7nnc,666c478cbb,linkerd-proxy-injector,linkerd-proxy-injector.linkerd.serviceaccount.identity.linkerd.cluster.local,,,
1615588183.729,response_latency_ms_sum,,,10.1.45.78:4191,linkerd-proxy,linkerd,,linkerd-prometheus-5bccd64d4d-jzwmt,,256,,,,,linkerd-prometheus,prometheus,linkerd,outbound,,5bccd64d4d,200,true,linkerd,10.1.45.70:4191,,linkerd,linkerd-proxy-injector,linkerd,linkerd-proxy-injector-666c478cbb-z7nnc,666c478cbb,linkerd-proxy-injector,linkerd-proxy-injector.linkerd.serviceaccount.identity.linkerd.cluster.local,,,
1615588193.731,response_latency_ms_sum,,,10.1.45.78:4191,linkerd-proxy,linkerd,,linkerd-prometheus-5bccd64d4d-jzwmt,,257,,,,,linkerd-prometheus,prometheus,linkerd,outbound,,5bccd64d4d,200,true,linkerd,10.1.45.70:4191,,linkerd,linkerd-proxy-injector,linkerd,linkerd-proxy-injector-666c478cbb-z7nnc,666c478cbb,linkerd-proxy-injector,linkerd-proxy-injector.linkerd.serviceaccount.identity.linkerd.cluster.local,,,
1615588203.729,response_latency_ms_sum,,,10.1.45.78:4191,linkerd-proxy,linkerd,,linkerd-prometheus-5bccd64d4d-jzwmt,,258,,,,,linkerd-prometheus,prometheus,linkerd,outbound,,5bccd64d4d,200,true,linkerd,10.1.45.70:4191,,linkerd,linkerd-proxy-injector,linkerd,linkerd-proxy-injector-666c478cbb-z7nnc,666c478cbb,linkerd-proxy-injector,linkerd-proxy-injector.linkerd.serviceaccount.identity.linkerd.cluster.local,,,
1615588093.729,response_latency_ms_sum,,,10.1.45.78:4191,linkerd-proxy,linkerd,,linkerd-prometheus-5bccd64d4d-jzwmt,,118,,,,,linkerd-prometheus,prometheus,linkerd,outbound,,5bccd64d4d,200,true,linkerd,10.1.45.76:4191,,linkerd,linkerd-sp-validator,linkerd,linkerd-sp-validator-77d978fbd9-zk8mm,77d978fbd9,linkerd-sp-validator,linkerd-sp-validator.linkerd.serviceaccount.identity.linkerd.cluster.local,,,
1615588103.729,response_latency_ms_sum,,,10.1.45.78:4191,linkerd-proxy,linkerd,,linkerd-prometheus-5bccd64d4d-jzwmt,,118,,,,,linkerd-prometheus,prometheus,linkerd,outbound,,5bccd64d4d,200,true,linkerd,10.1.45.76:4191,,linkerd,linkerd-sp-validator,linkerd,linkerd-sp-validator-77d978fbd9-zk8mm,77d978fbd9,linkerd-sp-validator,linkerd-sp-validator.linkerd.serviceaccount.identity.linkerd.cluster.local,,,
1615588113.729,response_latency_ms_sum,,,10.1.45.78:4191,linkerd-proxy,linkerd,,linkerd-prometheus-5bccd64d4d-jzwmt,,118,,,,,linkerd-prometheus,prometheus,linkerd,outbound,,5bccd64d4d,200,true,linkerd,10.1.45.76:4191,,linkerd,linkerd-sp-validator,linkerd,linkerd-sp-validator-77d978fbd9-zk8mm,77d978fbd9,linkerd-sp-validator,linkerd-sp-validator.linkerd.serviceaccount.identity.linkerd.cluster.local,,,
1615588123.729,response_latency_ms_sum,,,10.1.45.78:4191,linkerd-proxy,linkerd,,linkerd-prometheus-5bccd64d4d-jzwmt,,118,,,,,linkerd-prometheus,prometheus,linkerd,outbound,,5bccd64d4d,200,true,linkerd,10.1.45.76:4191,,linkerd,linkerd-sp-validator,linkerd,linkerd-sp-validator-77d978fbd9-zk8mm,77d978fbd9,linkerd-sp-validator,linkerd-sp-validator.linkerd.serviceaccount.identity.linkerd.cluster.local,,,
1615588133.729,response_latency_ms_sum,,,10.1.45.78:4191,linkerd-proxy,linkerd,,linkerd-prometheus-5bccd64d4d-jzwmt,,118,,,,,linkerd-prometheus,prometheus,linkerd,outbound,,5bccd64d4d,200,true,linkerd,10.1.45.76:4191,,linkerd,linkerd-sp-validator,linkerd,linkerd-sp-validator-77d978fbd9-zk8mm,77d978fbd9,linkerd-sp-validator,linkerd-sp-validator.linkerd.serviceaccount.identity.linkerd.cluster.local,,,
1615588143.729,response_latency_ms_sum,,,10.1.45.78:4191,linkerd-proxy,linkerd,,linkerd-prometheus-5bccd64d4d-jzwmt,,119,,,,,linkerd-prometheus,prometheus,linkerd,outbound,,5bccd64d4d,200,true,linkerd,10.1.45.76:4191,,linkerd,linkerd-sp-validator,linkerd,linkerd-sp-validator-77d978fbd9-zk8mm,77d978fbd9,linkerd-sp-validator,linkerd-sp-validator.linkerd.serviceaccount.identity.linkerd.cluster.local,,,
1615588153.729,response_latency_ms_sum,,,10.1.45.78:4191,linkerd-proxy,linkerd,,linkerd-prometheus-5bccd64d4d-jzwmt,,119,,,,,linkerd-prometheus,prometheus,linkerd,outbound,,5bccd64d4d,200,true,linkerd,10.1.45.76:4191,,linkerd,linkerd-sp-validator,linkerd,linkerd-sp-validator-77d978fbd9-zk8mm,77d978fbd9,linkerd-sp-validator,linkerd-sp-validator.linkerd.serviceaccount.identity.linkerd.cluster.local,,,
1615588163.729,response_latency_ms_sum,,,10.1.45.78:4191,linkerd-proxy,linkerd,,linkerd-prometheus-5bccd64d4d-jzwmt,,119,,,,,linkerd-prometheus,prometheus,linkerd,outbound,,5bccd64d4d,200,true,linkerd,10.1.45.76:4191,,linkerd,linkerd-sp-validator,linkerd,linkerd-sp-validator-77d978fbd9-zk8mm,77d978fbd9,linkerd-sp-validator,linkerd-sp-validator.linkerd.serviceaccount.identity.linkerd.cluster.local,,,
1615588173.729,response_latency_ms_sum,,,10.1.45.78:4191,linkerd-proxy,linkerd,,linkerd-prometheus-5bccd64d4d-jzwmt,,119,,,,,linkerd-prometheus,prometheus,linkerd,outbound,,5bccd64d4d,200,true,linkerd,10.1.45.76:4191,,linkerd,linkerd-sp-validator,linkerd,linkerd-sp-validator-77d978fbd9-zk8mm,77d978fbd9,linkerd-sp-validator,linkerd-sp-validator.linkerd.serviceaccount.identity.linkerd.cluster.local,,,
1615588183.729,response_latency_ms_sum,,,10.1.45.78:4191,linkerd-proxy,linkerd,,linkerd-prometheus-5bccd64d4d-jzwmt,,120,,,,,linkerd-prometheus,prometheus,linkerd,outbound,,5bccd64d4d,200,true,linkerd,10.1.45.76:4191,,linkerd,linkerd-sp-validator,linkerd,linkerd-sp-validator-77d978fbd9-zk8mm,77d978fbd9,linkerd-sp-validator,linkerd-sp-validator.linkerd.serviceaccount.identity.linkerd.cluster.local,,,
1615588193.731,response_latency_ms_sum,,,10.1.45.78:4191,linkerd-proxy,linkerd,,linkerd-prometheus-5bccd64d4d-jzwmt,,120,,,,,linkerd-prometheus,prometheus,linkerd,outbound,,5bccd64d4d,200,true,linkerd,10.1.45.76:4191,,linkerd,linkerd-sp-validator,linkerd,linkerd-sp-validator-77d978fbd9-zk8mm,77d978fbd9,linkerd-sp-validator,linkerd-sp-validator.linkerd.serviceaccount.identity.linkerd.cluster.local,,,
1615588203.729,response_latency_ms_sum,,,10.1.45.78:4191,linkerd-proxy,linkerd,,linkerd-prometheus-5bccd64d4d-jzwmt,,121,,,,,linkerd-prometheus,prometheus,linkerd,outbound,,5bccd64d4d,200,true,linkerd,10.1.45.76:4191,,linkerd,linkerd-sp-validator,linkerd,linkerd-sp-validator-77d978fbd9-zk8mm,77d978fbd9,linkerd-sp-validator,linkerd-sp-validator.linkerd.serviceaccount.identity.linkerd.cluster.local,,,
1615588093.729,response_latency_ms_sum,,,10.1.45.78:4191,linkerd-proxy,linkerd,,linkerd-prometheus-5bccd64d4d-jzwmt,,471,,,,,linkerd-prometheus,prometheus,linkerd,outbound,,5bccd64d4d,200,true,linkerd,10.1.45.74:4191,,linkerd,linkerd-web,linkerd,linkerd-web-b48d9c89b-49fzh,b48d9c89b,linkerd-web,linkerd-web.linkerd.serviceaccount.identity.linkerd.cluster.local,,,
1615588103.729,response_latency_ms_sum,,,10.1.45.78:4191,linkerd-proxy,linkerd,,linkerd-prometheus-5bccd64d4d-jzwmt,,471,,,,,linkerd-prometheus,prometheus,linkerd,outbound,,5bccd64d4d,200,true,linkerd,10.1.45.74:4191,,linkerd,linkerd-web,linkerd,linkerd-web-b48d9c89b-49fzh,b48d9c89b,linkerd-web,linkerd-web.linkerd.serviceaccount.identity.linkerd.cluster.local,,,
1615588113.729,response_latency_ms_sum,,,10.1.45.78:4191,linkerd-proxy,linkerd,,linkerd-prometheus-5bccd64d4d-jzwmt,,472,,,,,linkerd-prometheus,prometheus,linkerd,outbound,,5bccd64d4d,200,true,linkerd,10.1.45.74:4191,,linkerd,linkerd-web,linkerd,linkerd-web-b48d9c89b-49fzh,b48d9c89b,linkerd-web,linkerd-web.linkerd.serviceaccount.identity.linkerd.cluster.local,,,
1615588123.729,response_latency_ms_sum,,,10.1.45.78:4191,linkerd-proxy,linkerd,,linkerd-prometheus-5bccd64d4d-jzwmt,,474,,,,,linkerd-prometheus,prometheus,linkerd,outbound,,5bccd64d4d,200,true,linkerd,10.1.45.74:4191,,linkerd,linkerd-web,linkerd,linkerd-web-b48d9c89b-49fzh,b48d9c89b,linkerd-web,linkerd-web.linkerd.serviceaccount.identity.linkerd.cluster.local,,,
1615588133.729,response_latency_ms_sum,,,10.1.45.78:4191,linkerd-proxy,linkerd,,linkerd-prometheus-5bccd64d4d-jzwmt,,475,,,,,linkerd-prometheus,prometheus,linkerd,outbound,,5bccd64d4d,200,true,linkerd,10.1.45.74:4191,,linkerd,linkerd-web,linkerd,linkerd-web-b48d9c89b-49fzh,b48d9c89b,linkerd-web,linkerd-web.linkerd.serviceaccount.identity.linkerd.cluster.local,,,
1615588143.729,response_latency_ms_sum,,,10.1.45.78:4191,linkerd-proxy,linkerd,,linkerd-prometheus-5bccd64d4d-jzwmt,,476,,,,,linkerd-prometheus,prometheus,linkerd,outbound,,5bccd64d4d,200,true,linkerd,10.1.45.74:4191,,linkerd,linkerd-web,linkerd,linkerd-web-b48d9c89b-49fzh,b48d9c89b,linkerd-web,linkerd-web.linkerd.serviceaccount.identity.linkerd.cluster.local,,,
1615588153.729,response_latency_ms_sum,,,10.1.45.78:4191,linkerd-proxy,linkerd,,linkerd-prometheus-5bccd64d4d-jzwmt,,478,,,,,linkerd-prometheus,prometheus,linkerd,outbound,,5bccd64d4d,200,true,linkerd,10.1.45.74:4191,,linkerd,linkerd-web,linkerd,linkerd-web-b48d9c89b-49fzh,b48d9c89b,linkerd-web,linkerd-web.linkerd.serviceaccount.identity.linkerd.cluster.local,,,
1615588163.729,response_latency_ms_sum,,,10.1.45.78:4191,linkerd-proxy,linkerd,,linkerd-prometheus-5bccd64d4d-jzwmt,,480,,,,,linkerd-prometheus,prometheus,linkerd,outbound,,5bccd64d4d,200,true,linkerd,10.1.45.74:4191,,linkerd,linkerd-web,linkerd,linkerd-web-b48d9c89b-49fzh,b48d9c89b,linkerd-web,linkerd-web.linkerd.serviceaccount.identity.linkerd.cluster.local,,,
1615588173.729,response_latency_ms_sum,,,10.1.45.78:4191,linkerd-proxy,linkerd,,linkerd-prometheus-5bccd64d4d-jzwmt,,481,,,,,linkerd-prometheus,prometheus,linkerd,outbound,,5bccd64d4d,200,true,linkerd,10.1.45.74:4191,,linkerd,linkerd-web,linkerd,linkerd-web-b48d9c89b-49fzh,b48d9c89b,linkerd-web,linkerd-web.linkerd.serviceaccount.identity.linkerd.cluster.local,,,
1615588183.729,response_latency_ms_sum,,,10.1.45.78:4191,linkerd-proxy,linkerd,,linkerd-prometheus-5bccd64d4d-jzwmt,,484,,,,,linkerd-prometheus,prometheus,linkerd,outbound,,5bccd64d4d,200,true,linkerd,10.1.45.74:4191,,linkerd,linkerd-web,linkerd,linkerd-web-b48d9c89b-49fzh,b48d9c89b,linkerd-web,linkerd-web.linkerd.serviceaccount.identity.linkerd.cluster.local,,,
1615588193.731,response_latency_ms_sum,,,10.1.45.78:4191,linkerd-proxy,linkerd,,linkerd-prometheus-5bccd64d4d-jzwmt,,485,,,,,linkerd-prometheus,prometheus,linkerd,outbound,,5bccd64d4d,200,true,linkerd,10.1.45.74:4191,,linkerd,linkerd-web,linkerd,linkerd-web-b48d9c89b-49fzh,b48d9c89b,linkerd-web,linkerd-web.linkerd.serviceaccount.identity.linkerd.cluster.local,,,
1615588203.729,response_latency_ms_sum,,,10.1.45.78:4191,linkerd-proxy,linkerd,,linkerd-prometheus-5bccd64d4d-jzwmt,,486,,,,,linkerd-prometheus,prometheus,linkerd,outbound,,5bccd64d4d,200,true,linkerd,10.1.45.74:4191,,linkerd,linkerd-web,linkerd,linkerd-web-b48d9c89b-49fzh,b48d9c89b,linkerd-web,linkerd-web.linkerd.serviceaccount.identity.linkerd.cluster.local,,,
1615588085.539,response_latency_ms_sum,,,10.1.45.75:4191,linkerd-proxy,linkerd,,linkerd-controller-798d449c77-qk6j4,,349,,,,,linkerd-controller,controller,linkerd,inbound,,798d449c77,200,true,linkerd,,linkerd-prometheus.linkerd.serviceaccount.identity.linkerd.cluster.local,,,,,,,,,,
1615588095.54,response_latency_ms_sum,,,10.1.45.75:4191,linkerd-proxy,linkerd,,linkerd-controller-798d449c77-qk6j4,,349,,,,,linkerd-controller,controller,linkerd,inbound,,798d449c77,200,true,linkerd,,linkerd-prometheus.linkerd.serviceaccount.identity.linkerd.cluster.local,,,,,,,,,,
1615588105.539,response_latency_ms_sum,,,10.1.45.75:4191,linkerd-proxy,linkerd,,linkerd-controller-798d449c77-qk6j4,,350,,,,,linkerd-controller,controller,linkerd,inbound,,798d449c77,200,true,linkerd,,linkerd-prometheus.linkerd.serviceaccount.identity.linkerd.cluster.local,,,,,,,,,,
1615588115.539,response_latency_ms_sum,,,10.1.45.75:4191,linkerd-proxy,linkerd,,linkerd-controller-798d449c77-qk6j4,,351,,,,,linkerd-controller,controller,linkerd,inbound,,798d449c77,200,true,linkerd,,linkerd-prometheus.linkerd.serviceaccount.identity.linkerd.cluster.local,,,,,,,,,,
1615588125.54,response_latency_ms_sum,,,10.1.45.75:4191,linkerd-proxy,linkerd,,linkerd-controller-798d449c77-qk6j4,,352,,,,,linkerd-controller,controller,linkerd,inbound,,798d449c77,200,true,linkerd,,linkerd-prometheus.linkerd.serviceaccount.identity.linkerd.cluster.local,,,,,,,,,,
1615588135.539,response_latency_ms_sum,,,10.1.45.75:4191,linkerd-proxy,linkerd,,linkerd-controller-798d449c77-qk6j4,,353,,,,,linkerd-controller,controller,linkerd,inbound,,798d449c77,200,true,linkerd,,linkerd-prometheus.linkerd.serviceaccount.identity.linkerd.cluster.local,,,,,,,,,,
1615588145.539,response_latency_ms_sum,,,10.1.45.75:4191,linkerd-proxy,linkerd,,linkerd-controller-798d449c77-qk6j4,,353,,,,,linkerd-controller,controller,linkerd,inbound,,798d449c77,200,true,linkerd,,linkerd-prometheus.linkerd.serviceaccount.identity.linkerd.cluster.local,,,,,,,,,,
1615588155.539,response_latency_ms_sum,,,10.1.45.75:4191,linkerd-proxy,linkerd,,linkerd-controller-798d449c77-qk6j4,,354,,,,,linkerd-controller,controller,linkerd,inbound,,798d449c77,200,true,linkerd,,linkerd-prometheus.linkerd.serviceaccount.identity.linkerd.cluster.local,,,,,,,,,,
1615588165.539,response_latency_ms_sum,,,10.1.45.75:4191,linkerd-proxy,linkerd,,linkerd-controller-798d449c77-qk6j4,,355,,,,,linkerd-controller,controller,linkerd,inbound,,798d449c77,200,true,linkerd,,linkerd-prometheus.linkerd.serviceaccount.identity.linkerd.cluster.local,,,,,,,,,,
1615588175.539,response_latency_ms_sum,,,10.1.45.75:4191,linkerd-proxy,linkerd,,linkerd-controller-798d449c77-qk6j4,,356,,,,,linkerd-controller,controller,linkerd,inbound,,798d449c77,200,true,linkerd,,linkerd-prometheus.linkerd.serviceaccount.identity.linkerd.cluster.local,,,,,,,,,,
1615588185.539,response_latency_ms_sum,,,10.1.45.75:4191,linkerd-proxy,linkerd,,linkerd-controller-798d449c77-qk6j4,,357,,,,,linkerd-controller,controller,linkerd,inbound,,798d449c77,200,true,linkerd,,linkerd-prometheus.linkerd.serviceaccount.identity.linkerd.cluster.local,,,,,,,,,,
1615588195.539,response_latency_ms_sum,,,10.1.45.75:4191,linkerd-proxy,linkerd,,linkerd-controller-798d449c77-qk6j4,,358,,,,,linkerd-controller,controller,linkerd,inbound,,798d449c77,200,true,linkerd,,linkerd-prometheus.linkerd.serviceaccount.identity.linkerd.cluster.local,,,,,,,,,,
1615588093.461,response_latency_ms_sum,,,10.1.45.71:4191,linkerd-proxy,linkerd,,linkerd-destination-654f8848f5-4tr7b,,1,,,,,linkerd-destination,destination,linkerd,inbound,,654f8848f5,200,true,linkerd,linkerd-dst-headless.linkerd.svc.cluster.local:8086,linkerd-identity.linkerd.serviceaccount.identity.linkerd.cluster.local,,,,,,,,,,
1615588103.461,response_latency_ms_sum,,,10.1.45.71:4191,linkerd-proxy,linkerd,,linkerd-destination-654f8848f5-4tr7b,,1,,,,,linkerd-destination,destination,linkerd,inbound,,654f8848f5,200,true,linkerd,linkerd-dst-headless.linkerd.svc.cluster.local:8086,linkerd-identity.linkerd.serviceaccount.identity.linkerd.cluster.local,,,,,,,,,,
1615588113.461,response_latency_ms_sum,,,10.1.45.71:4191,linkerd-proxy,linkerd,,linkerd-destination-654f8848f5-4tr7b,,1,,,,,linkerd-destination,destination,linkerd,inbound,,654f8848f5,200,true,linkerd,linkerd-dst-headless.linkerd.svc.cluster.local:8086,linkerd-identity.linkerd.serviceaccount.identity.linkerd.cluster.local,,,,,,,,,,
1615588123.461,response_latency_ms_sum,,,10.1.45.71:4191,linkerd-proxy,linkerd,,linkerd-destination-654f8848f5-4tr7b,,1,,,,,linkerd-destination,destination,linkerd,inbound,,654f8848f5,200,true,linkerd,linkerd-dst-headless.linkerd.svc.cluster.local:8086,linkerd-identity.linkerd.serviceaccount.identity.linkerd.cluster.local,,,,,,,,,,
1615588133.461,response_latency_ms_sum,,,10.1.45.71:4191,linkerd-proxy,linkerd,,linkerd-destination-654f8848f5-4tr7b,,1,,,,,linkerd-destination,destination,linkerd,inbound,,654f8848f5,200,true,linkerd,linkerd-dst-headless.linkerd.svc.cluster.local:8086,linkerd-identity.linkerd.serviceaccount.identity.linkerd.cluster.local,,,,,,,,,,
1615588143.461,response_latency_ms_sum,,,10.1.45.71:4191,linkerd-proxy,linkerd,,linkerd-destination-654f8848f5-4tr7b,,1,,,,,linkerd-destination,destination,linkerd,inbound,,654f8848f5,200,true,linkerd,linkerd-dst-headless.linkerd.svc.cluster.local:8086,linkerd-identity.linkerd.serviceaccount.identity.linkerd.cluster.local,,,,,,,,,,
1615588153.461,response_latency_ms_sum,,,10.1.45.71:4191,linkerd-proxy,linkerd,,linkerd-destination-654f8848f5-4tr7b,,1,,,,,linkerd-destination,destination,linkerd,inbound,,654f8848f5,200,true,linkerd,linkerd-dst-headless.linkerd.svc.cluster.local:8086,linkerd-identity.linkerd.serviceaccount.identity.linkerd.cluster.local,,,,,,,,,,
1615588163.461,response_latency_ms_sum,,,10.1.45.71:4191,linkerd-proxy,linkerd,,linkerd-destination-654f8848f5-4tr7b,,1,,,,,linkerd-destination,destination,linkerd,inbound,,654f8848f5,200,true,linkerd,linkerd-dst-headless.linkerd.svc.cluster.local:8086,linkerd-identity.linkerd.serviceaccount.identity.linkerd.cluster.local,,,,,,,,,,
1615588173.461,response_latency_ms_sum,,,10.1.45.71:4191,linkerd-proxy,linkerd,,linkerd-destination-654f8848f5-4tr7b,,1,,,,,linkerd-destination,destination,linkerd,inbound,,654f8848f5,200,true,linkerd,linkerd-dst-headless.linkerd.svc.cluster.local:8086,linkerd-identity.linkerd.serviceaccount.identity.linkerd.cluster.local,,,,,,,,,,
1615588183.461,response_latency_ms_sum,,,10.1.45.71:4191,linkerd-proxy,linkerd,,linkerd-destination-654f8848f5-4tr7b,,1,,,,,linkerd-destination,destination,linkerd,inbound,,654f8848f5,200,true,linkerd,linkerd-dst-headless.linkerd.svc.cluster.local:8086,linkerd-identity.linkerd.serviceaccount.identity.linkerd.cluster.local,,,,,,,,,,
1615588193.461,response_latency_ms_sum,,,10.1.45.71:4191,linkerd-proxy,linkerd,,linkerd-destination-654f8848f5-4tr7b,,1,,,,,linkerd-destination,destination,linkerd,inbound,,654f8848f5,200,true,linkerd,linkerd-dst-headless.linkerd.svc.cluster.local:8086,linkerd-identity.linkerd.serviceaccount.identity.linkerd.cluster.local,,,,,,,,,,
1615588203.461,response_latency_ms_sum,,,10.1.45.71:4191,linkerd-proxy,linkerd,,linkerd-destination-654f8848f5-4tr7b,,1,,,,,linkerd-destination,destination,linkerd,inbound,,654f8848f5,200,true,linkerd,linkerd-dst-headless.linkerd.svc.cluster.local:8086,linkerd-identity.linkerd.serviceaccount.identity.linkerd.cluster.local,,,,,,,,,,
1615588093.461,response_latency_ms_sum,,,10.1.45.71:4191,linkerd-proxy,linkerd,,linkerd-destination-654f8848f5-4tr7b,,9769,,,,,linkerd-destination,destination,linkerd,inbound,,654f8848f5,200,true,linkerd,linkerd-dst-headless.linkerd.svc.cluster.local:8086,default.teastore.serviceaccount.identity.linkerd.cluster.local,,,,,,,,,,
1615588103.461,response_latency_ms_sum,,,10.1.45.71:4191,linkerd-proxy,linkerd,,linkerd-destination-654f8848f5-4tr7b,,9806,,,,,linkerd-destination,destination,linkerd,inbound,,654f8848f5,200,true,linkerd,linkerd-dst-headless.linkerd.svc.cluster.local:8086,default.teastore.serviceaccount.identity.linkerd.cluster.local,,,,,,,,,,
1615588113.461,response_latency_ms_sum,,,10.1.45.71:4191,linkerd-proxy,linkerd,,linkerd-destination-654f8848f5-4tr7b,,9816,,,,,linkerd-destination,destination,linkerd,inbound,,654f8848f5,200,true,linkerd,linkerd-dst-headless.linkerd.svc.cluster.local:8086,default.teastore.serviceaccount.identity.linkerd.cluster.local,,,,,,,,,,
1615588123.461,response_latency_ms_sum,,,10.1.45.71:4191,linkerd-proxy,linkerd,,linkerd-destination-654f8848f5-4tr7b,,9830,,,,,linkerd-destination,destination,linkerd,inbound,,654f8848f5,200,true,linkerd,linkerd-dst-headless.linkerd.svc.cluster.local:8086,default.teastore.serviceaccount.identity.linkerd.cluster.local,,,,,,,,,,
1615588133.461,response_latency_ms_sum,,,10.1.45.71:4191,linkerd-proxy,linkerd,,linkerd-destination-654f8848f5-4tr7b,,9857,,,,,linkerd-destination,destination,linkerd,inbound,,654f8848f5,200,true,linkerd,linkerd-dst-headless.linkerd.svc.cluster.local:8086,default.teastore.serviceaccount.identity.linkerd.cluster.local,,,,,,,,,,
1615588143.461,response_latency_ms_sum,,,10.1.45.71:4191,linkerd-proxy,linkerd,,linkerd-destination-654f8848f5-4tr7b,,9900,,,,,linkerd-destination,destination,linkerd,inbound,,654f8848f5,200,true,linkerd,linkerd-dst-headless.linkerd.svc.cluster.local:8086,default.teastore.serviceaccount.identity.linkerd.cluster.local,,,,,,,,,,
1615588153.461,response_latency_ms_sum,,,10.1.45.71:4191,linkerd-proxy,linkerd,,linkerd-destination-654f8848f5-4tr7b,,9900,,,,,linkerd-destination,destination,linkerd,inbound,,654f8848f5,200,true,linkerd,linkerd-dst-headless.linkerd.svc.cluster.local:8086,default.teastore.serviceaccount.identity.linkerd.cluster.local,,,,,,,,,,
1615588163.461,response_latency_ms_sum,,,10.1.45.71:4191,linkerd-proxy,linkerd,,linkerd-destination-654f8848f5-4tr7b,,9953,,,,,linkerd-destination,destination,linkerd,inbound,,654f8848f5,200,true,linkerd,linkerd-dst-headless.linkerd.svc.cluster.local:8086,default.teastore.serviceaccount.identity.linkerd.cluster.local,,,,,,,,,,
1615588173.461,response_latency_ms_sum,,,10.1.45.71:4191,linkerd-proxy,linkerd,,linkerd-destination-654f8848f5-4tr7b,,9980,,,,,linkerd-destination,destination,linkerd,inbound,,654f8848f5,200,true,linkerd,linkerd-dst-headless.linkerd.svc.cluster.local:8086,default.teastore.serviceaccount.identity.linkerd.cluster.local,,,,,,,,,,
1615588183.461,response_latency_ms_sum,,,10.1.45.71:4191,linkerd-proxy,linkerd,,linkerd-destination-654f8848f5-4tr7b,,9995,,,,,linkerd-destination,destination,linkerd,inbound,,654f8848f5,200,true,linkerd,linkerd-dst-headless.linkerd.svc.cluster.local:8086,default.teastore.serviceaccount.identity.linkerd.cluster.local,,,,,,,,,,
1615588193.461,response_latency_ms_sum,,,10.1.45.71:4191,linkerd-proxy,linkerd,,linkerd-destination-654f8848f5-4tr7b,,10035,,,,,linkerd-destination,destination,linkerd,inbound,,654f8848f5,200,true,linkerd,linkerd-dst-headless.linkerd.svc.cluster.local:8086,default.teastore.serviceaccount.identity.linkerd.cluster.local,,,,,,,,,,
1615588203.461,response_latency_ms_sum,,,10.1.45.71:4191,linkerd-proxy,linkerd,,linkerd-destination-654f8848f5-4tr7b,,10084,,,,,linkerd-destination,destination,linkerd,inbound,,654f8848f5,200,true,linkerd,linkerd-dst-headless.linkerd.svc.cluster.local:8086,default.teastore.serviceaccount.identity.linkerd.cluster.local,,,,,,,,,,
1615588093.729,response_latency_ms_sum,,,10.1.45.78:4191,linkerd-proxy,linkerd,,linkerd-prometheus-5bccd64d4d-jzwmt,,646,,,,,linkerd-prometheus,prometheus,linkerd,outbound,,5bccd64d4d,200,true,linkerd,10.1.45.96:4191,,linkerd,teastore-auth,teastore,teastore-auth-5c8f77dbb8-sx8wp,5c8f77dbb8,default,default.teastore.serviceaccount.identity.linkerd.cluster.local,,,
1615588103.729,response_latency_ms_sum,,,10.1.45.78:4191,linkerd-proxy,linkerd,,linkerd-prometheus-5bccd64d4d-jzwmt,,648,,,,,linkerd-prometheus,prometheus,linkerd,outbound,,5bccd64d4d,200,true,linkerd,10.1.45.96:4191,,linkerd,teastore-auth,teastore,teastore-auth-5c8f77dbb8-sx8wp,5c8f77dbb8,default,default.teastore.serviceaccount.identity.linkerd.cluster.local,,,
1615588113.729,response_latency_ms_sum,,,10.1.45.78:4191,linkerd-proxy,linkerd,,linkerd-prometheus-5bccd64d4d-jzwmt,,650,,,,,linkerd-prometheus,prometheus,linkerd,outbound,,5bccd64d4d,200,true,linkerd,10.1.45.96:4191,,linkerd,teastore-auth,teastore,teastore-auth-5c8f77dbb8-sx8wp,5c8f77dbb8,default,default.teastore.serviceaccount.identity.linkerd.cluster.local,,,
1615588123.729,response_latency_ms_sum,,,10.1.45.78:4191,linkerd-proxy,linkerd,,linkerd-prometheus-5bccd64d4d-jzwmt,,652,,,,,linkerd-prometheus,prometheus,linkerd,outbound,,5bccd64d4d,200,true,linkerd,10.1.45.96:4191,,linkerd,teastore-auth,teastore,teastore-auth-5c8f77dbb8-sx8wp,5c8f77dbb8,default,default.teastore.serviceaccount.identity.linkerd.cluster.local,,,
1615588133.729,response_latency_ms_sum,,,10.1.45.78:4191,linkerd-proxy,linkerd,,linkerd-prometheus-5bccd64d4d-jzwmt,,656,,,,,linkerd-prometheus,prometheus,linkerd,outbound,,5bccd64d4d,200,true,linkerd,10.1.45.96:4191,,linkerd,teastore-auth,teastore,teastore-auth-5c8f77dbb8-sx8wp,5c8f77dbb8,default,default.teastore.serviceaccount.identity.linkerd.cluster.local,,,
1615588143.729,response_latency_ms_sum,,,10.1.45.78:4191,linkerd-proxy,linkerd,,linkerd-prometheus-5bccd64d4d-jzwmt,,658,,,,,linkerd-prometheus,prometheus,linkerd,outbound,,5bccd64d4d,200,true,linkerd,10.1.45.96:4191,,linkerd,teastore-auth,teastore,teastore-auth-5c8f77dbb8-sx8wp,5c8f77dbb8,default,default.teastore.serviceaccount.identity.linkerd.cluster.local,,,
1615588153.729,response_latency_ms_sum,,,10.1.45.78:4191,linkerd-proxy,linkerd,,linkerd-prometheus-5bccd64d4d-jzwmt,,663,,,,,linkerd-prometheus,prometheus,linkerd,outbound,,5bccd64d4d,200,true,linkerd,10.1.45.96:4191,,linkerd,teastore-auth,teastore,teastore-auth-5c8f77dbb8-sx8wp,5c8f77dbb8,default,default.teastore.serviceaccount.identity.linkerd.cluster.local,,,
1615588163.729,response_latency_ms_sum,,,10.1.45.78:4191,linkerd-proxy,linkerd,,linkerd-prometheus-5bccd64d4d-jzwmt,,665,,,,,linkerd-prometheus,prometheus,linkerd,outbound,,5bccd64d4d,200,true,linkerd,10.1.45.96:4191,,linkerd,teastore-auth,teastore,teastore-auth-5c8f77dbb8-sx8wp,5c8f77dbb8,default,default.teastore.serviceaccount.identity.linkerd.cluster.local,,,
1615588173.729,response_latency_ms_sum,,,10.1.45.78:4191,linkerd-proxy,linkerd,,linkerd-prometheus-5bccd64d4d-jzwmt,,667,,,,,linkerd-prometheus,prometheus,linkerd,outbound,,5bccd64d4d,200,true,linkerd,10.1.45.96:4191,,linkerd,teastore-auth,teastore,teastore-auth-5c8f77dbb8-sx8wp,5c8f77dbb8,default,default.teastore.serviceaccount.identity.linkerd.cluster.local,,,
1615588183.729,response_latency_ms_sum,,,10.1.45.78:4191,linkerd-proxy,linkerd,,linkerd-prometheus-5bccd64d4d-jzwmt,,669,,,,,linkerd-prometheus,prometheus,linkerd,outbound,,5bccd64d4d,200,true,linkerd,10.1.45.96:4191,,linkerd,teastore-auth,teastore,teastore-auth-5c8f77dbb8-sx8wp,5c8f77dbb8,default,default.teastore.serviceaccount.identity.linkerd.cluster.local,,,
1615588193.731,response_latency_ms_sum,,,10.1.45.78:4191,linkerd-proxy,linkerd,,linkerd-prometheus-5bccd64d4d-jzwmt,,671,,,,,linkerd-prometheus,prometheus,linkerd,outbound,,5bccd64d4d,200,true,linkerd,10.1.45.96:4191,,linkerd,teastore-auth,teastore,teastore-auth-5c8f77dbb8-sx8wp,5c8f77dbb8,default,default.teastore.serviceaccount.identity.linkerd.cluster.local,,,
1615588203.729,response_latency_ms_sum,,,10.1.45.78:4191,linkerd-proxy,linkerd,,linkerd-prometheus-5bccd64d4d-jzwmt,,673,,,,,linkerd-prometheus,prometheus,linkerd,outbound,,5bccd64d4d,200,true,linkerd,10.1.45.96:4191,,linkerd,teastore-auth,teastore,teastore-auth-5c8f77dbb8-sx8wp,5c8f77dbb8,default,default.teastore.serviceaccount.identity.linkerd.cluster.local,,,
1615588093.729,response_latency_ms_sum,,,10.1.45.78:4191,linkerd-proxy,linkerd,,linkerd-prometheus-5bccd64d4d-jzwmt,,1112,,,,,linkerd-prometheus,prometheus,linkerd,outbound,,5bccd64d4d,200,true,linkerd,10.1.45.98:4191,,linkerd,teastore-image,teastore,teastore-image-77b5d74b7d-vt6qj,77b5d74b7d,default,default.teastore.serviceaccount.identity.linkerd.cluster.local,,,
1615588103.729,response_latency_ms_sum,,,10.1.45.78:4191,linkerd-proxy,linkerd,,linkerd-prometheus-5bccd64d4d-jzwmt,,1127,,,,,linkerd-prometheus,prometheus,linkerd,outbound,,5bccd64d4d,200,true,linkerd,10.1.45.98:4191,,linkerd,teastore-image,teastore,teastore-image-77b5d74b7d-vt6qj,77b5d74b7d,default,default.teastore.serviceaccount.identity.linkerd.cluster.local,,,
1615588113.729,response_latency_ms_sum,,,10.1.45.78:4191,linkerd-proxy,linkerd,,linkerd-prometheus-5bccd64d4d-jzwmt,,1128,,,,,linkerd-prometheus,prometheus,linkerd,outbound,,5bccd64d4d,200,true,linkerd,10.1.45.98:4191,,linkerd,teastore-image,teastore,teastore-image-77b5d74b7d-vt6qj,77b5d74b7d,default,default.teastore.serviceaccount.identity.linkerd.cluster.local,,,
1615588123.729,response_latency_ms_sum,,,10.1.45.78:4191,linkerd-proxy,linkerd,,linkerd-prometheus-5bccd64d4d-jzwmt,,1129,,,,,linkerd-prometheus,prometheus,linkerd,outbound,,5bccd64d4d,200,true,linkerd,10.1.45.98:4191,,linkerd,teastore-image,teastore,teastore-image-77b5d74b7d-vt6qj,77b5d74b7d,default,default.teastore.serviceaccount.identity.linkerd.cluster.local,,,
1615588133.729,response_latency_ms_sum,,,10.1.45.78:4191,linkerd-proxy,linkerd,,linkerd-prometheus-5bccd64d4d-jzwmt,,1132,,,,,linkerd-prometheus,prometheus,linkerd,outbound,,5bccd64d4d,200,true,linkerd,10.1.45.98:4191,,linkerd,teastore-image,teastore,teastore-image-77b5d74b7d-vt6qj,77b5d74b7d,default,default.teastore.serviceaccount.identity.linkerd.cluster.local,,,
1615588143.729,response_latency_ms_sum,,,10.1.45.78:4191,linkerd-proxy,linkerd,,linkerd-prometheus-5bccd64d4d-jzwmt,,1137,,,,,linkerd-prometheus,prometheus,linkerd,outbound,,5bccd64d4d,200,true,linkerd,10.1.45.98:4191,,linkerd,teastore-image,teastore,teastore-image-77b5d74b7d-vt6qj,77b5d74b7d,default,default.teastore.serviceaccount.identity.linkerd.cluster.local,,,
1615588153.729,response_latency_ms_sum,,,10.1.45.78:4191,linkerd-proxy,linkerd,,linkerd-prometheus-5bccd64d4d-jzwmt,,1141,,,,,linkerd-prometheus,prometheus,linkerd,outbound,,5bccd64d4d,200,true,linkerd,10.1.45.98:4191,,linkerd,teastore-image,teastore,teastore-image-77b5d74b7d-vt6qj,77b5d74b7d,default,default.teastore.serviceaccount.identity.linkerd.cluster.local,,,
1615588163.729,response_latency_ms_sum,,,10.1.45.78:4191,linkerd-proxy,linkerd,,linkerd-prometheus-5bccd64d4d-jzwmt,,1149,,,,,linkerd-prometheus,prometheus,linkerd,outbound,,5bccd64d4d,200,true,linkerd,10.1.45.98:4191,,linkerd,teastore-image,teastore,teastore-image-77b5d74b7d-vt6qj,77b5d74b7d,default,default.teastore.serviceaccount.identity.linkerd.cluster.local,,,
1615588173.729,response_latency_ms_sum,,,10.1.45.78:4191,linkerd-proxy,linkerd,,linkerd-prometheus-5bccd64d4d-jzwmt,,1152,,,,,linkerd-prometheus,prometheus,linkerd,outbound,,5bccd64d4d,200,true,linkerd,10.1.45.98:4191,,linkerd,teastore-image,teastore,teastore-image-77b5d74b7d-vt6qj,77b5d74b7d,default,default.teastore.serviceaccount.identity.linkerd.cluster.local,,,
1615588183.729,response_latency_ms_sum,,,10.1.45.78:4191,linkerd-proxy,linkerd,,linkerd-prometheus-5bccd64d4d-jzwmt,,1163,,,,,linkerd-prometheus,prometheus,linkerd,outbound,,5bccd64d4d,200,true,linkerd,10.1.45.98:4191,,linkerd,teastore-image,teastore,teastore-image-77b5d74b7d-vt6qj,77b5d74b7d,default,default.teastore.serviceaccount.identity.linkerd.cluster.local,,,
1615588193.731,response_latency_ms_sum,,,10.1.45.78:4191,linkerd-proxy,linkerd,,linkerd-prometheus-5bccd64d4d-jzwmt,,1164,,,,,linkerd-prometheus,prometheus,linkerd,outbound,,5bccd64d4d,200,true,linkerd,10.1.45.98:4191,,linkerd,teastore-image,teastore,teastore-image-77b5d74b7d-vt6qj,77b5d74b7d,default,default.teastore.serviceaccount.identity.linkerd.cluster.local,,,
1615588203.729,response_latency_ms_sum,,,10.1.45.78:4191,linkerd-proxy,linkerd,,linkerd-prometheus-5bccd64d4d-jzwmt,,1172,,,,,linkerd-prometheus,prometheus,linkerd,outbound,,5bccd64d4d,200,true,linkerd,10.1.45.98:4191,,linkerd,teastore-image,teastore,teastore-image-77b5d74b7d-vt6qj,77b5d74b7d,default,default.teastore.serviceaccount.identity.linkerd.cluster.local,,,
1615588093.729,response_latency_ms_sum,,,10.1.45.78:4191,linkerd-proxy,linkerd,,linkerd-prometheus-5bccd64d4d-jzwmt,,493,,,,,linkerd-prometheus,prometheus,linkerd,outbound,,5bccd64d4d,200,true,linkerd,10.1.45.95:4191,,linkerd,teastore-recommender,teastore,teastore-recommender-597fccb746-vtcxt,597fccb746,default,default.teastore.serviceaccount.identity.linkerd.cluster.local,,,
1615588103.729,response_latency_ms_sum,,,10.1.45.78:4191,linkerd-proxy,linkerd,,linkerd-prometheus-5bccd64d4d-jzwmt,,494,,,,,linkerd-prometheus,prometheus,linkerd,outbound,,5bccd64d4d,200,true,linkerd,10.1.45.95:4191,,linkerd,teastore-recommender,teastore,teastore-recommender-597fccb746-vtcxt,597fccb746,default,default.teastore.serviceaccount.identity.linkerd.cluster.local,,,
1615588113.729,response_latency_ms_sum,,,10.1.45.78:4191,linkerd-proxy,linkerd,,linkerd-prometheus-5bccd64d4d-jzwmt,,495,,,,,linkerd-prometheus,prometheus,linkerd,outbound,,5bccd64d4d,200,true,linkerd,10.1.45.95:4191,,linkerd,teastore-recommender,teastore,teastore-recommender-597fccb746-vtcxt,597fccb746,default,default.teastore.serviceaccount.identity.linkerd.cluster.local,,,
1615588123.729,response_latency_ms_sum,,,10.1.45.78:4191,linkerd-proxy,linkerd,,linkerd-prometheus-5bccd64d4d-jzwmt,,496,,,,,linkerd-prometheus,prometheus,linkerd,outbound,,5bccd64d4d,200,true,linkerd,10.1.45.95:4191,,linkerd,teastore-recommender,teastore,teastore-recommender-597fccb746-vtcxt,597fccb746,default,default.teastore.serviceaccount.identity.linkerd.cluster.local,,,
1615588133.729,response_latency_ms_sum,,,10.1.45.78:4191,linkerd-proxy,linkerd,,linkerd-prometheus-5bccd64d4d-jzwmt,,498,,,,,linkerd-prometheus,prometheus,linkerd,outbound,,5bccd64d4d,200,true,linkerd,10.1.45.95:4191,,linkerd,teastore-recommender,teastore,teastore-recommender-597fccb746-vtcxt,597fccb746,default,default.teastore.serviceaccount.identity.linkerd.cluster.local,,,
1615588143.729,response_latency_ms_sum,,,10.1.45.78:4191,linkerd-proxy,linkerd,,linkerd-prometheus-5bccd64d4d-jzwmt,,499,,,,,linkerd-prometheus,prometheus,linkerd,outbound,,5bccd64d4d,200,true,linkerd,10.1.45.95:4191,,linkerd,teastore-recommender,teastore,teastore-recommender-597fccb746-vtcxt,597fccb746,default,default.teastore.serviceaccount.identity.linkerd.cluster.local,,,
1615588153.729,response_latency_ms_sum,,,10.1.45.78:4191,linkerd-proxy,linkerd,,linkerd-prometheus-5bccd64d4d-jzwmt,,500,,,,,linkerd-prometheus,prometheus,linkerd,outbound,,5bccd64d4d,200,true,linkerd,10.1.45.95:4191,,linkerd,teastore-recommender,teastore,teastore-recommender-597fccb746-vtcxt,597fccb746,default,default.teastore.serviceaccount.identity.linkerd.cluster.local,,,
1615588163.729,response_latency_ms_sum,,,10.1.45.78:4191,linkerd-proxy,linkerd,,linkerd-prometheus-5bccd64d4d-jzwmt,,501,,,,,linkerd-prometheus,prometheus,linkerd,outbound,,5bccd64d4d,200,true,linkerd,10.1.45.95:4191,,linkerd,teastore-recommender,teastore,teastore-recommender-597fccb746-vtcxt,597fccb746,default,default.teastore.serviceaccount.identity.linkerd.cluster.local,,,
1615588173.729,response_latency_ms_sum,,,10.1.45.78:4191,linkerd-proxy,linkerd,,linkerd-prometheus-5bccd64d4d-jzwmt,,502,,,,,linkerd-prometheus,prometheus,linkerd,outbound,,5bccd64d4d,200,true,linkerd,10.1.45.95:4191,,linkerd,teastore-recommender,teastore,teastore-recommender-597fccb746-vtcxt,597fccb746,default,default.teastore.serviceaccount.identity.linkerd.cluster.local,,,
1615588183.729,response_latency_ms_sum,,,10.1.45.78:4191,linkerd-proxy,linkerd,,linkerd-prometheus-5bccd64d4d-jzwmt,,504,,,,,linkerd-prometheus,prometheus,linkerd,outbound,,5bccd64d4d,200,true,linkerd,10.1.45.95:4191,,linkerd,teastore-recommender,teastore,teastore-recommender-597fccb746-vtcxt,597fccb746,default,default.teastore.serviceaccount.identity.linkerd.cluster.local,,,
1615588193.731,response_latency_ms_sum,,,10.1.45.78:4191,linkerd-proxy,linkerd,,linkerd-prometheus-5bccd64d4d-jzwmt,,505,,,,,linkerd-prometheus,prometheus,linkerd,outbound,,5bccd64d4d,200,true,linkerd,10.1.45.95:4191,,linkerd,teastore-recommender,teastore,teastore-recommender-597fccb746-vtcxt,597fccb746,default,default.teastore.serviceaccount.identity.linkerd.cluster.local,,,
1615588203.729,response_latency_ms_sum,,,10.1.45.78:4191,linkerd-proxy,linkerd,,linkerd-prometheus-5bccd64d4d-jzwmt,,507,,,,,linkerd-prometheus,prometheus,linkerd,outbound,,5bccd64d4d,200,true,linkerd,10.1.45.95:4191,,linkerd,teastore-recommender,teastore,teastore-recommender-597fccb746-vtcxt,597fccb746,default,default.teastore.serviceaccount.identity.linkerd.cluster.local,,,
1615588093.729,response_latency_ms_sum,,,10.1.45.78:4191,linkerd-proxy,linkerd,,linkerd-prometheus-5bccd64d4d-jzwmt,,1196,,,,,linkerd-prometheus,prometheus,linkerd,outbound,,5bccd64d4d,200,true,linkerd,10.1.45.99:4191,,linkerd,teastore-persistence,teastore,teastore-persistence-d9666cc75-l847s,d9666cc75,default,default.teastore.serviceaccount.identity.linkerd.cluster.local,,,
1615588103.729,response_latency_ms_sum,,,10.1.45.78:4191,linkerd-proxy,linkerd,,linkerd-prometheus-5bccd64d4d-jzwmt,,1209,,,,,linkerd-prometheus,prometheus,linkerd,outbound,,5bccd64d4d,200,true,linkerd,10.1.45.99:4191,,linkerd,teastore-persistence,teastore,teastore-persistence-d9666cc75-l847s,d9666cc75,default,default.teastore.serviceaccount.identity.linkerd.cluster.local,,,
1615588113.729,response_latency_ms_sum,,,10.1.45.78:4191,linkerd-proxy,linkerd,,linkerd-prometheus-5bccd64d4d-jzwmt,,1216,,,,,linkerd-prometheus,prometheus,linkerd,outbound,,5bccd64d4d,200,true,linkerd,10.1.45.99:4191,,linkerd,teastore-persistence,teastore,teastore-persistence-d9666cc75-l847s,d9666cc75,default,default.teastore.serviceaccount.identity.linkerd.cluster.local,,,
1615588123.729,response_latency_ms_sum,,,10.1.45.78:4191,linkerd-proxy,linkerd,,linkerd-prometheus-5bccd64d4d-jzwmt,,1219,,,,,linkerd-prometheus,prometheus,linkerd,outbound,,5bccd64d4d,200,true,linkerd,10.1.45.99:4191,,linkerd,teastore-persistence,teastore,teastore-persistence-d9666cc75-l847s,d9666cc75,default,default.teastore.serviceaccount.identity.linkerd.cluster.local,,,
1615588133.729,response_latency_ms_sum,,,10.1.45.78:4191,linkerd-proxy,linkerd,,linkerd-prometheus-5bccd64d4d-jzwmt,,1229,,,,,linkerd-prometheus,prometheus,linkerd,outbound,,5bccd64d4d,200,true,linkerd,10.1.45.99:4191,,linkerd,teastore-persistence,teastore,teastore-persistence-d9666cc75-l847s,d9666cc75,default,default.teastore.serviceaccount.identity.linkerd.cluster.local,,,
1615588143.729,response_latency_ms_sum,,,10.1.45.78:4191,linkerd-proxy,linkerd,,linkerd-prometheus-5bccd64d4d-jzwmt,,1231,,,,,linkerd-prometheus,prometheus,linkerd,outbound,,5bccd64d4d,200,true,linkerd,10.1.45.99:4191,,linkerd,teastore-persistence,teastore,teastore-persistence-d9666cc75-l847s,d9666cc75,default,default.teastore.serviceaccount.identity.linkerd.cluster.local,,,
1615588153.729,response_latency_ms_sum,,,10.1.45.78:4191,linkerd-proxy,linkerd,,linkerd-prometheus-5bccd64d4d-jzwmt,,1238,,,,,linkerd-prometheus,prometheus,linkerd,outbound,,5bccd64d4d,200,true,linkerd,10.1.45.99:4191,,linkerd,teastore-persistence,teastore,teastore-persistence-d9666cc75-l847s,d9666cc75,default,default.teastore.serviceaccount.identity.linkerd.cluster.local,,,
1615588163.729,response_latency_ms_sum,,,10.1.45.78:4191,linkerd-proxy,linkerd,,linkerd-prometheus-5bccd64d4d-jzwmt,,1240,,,,,linkerd-prometheus,prometheus,linkerd,outbound,,5bccd64d4d,200,true,linkerd,10.1.45.99:4191,,linkerd,teastore-persistence,teastore,teastore-persistence-d9666cc75-l847s,d9666cc75,default,default.teastore.serviceaccount.identity.linkerd.cluster.local,,,
1615588173.729,response_latency_ms_sum,,,10.1.45.78:4191,linkerd-proxy,linkerd,,linkerd-prometheus-5bccd64d4d-jzwmt,,1245,,,,,linkerd-prometheus,prometheus,linkerd,outbound,,5bccd64d4d,200,true,linkerd,10.1.45.99:4191,,linkerd,teastore-persistence,teastore,teastore-persistence-d9666cc75-l847s,d9666cc75,default,default.teastore.serviceaccount.identity.linkerd.cluster.local,,,
1615588183.729,response_latency_ms_sum,,,10.1.45.78:4191,linkerd-proxy,linkerd,,linkerd-prometheus-5bccd64d4d-jzwmt,,1254,,,,,linkerd-prometheus,prometheus,linkerd,outbound,,5bccd64d4d,200,true,linkerd,10.1.45.99:4191,,linkerd,teastore-persistence,teastore,teastore-persistence-d9666cc75-l847s,d9666cc75,default,default.teastore.serviceaccount.identity.linkerd.cluster.local,,,
1615588193.731,response_latency_ms_sum,,,10.1.45.78:4191,linkerd-proxy,linkerd,,linkerd-prometheus-5bccd64d4d-jzwmt,,1267,,,,,linkerd-prometheus,prometheus,linkerd,outbound,,5bccd64d4d,200,true,linkerd,10.1.45.99:4191,,linkerd,teastore-persistence,teastore,teastore-persistence-d9666cc75-l847s,d9666cc75,default,default.teastore.serviceaccount.identity.linkerd.cluster.local,,,
1615588203.729,response_latency_ms_sum,,,10.1.45.78:4191,linkerd-proxy,linkerd,,linkerd-prometheus-5bccd64d4d-jzwmt,,1276,,,,,linkerd-prometheus,prometheus,linkerd,outbound,,5bccd64d4d,200,true,linkerd,10.1.45.99:4191,,linkerd,teastore-persistence,teastore,teastore-persistence-d9666cc75-l847s,d9666cc75,default,default.teastore.serviceaccount.identity.linkerd.cluster.local,,,
1615588093.729,response_latency_ms_sum,,,10.1.45.78:4191,linkerd-proxy,linkerd,,linkerd-prometheus-5bccd64d4d-jzwmt,,221,,,,,linkerd-prometheus,prometheus,linkerd,outbound,,5bccd64d4d,200,true,linkerd,10.1.45.101:4191,,linkerd,teastore-registry,teastore,teastore-registry-c8b58678f-bf8xh,c8b58678f,default,default.teastore.serviceaccount.identity.linkerd.cluster.local,,,
1615588103.729,response_latency_ms_sum,,,10.1.45.78:4191,linkerd-proxy,linkerd,,linkerd-prometheus-5bccd64d4d-jzwmt,,222,,,,,linkerd-prometheus,prometheus,linkerd,outbound,,5bccd64d4d,200,true,linkerd,10.1.45.101:4191,,linkerd,teastore-registry,teastore,teastore-registry-c8b58678f-bf8xh,c8b58678f,default,default.teastore.serviceaccount.identity.linkerd.cluster.local,,,
1615588113.729,response_latency_ms_sum,,,10.1.45.78:4191,linkerd-proxy,linkerd,,linkerd-prometheus-5bccd64d4d-jzwmt,,222,,,,,linkerd-prometheus,prometheus,linkerd,outbound,,5bccd64d4d,200,true,linkerd,10.1.45.101:4191,,linkerd,teastore-registry,teastore,teastore-registry-c8b58678f-bf8xh,c8b58678f,default,default.teastore.serviceaccount.identity.linkerd.cluster.local,,,
1615588123.729,response_latency_ms_sum,,,10.1.45.78:4191,linkerd-proxy,linkerd,,linkerd-prometheus-5bccd64d4d-jzwmt,,223,,,,,linkerd-prometheus,prometheus,linkerd,outbound,,5bccd64d4d,200,true,linkerd,10.1.45.101:4191,,linkerd,teastore-registry,teastore,teastore-registry-c8b58678f-bf8xh,c8b58678f,default,default.teastore.serviceaccount.identity.linkerd.cluster.local,,,
1615588133.729,response_latency_ms_sum,,,10.1.45.78:4191,linkerd-proxy,linkerd,,linkerd-prometheus-5bccd64d4d-jzwmt,,224,,,,,linkerd-prometheus,prometheus,linkerd,outbound,,5bccd64d4d,200,true,linkerd,10.1.45.101:4191,,linkerd,teastore-registry,teastore,teastore-registry-c8b58678f-bf8xh,c8b58678f,default,default.teastore.serviceaccount.identity.linkerd.cluster.local,,,
1615588143.729,response_latency_ms_sum,,,10.1.45.78:4191,linkerd-proxy,linkerd,,linkerd-prometheus-5bccd64d4d-jzwmt,,225,,,,,linkerd-prometheus,prometheus,linkerd,outbound,,5bccd64d4d,200,true,linkerd,10.1.45.101:4191,,linkerd,teastore-registry,teastore,teastore-registry-c8b58678f-bf8xh,c8b58678f,default,default.teastore.serviceaccount.identity.linkerd.cluster.local,,,
1615588153.729,response_latency_ms_sum,,,10.1.45.78:4191,linkerd-proxy,linkerd,,linkerd-prometheus-5bccd64d4d-jzwmt,,226,,,,,linkerd-prometheus,prometheus,linkerd,outbound,,5bccd64d4d,200,true,linkerd,10.1.45.101:4191,,linkerd,teastore-registry,teastore,teastore-registry-c8b58678f-bf8xh,c8b58678f,default,default.teastore.serviceaccount.identity.linkerd.cluster.local,,,
1615588163.729,response_latency_ms_sum,,,10.1.45.78:4191,linkerd-proxy,linkerd,,linkerd-prometheus-5bccd64d4d-jzwmt,,227,,,,,linkerd-prometheus,prometheus,linkerd,outbound,,5bccd64d4d,200,true,linkerd,10.1.45.101:4191,,linkerd,teastore-registry,teastore,teastore-registry-c8b58678f-bf8xh,c8b58678f,default,default.teastore.serviceaccount.identity.linkerd.cluster.local,,,
1615588173.729,response_latency_ms_sum,,,10.1.45.78:4191,linkerd-proxy,linkerd,,linkerd-prometheus-5bccd64d4d-jzwmt,,228,,,,,linkerd-prometheus,prometheus,linkerd,outbound,,5bccd64d4d,200,true,linkerd,10.1.45.101:4191,,linkerd,teastore-registry,teastore,teastore-registry-c8b58678f-bf8xh,c8b58678f,default,default.teastore.serviceaccount.identity.linkerd.cluster.local,,,
1615588183.729,response_latency_ms_sum,,,10.1.45.78:4191,linkerd-proxy,linkerd,,linkerd-prometheus-5bccd64d4d-jzwmt,,229,,,,,linkerd-prometheus,prometheus,linkerd,outbound,,5bccd64d4d,200,true,linkerd,10.1.45.101:4191,,linkerd,teastore-registry,teastore,teastore-registry-c8b58678f-bf8xh,c8b58678f,default,default.teastore.serviceaccount.identity.linkerd.cluster.local,,,
1615588193.731,response_latency_ms_sum,,,10.1.45.78:4191,linkerd-proxy,linkerd,,linkerd-prometheus-5bccd64d4d-jzwmt,,230,,,,,linkerd-prometheus,prometheus,linkerd,outbound,,5bccd64d4d,200,true,linkerd,10.1.45.101:4191,,linkerd,teastore-registry,teastore,teastore-registry-c8b58678f-bf8xh,c8b58678f,default,default.teastore.serviceaccount.identity.linkerd.cluster.local,,,
1615588203.729,response_latency_ms_sum,,,10.1.45.78:4191,linkerd-proxy,linkerd,,linkerd-prometheus-5bccd64d4d-jzwmt,,231,,,,,linkerd-prometheus,prometheus,linkerd,outbound,,5bccd64d4d,200,true,linkerd,10.1.45.101:4191,,linkerd,teastore-registry,teastore,teastore-registry-c8b58678f-bf8xh,c8b58678f,default,default.teastore.serviceaccount.identity.linkerd.cluster.local,,,
1615588093.729,response_latency_ms_sum,,,10.1.45.78:4191,linkerd-proxy,linkerd,,linkerd-prometheus-5bccd64d4d-jzwmt,,26,,,,,linkerd-prometheus,prometheus,linkerd,outbound,,5bccd64d4d,200,true,linkerd,10.1.45.100:4191,,linkerd,teastore-db,teastore,teastore-db-9ff58bdbd-6tvz4,9ff58bdbd,default,default.teastore.serviceaccount.identity.linkerd.cluster.local,,,
1615588103.729,response_latency_ms_sum,,,10.1.45.78:4191,linkerd-proxy,linkerd,,linkerd-prometheus-5bccd64d4d-jzwmt,,26,,,,,linkerd-prometheus,prometheus,linkerd,outbound,,5bccd64d4d,200,true,linkerd,10.1.45.100:4191,,linkerd,teastore-db,teastore,teastore-db-9ff58bdbd-6tvz4,9ff58bdbd,default,default.teastore.serviceaccount.identity.linkerd.cluster.local,,,
1615588113.729,response_latency_ms_sum,,,10.1.45.78:4191,linkerd-proxy,linkerd,,linkerd-prometheus-5bccd64d4d-jzwmt,,26,,,,,linkerd-prometheus,prometheus,linkerd,outbound,,5bccd64d4d,200,true,linkerd,10.1.45.100:4191,,linkerd,teastore-db,teastore,teastore-db-9ff58bdbd-6tvz4,9ff58bdbd,default,default.teastore.serviceaccount.identity.linkerd.cluster.local,,,
1615588123.729,response_latency_ms_sum,,,10.1.45.78:4191,linkerd-proxy,linkerd,,linkerd-prometheus-5bccd64d4d-jzwmt,,26,,,,,linkerd-prometheus,prometheus,linkerd,outbound,,5bccd64d4d,200,true,linkerd,10.1.45.100:4191,,linkerd,teastore-db,teastore,teastore-db-9ff58bdbd-6tvz4,9ff58bdbd,default,default.teastore.serviceaccount.identity.linkerd.cluster.local,,,
1615588133.729,response_latency_ms_sum,,,10.1.45.78:4191,linkerd-proxy,linkerd,,linkerd-prometheus-5bccd64d4d-jzwmt,,26,,,,,linkerd-prometheus,prometheus,linkerd,outbound,,5bccd64d4d,200,true,linkerd,10.1.45.100:4191,,linkerd,teastore-db,teastore,teastore-db-9ff58bdbd-6tvz4,9ff58bdbd,default,default.teastore.serviceaccount.identity.linkerd.cluster.local,,,
1615588143.729,response_latency_ms_sum,,,10.1.45.78:4191,linkerd-proxy,linkerd,,linkerd-prometheus-5bccd64d4d-jzwmt,,26,,,,,linkerd-prometheus,prometheus,linkerd,outbound,,5bccd64d4d,200,true,linkerd,10.1.45.100:4191,,linkerd,teastore-db,teastore,teastore-db-9ff58bdbd-6tvz4,9ff58bdbd,default,default.teastore.serviceaccount.identity.linkerd.cluster.local,,,
1615588153.729,response_latency_ms_sum,,,10.1.45.78:4191,linkerd-proxy,linkerd,,linkerd-prometheus-5bccd64d4d-jzwmt,,26,,,,,linkerd-prometheus,prometheus,linkerd,outbound,,5bccd64d4d,200,true,linkerd,10.1.45.100:4191,,linkerd,teastore-db,teastore,teastore-db-9ff58bdbd-6tvz4,9ff58bdbd,default,default.teastore.serviceaccount.identity.linkerd.cluster.local,,,
1615588163.729,response_latency_ms_sum,,,10.1.45.78:4191,linkerd-proxy,linkerd,,linkerd-prometheus-5bccd64d4d-jzwmt,,26,,,,,linkerd-prometheus,prometheus,linkerd,outbound,,5bccd64d4d,200,true,linkerd,10.1.45.100:4191,,linkerd,teastore-db,teastore,teastore-db-9ff58bdbd-6tvz4,9ff58bdbd,default,default.teastore.serviceaccount.identity.linkerd.cluster.local,,,
1615588173.729,response_latency_ms_sum,,,10.1.45.78:4191,linkerd-proxy,linkerd,,linkerd-prometheus-5bccd64d4d-jzwmt,,26,,,,,linkerd-prometheus,prometheus,linkerd,outbound,,5bccd64d4d,200,true,linkerd,10.1.45.100:4191,,linkerd,teastore-db,teastore,teastore-db-9ff58bdbd-6tvz4,9ff58bdbd,default,default.teastore.serviceaccount.identity.linkerd.cluster.local,,,
1615588183.729,response_latency_ms_sum,,,10.1.45.78:4191,linkerd-proxy,linkerd,,linkerd-prometheus-5bccd64d4d-jzwmt,,26,,,,,linkerd-prometheus,prometheus,linkerd,outbound,,5bccd64d4d,200,true,linkerd,10.1.45.100:4191,,linkerd,teastore-db,teastore,teastore-db-9ff58bdbd-6tvz4,9ff58bdbd,default,default.teastore.serviceaccount.identity.linkerd.cluster.local,,,
1615588193.731,response_latency_ms_sum,,,10.1.45.78:4191,linkerd-proxy,linkerd,,linkerd-prometheus-5bccd64d4d-jzwmt,,26,,,,,linkerd-prometheus,prometheus,linkerd,outbound,,5bccd64d4d,200,true,linkerd,10.1.45.100:4191,,linkerd,teastore-db,teastore,teastore-db-9ff58bdbd-6tvz4,9ff58bdbd,default,default.teastore.serviceaccount.identity.linkerd.cluster.local,,,
1615588203.729,response_latency_ms_sum,,,10.1.45.78:4191,linkerd-proxy,linkerd,,linkerd-prometheus-5bccd64d4d-jzwmt,,26,,,,,linkerd-prometheus,prometheus,linkerd,outbound,,5bccd64d4d,200,true,linkerd,10.1.45.100:4191,,linkerd,teastore-db,teastore,teastore-db-9ff58bdbd-6tvz4,9ff58bdbd,default,default.teastore.serviceaccount.identity.linkerd.cluster.local,,,
1615588092.013,response_latency_ms_sum,,,10.1.45.96:4191,linkerd-proxy,teastore,,teastore-auth-5c8f77dbb8-sx8wp,,7291,,,,,teastore-auth,,linkerd,outbound,,5c8f77dbb8,200,true,teastore,teastore-registry.teastore.svc.cluster.local:8080,,linkerd,teastore-registry,teastore,teastore-registry-c8b58678f-bf8xh,c8b58678f,default,default.teastore.serviceaccount.identity.linkerd.cluster.local,teastore,teastore-registry,teastore-auth
1615588102.013,response_latency_ms_sum,,,10.1.45.96:4191,linkerd-proxy,teastore,,teastore-auth-5c8f77dbb8-sx8wp,,7322,,,,,teastore-auth,,linkerd,outbound,,5c8f77dbb8,200,true,teastore,teastore-registry.teastore.svc.cluster.local:8080,,linkerd,teastore-registry,teastore,teastore-registry-c8b58678f-bf8xh,c8b58678f,default,default.teastore.serviceaccount.identity.linkerd.cluster.local,teastore,teastore-registry,teastore-auth
1615588112.013,response_latency_ms_sum,,,10.1.45.96:4191,linkerd-proxy,teastore,,teastore-auth-5c8f77dbb8-sx8wp,,7336,,,,,teastore-auth,,linkerd,outbound,,5c8f77dbb8,200,true,teastore,teastore-registry.teastore.svc.cluster.local:8080,,linkerd,teastore-registry,teastore,teastore-registry-c8b58678f-bf8xh,c8b58678f,default,default.teastore.serviceaccount.identity.linkerd.cluster.local,teastore,teastore-registry,teastore-auth
1615588122.013,response_latency_ms_sum,,,10.1.45.96:4191,linkerd-proxy,teastore,,teastore-auth-5c8f77dbb8-sx8wp,,7366,,,,,teastore-auth,,linkerd,outbound,,5c8f77dbb8,200,true,teastore,teastore-registry.teastore.svc.cluster.local:8080,,linkerd,teastore-registry,teastore,teastore-registry-c8b58678f-bf8xh,c8b58678f,default,default.teastore.serviceaccount.identity.linkerd.cluster.local,teastore,teastore-registry,teastore-auth
1615588132.013,response_latency_ms_sum,,,10.1.45.96:4191,linkerd-proxy,teastore,,teastore-auth-5c8f77dbb8-sx8wp,,7386,,,,,teastore-auth,,linkerd,outbound,,5c8f77dbb8,200,true,teastore,teastore-registry.teastore.svc.cluster.local:8080,,linkerd,teastore-registry,teastore,teastore-registry-c8b58678f-bf8xh,c8b58678f,default,default.teastore.serviceaccount.identity.linkerd.cluster.local,teastore,teastore-registry,teastore-auth
1615588142.013,response_latency_ms_sum,,,10.1.45.96:4191,linkerd-proxy,teastore,,teastore-auth-5c8f77dbb8-sx8wp,,7434,,,,,teastore-auth,,linkerd,outbound,,5c8f77dbb8,200,true,teastore,teastore-registry.teastore.svc.cluster.local:8080,,linkerd,teastore-registry,teastore,teastore-registry-c8b58678f-bf8xh,c8b58678f,default,default.teastore.serviceaccount.identity.linkerd.cluster.local,teastore,teastore-registry,teastore-auth
1615588152.013,response_latency_ms_sum,,,10.1.45.96:4191,linkerd-proxy,teastore,,teastore-auth-5c8f77dbb8-sx8wp,,7483,,,,,teastore-auth,,linkerd,outbound,,5c8f77dbb8,200,true,teastore,teastore-registry.teastore.svc.cluster.local:8080,,linkerd,teastore-registry,teastore,teastore-registry-c8b58678f-bf8xh,c8b58678f,default,default.teastore.serviceaccount.identity.linkerd.cluster.local,teastore,teastore-registry,teastore-auth
1615588162.013,response_latency_ms_sum,,,10.1.45.96:4191,linkerd-proxy,teastore,,teastore-auth-5c8f77dbb8-sx8wp,,7536,,,,,teastore-auth,,linkerd,outbound,,5c8f77dbb8,200,true,teastore,teastore-registry.teastore.svc.cluster.local:8080,,linkerd,teastore-registry,teastore,teastore-registry-c8b58678f-bf8xh,c8b58678f,default,default.teastore.serviceaccount.identity.linkerd.cluster.local,teastore,teastore-registry,teastore-auth
1615588172.013,response_latency_ms_sum,,,10.1.45.96:4191,linkerd-proxy,teastore,,teastore-auth-5c8f77dbb8-sx8wp,,7573,,,,,teastore-auth,,linkerd,outbound,,5c8f77dbb8,200,true,teastore,teastore-registry.teastore.svc.cluster.local:8080,,linkerd,teastore-registry,teastore,teastore-registry-c8b58678f-bf8xh,c8b58678f,default,default.teastore.serviceaccount.identity.linkerd.cluster.local,teastore,teastore-registry,teastore-auth
1615588182.013,response_latency_ms_sum,,,10.1.45.96:4191,linkerd-proxy,teastore,,teastore-auth-5c8f77dbb8-sx8wp,,7600,,,,,teastore-auth,,linkerd,outbound,,5c8f77dbb8,200,true,teastore,teastore-registry.teastore.svc.cluster.local:8080,,linkerd,teastore-registry,teastore,teastore-registry-c8b58678f-bf8xh,c8b58678f,default,default.teastore.serviceaccount.identity.linkerd.cluster.local,teastore,teastore-registry,teastore-auth
1615588192.013,response_latency_ms_sum,,,10.1.45.96:4191,linkerd-proxy,teastore,,teastore-auth-5c8f77dbb8-sx8wp,,7636,,,,,teastore-auth,,linkerd,outbound,,5c8f77dbb8,200,true,teastore,teastore-registry.teastore.svc.cluster.local:8080,,linkerd,teastore-registry,teastore,teastore-registry-c8b58678f-bf8xh,c8b58678f,default,default.teastore.serviceaccount.identity.linkerd.cluster.local,teastore,teastore-registry,teastore-auth
1615588202.014,response_latency_ms_sum,,,10.1.45.96:4191,linkerd-proxy,teastore,,teastore-auth-5c8f77dbb8-sx8wp,,7671,,,,,teastore-auth,,linkerd,outbound,,5c8f77dbb8,200,true,teastore,teastore-registry.teastore.svc.cluster.local:8080,,linkerd,teastore-registry,teastore,teastore-registry-c8b58678f-bf8xh,c8b58678f,default,default.teastore.serviceaccount.identity.linkerd.cluster.local,teastore,teastore-registry,teastore-auth
1615588092.013,response_latency_ms_sum,,,10.1.45.96:4191,linkerd-proxy,teastore,,teastore-auth-5c8f77dbb8-sx8wp,,5,,,,,teastore-auth,,linkerd,outbound,,5c8f77dbb8,201,true,teastore,teastore-registry.teastore.svc.cluster.local:8080,,linkerd,teastore-registry,teastore,teastore-registry-c8b58678f-bf8xh,c8b58678f,default,default.teastore.serviceaccount.identity.linkerd.cluster.local,teastore,teastore-registry,teastore-auth
1615588102.013,response_latency_ms_sum,,,10.1.45.96:4191,linkerd-proxy,teastore,,teastore-auth-5c8f77dbb8-sx8wp,,5,,,,,teastore-auth,,linkerd,outbound,,5c8f77dbb8,201,true,teastore,teastore-registry.teastore.svc.cluster.local:8080,,linkerd,teastore-registry,teastore,teastore-registry-c8b58678f-bf8xh,c8b58678f,default,default.teastore.serviceaccount.identity.linkerd.cluster.local,teastore,teastore-registry,teastore-auth
1615588112.013,response_latency_ms_sum,,,10.1.45.96:4191,linkerd-proxy,teastore,,teastore-auth-5c8f77dbb8-sx8wp,,5,,,,,teastore-auth,,linkerd,outbound,,5c8f77dbb8,201,true,teastore,teastore-registry.teastore.svc.cluster.local:8080,,linkerd,teastore-registry,teastore,teastore-registry-c8b58678f-bf8xh,c8b58678f,default,default.teastore.serviceaccount.identity.linkerd.cluster.local,teastore,teastore-registry,teastore-auth
1615588122.013,response_latency_ms_sum,,,10.1.45.96:4191,linkerd-proxy,teastore,,teastore-auth-5c8f77dbb8-sx8wp,,5,,,,,teastore-auth,,linkerd,outbound,,5c8f77dbb8,201,true,teastore,teastore-registry.teastore.svc.cluster.local:8080,,linkerd,teastore-registry,teastore,teastore-registry-c8b58678f-bf8xh,c8b58678f,default,default.teastore.serviceaccount.identity.linkerd.cluster.local,teastore,teastore-registry,teastore-auth
1615588132.013,response_latency_ms_sum,,,10.1.45.96:4191,linkerd-proxy,teastore,,teastore-auth-5c8f77dbb8-sx8wp,,5,,,,,teastore-auth,,linkerd,outbound,,5c8f77dbb8,201,true,teastore,teastore-registry.teastore.svc.cluster.local:8080,,linkerd,teastore-registry,teastore,teastore-registry-c8b58678f-bf8xh,c8b58678f,default,default.teastore.serviceaccount.identity.linkerd.cluster.local,teastore,teastore-registry,teastore-auth
1615588142.013,response_latency_ms_sum,,,10.1.45.96:4191,linkerd-proxy,teastore,,teastore-auth-5c8f77dbb8-sx8wp,,5,,,,,teastore-auth,,linkerd,outbound,,5c8f77dbb8,201,true,teastore,teastore-registry.teastore.svc.cluster.local:8080,,linkerd,teastore-registry,teastore,teastore-registry-c8b58678f-bf8xh,c8b58678f,default,default.teastore.serviceaccount.identity.linkerd.cluster.local,teastore,teastore-registry,teastore-auth
1615588152.013,response_latency_ms_sum,,,10.1.45.96:4191,linkerd-proxy,teastore,,teastore-auth-5c8f77dbb8-sx8wp,,5,,,,,teastore-auth,,linkerd,outbound,,5c8f77dbb8,201,true,teastore,teastore-registry.teastore.svc.cluster.local:8080,,linkerd,teastore-registry,teastore,teastore-registry-c8b58678f-bf8xh,c8b58678f,default,default.teastore.serviceaccount.identity.linkerd.cluster.local,teastore,teastore-registry,teastore-auth
1615588162.013,response_latency_ms_sum,,,10.1.45.96:4191,linkerd-proxy,teastore,,teastore-auth-5c8f77dbb8-sx8wp,,5,,,,,teastore-auth,,linkerd,outbound,,5c8f77dbb8,201,true,teastore,teastore-registry.teastore.svc.cluster.local:8080,,linkerd,teastore-registry,teastore,teastore-registry-c8b58678f-bf8xh,c8b58678f,default,default.teastore.serviceaccount.identity.linkerd.cluster.local,teastore,teastore-registry,teastore-auth
1615588172.013,response_latency_ms_sum,,,10.1.45.96:4191,linkerd-proxy,teastore,,teastore-auth-5c8f77dbb8-sx8wp,,5,,,,,teastore-auth,,linkerd,outbound,,5c8f77dbb8,201,true,teastore,teastore-registry.teastore.svc.cluster.local:8080,,linkerd,teastore-registry,teastore,teastore-registry-c8b58678f-bf8xh,c8b58678f,default,default.teastore.serviceaccount.identity.linkerd.cluster.local,teastore,teastore-registry,teastore-auth
1615588182.013,response_latency_ms_sum,,,10.1.45.96:4191,linkerd-proxy,teastore,,teastore-auth-5c8f77dbb8-sx8wp,,5,,,,,teastore-auth,,linkerd,outbound,,5c8f77dbb8,201,true,teastore,teastore-registry.teastore.svc.cluster.local:8080,,linkerd,teastore-registry,teastore,teastore-registry-c8b58678f-bf8xh,c8b58678f,default,default.teastore.serviceaccount.identity.linkerd.cluster.local,teastore,teastore-registry,teastore-auth
1615588192.013,response_latency_ms_sum,,,10.1.45.96:4191,linkerd-proxy,teastore,,teastore-auth-5c8f77dbb8-sx8wp,,5,,,,,teastore-auth,,linkerd,outbound,,5c8f77dbb8,201,true,teastore,teastore-registry.teastore.svc.cluster.local:8080,,linkerd,teastore-registry,teastore,teastore-registry-c8b58678f-bf8xh,c8b58678f,default,default.teastore.serviceaccount.identity.linkerd.cluster.local,teastore,teastore-registry,teastore-auth
1615588202.014,response_latency_ms_sum,,,10.1.45.96:4191,linkerd-proxy,teastore,,teastore-auth-5c8f77dbb8-sx8wp,,5,,,,,teastore-auth,,linkerd,outbound,,5c8f77dbb8,201,true,teastore,teastore-registry.teastore.svc.cluster.local:8080,,linkerd,teastore-registry,teastore,teastore-registry-c8b58678f-bf8xh,c8b58678f,default,default.teastore.serviceaccount.identity.linkerd.cluster.local,teastore,teastore-registry,teastore-auth
1615588092.789,response_latency_ms_sum,,,10.1.45.98:4191,linkerd-proxy,teastore,,teastore-image-77b5d74b7d-vt6qj,,2749,,,,,teastore-image,,linkerd,outbound,,77b5d74b7d,200,true,teastore,teastore-registry.teastore.svc.cluster.local:8080,,linkerd,teastore-registry,teastore,teastore-registry-c8b58678f-bf8xh,c8b58678f,default,default.teastore.serviceaccount.identity.linkerd.cluster.local,teastore,teastore-registry,teastore-image
1615588102.789,response_latency_ms_sum,,,10.1.45.98:4191,linkerd-proxy,teastore,,teastore-image-77b5d74b7d-vt6qj,,2751,,,,,teastore-image,,linkerd,outbound,,77b5d74b7d,200,true,teastore,teastore-registry.teastore.svc.cluster.local:8080,,linkerd,teastore-registry,teastore,teastore-registry-c8b58678f-bf8xh,c8b58678f,default,default.teastore.serviceaccount.identity.linkerd.cluster.local,teastore,teastore-registry,teastore-image
1615588112.789,response_latency_ms_sum,,,10.1.45.98:4191,linkerd-proxy,teastore,,teastore-image-77b5d74b7d-vt6qj,,2753,,,,,teastore-image,,linkerd,outbound,,77b5d74b7d,200,true,teastore,teastore-registry.teastore.svc.cluster.local:8080,,linkerd,teastore-registry,teastore,teastore-registry-c8b58678f-bf8xh,c8b58678f,default,default.teastore.serviceaccount.identity.linkerd.cluster.local,teastore,teastore-registry,teastore-image
1615588122.79,response_latency_ms_sum,,,10.1.45.98:4191,linkerd-proxy,teastore,,teastore-image-77b5d74b7d-vt6qj,,2756,,,,,teastore-image,,linkerd,outbound,,77b5d74b7d,200,true,teastore,teastore-registry.teastore.svc.cluster.local:8080,,linkerd,teastore-registry,teastore,teastore-registry-c8b58678f-bf8xh,c8b58678f,default,default.teastore.serviceaccount.identity.linkerd.cluster.local,teastore,teastore-registry,teastore-image
1615588132.789,response_latency_ms_sum,,,10.1.45.98:4191,linkerd-proxy,teastore,,teastore-image-77b5d74b7d-vt6qj,,2760,,,,,teastore-image,,linkerd,outbound,,77b5d74b7d,200,true,teastore,teastore-registry.teastore.svc.cluster.local:8080,,linkerd,teastore-registry,teastore,teastore-registry-c8b58678f-bf8xh,c8b58678f,default,default.teastore.serviceaccount.identity.linkerd.cluster.local,teastore,teastore-registry,teastore-image
1615588142.789,response_latency_ms_sum,,,10.1.45.98:4191,linkerd-proxy,teastore,,teastore-image-77b5d74b7d-vt6qj,,2764,,,,,teastore-image,,linkerd,outbound,,77b5d74b7d,200,true,teastore,teastore-registry.teastore.svc.cluster.local:8080,,linkerd,teastore-registry,teastore,teastore-registry-c8b58678f-bf8xh,c8b58678f,default,default.teastore.serviceaccount.identity.linkerd.cluster.local,teastore,teastore-registry,teastore-image
1615588152.791,response_latency_ms_sum,,,10.1.45.98:4191,linkerd-proxy,teastore,,teastore-image-77b5d74b7d-vt6qj,,2767,,,,,teastore-image,,linkerd,outbound,,77b5d74b7d,200,true,teastore,teastore-registry.teastore.svc.cluster.local:8080,,linkerd,teastore-registry,teastore,teastore-registry-c8b58678f-bf8xh,c8b58678f,default,default.teastore.serviceaccount.identity.linkerd.cluster.local,teastore,teastore-registry,teastore-image
1615588162.79,response_latency_ms_sum,,,10.1.45.98:4191,linkerd-proxy,teastore,,teastore-image-77b5d74b7d-vt6qj,,2771,,,,,teastore-image,,linkerd,outbound,,77b5d74b7d,200,true,teastore,teastore-registry.teastore.svc.cluster.local:8080,,linkerd,teastore-registry,teastore,teastore-registry-c8b58678f-bf8xh,c8b58678f,default,default.teastore.serviceaccount.identity.linkerd.cluster.local,teastore,teastore-registry,teastore-image
1615588172.789,response_latency_ms_sum,,,10.1.45.98:4191,linkerd-proxy,teastore,,teastore-image-77b5d74b7d-vt6qj,,2790,,,,,teastore-image,,linkerd,outbound,,77b5d74b7d,200,true,teastore,teastore-registry.teastore.svc.cluster.local:8080,,linkerd,teastore-registry,teastore,teastore-registry-c8b58678f-bf8xh,c8b58678f,default,default.teastore.serviceaccount.identity.linkerd.cluster.local,teastore,teastore-registry,teastore-image
1615588182.791,response_latency_ms_sum,,,10.1.45.98:4191,linkerd-proxy,teastore,,teastore-image-77b5d74b7d-vt6qj,,2795,,,,,teastore-image,,linkerd,outbound,,77b5d74b7d,200,true,teastore,teastore-registry.teastore.svc.cluster.local:8080,,linkerd,teastore-registry,teastore,teastore-registry-c8b58678f-bf8xh,c8b58678f,default,default.teastore.serviceaccount.identity.linkerd.cluster.local,teastore,teastore-registry,teastore-image
1615588192.789,response_latency_ms_sum,,,10.1.45.98:4191,linkerd-proxy,teastore,,teastore-image-77b5d74b7d-vt6qj,,2801,,,,,teastore-image,,linkerd,outbound,,77b5d74b7d,200,true,teastore,teastore-registry.teastore.svc.cluster.local:8080,,linkerd,teastore-registry,teastore,teastore-registry-c8b58678f-bf8xh,c8b58678f,default,default.teastore.serviceaccount.identity.linkerd.cluster.local,teastore,teastore-registry,teastore-image
1615588202.789,response_latency_ms_sum,,,10.1.45.98:4191,linkerd-proxy,teastore,,teastore-image-77b5d74b7d-vt6qj,,2807,,,,,teastore-image,,linkerd,outbound,,77b5d74b7d,200,true,teastore,teastore-registry.teastore.svc.cluster.local:8080,,linkerd,teastore-registry,teastore,teastore-registry-c8b58678f-bf8xh,c8b58678f,default,default.teastore.serviceaccount.identity.linkerd.cluster.local,teastore,teastore-registry,teastore-image
1615588092.86,response_latency_ms_sum,,,10.1.45.101:4191,linkerd-proxy,teastore,,teastore-registry-c8b58678f-bf8xh,,27787,,,,,teastore-registry,,linkerd,inbound,,c8b58678f,200,true,teastore,teastore-registry.teastore.svc.cluster.local:8080,default.teastore.serviceaccount.identity.linkerd.cluster.local,,,,,,,,teastore,,teastore-registry
1615588102.86,response_latency_ms_sum,,,10.1.45.101:4191,linkerd-proxy,teastore,,teastore-registry-c8b58678f-bf8xh,,27811,,,,,teastore-registry,,linkerd,inbound,,c8b58678f,200,true,teastore,teastore-registry.teastore.svc.cluster.local:8080,default.teastore.serviceaccount.identity.linkerd.cluster.local,,,,,,,,teastore,,teastore-registry
1615588112.86,response_latency_ms_sum,,,10.1.45.101:4191,linkerd-proxy,teastore,,teastore-registry-c8b58678f-bf8xh,,27855,,,,,teastore-registry,,linkerd,inbound,,c8b58678f,200,true,teastore,teastore-registry.teastore.svc.cluster.local:8080,default.teastore.serviceaccount.identity.linkerd.cluster.local,,,,,,,,teastore,,teastore-registry
1615588122.86,response_latency_ms_sum,,,10.1.45.101:4191,linkerd-proxy,teastore,,teastore-registry-c8b58678f-bf8xh,,27916,,,,,teastore-registry,,linkerd,inbound,,c8b58678f,200,true,teastore,teastore-registry.teastore.svc.cluster.local:8080,default.teastore.serviceaccount.identity.linkerd.cluster.local,,,,,,,,teastore,,teastore-registry
1615588132.86,response_latency_ms_sum,,,10.1.45.101:4191,linkerd-proxy,teastore,,teastore-registry-c8b58678f-bf8xh,,27959,,,,,teastore-registry,,linkerd,inbound,,c8b58678f,200,true,teastore,teastore-registry.teastore.svc.cluster.local:8080,default.teastore.serviceaccount.identity.linkerd.cluster.local,,,,,,,,teastore,,teastore-registry
1615588142.86,response_latency_ms_sum,,,10.1.45.101:4191,linkerd-proxy,teastore,,teastore-registry-c8b58678f-bf8xh,,28013,,,,,teastore-registry,,linkerd,inbound,,c8b58678f,200,true,teastore,teastore-registry.teastore.svc.cluster.local:8080,default.teastore.serviceaccount.identity.linkerd.cluster.local,,,,,,,,teastore,,teastore-registry
1615588152.86,response_latency_ms_sum,,,10.1.45.101:4191,linkerd-proxy,teastore,,teastore-registry-c8b58678f-bf8xh,,28065,,,,,teastore-registry,,linkerd,inbound,,c8b58678f,200,true,teastore,teastore-registry.teastore.svc.cluster.local:8080,default.teastore.serviceaccount.identity.linkerd.cluster.local,,,,,,,,teastore,,teastore-registry
1615588162.86,response_latency_ms_sum,,,10.1.45.101:4191,linkerd-proxy,teastore,,teastore-registry-c8b58678f-bf8xh,,28143,,,,,teastore-registry,,linkerd,inbound,,c8b58678f,200,true,teastore,teastore-registry.teastore.svc.cluster.local:8080,default.teastore.serviceaccount.identity.linkerd.cluster.local,,,,,,,,teastore,,teastore-registry
1615588172.86,response_latency_ms_sum,,,10.1.45.101:4191,linkerd-proxy,teastore,,teastore-registry-c8b58678f-bf8xh,,28242,,,,,teastore-registry,,linkerd,inbound,,c8b58678f,200,true,teastore,teastore-registry.teastore.svc.cluster.local:8080,default.teastore.serviceaccount.identity.linkerd.cluster.local,,,,,,,,teastore,,teastore-registry
1615588182.86,response_latency_ms_sum,,,10.1.45.101:4191,linkerd-proxy,teastore,,teastore-registry-c8b58678f-bf8xh,,28306,,,,,teastore-registry,,linkerd,inbound,,c8b58678f,200,true,teastore,teastore-registry.teastore.svc.cluster.local:8080,default.teastore.serviceaccount.identity.linkerd.cluster.local,,,,,,,,teastore,,teastore-registry
1615588192.86,response_latency_ms_sum,,,10.1.45.101:4191,linkerd-proxy,teastore,,teastore-registry-c8b58678f-bf8xh,,28364,,,,,teastore-registry,,linkerd,inbound,,c8b58678f,200,true,teastore,teastore-registry.teastore.svc.cluster.local:8080,default.teastore.serviceaccount.identity.linkerd.cluster.local,,,,,,,,teastore,,teastore-registry
1615588202.86,response_latency_ms_sum,,,10.1.45.101:4191,linkerd-proxy,teastore,,teastore-registry-c8b58678f-bf8xh,,28462,,,,,teastore-registry,,linkerd,inbound,,c8b58678f,200,true,teastore,teastore-registry.teastore.svc.cluster.local:8080,default.teastore.serviceaccount.identity.linkerd.cluster.local,,,,,,,,teastore,,teastore-registry
1615588092.86,response_latency_ms_sum,,,10.1.45.101:4191,linkerd-proxy,teastore,,teastore-registry-c8b58678f-bf8xh,,16,,,,,teastore-registry,,linkerd,inbound,,c8b58678f,201,true,teastore,teastore-registry.teastore.svc.cluster.local:8080,default.teastore.serviceaccount.identity.linkerd.cluster.local,,,,,,,,teastore,,teastore-registry
1615588102.86,response_latency_ms_sum,,,10.1.45.101:4191,linkerd-proxy,teastore,,teastore-registry-c8b58678f-bf8xh,,16,,,,,teastore-registry,,linkerd,inbound,,c8b58678f,201,true,teastore,teastore-registry.teastore.svc.cluster.local:8080,default.teastore.serviceaccount.identity.linkerd.cluster.local,,,,,,,,teastore,,teastore-registry
1615588112.86,response_latency_ms_sum,,,10.1.45.101:4191,linkerd-proxy,teastore,,teastore-registry-c8b58678f-bf8xh,,16,,,,,teastore-registry,,linkerd,inbound,,c8b58678f,201,true,teastore,teastore-registry.teastore.svc.cluster.local:8080,default.teastore.serviceaccount.identity.linkerd.cluster.local,,,,,,,,teastore,,teastore-registry
1615588122.86,response_latency_ms_sum,,,10.1.45.101:4191,linkerd-proxy,teastore,,teastore-registry-c8b58678f-bf8xh,,16,,,,,teastore-registry,,linkerd,inbound,,c8b58678f,201,true,teastore,teastore-registry.teastore.svc.cluster.local:8080,default.teastore.serviceaccount.identity.linkerd.cluster.local,,,,,,,,teastore,,teastore-registry
1615588132.86,response_latency_ms_sum,,,10.1.45.101:4191,linkerd-proxy,teastore,,teastore-registry-c8b58678f-bf8xh,,16,,,,,teastore-registry,,linkerd,inbound,,c8b58678f,201,true,teastore,teastore-registry.teastore.svc.cluster.local:8080,default.teastore.serviceaccount.identity.linkerd.cluster.local,,,,,,,,teastore,,teastore-registry
1615588142.86,response_latency_ms_sum,,,10.1.45.101:4191,linkerd-proxy,teastore,,teastore-registry-c8b58678f-bf8xh,,16,,,,,teastore-registry,,linkerd,inbound,,c8b58678f,201,true,teastore,teastore-registry.teastore.svc.cluster.local:8080,default.teastore.serviceaccount.identity.linkerd.cluster.local,,,,,,,,teastore,,teastore-registry
1615588152.86,response_latency_ms_sum,,,10.1.45.101:4191,linkerd-proxy,teastore,,teastore-registry-c8b58678f-bf8xh,,16,,,,,teastore-registry,,linkerd,inbound,,c8b58678f,201,true,teastore,teastore-registry.teastore.svc.cluster.local:8080,default.teastore.serviceaccount.identity.linkerd.cluster.local,,,,,,,,teastore,,teastore-registry
1615588162.86,response_latency_ms_sum,,,10.1.45.101:4191,linkerd-proxy,teastore,,teastore-registry-c8b58678f-bf8xh,,16,,,,,teastore-registry,,linkerd,inbound,,c8b58678f,201,true,teastore,teastore-registry.teastore.svc.cluster.local:8080,default.teastore.serviceaccount.identity.linkerd.cluster.local,,,,,,,,teastore,,teastore-registry
1615588172.86,response_latency_ms_sum,,,10.1.45.101:4191,linkerd-proxy,teastore,,teastore-registry-c8b58678f-bf8xh,,16,,,,,teastore-registry,,linkerd,inbound,,c8b58678f,201,true,teastore,teastore-registry.teastore.svc.cluster.local:8080,default.teastore.serviceaccount.identity.linkerd.cluster.local,,,,,,,,teastore,,teastore-registry
1615588182.86,response_latency_ms_sum,,,10.1.45.101:4191,linkerd-proxy,teastore,,teastore-registry-c8b58678f-bf8xh,,16,,,,,teastore-registry,,linkerd,inbound,,c8b58678f,201,true,teastore,teastore-registry.teastore.svc.cluster.local:8080,default.teastore.serviceaccount.identity.linkerd.cluster.local,,,,,,,,teastore,,teastore-registry
1615588192.86,response_latency_ms_sum,,,10.1.45.101:4191,linkerd-proxy,teastore,,teastore-registry-c8b58678f-bf8xh,,16,,,,,teastore-registry,,linkerd,inbound,,c8b58678f,201,true,teastore,teastore-registry.teastore.svc.cluster.local:8080,default.teastore.serviceaccount.identity.linkerd.cluster.local,,,,,,,,teastore,,teastore-registry
1615588202.86,response_latency_ms_sum,,,10.1.45.101:4191,linkerd-proxy,teastore,,teastore-registry-c8b58678f-bf8xh,,16,,,,,teastore-registry,,linkerd,inbound,,c8b58678f,201,true,teastore,teastore-registry.teastore.svc.cluster.local:8080,default.teastore.serviceaccount.identity.linkerd.cluster.local,,,,,,,,teastore,,teastore-registry
1615588093.432,response_latency_ms_sum,,,10.1.45.95:4191,linkerd-proxy,teastore,,teastore-recommender-597fccb746-vtcxt,,3033,,,,,teastore-recommender,,linkerd,outbound,,597fccb746,200,true,teastore,teastore-registry.teastore.svc.cluster.local:8080,,linkerd,teastore-registry,teastore,teastore-registry-c8b58678f-bf8xh,c8b58678f,default,default.teastore.serviceaccount.identity.linkerd.cluster.local,teastore,teastore-registry,teastore-recommender
1615588103.432,response_latency_ms_sum,,,10.1.45.95:4191,linkerd-proxy,teastore,,teastore-recommender-597fccb746-vtcxt,,3033,,,,,teastore-recommender,,linkerd,outbound,,597fccb746,200,true,teastore,teastore-registry.teastore.svc.cluster.local:8080,,linkerd,teastore-registry,teastore,teastore-registry-c8b58678f-bf8xh,c8b58678f,default,default.teastore.serviceaccount.identity.linkerd.cluster.local,teastore,teastore-registry,teastore-recommender
1615588113.432,response_latency_ms_sum,,,10.1.45.95:4191,linkerd-proxy,teastore,,teastore-recommender-597fccb746-vtcxt,,3044,,,,,teastore-recommender,,linkerd,outbound,,597fccb746,200,true,teastore,teastore-registry.teastore.svc.cluster.local:8080,,linkerd,teastore-registry,teastore,teastore-registry-c8b58678f-bf8xh,c8b58678f,default,default.teastore.serviceaccount.identity.linkerd.cluster.local,teastore,teastore-registry,teastore-recommender
1615588123.432,response_latency_ms_sum,,,10.1.45.95:4191,linkerd-proxy,teastore,,teastore-recommender-597fccb746-vtcxt,,3057,,,,,teastore-recommender,,linkerd,outbound,,597fccb746,200,true,teastore,teastore-registry.teastore.svc.cluster.local:8080,,linkerd,teastore-registry,teastore,teastore-registry-c8b58678f-bf8xh,c8b58678f,default,default.teastore.serviceaccount.identity.linkerd.cluster.local,teastore,teastore-registry,teastore-recommender
1615588133.432,response_latency_ms_sum,,,10.1.45.95:4191,linkerd-proxy,teastore,,teastore-recommender-597fccb746-vtcxt,,3061,,,,,teastore-recommender,,linkerd,outbound,,597fccb746,200,true,teastore,teastore-registry.teastore.svc.cluster.local:8080,,linkerd,teastore-registry,teastore,teastore-registry-c8b58678f-bf8xh,c8b58678f,default,default.teastore.serviceaccount.identity.linkerd.cluster.local,teastore,teastore-registry,teastore-recommender
1615588143.432,response_latency_ms_sum,,,10.1.45.95:4191,linkerd-proxy,teastore,,teastore-recommender-597fccb746-vtcxt,,3065,,,,,teastore-recommender,,linkerd,outbound,,597fccb746,200,true,teastore,teastore-registry.teastore.svc.cluster.local:8080,,linkerd,teastore-registry,teastore,teastore-registry-c8b58678f-bf8xh,c8b58678f,default,default.teastore.serviceaccount.identity.linkerd.cluster.local,teastore,teastore-registry,teastore-recommender
1615588153.431,response_latency_ms_sum,,,10.1.45.95:4191,linkerd-proxy,teastore,,teastore-recommender-597fccb746-vtcxt,,3068,,,,,teastore-recommender,,linkerd,outbound,,597fccb746,200,true,teastore,teastore-registry.teastore.svc.cluster.local:8080,,linkerd,teastore-registry,teastore,teastore-registry-c8b58678f-bf8xh,c8b58678f,default,default.teastore.serviceaccount.identity.linkerd.cluster.local,teastore,teastore-registry,teastore-recommender
1615588163.432,response_latency_ms_sum,,,10.1.45.95:4191,linkerd-proxy,teastore,,teastore-recommender-597fccb746-vtcxt,,3081,,,,,teastore-recommender,,linkerd,outbound,,597fccb746,200,true,teastore,teastore-registry.teastore.svc.cluster.local:8080,,linkerd,teastore-registry,teastore,teastore-registry-c8b58678f-bf8xh,c8b58678f,default,default.teastore.serviceaccount.identity.linkerd.cluster.local,teastore,teastore-registry,teastore-recommender
1615588173.432,response_latency_ms_sum,,,10.1.45.95:4191,linkerd-proxy,teastore,,teastore-recommender-597fccb746-vtcxt,,3085,,,,,teastore-recommender,,linkerd,outbound,,597fccb746,200,true,teastore,teastore-registry.teastore.svc.cluster.local:8080,,linkerd,teastore-registry,teastore,teastore-registry-c8b58678f-bf8xh,c8b58678f,default,default.teastore.serviceaccount.identity.linkerd.cluster.local,teastore,teastore-registry,teastore-recommender
1615588183.432,response_latency_ms_sum,,,10.1.45.95:4191,linkerd-proxy,teastore,,teastore-recommender-597fccb746-vtcxt,,3091,,,,,teastore-recommender,,linkerd,outbound,,597fccb746,200,true,teastore,teastore-registry.teastore.svc.cluster.local:8080,,linkerd,teastore-registry,teastore,teastore-registry-c8b58678f-bf8xh,c8b58678f,default,default.teastore.serviceaccount.identity.linkerd.cluster.local,teastore,teastore-registry,teastore-recommender
1615588193.432,response_latency_ms_sum,,,10.1.45.95:4191,linkerd-proxy,teastore,,teastore-recommender-597fccb746-vtcxt,,3098,,,,,teastore-recommender,,linkerd,outbound,,597fccb746,200,true,teastore,teastore-registry.teastore.svc.cluster.local:8080,,linkerd,teastore-registry,teastore,teastore-registry-c8b58678f-bf8xh,c8b58678f,default,default.teastore.serviceaccount.identity.linkerd.cluster.local,teastore,teastore-registry,teastore-recommender
1615588203.431,response_latency_ms_sum,,,10.1.45.95:4191,linkerd-proxy,teastore,,teastore-recommender-597fccb746-vtcxt,,3106,,,,,teastore-recommender,,linkerd,outbound,,597fccb746,200,true,teastore,teastore-registry.teastore.svc.cluster.local:8080,,linkerd,teastore-registry,teastore,teastore-registry-c8b58678f-bf8xh,c8b58678f,default,default.teastore.serviceaccount.identity.linkerd.cluster.local,teastore,teastore-registry,teastore-recommender
1615588091.888,response_latency_ms_sum,,,10.1.45.99:4191,linkerd-proxy,teastore,,teastore-persistence-d9666cc75-l847s,,10,,,,,teastore-persistence,,linkerd,outbound,,d9666cc75,201,true,teastore,teastore-registry.teastore.svc.cluster.local:8080,,linkerd,teastore-registry,teastore,teastore-registry-c8b58678f-bf8xh,c8b58678f,default,default.teastore.serviceaccount.identity.linkerd.cluster.local,teastore,teastore-registry,teastore-persistence
1615588101.889,response_latency_ms_sum,,,10.1.45.99:4191,linkerd-proxy,teastore,,teastore-persistence-d9666cc75-l847s,,10,,,,,teastore-persistence,,linkerd,outbound,,d9666cc75,201,true,teastore,teastore-registry.teastore.svc.cluster.local:8080,,linkerd,teastore-registry,teastore,teastore-registry-c8b58678f-bf8xh,c8b58678f,default,default.teastore.serviceaccount.identity.linkerd.cluster.local,teastore,teastore-registry,teastore-persistence
1615588111.89,response_latency_ms_sum,,,10.1.45.99:4191,linkerd-proxy,teastore,,teastore-persistence-d9666cc75-l847s,,10,,,,,teastore-persistence,,linkerd,outbound,,d9666cc75,201,true,teastore,teastore-registry.teastore.svc.cluster.local:8080,,linkerd,teastore-registry,teastore,teastore-registry-c8b58678f-bf8xh,c8b58678f,default,default.teastore.serviceaccount.identity.linkerd.cluster.local,teastore,teastore-registry,teastore-persistence
1615588121.889,response_latency_ms_sum,,,10.1.45.99:4191,linkerd-proxy,teastore,,teastore-persistence-d9666cc75-l847s,,10,,,,,teastore-persistence,,linkerd,outbound,,d9666cc75,201,true,teastore,teastore-registry.teastore.svc.cluster.local:8080,,linkerd,teastore-registry,teastore,teastore-registry-c8b58678f-bf8xh,c8b58678f,default,default.teastore.serviceaccount.identity.linkerd.cluster.local,teastore,teastore-registry,teastore-persistence
1615588131.889,response_latency_ms_sum,,,10.1.45.99:4191,linkerd-proxy,teastore,,teastore-persistence-d9666cc75-l847s,,10,,,,,teastore-persistence,,linkerd,outbound,,d9666cc75,201,true,teastore,teastore-registry.teastore.svc.cluster.local:8080,,linkerd,teastore-registry,teastore,teastore-registry-c8b58678f-bf8xh,c8b58678f,default,default.teastore.serviceaccount.identity.linkerd.cluster.local,teastore,teastore-registry,teastore-persistence
1615588141.889,response_latency_ms_sum,,,10.1.45.99:4191,linkerd-proxy,teastore,,teastore-persistence-d9666cc75-l847s,,10,,,,,teastore-persistence,,linkerd,outbound,,d9666cc75,201,true,teastore,teastore-registry.teastore.svc.cluster.local:8080,,linkerd,teastore-registry,teastore,teastore-registry-c8b58678f-bf8xh,c8b58678f,default,default.teastore.serviceaccount.identity.linkerd.cluster.local,teastore,teastore-registry,teastore-persistence
1615588151.889,response_latency_ms_sum,,,10.1.45.99:4191,linkerd-proxy,teastore,,teastore-persistence-d9666cc75-l847s,,10,,,,,teastore-persistence,,linkerd,outbound,,d9666cc75,201,true,teastore,teastore-registry.teastore.svc.cluster.local:8080,,linkerd,teastore-registry,teastore,teastore-registry-c8b58678f-bf8xh,c8b58678f,default,default.teastore.serviceaccount.identity.linkerd.cluster.local,teastore,teastore-registry,teastore-persistence
1615588161.888,response_latency_ms_sum,,,10.1.45.99:4191,linkerd-proxy,teastore,,teastore-persistence-d9666cc75-l847s,,10,,,,,teastore-persistence,,linkerd,outbound,,d9666cc75,201,true,teastore,teastore-registry.teastore.svc.cluster.local:8080,,linkerd,teastore-registry,teastore,teastore-registry-c8b58678f-bf8xh,c8b58678f,default,default.teastore.serviceaccount.identity.linkerd.cluster.local,teastore,teastore-registry,teastore-persistence
1615588171.889,response_latency_ms_sum,,,10.1.45.99:4191,linkerd-proxy,teastore,,teastore-persistence-d9666cc75-l847s,,10,,,,,teastore-persistence,,linkerd,outbound,,d9666cc75,201,true,teastore,teastore-registry.teastore.svc.cluster.local:8080,,linkerd,teastore-registry,teastore,teastore-registry-c8b58678f-bf8xh,c8b58678f,default,default.teastore.serviceaccount.identity.linkerd.cluster.local,teastore,teastore-registry,teastore-persistence
1615588181.888,response_latency_ms_sum,,,10.1.45.99:4191,linkerd-proxy,teastore,,teastore-persistence-d9666cc75-l847s,,10,,,,,teastore-persistence,,linkerd,outbound,,d9666cc75,201,true,teastore,teastore-registry.teastore.svc.cluster.local:8080,,linkerd,teastore-registry,teastore,teastore-registry-c8b58678f-bf8xh,c8b58678f,default,default.teastore.serviceaccount.identity.linkerd.cluster.local,teastore,teastore-registry,teastore-persistence
1615588191.89,response_latency_ms_sum,,,10.1.45.99:4191,linkerd-proxy,teastore,,teastore-persistence-d9666cc75-l847s,,10,,,,,teastore-persistence,,linkerd,outbound,,d9666cc75,201,true,teastore,teastore-registry.teastore.svc.cluster.local:8080,,linkerd,teastore-registry,teastore,teastore-registry-c8b58678f-bf8xh,c8b58678f,default,default.teastore.serviceaccount.identity.linkerd.cluster.local,teastore,teastore-registry,teastore-persistence
1615588201.888,response_latency_ms_sum,,,10.1.45.99:4191,linkerd-proxy,teastore,,teastore-persistence-d9666cc75-l847s,,10,,,,,teastore-persistence,,linkerd,outbound,,d9666cc75,201,true,teastore,teastore-registry.teastore.svc.cluster.local:8080,,linkerd,teastore-registry,teastore,teastore-registry-c8b58678f-bf8xh,c8b58678f,default,default.teastore.serviceaccount.identity.linkerd.cluster.local,teastore,teastore-registry,teastore-persistence
1615588091.888,response_latency_ms_sum,,,10.1.45.99:4191,linkerd-proxy,teastore,,teastore-persistence-d9666cc75-l847s,,1245,,,,,teastore-persistence,,linkerd,outbound,,d9666cc75,200,true,teastore,teastore-registry.teastore.svc.cluster.local:8080,,linkerd,teastore-registry,teastore,teastore-registry-c8b58678f-bf8xh,c8b58678f,default,default.teastore.serviceaccount.identity.linkerd.cluster.local,teastore,teastore-registry,teastore-persistence
1615588101.889,response_latency_ms_sum,,,10.1.45.99:4191,linkerd-proxy,teastore,,teastore-persistence-d9666cc75-l847s,,1245,,,,,teastore-persistence,,linkerd,outbound,,d9666cc75,200,true,teastore,teastore-registry.teastore.svc.cluster.local:8080,,linkerd,teastore-registry,teastore,teastore-registry-c8b58678f-bf8xh,c8b58678f,default,default.teastore.serviceaccount.identity.linkerd.cluster.local,teastore,teastore-registry,teastore-persistence
1615588111.89,response_latency_ms_sum,,,10.1.45.99:4191,linkerd-proxy,teastore,,teastore-persistence-d9666cc75-l847s,,1247,,,,,teastore-persistence,,linkerd,outbound,,d9666cc75,200,true,teastore,teastore-registry.teastore.svc.cluster.local:8080,,linkerd,teastore-registry,teastore,teastore-registry-c8b58678f-bf8xh,c8b58678f,default,default.teastore.serviceaccount.identity.linkerd.cluster.local,teastore,teastore-registry,teastore-persistence
1615588121.889,response_latency_ms_sum,,,10.1.45.99:4191,linkerd-proxy,teastore,,teastore-persistence-d9666cc75-l847s,,1249,,,,,teastore-persistence,,linkerd,outbound,,d9666cc75,200,true,teastore,teastore-registry.teastore.svc.cluster.local:8080,,linkerd,teastore-registry,teastore,teastore-registry-c8b58678f-bf8xh,c8b58678f,default,default.teastore.serviceaccount.identity.linkerd.cluster.local,teastore,teastore-registry,teastore-persistence
1615588131.889,response_latency_ms_sum,,,10.1.45.99:4191,linkerd-proxy,teastore,,teastore-persistence-d9666cc75-l847s,,1250,,,,,teastore-persistence,,linkerd,outbound,,d9666cc75,200,true,teastore,teastore-registry.teastore.svc.cluster.local:8080,,linkerd,teastore-registry,teastore,teastore-registry-c8b58678f-bf8xh,c8b58678f,default,default.teastore.serviceaccount.identity.linkerd.cluster.local,teastore,teastore-registry,teastore-persistence
1615588141.889,response_latency_ms_sum,,,10.1.45.99:4191,linkerd-proxy,teastore,,teastore-persistence-d9666cc75-l847s,,1252,,,,,teastore-persistence,,linkerd,outbound,,d9666cc75,200,true,teastore,teastore-registry.teastore.svc.cluster.local:8080,,linkerd,teastore-registry,teastore,teastore-registry-c8b58678f-bf8xh,c8b58678f,default,default.teastore.serviceaccount.identity.linkerd.cluster.local,teastore,teastore-registry,teastore-persistence
1615588151.889,response_latency_ms_sum,,,10.1.45.99:4191,linkerd-proxy,teastore,,teastore-persistence-d9666cc75-l847s,,1255,,,,,teastore-persistence,,linkerd,outbound,,d9666cc75,200,true,teastore,teastore-registry.teastore.svc.cluster.local:8080,,linkerd,teastore-registry,teastore,teastore-registry-c8b58678f-bf8xh,c8b58678f,default,default.teastore.serviceaccount.identity.linkerd.cluster.local,teastore,teastore-registry,teastore-persistence
1615588161.888,response_latency_ms_sum,,,10.1.45.99:4191,linkerd-proxy,teastore,,teastore-persistence-d9666cc75-l847s,,1258,,,,,teastore-persistence,,linkerd,outbound,,d9666cc75,200,true,teastore,teastore-registry.teastore.svc.cluster.local:8080,,linkerd,teastore-registry,teastore,teastore-registry-c8b58678f-bf8xh,c8b58678f,default,default.teastore.serviceaccount.identity.linkerd.cluster.local,teastore,teastore-registry,teastore-persistence
1615588171.889,response_latency_ms_sum,,,10.1.45.99:4191,linkerd-proxy,teastore,,teastore-persistence-d9666cc75-l847s,,1267,,,,,teastore-persistence,,linkerd,outbound,,d9666cc75,200,true,teastore,teastore-registry.teastore.svc.cluster.local:8080,,linkerd,teastore-registry,teastore,teastore-registry-c8b58678f-bf8xh,c8b58678f,default,default.teastore.serviceaccount.identity.linkerd.cluster.local,teastore,teastore-registry,teastore-persistence
1615588181.888,response_latency_ms_sum,,,10.1.45.99:4191,linkerd-proxy,teastore,,teastore-persistence-d9666cc75-l847s,,1269,,,,,teastore-persistence,,linkerd,outbound,,d9666cc75,200,true,teastore,teastore-registry.teastore.svc.cluster.local:8080,,linkerd,teastore-registry,teastore,teastore-registry-c8b58678f-bf8xh,c8b58678f,default,default.teastore.serviceaccount.identity.linkerd.cluster.local,teastore,teastore-registry,teastore-persistence
1615588191.89,response_latency_ms_sum,,,10.1.45.99:4191,linkerd-proxy,teastore,,teastore-persistence-d9666cc75-l847s,,1271,,,,,teastore-persistence,,linkerd,outbound,,d9666cc75,200,true,teastore,teastore-registry.teastore.svc.cluster.local:8080,,linkerd,teastore-registry,teastore,teastore-registry-c8b58678f-bf8xh,c8b58678f,default,default.teastore.serviceaccount.identity.linkerd.cluster.local,teastore,teastore-registry,teastore-persistence
1615588201.888,response_latency_ms_sum,,,10.1.45.99:4191,linkerd-proxy,teastore,,teastore-persistence-d9666cc75-l847s,,1274,,,,,teastore-persistence,,linkerd,outbound,,d9666cc75,200,true,teastore,teastore-registry.teastore.svc.cluster.local:8080,,linkerd,teastore-registry,teastore,teastore-registry-c8b58678f-bf8xh,c8b58678f,default,default.teastore.serviceaccount.identity.linkerd.cluster.local,teastore,teastore-registry,teastore-persistence
1615588091.888,response_latency_ms_sum,,,10.1.45.99:4191,linkerd-proxy,teastore,,teastore-persistence-d9666cc75-l847s,,1591859,,,,,teastore-persistence,,linkerd,inbound,,d9666cc75,200,true,teastore,teastore-persistence.teastore.svc.cluster.local:8080,default.teastore.serviceaccount.identity.linkerd.cluster.local,,,,,,,,teastore,,teastore-persistence
1615588101.889,response_latency_ms_sum,,,10.1.45.99:4191,linkerd-proxy,teastore,,teastore-persistence-d9666cc75-l847s,,1592347,,,,,teastore-persistence,,linkerd,inbound,,d9666cc75,200,true,teastore,teastore-persistence.teastore.svc.cluster.local:8080,default.teastore.serviceaccount.identity.linkerd.cluster.local,,,,,,,,teastore,,teastore-persistence
1615588111.89,response_latency_ms_sum,,,10.1.45.99:4191,linkerd-proxy,teastore,,teastore-persistence-d9666cc75-l847s,,1593514,,,,,teastore-persistence,,linkerd,inbound,,d9666cc75,200,true,teastore,teastore-persistence.teastore.svc.cluster.local:8080,default.teastore.serviceaccount.identity.linkerd.cluster.local,,,,,,,,teastore,,teastore-persistence
1615588121.889,response_latency_ms_sum,,,10.1.45.99:4191,linkerd-proxy,teastore,,teastore-persistence-d9666cc75-l847s,,1595483,,,,,teastore-persistence,,linkerd,inbound,,d9666cc75,200,true,teastore,teastore-persistence.teastore.svc.cluster.local:8080,default.teastore.serviceaccount.identity.linkerd.cluster.local,,,,,,,,teastore,,teastore-persistence
1615588131.889,response_latency_ms_sum,,,10.1.45.99:4191,linkerd-proxy,teastore,,teastore-persistence-d9666cc75-l847s,,1598060,,,,,teastore-persistence,,linkerd,inbound,,d9666cc75,200,true,teastore,teastore-persistence.teastore.svc.cluster.local:8080,default.teastore.serviceaccount.identity.linkerd.cluster.local,,,,,,,,teastore,,teastore-persistence
1615588141.889,response_latency_ms_sum,,,10.1.45.99:4191,linkerd-proxy,teastore,,teastore-persistence-d9666cc75-l847s,,1601148,,,,,teastore-persistence,,linkerd,inbound,,d9666cc75,200,true,teastore,teastore-persistence.teastore.svc.cluster.local:8080,default.teastore.serviceaccount.identity.linkerd.cluster.local,,,,,,,,teastore,,teastore-persistence
1615588151.889,response_latency_ms_sum,,,10.1.45.99:4191,linkerd-proxy,teastore,,teastore-persistence-d9666cc75-l847s,,1604334,,,,,teastore-persistence,,linkerd,inbound,,d9666cc75,200,true,teastore,teastore-persistence.teastore.svc.cluster.local:8080,default.teastore.serviceaccount.identity.linkerd.cluster.local,,,,,,,,teastore,,teastore-persistence
1615588161.888,response_latency_ms_sum,,,10.1.45.99:4191,linkerd-proxy,teastore,,teastore-persistence-d9666cc75-l847s,,1608794,,,,,teastore-persistence,,linkerd,inbound,,d9666cc75,200,true,teastore,teastore-persistence.teastore.svc.cluster.local:8080,default.teastore.serviceaccount.identity.linkerd.cluster.local,,,,,,,,teastore,,teastore-persistence
1615588171.889,response_latency_ms_sum,,,10.1.45.99:4191,linkerd-proxy,teastore,,teastore-persistence-d9666cc75-l847s,,1616288,,,,,teastore-persistence,,linkerd,inbound,,d9666cc75,200,true,teastore,teastore-persistence.teastore.svc.cluster.local:8080,default.teastore.serviceaccount.identity.linkerd.cluster.local,,,,,,,,teastore,,teastore-persistence
1615588181.888,response_latency_ms_sum,,,10.1.45.99:4191,linkerd-proxy,teastore,,teastore-persistence-d9666cc75-l847s,,1620275,,,,,teastore-persistence,,linkerd,inbound,,d9666cc75,200,true,teastore,teastore-persistence.teastore.svc.cluster.local:8080,default.teastore.serviceaccount.identity.linkerd.cluster.local,,,,,,,,teastore,,teastore-persistence
1615588191.89,response_latency_ms_sum,,,10.1.45.99:4191,linkerd-proxy,teastore,,teastore-persistence-d9666cc75-l847s,,1629702,,,,,teastore-persistence,,linkerd,inbound,,d9666cc75,200,true,teastore,teastore-persistence.teastore.svc.cluster.local:8080,default.teastore.serviceaccount.identity.linkerd.cluster.local,,,,,,,,teastore,,teastore-persistence
1615588201.888,response_latency_ms_sum,,,10.1.45.99:4191,linkerd-proxy,teastore,,teastore-persistence-d9666cc75-l847s,,1639793,,,,,teastore-persistence,,linkerd,inbound,,d9666cc75,200,true,teastore,teastore-persistence.teastore.svc.cluster.local:8080,default.teastore.serviceaccount.identity.linkerd.cluster.local,,,,,,,,teastore,,teastore-persistence
1615588092.789,response_latency_ms_sum,,,10.1.45.98:4191,linkerd-proxy,teastore,,teastore-image-77b5d74b7d-vt6qj,,2,,,,,teastore-image,,linkerd,outbound,,77b5d74b7d,201,true,teastore,teastore-registry.teastore.svc.cluster.local:8080,,linkerd,teastore-registry,teastore,teastore-registry-c8b58678f-bf8xh,c8b58678f,default,default.teastore.serviceaccount.identity.linkerd.cluster.local,teastore,teastore-registry,teastore-image
1615588102.789,response_latency_ms_sum,,,10.1.45.98:4191,linkerd-proxy,teastore,,teastore-image-77b5d74b7d-vt6qj,,2,,,,,teastore-image,,linkerd,outbound,,77b5d74b7d,201,true,teastore,teastore-registry.teastore.svc.cluster.local:8080,,linkerd,teastore-registry,teastore,teastore-registry-c8b58678f-bf8xh,c8b58678f,default,default.teastore.serviceaccount.identity.linkerd.cluster.local,teastore,teastore-registry,teastore-image
1615588112.789,response_latency_ms_sum,,,10.1.45.98:4191,linkerd-proxy,teastore,,teastore-image-77b5d74b7d-vt6qj,,2,,,,,teastore-image,,linkerd,outbound,,77b5d74b7d,201,true,teastore,teastore-registry.teastore.svc.cluster.local:8080,,linkerd,teastore-registry,teastore,teastore-registry-c8b58678f-bf8xh,c8b58678f,default,default.teastore.serviceaccount.identity.linkerd.cluster.local,teastore,teastore-registry,teastore-image
1615588122.79,response_latency_ms_sum,,,10.1.45.98:4191,linkerd-proxy,teastore,,teastore-image-77b5d74b7d-vt6qj,,2,,,,,teastore-image,,linkerd,outbound,,77b5d74b7d,201,true,teastore,teastore-registry.teastore.svc.cluster.local:8080,,linkerd,teastore-registry,teastore,teastore-registry-c8b58678f-bf8xh,c8b58678f,default,default.teastore.serviceaccount.identity.linkerd.cluster.local,teastore,teastore-registry,teastore-image
1615588132.789,response_latency_ms_sum,,,10.1.45.98:4191,linkerd-proxy,teastore,,teastore-image-77b5d74b7d-vt6qj,,2,,,,,teastore-image,,linkerd,outbound,,77b5d74b7d,201,true,teastore,teastore-registry.teastore.svc.cluster.local:8080,,linkerd,teastore-registry,teastore,teastore-registry-c8b58678f-bf8xh,c8b58678f,default,default.teastore.serviceaccount.identity.linkerd.cluster.local,teastore,teastore-registry,teastore-image
1615588142.789,response_latency_ms_sum,,,10.1.45.98:4191,linkerd-proxy,teastore,,teastore-image-77b5d74b7d-vt6qj,,2,,,,,teastore-image,,linkerd,outbound,,77b5d74b7d,201,true,teastore,teastore-registry.teastore.svc.cluster.local:8080,,linkerd,teastore-registry,teastore,teastore-registry-c8b58678f-bf8xh,c8b58678f,default,default.teastore.serviceaccount.identity.linkerd.cluster.local,teastore,teastore-registry,teastore-image
1615588152.791,response_latency_ms_sum,,,10.1.45.98:4191,linkerd-proxy,teastore,,teastore-image-77b5d74b7d-vt6qj,,2,,,,,teastore-image,,linkerd,outbound,,77b5d74b7d,201,true,teastore,teastore-registry.teastore.svc.cluster.local:8080,,linkerd,teastore-registry,teastore,teastore-registry-c8b58678f-bf8xh,c8b58678f,default,default.teastore.serviceaccount.identity.linkerd.cluster.local,teastore,teastore-registry,teastore-image
1615588162.79,response_latency_ms_sum,,,10.1.45.98:4191,linkerd-proxy,teastore,,teastore-image-77b5d74b7d-vt6qj,,2,,,,,teastore-image,,linkerd,outbound,,77b5d74b7d,201,true,teastore,teastore-registry.teastore.svc.cluster.local:8080,,linkerd,teastore-registry,teastore,teastore-registry-c8b58678f-bf8xh,c8b58678f,default,default.teastore.serviceaccount.identity.linkerd.cluster.local,teastore,teastore-registry,teastore-image
1615588172.789,response_latency_ms_sum,,,10.1.45.98:4191,linkerd-proxy,teastore,,teastore-image-77b5d74b7d-vt6qj,,2,,,,,teastore-image,,linkerd,outbound,,77b5d74b7d,201,true,teastore,teastore-registry.teastore.svc.cluster.local:8080,,linkerd,teastore-registry,teastore,teastore-registry-c8b58678f-bf8xh,c8b58678f,default,default.teastore.serviceaccount.identity.linkerd.cluster.local,teastore,teastore-registry,teastore-image
1615588182.791,response_latency_ms_sum,,,10.1.45.98:4191,linkerd-proxy,teastore,,teastore-image-77b5d74b7d-vt6qj,,2,,,,,teastore-image,,linkerd,outbound,,77b5d74b7d,201,true,teastore,teastore-registry.teastore.svc.cluster.local:8080,,linkerd,teastore-registry,teastore,teastore-registry-c8b58678f-bf8xh,c8b58678f,default,default.teastore.serviceaccount.identity.linkerd.cluster.local,teastore,teastore-registry,teastore-image
1615588192.789,response_latency_ms_sum,,,10.1.45.98:4191,linkerd-proxy,teastore,,teastore-image-77b5d74b7d-vt6qj,,2,,,,,teastore-image,,linkerd,outbound,,77b5d74b7d,201,true,teastore,teastore-registry.teastore.svc.cluster.local:8080,,linkerd,teastore-registry,teastore,teastore-registry-c8b58678f-bf8xh,c8b58678f,default,default.teastore.serviceaccount.identity.linkerd.cluster.local,teastore,teastore-registry,teastore-image
1615588202.789,response_latency_ms_sum,,,10.1.45.98:4191,linkerd-proxy,teastore,,teastore-image-77b5d74b7d-vt6qj,,2,,,,,teastore-image,,linkerd,outbound,,77b5d74b7d,201,true,teastore,teastore-registry.teastore.svc.cluster.local:8080,,linkerd,teastore-registry,teastore,teastore-registry-c8b58678f-bf8xh,c8b58678f,default,default.teastore.serviceaccount.identity.linkerd.cluster.local,teastore,teastore-registry,teastore-image
1615588093.432,response_latency_ms_sum,,,10.1.45.95:4191,linkerd-proxy,teastore,,teastore-recommender-597fccb746-vtcxt,,6,,,,,teastore-recommender,,linkerd,outbound,,597fccb746,201,true,teastore,teastore-registry.teastore.svc.cluster.local:8080,,linkerd,teastore-registry,teastore,teastore-registry-c8b58678f-bf8xh,c8b58678f,default,default.teastore.serviceaccount.identity.linkerd.cluster.local,teastore,teastore-registry,teastore-recommender
1615588103.432,response_latency_ms_sum,,,10.1.45.95:4191,linkerd-proxy,teastore,,teastore-recommender-597fccb746-vtcxt,,6,,,,,teastore-recommender,,linkerd,outbound,,597fccb746,201,true,teastore,teastore-registry.teastore.svc.cluster.local:8080,,linkerd,teastore-registry,teastore,teastore-registry-c8b58678f-bf8xh,c8b58678f,default,default.teastore.serviceaccount.identity.linkerd.cluster.local,teastore,teastore-registry,teastore-recommender
1615588113.432,response_latency_ms_sum,,,10.1.45.95:4191,linkerd-proxy,teastore,,teastore-recommender-597fccb746-vtcxt,,6,,,,,teastore-recommender,,linkerd,outbound,,597fccb746,201,true,teastore,teastore-registry.teastore.svc.cluster.local:8080,,linkerd,teastore-registry,teastore,teastore-registry-c8b58678f-bf8xh,c8b58678f,default,default.teastore.serviceaccount.identity.linkerd.cluster.local,teastore,teastore-registry,teastore-recommender
1615588123.432,response_latency_ms_sum,,,10.1.45.95:4191,linkerd-proxy,teastore,,teastore-recommender-597fccb746-vtcxt,,6,,,,,teastore-recommender,,linkerd,outbound,,597fccb746,201,true,teastore,teastore-registry.teastore.svc.cluster.local:8080,,linkerd,teastore-registry,teastore,teastore-registry-c8b58678f-bf8xh,c8b58678f,default,default.teastore.serviceaccount.identity.linkerd.cluster.local,teastore,teastore-registry,teastore-recommender
1615588133.432,response_latency_ms_sum,,,10.1.45.95:4191,linkerd-proxy,teastore,,teastore-recommender-597fccb746-vtcxt,,6,,,,,teastore-recommender,,linkerd,outbound,,597fccb746,201,true,teastore,teastore-registry.teastore.svc.cluster.local:8080,,linkerd,teastore-registry,teastore,teastore-registry-c8b58678f-bf8xh,c8b58678f,default,default.teastore.serviceaccount.identity.linkerd.cluster.local,teastore,teastore-registry,teastore-recommender
1615588143.432,response_latency_ms_sum,,,10.1.45.95:4191,linkerd-proxy,teastore,,teastore-recommender-597fccb746-vtcxt,,6,,,,,teastore-recommender,,linkerd,outbound,,597fccb746,201,true,teastore,teastore-registry.teastore.svc.cluster.local:8080,,linkerd,teastore-registry,teastore,teastore-registry-c8b58678f-bf8xh,c8b58678f,default,default.teastore.serviceaccount.identity.linkerd.cluster.local,teastore,teastore-registry,teastore-recommender
1615588153.431,response_latency_ms_sum,,,10.1.45.95:4191,linkerd-proxy,teastore,,teastore-recommender-597fccb746-vtcxt,,6,,,,,teastore-recommender,,linkerd,outbound,,597fccb746,201,true,teastore,teastore-registry.teastore.svc.cluster.local:8080,,linkerd,teastore-registry,teastore,teastore-registry-c8b58678f-bf8xh,c8b58678f,default,default.teastore.serviceaccount.identity.linkerd.cluster.local,teastore,teastore-registry,teastore-recommender
1615588163.432,response_latency_ms_sum,,,10.1.45.95:4191,linkerd-proxy,teastore,,teastore-recommender-597fccb746-vtcxt,,6,,,,,teastore-recommender,,linkerd,outbound,,597fccb746,201,true,teastore,teastore-registry.teastore.svc.cluster.local:8080,,linkerd,teastore-registry,teastore,teastore-registry-c8b58678f-bf8xh,c8b58678f,default,default.teastore.serviceaccount.identity.linkerd.cluster.local,teastore,teastore-registry,teastore-recommender
1615588173.432,response_latency_ms_sum,,,10.1.45.95:4191,linkerd-proxy,teastore,,teastore-recommender-597fccb746-vtcxt,,6,,,,,teastore-recommender,,linkerd,outbound,,597fccb746,201,true,teastore,teastore-registry.teastore.svc.cluster.local:8080,,linkerd,teastore-registry,teastore,teastore-registry-c8b58678f-bf8xh,c8b58678f,default,default.teastore.serviceaccount.identity.linkerd.cluster.local,teastore,teastore-registry,teastore-recommender
1615588183.432,response_latency_ms_sum,,,10.1.45.95:4191,linkerd-proxy,teastore,,teastore-recommender-597fccb746-vtcxt,,6,,,,,teastore-recommender,,linkerd,outbound,,597fccb746,201,true,teastore,teastore-registry.teastore.svc.cluster.local:8080,,linkerd,teastore-registry,teastore,teastore-registry-c8b58678f-bf8xh,c8b58678f,default,default.teastore.serviceaccount.identity.linkerd.cluster.local,teastore,teastore-registry,teastore-recommender
1615588193.432,response_latency_ms_sum,,,10.1.45.95:4191,linkerd-proxy,teastore,,teastore-recommender-597fccb746-vtcxt,,6,,,,,teastore-recommender,,linkerd,outbound,,597fccb746,201,true,teastore,teastore-registry.teastore.svc.cluster.local:8080,,linkerd,teastore-registry,teastore,teastore-registry-c8b58678f-bf8xh,c8b58678f,default,default.teastore.serviceaccount.identity.linkerd.cluster.local,teastore,teastore-registry,teastore-recommender
1615588203.431,response_latency_ms_sum,,,10.1.45.95:4191,linkerd-proxy,teastore,,teastore-recommender-597fccb746-vtcxt,,6,,,,,teastore-recommender,,linkerd,outbound,,597fccb746,201,true,teastore,teastore-registry.teastore.svc.cluster.local:8080,,linkerd,teastore-registry,teastore,teastore-registry-c8b58678f-bf8xh,c8b58678f,default,default.teastore.serviceaccount.identity.linkerd.cluster.local,teastore,teastore-registry,teastore-recommender
1615588092.013,response_latency_ms_sum,,,10.1.45.96:4191,linkerd-proxy,teastore,,teastore-auth-5c8f77dbb8-sx8wp,,393844,,,,,teastore-auth,,linkerd,inbound,,5c8f77dbb8,200,true,teastore,teastore-auth.teastore.svc.cluster.local:8080,default.teastore.serviceaccount.identity.linkerd.cluster.local,,,,,,,,teastore,,teastore-auth
1615588102.013,response_latency_ms_sum,,,10.1.45.96:4191,linkerd-proxy,teastore,,teastore-auth-5c8f77dbb8-sx8wp,,394001,,,,,teastore-auth,,linkerd,inbound,,5c8f77dbb8,200,true,teastore,teastore-auth.teastore.svc.cluster.local:8080,default.teastore.serviceaccount.identity.linkerd.cluster.local,,,,,,,,teastore,,teastore-auth
1615588112.013,response_latency_ms_sum,,,10.1.45.96:4191,linkerd-proxy,teastore,,teastore-auth-5c8f77dbb8-sx8wp,,394716,,,,,teastore-auth,,linkerd,inbound,,5c8f77dbb8,200,true,teastore,teastore-auth.teastore.svc.cluster.local:8080,default.teastore.serviceaccount.identity.linkerd.cluster.local,,,,,,,,teastore,,teastore-auth
1615588122.013,response_latency_ms_sum,,,10.1.45.96:4191,linkerd-proxy,teastore,,teastore-auth-5c8f77dbb8-sx8wp,,395189,,,,,teastore-auth,,linkerd,inbound,,5c8f77dbb8,200,true,teastore,teastore-auth.teastore.svc.cluster.local:8080,default.teastore.serviceaccount.identity.linkerd.cluster.local,,,,,,,,teastore,,teastore-auth
1615588132.013,response_latency_ms_sum,,,10.1.45.96:4191,linkerd-proxy,teastore,,teastore-auth-5c8f77dbb8-sx8wp,,396041,,,,,teastore-auth,,linkerd,inbound,,5c8f77dbb8,200,true,teastore,teastore-auth.teastore.svc.cluster.local:8080,default.teastore.serviceaccount.identity.linkerd.cluster.local,,,,,,,,teastore,,teastore-auth
1615588142.013,response_latency_ms_sum,,,10.1.45.96:4191,linkerd-proxy,teastore,,teastore-auth-5c8f77dbb8-sx8wp,,397128,,,,,teastore-auth,,linkerd,inbound,,5c8f77dbb8,200,true,teastore,teastore-auth.teastore.svc.cluster.local:8080,default.teastore.serviceaccount.identity.linkerd.cluster.local,,,,,,,,teastore,,teastore-auth
1615588152.013,response_latency_ms_sum,,,10.1.45.96:4191,linkerd-proxy,teastore,,teastore-auth-5c8f77dbb8-sx8wp,,398157,,,,,teastore-auth,,linkerd,inbound,,5c8f77dbb8,200,true,teastore,teastore-auth.teastore.svc.cluster.local:8080,default.teastore.serviceaccount.identity.linkerd.cluster.local,,,,,,,,teastore,,teastore-auth
1615588162.013,response_latency_ms_sum,,,10.1.45.96:4191,linkerd-proxy,teastore,,teastore-auth-5c8f77dbb8-sx8wp,,399310,,,,,teastore-auth,,linkerd,inbound,,5c8f77dbb8,200,true,teastore,teastore-auth.teastore.svc.cluster.local:8080,default.teastore.serviceaccount.identity.linkerd.cluster.local,,,,,,,,teastore,,teastore-auth
1615588172.013,response_latency_ms_sum,,,10.1.45.96:4191,linkerd-proxy,teastore,,teastore-auth-5c8f77dbb8-sx8wp,,400498,,,,,teastore-auth,,linkerd,inbound,,5c8f77dbb8,200,true,teastore,teastore-auth.teastore.svc.cluster.local:8080,default.teastore.serviceaccount.identity.linkerd.cluster.local,,,,,,,,teastore,,teastore-auth
1615588182.013,response_latency_ms_sum,,,10.1.45.96:4191,linkerd-proxy,teastore,,teastore-auth-5c8f77dbb8-sx8wp,,401738,,,,,teastore-auth,,linkerd,inbound,,5c8f77dbb8,200,true,teastore,teastore-auth.teastore.svc.cluster.local:8080,default.teastore.serviceaccount.identity.linkerd.cluster.local,,,,,,,,teastore,,teastore-auth
1615588192.013,response_latency_ms_sum,,,10.1.45.96:4191,linkerd-proxy,teastore,,teastore-auth-5c8f77dbb8-sx8wp,,403730,,,,,teastore-auth,,linkerd,inbound,,5c8f77dbb8,200,true,teastore,teastore-auth.teastore.svc.cluster.local:8080,default.teastore.serviceaccount.identity.linkerd.cluster.local,,,,,,,,teastore,,teastore-auth
1615588202.014,response_latency_ms_sum,,,10.1.45.96:4191,linkerd-proxy,teastore,,teastore-auth-5c8f77dbb8-sx8wp,,405949,,,,,teastore-auth,,linkerd,inbound,,5c8f77dbb8,200,true,teastore,teastore-auth.teastore.svc.cluster.local:8080,default.teastore.serviceaccount.identity.linkerd.cluster.local,,,,,,,,teastore,,teastore-auth
1615588092.789,response_latency_ms_sum,,,10.1.45.98:4191,linkerd-proxy,teastore,,teastore-image-77b5d74b7d-vt6qj,,608495,,,,,teastore-image,,linkerd,inbound,,77b5d74b7d,200,true,teastore,teastore-image.teastore.svc.cluster.local:8080,default.teastore.serviceaccount.identity.linkerd.cluster.local,,,,,,,,teastore,,teastore-image
1615588102.789,response_latency_ms_sum,,,10.1.45.98:4191,linkerd-proxy,teastore,,teastore-image-77b5d74b7d-vt6qj,,608708,,,,,teastore-image,,linkerd,inbound,,77b5d74b7d,200,true,teastore,teastore-image.teastore.svc.cluster.local:8080,default.teastore.serviceaccount.identity.linkerd.cluster.local,,,,,,,,teastore,,teastore-image
1615588112.789,response_latency_ms_sum,,,10.1.45.98:4191,linkerd-proxy,teastore,,teastore-image-77b5d74b7d-vt6qj,,609328,,,,,teastore-image,,linkerd,inbound,,77b5d74b7d,200,true,teastore,teastore-image.teastore.svc.cluster.local:8080,default.teastore.serviceaccount.identity.linkerd.cluster.local,,,,,,,,teastore,,teastore-image
1615588122.79,response_latency_ms_sum,,,10.1.45.98:4191,linkerd-proxy,teastore,,teastore-image-77b5d74b7d-vt6qj,,610181,,,,,teastore-image,,linkerd,inbound,,77b5d74b7d,200,true,teastore,teastore-image.teastore.svc.cluster.local:8080,default.teastore.serviceaccount.identity.linkerd.cluster.local,,,,,,,,teastore,,teastore-image
1615588132.789,response_latency_ms_sum,,,10.1.45.98:4191,linkerd-proxy,teastore,,teastore-image-77b5d74b7d-vt6qj,,611238,,,,,teastore-image,,linkerd,inbound,,77b5d74b7d,200,true,teastore,teastore-image.teastore.svc.cluster.local:8080,default.teastore.serviceaccount.identity.linkerd.cluster.local,,,,,,,,teastore,,teastore-image
1615588142.789,response_latency_ms_sum,,,10.1.45.98:4191,linkerd-proxy,teastore,,teastore-image-77b5d74b7d-vt6qj,,612800,,,,,teastore-image,,linkerd,inbound,,77b5d74b7d,200,true,teastore,teastore-image.teastore.svc.cluster.local:8080,default.teastore.serviceaccount.identity.linkerd.cluster.local,,,,,,,,teastore,,teastore-image
1615588152.791,response_latency_ms_sum,,,10.1.45.98:4191,linkerd-proxy,teastore,,teastore-image-77b5d74b7d-vt6qj,,614505,,,,,teastore-image,,linkerd,inbound,,77b5d74b7d,200,true,teastore,teastore-image.teastore.svc.cluster.local:8080,default.teastore.serviceaccount.identity.linkerd.cluster.local,,,,,,,,teastore,,teastore-image
1615588162.79,response_latency_ms_sum,,,10.1.45.98:4191,linkerd-proxy,teastore,,teastore-image-77b5d74b7d-vt6qj,,616213,,,,,teastore-image,,linkerd,inbound,,77b5d74b7d,200,true,teastore,teastore-image.teastore.svc.cluster.local:8080,default.teastore.serviceaccount.identity.linkerd.cluster.local,,,,,,,,teastore,,teastore-image
1615588172.789,response_latency_ms_sum,,,10.1.45.98:4191,linkerd-proxy,teastore,,teastore-image-77b5d74b7d-vt6qj,,618904,,,,,teastore-image,,linkerd,inbound,,77b5d74b7d,200,true,teastore,teastore-image.teastore.svc.cluster.local:8080,default.teastore.serviceaccount.identity.linkerd.cluster.local,,,,,,,,teastore,,teastore-image
1615588182.791,response_latency_ms_sum,,,10.1.45.98:4191,linkerd-proxy,teastore,,teastore-image-77b5d74b7d-vt6qj,,620827,,,,,teastore-image,,linkerd,inbound,,77b5d74b7d,200,true,teastore,teastore-image.teastore.svc.cluster.local:8080,default.teastore.serviceaccount.identity.linkerd.cluster.local,,,,,,,,teastore,,teastore-image
1615588192.789,response_latency_ms_sum,,,10.1.45.98:4191,linkerd-proxy,teastore,,teastore-image-77b5d74b7d-vt6qj,,624700,,,,,teastore-image,,linkerd,inbound,,77b5d74b7d,200,true,teastore,teastore-image.teastore.svc.cluster.local:8080,default.teastore.serviceaccount.identity.linkerd.cluster.local,,,,,,,,teastore,,teastore-image
1615588202.789,response_latency_ms_sum,,,10.1.45.98:4191,linkerd-proxy,teastore,,teastore-image-77b5d74b7d-vt6qj,,628577,,,,,teastore-image,,linkerd,inbound,,77b5d74b7d,200,true,teastore,teastore-image.teastore.svc.cluster.local:8080,default.teastore.serviceaccount.identity.linkerd.cluster.local,,,,,,,,teastore,,teastore-image
1615588091.888,response_latency_ms_sum,,,10.1.45.99:4191,linkerd-proxy,teastore,,teastore-persistence-d9666cc75-l847s,,29216,,,,,teastore-persistence,,linkerd,inbound,,d9666cc75,404,true,teastore,teastore-persistence.teastore.svc.cluster.local:8080,default.teastore.serviceaccount.identity.linkerd.cluster.local,,,,,,,,teastore,,teastore-persistence
1615588101.889,response_latency_ms_sum,,,10.1.45.99:4191,linkerd-proxy,teastore,,teastore-persistence-d9666cc75-l847s,,29259,,,,,teastore-persistence,,linkerd,inbound,,d9666cc75,404,true,teastore,teastore-persistence.teastore.svc.cluster.local:8080,default.teastore.serviceaccount.identity.linkerd.cluster.local,,,,,,,,teastore,,teastore-persistence
1615588111.89,response_latency_ms_sum,,,10.1.45.99:4191,linkerd-proxy,teastore,,teastore-persistence-d9666cc75-l847s,,29270,,,,,teastore-persistence,,linkerd,inbound,,d9666cc75,404,true,teastore,teastore-persistence.teastore.svc.cluster.local:8080,default.teastore.serviceaccount.identity.linkerd.cluster.local,,,,,,,,teastore,,teastore-persistence
1615588121.889,response_latency_ms_sum,,,10.1.45.99:4191,linkerd-proxy,teastore,,teastore-persistence-d9666cc75-l847s,,29289,,,,,teastore-persistence,,linkerd,inbound,,d9666cc75,404,true,teastore,teastore-persistence.teastore.svc.cluster.local:8080,default.teastore.serviceaccount.identity.linkerd.cluster.local,,,,,,,,teastore,,teastore-persistence
1615588131.889,response_latency_ms_sum,,,10.1.45.99:4191,linkerd-proxy,teastore,,teastore-persistence-d9666cc75-l847s,,29326,,,,,teastore-persistence,,linkerd,inbound,,d9666cc75,404,true,teastore,teastore-persistence.teastore.svc.cluster.local:8080,default.teastore.serviceaccount.identity.linkerd.cluster.local,,,,,,,,teastore,,teastore-persistence
1615588141.889,response_latency_ms_sum,,,10.1.45.99:4191,linkerd-proxy,teastore,,teastore-persistence-d9666cc75-l847s,,29421,,,,,teastore-persistence,,linkerd,inbound,,d9666cc75,404,true,teastore,teastore-persistence.teastore.svc.cluster.local:8080,default.teastore.serviceaccount.identity.linkerd.cluster.local,,,,,,,,teastore,,teastore-persistence
1615588151.889,response_latency_ms_sum,,,10.1.45.99:4191,linkerd-proxy,teastore,,teastore-persistence-d9666cc75-l847s,,29469,,,,,teastore-persistence,,linkerd,inbound,,d9666cc75,404,true,teastore,teastore-persistence.teastore.svc.cluster.local:8080,default.teastore.serviceaccount.identity.linkerd.cluster.local,,,,,,,,teastore,,teastore-persistence
1615588161.888,response_latency_ms_sum,,,10.1.45.99:4191,linkerd-proxy,teastore,,teastore-persistence-d9666cc75-l847s,,29545,,,,,teastore-persistence,,linkerd,inbound,,d9666cc75,404,true,teastore,teastore-persistence.teastore.svc.cluster.local:8080,default.teastore.serviceaccount.identity.linkerd.cluster.local,,,,,,,,teastore,,teastore-persistence
1615588171.889,response_latency_ms_sum,,,10.1.45.99:4191,linkerd-proxy,teastore,,teastore-persistence-d9666cc75-l847s,,29629,,,,,teastore-persistence,,linkerd,inbound,,d9666cc75,404,true,teastore,teastore-persistence.teastore.svc.cluster.local:8080,default.teastore.serviceaccount.identity.linkerd.cluster.local,,,,,,,,teastore,,teastore-persistence
1615588181.888,response_latency_ms_sum,,,10.1.45.99:4191,linkerd-proxy,teastore,,teastore-persistence-d9666cc75-l847s,,29699,,,,,teastore-persistence,,linkerd,inbound,,d9666cc75,404,true,teastore,teastore-persistence.teastore.svc.cluster.local:8080,default.teastore.serviceaccount.identity.linkerd.cluster.local,,,,,,,,teastore,,teastore-persistence
1615588191.89,response_latency_ms_sum,,,10.1.45.99:4191,linkerd-proxy,teastore,,teastore-persistence-d9666cc75-l847s,,29873,,,,,teastore-persistence,,linkerd,inbound,,d9666cc75,404,true,teastore,teastore-persistence.teastore.svc.cluster.local:8080,default.teastore.serviceaccount.identity.linkerd.cluster.local,,,,,,,,teastore,,teastore-persistence
1615588201.888,response_latency_ms_sum,,,10.1.45.99:4191,linkerd-proxy,teastore,,teastore-persistence-d9666cc75-l847s,,29993,,,,,teastore-persistence,,linkerd,inbound,,d9666cc75,404,true,teastore,teastore-persistence.teastore.svc.cluster.local:8080,default.teastore.serviceaccount.identity.linkerd.cluster.local,,,,,,,,teastore,,teastore-persistence
1615588092.013,response_latency_ms_sum,,,10.1.45.96:4191,linkerd-proxy,teastore,,teastore-auth-5c8f77dbb8-sx8wp,,47521,,,,,teastore-auth,,linkerd,outbound,,5c8f77dbb8,404,true,teastore,teastore-persistence.teastore.svc.cluster.local:8080,,linkerd,teastore-persistence,teastore,teastore-persistence-d9666cc75-l847s,d9666cc75,default,default.teastore.serviceaccount.identity.linkerd.cluster.local,teastore,teastore-persistence,teastore-auth
1615588102.013,response_latency_ms_sum,,,10.1.45.96:4191,linkerd-proxy,teastore,,teastore-auth-5c8f77dbb8-sx8wp,,47576,,,,,teastore-auth,,linkerd,outbound,,5c8f77dbb8,404,true,teastore,teastore-persistence.teastore.svc.cluster.local:8080,,linkerd,teastore-persistence,teastore,teastore-persistence-d9666cc75-l847s,d9666cc75,default,default.teastore.serviceaccount.identity.linkerd.cluster.local,teastore,teastore-persistence,teastore-auth
1615588112.013,response_latency_ms_sum,,,10.1.45.96:4191,linkerd-proxy,teastore,,teastore-auth-5c8f77dbb8-sx8wp,,47597,,,,,teastore-auth,,linkerd,outbound,,5c8f77dbb8,404,true,teastore,teastore-persistence.teastore.svc.cluster.local:8080,,linkerd,teastore-persistence,teastore,teastore-persistence-d9666cc75-l847s,d9666cc75,default,default.teastore.serviceaccount.identity.linkerd.cluster.local,teastore,teastore-persistence,teastore-auth
1615588122.013,response_latency_ms_sum,,,10.1.45.96:4191,linkerd-proxy,teastore,,teastore-auth-5c8f77dbb8-sx8wp,,47638,,,,,teastore-auth,,linkerd,outbound,,5c8f77dbb8,404,true,teastore,teastore-persistence.teastore.svc.cluster.local:8080,,linkerd,teastore-persistence,teastore,teastore-persistence-d9666cc75-l847s,d9666cc75,default,default.teastore.serviceaccount.identity.linkerd.cluster.local,teastore,teastore-persistence,teastore-auth
1615588132.013,response_latency_ms_sum,,,10.1.45.96:4191,linkerd-proxy,teastore,,teastore-auth-5c8f77dbb8-sx8wp,,47707,,,,,teastore-auth,,linkerd,outbound,,5c8f77dbb8,404,true,teastore,teastore-persistence.teastore.svc.cluster.local:8080,,linkerd,teastore-persistence,teastore,teastore-persistence-d9666cc75-l847s,d9666cc75,default,default.teastore.serviceaccount.identity.linkerd.cluster.local,teastore,teastore-persistence,teastore-auth
1615588142.013,response_latency_ms_sum,,,10.1.45.96:4191,linkerd-proxy,teastore,,teastore-auth-5c8f77dbb8-sx8wp,,47862,,,,,teastore-auth,,linkerd,outbound,,5c8f77dbb8,404,true,teastore,teastore-persistence.teastore.svc.cluster.local:8080,,linkerd,teastore-persistence,teastore,teastore-persistence-d9666cc75-l847s,d9666cc75,default,default.teastore.serviceaccount.identity.linkerd.cluster.local,teastore,teastore-persistence,teastore-auth
1615588152.013,response_latency_ms_sum,,,10.1.45.96:4191,linkerd-proxy,teastore,,teastore-auth-5c8f77dbb8-sx8wp,,47949,,,,,teastore-auth,,linkerd,outbound,,5c8f77dbb8,404,true,teastore,teastore-persistence.teastore.svc.cluster.local:8080,,linkerd,teastore-persistence,teastore,teastore-persistence-d9666cc75-l847s,d9666cc75,default,default.teastore.serviceaccount.identity.linkerd.cluster.local,teastore,teastore-persistence,teastore-auth
1615588162.013,response_latency_ms_sum,,,10.1.45.96:4191,linkerd-proxy,teastore,,teastore-auth-5c8f77dbb8-sx8wp,,48079,,,,,teastore-auth,,linkerd,outbound,,5c8f77dbb8,404,true,teastore,teastore-persistence.teastore.svc.cluster.local:8080,,linkerd,teastore-persistence,teastore,teastore-persistence-d9666cc75-l847s,d9666cc75,default,default.teastore.serviceaccount.identity.linkerd.cluster.local,teastore,teastore-persistence,teastore-auth
1615588172.013,response_latency_ms_sum,,,10.1.45.96:4191,linkerd-proxy,teastore,,teastore-auth-5c8f77dbb8-sx8wp,,48218,,,,,teastore-auth,,linkerd,outbound,,5c8f77dbb8,404,true,teastore,teastore-persistence.teastore.svc.cluster.local:8080,,linkerd,teastore-persistence,teastore,teastore-persistence-d9666cc75-l847s,d9666cc75,default,default.teastore.serviceaccount.identity.linkerd.cluster.local,teastore,teastore-persistence,teastore-auth
1615588182.013,response_latency_ms_sum,,,10.1.45.96:4191,linkerd-proxy,teastore,,teastore-auth-5c8f77dbb8-sx8wp,,48366,,,,,teastore-auth,,linkerd,outbound,,5c8f77dbb8,404,true,teastore,teastore-persistence.teastore.svc.cluster.local:8080,,linkerd,teastore-persistence,teastore,teastore-persistence-d9666cc75-l847s,d9666cc75,default,default.teastore.serviceaccount.identity.linkerd.cluster.local,teastore,teastore-persistence,teastore-auth
1615588192.013,response_latency_ms_sum,,,10.1.45.96:4191,linkerd-proxy,teastore,,teastore-auth-5c8f77dbb8-sx8wp,,48646,,,,,teastore-auth,,linkerd,outbound,,5c8f77dbb8,404,true,teastore,teastore-persistence.teastore.svc.cluster.local:8080,,linkerd,teastore-persistence,teastore,teastore-persistence-d9666cc75-l847s,d9666cc75,default,default.teastore.serviceaccount.identity.linkerd.cluster.local,teastore,teastore-persistence,teastore-auth
1615588202.014,response_latency_ms_sum,,,10.1.45.96:4191,linkerd-proxy,teastore,,teastore-auth-5c8f77dbb8-sx8wp,,48840,,,,,teastore-auth,,linkerd,outbound,,5c8f77dbb8,404,true,teastore,teastore-persistence.teastore.svc.cluster.local:8080,,linkerd,teastore-persistence,teastore,teastore-persistence-d9666cc75-l847s,d9666cc75,default,default.teastore.serviceaccount.identity.linkerd.cluster.local,teastore,teastore-persistence,teastore-auth
1615588093.432,response_latency_ms_sum,,,10.1.45.95:4191,linkerd-proxy,teastore,,teastore-recommender-597fccb746-vtcxt,,71743,,,,,teastore-recommender,,linkerd,inbound,,597fccb746,200,true,teastore,teastore-recommender.teastore.svc.cluster.local:8080,default.teastore.serviceaccount.identity.linkerd.cluster.local,,,,,,,,teastore,,teastore-recommender
1615588103.432,response_latency_ms_sum,,,10.1.45.95:4191,linkerd-proxy,teastore,,teastore-recommender-597fccb746-vtcxt,,71760,,,,,teastore-recommender,,linkerd,inbound,,597fccb746,200,true,teastore,teastore-recommender.teastore.svc.cluster.local:8080,default.teastore.serviceaccount.identity.linkerd.cluster.local,,,,,,,,teastore,,teastore-recommender
1615588113.432,response_latency_ms_sum,,,10.1.45.95:4191,linkerd-proxy,teastore,,teastore-recommender-597fccb746-vtcxt,,71798,,,,,teastore-recommender,,linkerd,inbound,,597fccb746,200,true,teastore,teastore-recommender.teastore.svc.cluster.local:8080,default.teastore.serviceaccount.identity.linkerd.cluster.local,,,,,,,,teastore,,teastore-recommender
1615588123.432,response_latency_ms_sum,,,10.1.45.95:4191,linkerd-proxy,teastore,,teastore-recommender-597fccb746-vtcxt,,71863,,,,,teastore-recommender,,linkerd,inbound,,597fccb746,200,true,teastore,teastore-recommender.teastore.svc.cluster.local:8080,default.teastore.serviceaccount.identity.linkerd.cluster.local,,,,,,,,teastore,,teastore-recommender
1615588133.432,response_latency_ms_sum,,,10.1.45.95:4191,linkerd-proxy,teastore,,teastore-recommender-597fccb746-vtcxt,,71960,,,,,teastore-recommender,,linkerd,inbound,,597fccb746,200,true,teastore,teastore-recommender.teastore.svc.cluster.local:8080,default.teastore.serviceaccount.identity.linkerd.cluster.local,,,,,,,,teastore,,teastore-recommender
1615588143.432,response_latency_ms_sum,,,10.1.45.95:4191,linkerd-proxy,teastore,,teastore-recommender-597fccb746-vtcxt,,72549,,,,,teastore-recommender,,linkerd,inbound,,597fccb746,200,true,teastore,teastore-recommender.teastore.svc.cluster.local:8080,default.teastore.serviceaccount.identity.linkerd.cluster.local,,,,,,,,teastore,,teastore-recommender
1615588153.431,response_latency_ms_sum,,,10.1.45.95:4191,linkerd-proxy,teastore,,teastore-recommender-597fccb746-vtcxt,,72691,,,,,teastore-recommender,,linkerd,inbound,,597fccb746,200,true,teastore,teastore-recommender.teastore.svc.cluster.local:8080,default.teastore.serviceaccount.identity.linkerd.cluster.local,,,,,,,,teastore,,teastore-recommender
1615588163.432,response_latency_ms_sum,,,10.1.45.95:4191,linkerd-proxy,teastore,,teastore-recommender-597fccb746-vtcxt,,73212,,,,,teastore-recommender,,linkerd,inbound,,597fccb746,200,true,teastore,teastore-recommender.teastore.svc.cluster.local:8080,default.teastore.serviceaccount.identity.linkerd.cluster.local,,,,,,,,teastore,,teastore-recommender
1615588173.432,response_latency_ms_sum,,,10.1.45.95:4191,linkerd-proxy,teastore,,teastore-recommender-597fccb746-vtcxt,,73339,,,,,teastore-recommender,,linkerd,inbound,,597fccb746,200,true,teastore,teastore-recommender.teastore.svc.cluster.local:8080,default.teastore.serviceaccount.identity.linkerd.cluster.local,,,,,,,,teastore,,teastore-recommender
1615588183.432,response_latency_ms_sum,,,10.1.45.95:4191,linkerd-proxy,teastore,,teastore-recommender-597fccb746-vtcxt,,73476,,,,,teastore-recommender,,linkerd,inbound,,597fccb746,200,true,teastore,teastore-recommender.teastore.svc.cluster.local:8080,default.teastore.serviceaccount.identity.linkerd.cluster.local,,,,,,,,teastore,,teastore-recommender
1615588193.432,response_latency_ms_sum,,,10.1.45.95:4191,linkerd-proxy,teastore,,teastore-recommender-597fccb746-vtcxt,,73775,,,,,teastore-recommender,,linkerd,inbound,,597fccb746,200,true,teastore,teastore-recommender.teastore.svc.cluster.local:8080,default.teastore.serviceaccount.identity.linkerd.cluster.local,,,,,,,,teastore,,teastore-recommender
1615588203.431,response_latency_ms_sum,,,10.1.45.95:4191,linkerd-proxy,teastore,,teastore-recommender-597fccb746-vtcxt,,74115,,,,,teastore-recommender,,linkerd,inbound,,597fccb746,200,true,teastore,teastore-recommender.teastore.svc.cluster.local:8080,default.teastore.serviceaccount.identity.linkerd.cluster.local,,,,,,,,teastore,,teastore-recommender
1615588093.729,response_latency_ms_sum,,,10.1.45.78:4191,linkerd-proxy,linkerd,,linkerd-prometheus-5bccd64d4d-jzwmt,,202,,,,,linkerd-prometheus,prometheus,linkerd,inbound,no_tls_from_remote,5bccd64d4d,200,no_identity,linkerd,localhost:31275,,,,,,,,,,,
1615588103.729,response_latency_ms_sum,,,10.1.45.78:4191,linkerd-proxy,linkerd,,linkerd-prometheus-5bccd64d4d-jzwmt,,202,,,,,linkerd-prometheus,prometheus,linkerd,inbound,no_tls_from_remote,5bccd64d4d,200,no_identity,linkerd,localhost:31275,,,,,,,,,,,
1615588113.729,response_latency_ms_sum,,,10.1.45.78:4191,linkerd-proxy,linkerd,,linkerd-prometheus-5bccd64d4d-jzwmt,,202,,,,,linkerd-prometheus,prometheus,linkerd,inbound,no_tls_from_remote,5bccd64d4d,200,no_identity,linkerd,localhost:31275,,,,,,,,,,,
1615588123.729,response_latency_ms_sum,,,10.1.45.78:4191,linkerd-proxy,linkerd,,linkerd-prometheus-5bccd64d4d-jzwmt,,202,,,,,linkerd-prometheus,prometheus,linkerd,inbound,no_tls_from_remote,5bccd64d4d,200,no_identity,linkerd,localhost:31275,,,,,,,,,,,
1615588133.729,response_latency_ms_sum,,,10.1.45.78:4191,linkerd-proxy,linkerd,,linkerd-prometheus-5bccd64d4d-jzwmt,,202,,,,,linkerd-prometheus,prometheus,linkerd,inbound,no_tls_from_remote,5bccd64d4d,200,no_identity,linkerd,localhost:31275,,,,,,,,,,,
1615588143.729,response_latency_ms_sum,,,10.1.45.78:4191,linkerd-proxy,linkerd,,linkerd-prometheus-5bccd64d4d-jzwmt,,202,,,,,linkerd-prometheus,prometheus,linkerd,inbound,no_tls_from_remote,5bccd64d4d,200,no_identity,linkerd,localhost:31275,,,,,,,,,,,
1615588153.729,response_latency_ms_sum,,,10.1.45.78:4191,linkerd-proxy,linkerd,,linkerd-prometheus-5bccd64d4d-jzwmt,,202,,,,,linkerd-prometheus,prometheus,linkerd,inbound,no_tls_from_remote,5bccd64d4d,200,no_identity,linkerd,localhost:31275,,,,,,,,,,,
1615588163.729,response_latency_ms_sum,,,10.1.45.78:4191,linkerd-proxy,linkerd,,linkerd-prometheus-5bccd64d4d-jzwmt,,202,,,,,linkerd-prometheus,prometheus,linkerd,inbound,no_tls_from_remote,5bccd64d4d,200,no_identity,linkerd,localhost:31275,,,,,,,,,,,
1615588173.729,response_latency_ms_sum,,,10.1.45.78:4191,linkerd-proxy,linkerd,,linkerd-prometheus-5bccd64d4d-jzwmt,,202,,,,,linkerd-prometheus,prometheus,linkerd,inbound,no_tls_from_remote,5bccd64d4d,200,no_identity,linkerd,localhost:31275,,,,,,,,,,,
1615588183.729,response_latency_ms_sum,,,10.1.45.78:4191,linkerd-proxy,linkerd,,linkerd-prometheus-5bccd64d4d-jzwmt,,202,,,,,linkerd-prometheus,prometheus,linkerd,inbound,no_tls_from_remote,5bccd64d4d,200,no_identity,linkerd,localhost:31275,,,,,,,,,,,
1615588193.731,response_latency_ms_sum,,,10.1.45.78:4191,linkerd-proxy,linkerd,,linkerd-prometheus-5bccd64d4d-jzwmt,,202,,,,,linkerd-prometheus,prometheus,linkerd,inbound,no_tls_from_remote,5bccd64d4d,200,no_identity,linkerd,localhost:31275,,,,,,,,,,,
1615588203.729,response_latency_ms_sum,,,10.1.45.78:4191,linkerd-proxy,linkerd,,linkerd-prometheus-5bccd64d4d-jzwmt,,202,,,,,linkerd-prometheus,prometheus,linkerd,inbound,no_tls_from_remote,5bccd64d4d,200,no_identity,linkerd,localhost:31275,,,,,,,,,,,
1615588093.729,response_latency_ms_sum,,,10.1.45.78:4191,linkerd-proxy,linkerd,,linkerd-prometheus-5bccd64d4d-jzwmt,,469,,,,,linkerd-prometheus,prometheus,linkerd,outbound,,5bccd64d4d,200,true,linkerd,10.1.45.106:4191,,linkerd,teastore-webui,teastore,teastore-webui-6dcc468765-b8c6r,6dcc468765,default,default.teastore.serviceaccount.identity.linkerd.cluster.local,,,
1615588103.729,response_latency_ms_sum,,,10.1.45.78:4191,linkerd-proxy,linkerd,,linkerd-prometheus-5bccd64d4d-jzwmt,,469,,,,,linkerd-prometheus,prometheus,linkerd,outbound,,5bccd64d4d,200,true,linkerd,10.1.45.106:4191,,linkerd,teastore-webui,teastore,teastore-webui-6dcc468765-b8c6r,6dcc468765,default,default.teastore.serviceaccount.identity.linkerd.cluster.local,,,
1615588113.729,response_latency_ms_sum,,,10.1.45.78:4191,linkerd-proxy,linkerd,,linkerd-prometheus-5bccd64d4d-jzwmt,,469,,,,,linkerd-prometheus,prometheus,linkerd,outbound,,5bccd64d4d,200,true,linkerd,10.1.45.106:4191,,linkerd,teastore-webui,teastore,teastore-webui-6dcc468765-b8c6r,6dcc468765,default,default.teastore.serviceaccount.identity.linkerd.cluster.local,,,
1615588123.729,response_latency_ms_sum,,,10.1.45.78:4191,linkerd-proxy,linkerd,,linkerd-prometheus-5bccd64d4d-jzwmt,,469,,,,,linkerd-prometheus,prometheus,linkerd,outbound,,5bccd64d4d,200,true,linkerd,10.1.45.106:4191,,linkerd,teastore-webui,teastore,teastore-webui-6dcc468765-b8c6r,6dcc468765,default,default.teastore.serviceaccount.identity.linkerd.cluster.local,,,
1615588133.729,response_latency_ms_sum,,,10.1.45.78:4191,linkerd-proxy,linkerd,,linkerd-prometheus-5bccd64d4d-jzwmt,,469,,,,,linkerd-prometheus,prometheus,linkerd,outbound,,5bccd64d4d,200,true,linkerd,10.1.45.106:4191,,linkerd,teastore-webui,teastore,teastore-webui-6dcc468765-b8c6r,6dcc468765,default,default.teastore.serviceaccount.identity.linkerd.cluster.local,,,
1615588143.729,response_latency_ms_sum,,,10.1.45.78:4191,linkerd-proxy,linkerd,,linkerd-prometheus-5bccd64d4d-jzwmt,,469,,,,,linkerd-prometheus,prometheus,linkerd,outbound,,5bccd64d4d,200,true,linkerd,10.1.45.106:4191,,linkerd,teastore-webui,teastore,teastore-webui-6dcc468765-b8c6r,6dcc468765,default,default.teastore.serviceaccount.identity.linkerd.cluster.local,,,
1615588153.729,response_latency_ms_sum,,,10.1.45.78:4191,linkerd-proxy,linkerd,,linkerd-prometheus-5bccd64d4d-jzwmt,,469,,,,,linkerd-prometheus,prometheus,linkerd,outbound,,5bccd64d4d,200,true,linkerd,10.1.45.106:4191,,linkerd,teastore-webui,teastore,teastore-webui-6dcc468765-b8c6r,6dcc468765,default,default.teastore.serviceaccount.identity.linkerd.cluster.local,,,
1615588163.729,response_latency_ms_sum,,,10.1.45.78:4191,linkerd-proxy,linkerd,,linkerd-prometheus-5bccd64d4d-jzwmt,,469,,,,,linkerd-prometheus,prometheus,linkerd,outbound,,5bccd64d4d,200,true,linkerd,10.1.45.106:4191,,linkerd,teastore-webui,teastore,teastore-webui-6dcc468765-b8c6r,6dcc468765,default,default.teastore.serviceaccount.identity.linkerd.cluster.local,,,
1615588173.729,response_latency_ms_sum,,,10.1.45.78:4191,linkerd-proxy,linkerd,,linkerd-prometheus-5bccd64d4d-jzwmt,,469,,,,,linkerd-prometheus,prometheus,linkerd,outbound,,5bccd64d4d,200,true,linkerd,10.1.45.106:4191,,linkerd,teastore-webui,teastore,teastore-webui-6dcc468765-b8c6r,6dcc468765,default,default.teastore.serviceaccount.identity.linkerd.cluster.local,,,
1615588183.729,response_latency_ms_sum,,,10.1.45.78:4191,linkerd-proxy,linkerd,,linkerd-prometheus-5bccd64d4d-jzwmt,,469,,,,,linkerd-prometheus,prometheus,linkerd,outbound,,5bccd64d4d,200,true,linkerd,10.1.45.106:4191,,linkerd,teastore-webui,teastore,teastore-webui-6dcc468765-b8c6r,6dcc468765,default,default.teastore.serviceaccount.identity.linkerd.cluster.local,,,
1615588193.731,response_latency_ms_sum,,,10.1.45.78:4191,linkerd-proxy,linkerd,,linkerd-prometheus-5bccd64d4d-jzwmt,,469,,,,,linkerd-prometheus,prometheus,linkerd,outbound,,5bccd64d4d,200,true,linkerd,10.1.45.106:4191,,linkerd,teastore-webui,teastore,teastore-webui-6dcc468765-b8c6r,6dcc468765,default,default.teastore.serviceaccount.identity.linkerd.cluster.local,,,
1615588203.729,response_latency_ms_sum,,,10.1.45.78:4191,linkerd-proxy,linkerd,,linkerd-prometheus-5bccd64d4d-jzwmt,,469,,,,,linkerd-prometheus,prometheus,linkerd,outbound,,5bccd64d4d,200,true,linkerd,10.1.45.106:4191,,linkerd,teastore-webui,teastore,teastore-webui-6dcc468765-b8c6r,6dcc468765,default,default.teastore.serviceaccount.identity.linkerd.cluster.local,,,
1615588093.729,response_latency_ms_sum,,,10.1.45.78:4191,linkerd-proxy,linkerd,,linkerd-prometheus-5bccd64d4d-jzwmt,,312,,,,,linkerd-prometheus,prometheus,linkerd,outbound,,5bccd64d4d,200,true,linkerd,10.1.45.107:4191,,linkerd,teastore-webui,teastore,teastore-webui-6dcc468765-pwhzr,6dcc468765,default,default.teastore.serviceaccount.identity.linkerd.cluster.local,,,
1615588103.729,response_latency_ms_sum,,,10.1.45.78:4191,linkerd-proxy,linkerd,,linkerd-prometheus-5bccd64d4d-jzwmt,,312,,,,,linkerd-prometheus,prometheus,linkerd,outbound,,5bccd64d4d,200,true,linkerd,10.1.45.107:4191,,linkerd,teastore-webui,teastore,teastore-webui-6dcc468765-pwhzr,6dcc468765,default,default.teastore.serviceaccount.identity.linkerd.cluster.local,,,
1615588113.729,response_latency_ms_sum,,,10.1.45.78:4191,linkerd-proxy,linkerd,,linkerd-prometheus-5bccd64d4d-jzwmt,,312,,,,,linkerd-prometheus,prometheus,linkerd,outbound,,5bccd64d4d,200,true,linkerd,10.1.45.107:4191,,linkerd,teastore-webui,teastore,teastore-webui-6dcc468765-pwhzr,6dcc468765,default,default.teastore.serviceaccount.identity.linkerd.cluster.local,,,
1615588123.729,response_latency_ms_sum,,,10.1.45.78:4191,linkerd-proxy,linkerd,,linkerd-prometheus-5bccd64d4d-jzwmt,,312,,,,,linkerd-prometheus,prometheus,linkerd,outbound,,5bccd64d4d,200,true,linkerd,10.1.45.107:4191,,linkerd,teastore-webui,teastore,teastore-webui-6dcc468765-pwhzr,6dcc468765,default,default.teastore.serviceaccount.identity.linkerd.cluster.local,,,
1615588133.729,response_latency_ms_sum,,,10.1.45.78:4191,linkerd-proxy,linkerd,,linkerd-prometheus-5bccd64d4d-jzwmt,,312,,,,,linkerd-prometheus,prometheus,linkerd,outbound,,5bccd64d4d,200,true,linkerd,10.1.45.107:4191,,linkerd,teastore-webui,teastore,teastore-webui-6dcc468765-pwhzr,6dcc468765,default,default.teastore.serviceaccount.identity.linkerd.cluster.local,,,
1615588143.729,response_latency_ms_sum,,,10.1.45.78:4191,linkerd-proxy,linkerd,,linkerd-prometheus-5bccd64d4d-jzwmt,,312,,,,,linkerd-prometheus,prometheus,linkerd,outbound,,5bccd64d4d,200,true,linkerd,10.1.45.107:4191,,linkerd,teastore-webui,teastore,teastore-webui-6dcc468765-pwhzr,6dcc468765,default,default.teastore.serviceaccount.identity.linkerd.cluster.local,,,
1615588153.729,response_latency_ms_sum,,,10.1.45.78:4191,linkerd-proxy,linkerd,,linkerd-prometheus-5bccd64d4d-jzwmt,,312,,,,,linkerd-prometheus,prometheus,linkerd,outbound,,5bccd64d4d,200,true,linkerd,10.1.45.107:4191,,linkerd,teastore-webui,teastore,teastore-webui-6dcc468765-pwhzr,6dcc468765,default,default.teastore.serviceaccount.identity.linkerd.cluster.local,,,
1615588163.729,response_latency_ms_sum,,,10.1.45.78:4191,linkerd-proxy,linkerd,,linkerd-prometheus-5bccd64d4d-jzwmt,,312,,,,,linkerd-prometheus,prometheus,linkerd,outbound,,5bccd64d4d,200,true,linkerd,10.1.45.107:4191,,linkerd,teastore-webui,teastore,teastore-webui-6dcc468765-pwhzr,6dcc468765,default,default.teastore.serviceaccount.identity.linkerd.cluster.local,,,
1615588173.729,response_latency_ms_sum,,,10.1.45.78:4191,linkerd-proxy,linkerd,,linkerd-prometheus-5bccd64d4d-jzwmt,,312,,,,,linkerd-prometheus,prometheus,linkerd,outbound,,5bccd64d4d,200,true,linkerd,10.1.45.107:4191,,linkerd,teastore-webui,teastore,teastore-webui-6dcc468765-pwhzr,6dcc468765,default,default.teastore.serviceaccount.identity.linkerd.cluster.local,,,
1615588183.729,response_latency_ms_sum,,,10.1.45.78:4191,linkerd-proxy,linkerd,,linkerd-prometheus-5bccd64d4d-jzwmt,,312,,,,,linkerd-prometheus,prometheus,linkerd,outbound,,5bccd64d4d,200,true,linkerd,10.1.45.107:4191,,linkerd,teastore-webui,teastore,teastore-webui-6dcc468765-pwhzr,6dcc468765,default,default.teastore.serviceaccount.identity.linkerd.cluster.local,,,
1615588193.731,response_latency_ms_sum,,,10.1.45.78:4191,linkerd-proxy,linkerd,,linkerd-prometheus-5bccd64d4d-jzwmt,,312,,,,,linkerd-prometheus,prometheus,linkerd,outbound,,5bccd64d4d,200,true,linkerd,10.1.45.107:4191,,linkerd,teastore-webui,teastore,teastore-webui-6dcc468765-pwhzr,6dcc468765,default,default.teastore.serviceaccount.identity.linkerd.cluster.local,,,
1615588203.729,response_latency_ms_sum,,,10.1.45.78:4191,linkerd-proxy,linkerd,,linkerd-prometheus-5bccd64d4d-jzwmt,,312,,,,,linkerd-prometheus,prometheus,linkerd,outbound,,5bccd64d4d,200,true,linkerd,10.1.45.107:4191,,linkerd,teastore-webui,teastore,teastore-webui-6dcc468765-pwhzr,6dcc468765,default,default.teastore.serviceaccount.identity.linkerd.cluster.local,,,
1615588093.729,response_latency_ms_sum,,,10.1.45.78:4191,linkerd-proxy,linkerd,,linkerd-prometheus-5bccd64d4d-jzwmt,,612,,,,,linkerd-prometheus,prometheus,linkerd,outbound,,5bccd64d4d,200,true,linkerd,10.1.45.108:4191,,linkerd,teastore-webui,teastore,teastore-webui-6dcc468765-kmztb,6dcc468765,default,default.teastore.serviceaccount.identity.linkerd.cluster.local,,,
1615588103.729,response_latency_ms_sum,,,10.1.45.78:4191,linkerd-proxy,linkerd,,linkerd-prometheus-5bccd64d4d-jzwmt,,612,,,,,linkerd-prometheus,prometheus,linkerd,outbound,,5bccd64d4d,200,true,linkerd,10.1.45.108:4191,,linkerd,teastore-webui,teastore,teastore-webui-6dcc468765-kmztb,6dcc468765,default,default.teastore.serviceaccount.identity.linkerd.cluster.local,,,
1615588113.729,response_latency_ms_sum,,,10.1.45.78:4191,linkerd-proxy,linkerd,,linkerd-prometheus-5bccd64d4d-jzwmt,,612,,,,,linkerd-prometheus,prometheus,linkerd,outbound,,5bccd64d4d,200,true,linkerd,10.1.45.108:4191,,linkerd,teastore-webui,teastore,teastore-webui-6dcc468765-kmztb,6dcc468765,default,default.teastore.serviceaccount.identity.linkerd.cluster.local,,,
1615588123.729,response_latency_ms_sum,,,10.1.45.78:4191,linkerd-proxy,linkerd,,linkerd-prometheus-5bccd64d4d-jzwmt,,612,,,,,linkerd-prometheus,prometheus,linkerd,outbound,,5bccd64d4d,200,true,linkerd,10.1.45.108:4191,,linkerd,teastore-webui,teastore,teastore-webui-6dcc468765-kmztb,6dcc468765,default,default.teastore.serviceaccount.identity.linkerd.cluster.local,,,
1615588133.729,response_latency_ms_sum,,,10.1.45.78:4191,linkerd-proxy,linkerd,,linkerd-prometheus-5bccd64d4d-jzwmt,,612,,,,,linkerd-prometheus,prometheus,linkerd,outbound,,5bccd64d4d,200,true,linkerd,10.1.45.108:4191,,linkerd,teastore-webui,teastore,teastore-webui-6dcc468765-kmztb,6dcc468765,default,default.teastore.serviceaccount.identity.linkerd.cluster.local,,,
1615588143.729,response_latency_ms_sum,,,10.1.45.78:4191,linkerd-proxy,linkerd,,linkerd-prometheus-5bccd64d4d-jzwmt,,612,,,,,linkerd-prometheus,prometheus,linkerd,outbound,,5bccd64d4d,200,true,linkerd,10.1.45.108:4191,,linkerd,teastore-webui,teastore,teastore-webui-6dcc468765-kmztb,6dcc468765,default,default.teastore.serviceaccount.identity.linkerd.cluster.local,,,
1615588153.729,response_latency_ms_sum,,,10.1.45.78:4191,linkerd-proxy,linkerd,,linkerd-prometheus-5bccd64d4d-jzwmt,,612,,,,,linkerd-prometheus,prometheus,linkerd,outbound,,5bccd64d4d,200,true,linkerd,10.1.45.108:4191,,linkerd,teastore-webui,teastore,teastore-webui-6dcc468765-kmztb,6dcc468765,default,default.teastore.serviceaccount.identity.linkerd.cluster.local,,,
1615588163.729,response_latency_ms_sum,,,10.1.45.78:4191,linkerd-proxy,linkerd,,linkerd-prometheus-5bccd64d4d-jzwmt,,612,,,,,linkerd-prometheus,prometheus,linkerd,outbound,,5bccd64d4d,200,true,linkerd,10.1.45.108:4191,,linkerd,teastore-webui,teastore,teastore-webui-6dcc468765-kmztb,6dcc468765,default,default.teastore.serviceaccount.identity.linkerd.cluster.local,,,
1615588173.729,response_latency_ms_sum,,,10.1.45.78:4191,linkerd-proxy,linkerd,,linkerd-prometheus-5bccd64d4d-jzwmt,,612,,,,,linkerd-prometheus,prometheus,linkerd,outbound,,5bccd64d4d,200,true,linkerd,10.1.45.108:4191,,linkerd,teastore-webui,teastore,teastore-webui-6dcc468765-kmztb,6dcc468765,default,default.teastore.serviceaccount.identity.linkerd.cluster.local,,,
1615588183.729,response_latency_ms_sum,,,10.1.45.78:4191,linkerd-proxy,linkerd,,linkerd-prometheus-5bccd64d4d-jzwmt,,612,,,,,linkerd-prometheus,prometheus,linkerd,outbound,,5bccd64d4d,200,true,linkerd,10.1.45.108:4191,,linkerd,teastore-webui,teastore,teastore-webui-6dcc468765-kmztb,6dcc468765,default,default.teastore.serviceaccount.identity.linkerd.cluster.local,,,
1615588193.731,response_latency_ms_sum,,,10.1.45.78:4191,linkerd-proxy,linkerd,,linkerd-prometheus-5bccd64d4d-jzwmt,,612,,,,,linkerd-prometheus,prometheus,linkerd,outbound,,5bccd64d4d,200,true,linkerd,10.1.45.108:4191,,linkerd,teastore-webui,teastore,teastore-webui-6dcc468765-kmztb,6dcc468765,default,default.teastore.serviceaccount.identity.linkerd.cluster.local,,,
1615588203.729,response_latency_ms_sum,,,10.1.45.78:4191,linkerd-proxy,linkerd,,linkerd-prometheus-5bccd64d4d-jzwmt,,612,,,,,linkerd-prometheus,prometheus,linkerd,outbound,,5bccd64d4d,200,true,linkerd,10.1.45.108:4191,,linkerd,teastore-webui,teastore,teastore-webui-6dcc468765-kmztb,6dcc468765,default,default.teastore.serviceaccount.identity.linkerd.cluster.local,,,
1615588093.729,response_latency_ms_sum,,,10.1.45.78:4191,linkerd-proxy,linkerd,,linkerd-prometheus-5bccd64d4d-jzwmt,,95,,,,,linkerd-prometheus,prometheus,linkerd,outbound,,5bccd64d4d,200,true,linkerd,10.1.45.109:4191,,linkerd,teastore-webui,teastore,teastore-webui-6dcc468765-mrr69,6dcc468765,default,default.teastore.serviceaccount.identity.linkerd.cluster.local,,,
1615588103.729,response_latency_ms_sum,,,10.1.45.78:4191,linkerd-proxy,linkerd,,linkerd-prometheus-5bccd64d4d-jzwmt,,95,,,,,linkerd-prometheus,prometheus,linkerd,outbound,,5bccd64d4d,200,true,linkerd,10.1.45.109:4191,,linkerd,teastore-webui,teastore,teastore-webui-6dcc468765-mrr69,6dcc468765,default,default.teastore.serviceaccount.identity.linkerd.cluster.local,,,
1615588113.729,response_latency_ms_sum,,,10.1.45.78:4191,linkerd-proxy,linkerd,,linkerd-prometheus-5bccd64d4d-jzwmt,,95,,,,,linkerd-prometheus,prometheus,linkerd,outbound,,5bccd64d4d,200,true,linkerd,10.1.45.109:4191,,linkerd,teastore-webui,teastore,teastore-webui-6dcc468765-mrr69,6dcc468765,default,default.teastore.serviceaccount.identity.linkerd.cluster.local,,,
1615588123.729,response_latency_ms_sum,,,10.1.45.78:4191,linkerd-proxy,linkerd,,linkerd-prometheus-5bccd64d4d-jzwmt,,95,,,,,linkerd-prometheus,prometheus,linkerd,outbound,,5bccd64d4d,200,true,linkerd,10.1.45.109:4191,,linkerd,teastore-webui,teastore,teastore-webui-6dcc468765-mrr69,6dcc468765,default,default.teastore.serviceaccount.identity.linkerd.cluster.local,,,
1615588133.729,response_latency_ms_sum,,,10.1.45.78:4191,linkerd-proxy,linkerd,,linkerd-prometheus-5bccd64d4d-jzwmt,,95,,,,,linkerd-prometheus,prometheus,linkerd,outbound,,5bccd64d4d,200,true,linkerd,10.1.45.109:4191,,linkerd,teastore-webui,teastore,teastore-webui-6dcc468765-mrr69,6dcc468765,default,default.teastore.serviceaccount.identity.linkerd.cluster.local,,,
1615588143.729,response_latency_ms_sum,,,10.1.45.78:4191,linkerd-proxy,linkerd,,linkerd-prometheus-5bccd64d4d-jzwmt,,95,,,,,linkerd-prometheus,prometheus,linkerd,outbound,,5bccd64d4d,200,true,linkerd,10.1.45.109:4191,,linkerd,teastore-webui,teastore,teastore-webui-6dcc468765-mrr69,6dcc468765,default,default.teastore.serviceaccount.identity.linkerd.cluster.local,,,
1615588153.729,response_latency_ms_sum,,,10.1.45.78:4191,linkerd-proxy,linkerd,,linkerd-prometheus-5bccd64d4d-jzwmt,,95,,,,,linkerd-prometheus,prometheus,linkerd,outbound,,5bccd64d4d,200,true,linkerd,10.1.45.109:4191,,linkerd,teastore-webui,teastore,teastore-webui-6dcc468765-mrr69,6dcc468765,default,default.teastore.serviceaccount.identity.linkerd.cluster.local,,,
1615588163.729,response_latency_ms_sum,,,10.1.45.78:4191,linkerd-proxy,linkerd,,linkerd-prometheus-5bccd64d4d-jzwmt,,95,,,,,linkerd-prometheus,prometheus,linkerd,outbound,,5bccd64d4d,200,true,linkerd,10.1.45.109:4191,,linkerd,teastore-webui,teastore,teastore-webui-6dcc468765-mrr69,6dcc468765,default,default.teastore.serviceaccount.identity.linkerd.cluster.local,,,
1615588173.729,response_latency_ms_sum,,,10.1.45.78:4191,linkerd-proxy,linkerd,,linkerd-prometheus-5bccd64d4d-jzwmt,,95,,,,,linkerd-prometheus,prometheus,linkerd,outbound,,5bccd64d4d,200,true,linkerd,10.1.45.109:4191,,linkerd,teastore-webui,teastore,teastore-webui-6dcc468765-mrr69,6dcc468765,default,default.teastore.serviceaccount.identity.linkerd.cluster.local,,,
1615588183.729,response_latency_ms_sum,,,10.1.45.78:4191,linkerd-proxy,linkerd,,linkerd-prometheus-5bccd64d4d-jzwmt,,95,,,,,linkerd-prometheus,prometheus,linkerd,outbound,,5bccd64d4d,200,true,linkerd,10.1.45.109:4191,,linkerd,teastore-webui,teastore,teastore-webui-6dcc468765-mrr69,6dcc468765,default,default.teastore.serviceaccount.identity.linkerd.cluster.local,,,
1615588193.731,response_latency_ms_sum,,,10.1.45.78:4191,linkerd-proxy,linkerd,,linkerd-prometheus-5bccd64d4d-jzwmt,,95,,,,,linkerd-prometheus,prometheus,linkerd,outbound,,5bccd64d4d,200,true,linkerd,10.1.45.109:4191,,linkerd,teastore-webui,teastore,teastore-webui-6dcc468765-mrr69,6dcc468765,default,default.teastore.serviceaccount.identity.linkerd.cluster.local,,,
1615588203.729,response_latency_ms_sum,,,10.1.45.78:4191,linkerd-proxy,linkerd,,linkerd-prometheus-5bccd64d4d-jzwmt,,95,,,,,linkerd-prometheus,prometheus,linkerd,outbound,,5bccd64d4d,200,true,linkerd,10.1.45.109:4191,,linkerd,teastore-webui,teastore,teastore-webui-6dcc468765-mrr69,6dcc468765,default,default.teastore.serviceaccount.identity.linkerd.cluster.local,,,
1615588093.729,response_latency_ms_sum,,,10.1.45.78:4191,linkerd-proxy,linkerd,,linkerd-prometheus-5bccd64d4d-jzwmt,,98,,,,,linkerd-prometheus,prometheus,linkerd,outbound,,5bccd64d4d,200,true,linkerd,10.1.45.110:4191,,linkerd,teastore-webui,teastore,teastore-webui-6dcc468765-ctc22,6dcc468765,default,default.teastore.serviceaccount.identity.linkerd.cluster.local,,,
1615588103.729,response_latency_ms_sum,,,10.1.45.78:4191,linkerd-proxy,linkerd,,linkerd-prometheus-5bccd64d4d-jzwmt,,98,,,,,linkerd-prometheus,prometheus,linkerd,outbound,,5bccd64d4d,200,true,linkerd,10.1.45.110:4191,,linkerd,teastore-webui,teastore,teastore-webui-6dcc468765-ctc22,6dcc468765,default,default.teastore.serviceaccount.identity.linkerd.cluster.local,,,
1615588113.729,response_latency_ms_sum,,,10.1.45.78:4191,linkerd-proxy,linkerd,,linkerd-prometheus-5bccd64d4d-jzwmt,,98,,,,,linkerd-prometheus,prometheus,linkerd,outbound,,5bccd64d4d,200,true,linkerd,10.1.45.110:4191,,linkerd,teastore-webui,teastore,teastore-webui-6dcc468765-ctc22,6dcc468765,default,default.teastore.serviceaccount.identity.linkerd.cluster.local,,,
1615588123.729,response_latency_ms_sum,,,10.1.45.78:4191,linkerd-proxy,linkerd,,linkerd-prometheus-5bccd64d4d-jzwmt,,98,,,,,linkerd-prometheus,prometheus,linkerd,outbound,,5bccd64d4d,200,true,linkerd,10.1.45.110:4191,,linkerd,teastore-webui,teastore,teastore-webui-6dcc468765-ctc22,6dcc468765,default,default.teastore.serviceaccount.identity.linkerd.cluster.local,,,
1615588133.729,response_latency_ms_sum,,,10.1.45.78:4191,linkerd-proxy,linkerd,,linkerd-prometheus-5bccd64d4d-jzwmt,,98,,,,,linkerd-prometheus,prometheus,linkerd,outbound,,5bccd64d4d,200,true,linkerd,10.1.45.110:4191,,linkerd,teastore-webui,teastore,teastore-webui-6dcc468765-ctc22,6dcc468765,default,default.teastore.serviceaccount.identity.linkerd.cluster.local,,,
1615588143.729,response_latency_ms_sum,,,10.1.45.78:4191,linkerd-proxy,linkerd,,linkerd-prometheus-5bccd64d4d-jzwmt,,98,,,,,linkerd-prometheus,prometheus,linkerd,outbound,,5bccd64d4d,200,true,linkerd,10.1.45.110:4191,,linkerd,teastore-webui,teastore,teastore-webui-6dcc468765-ctc22,6dcc468765,default,default.teastore.serviceaccount.identity.linkerd.cluster.local,,,
1615588153.729,response_latency_ms_sum,,,10.1.45.78:4191,linkerd-proxy,linkerd,,linkerd-prometheus-5bccd64d4d-jzwmt,,98,,,,,linkerd-prometheus,prometheus,linkerd,outbound,,5bccd64d4d,200,true,linkerd,10.1.45.110:4191,,linkerd,teastore-webui,teastore,teastore-webui-6dcc468765-ctc22,6dcc468765,default,default.teastore.serviceaccount.identity.linkerd.cluster.local,,,
1615588163.729,response_latency_ms_sum,,,10.1.45.78:4191,linkerd-proxy,linkerd,,linkerd-prometheus-5bccd64d4d-jzwmt,,98,,,,,linkerd-prometheus,prometheus,linkerd,outbound,,5bccd64d4d,200,true,linkerd,10.1.45.110:4191,,linkerd,teastore-webui,teastore,teastore-webui-6dcc468765-ctc22,6dcc468765,default,default.teastore.serviceaccount.identity.linkerd.cluster.local,,,
1615588173.729,response_latency_ms_sum,,,10.1.45.78:4191,linkerd-proxy,linkerd,,linkerd-prometheus-5bccd64d4d-jzwmt,,98,,,,,linkerd-prometheus,prometheus,linkerd,outbound,,5bccd64d4d,200,true,linkerd,10.1.45.110:4191,,linkerd,teastore-webui,teastore,teastore-webui-6dcc468765-ctc22,6dcc468765,default,default.teastore.serviceaccount.identity.linkerd.cluster.local,,,
1615588183.729,response_latency_ms_sum,,,10.1.45.78:4191,linkerd-proxy,linkerd,,linkerd-prometheus-5bccd64d4d-jzwmt,,98,,,,,linkerd-prometheus,prometheus,linkerd,outbound,,5bccd64d4d,200,true,linkerd,10.1.45.110:4191,,linkerd,teastore-webui,teastore,teastore-webui-6dcc468765-ctc22,6dcc468765,default,default.teastore.serviceaccount.identity.linkerd.cluster.local,,,
1615588193.731,response_latency_ms_sum,,,10.1.45.78:4191,linkerd-proxy,linkerd,,linkerd-prometheus-5bccd64d4d-jzwmt,,98,,,,,linkerd-prometheus,prometheus,linkerd,outbound,,5bccd64d4d,200,true,linkerd,10.1.45.110:4191,,linkerd,teastore-webui,teastore,teastore-webui-6dcc468765-ctc22,6dcc468765,default,default.teastore.serviceaccount.identity.linkerd.cluster.local,,,
1615588203.729,response_latency_ms_sum,,,10.1.45.78:4191,linkerd-proxy,linkerd,,linkerd-prometheus-5bccd64d4d-jzwmt,,98,,,,,linkerd-prometheus,prometheus,linkerd,outbound,,5bccd64d4d,200,true,linkerd,10.1.45.110:4191,,linkerd,teastore-webui,teastore,teastore-webui-6dcc468765-ctc22,6dcc468765,default,default.teastore.serviceaccount.identity.linkerd.cluster.local,,,
1615588093.729,response_latency_ms_sum,,,10.1.45.78:4191,linkerd-proxy,linkerd,,linkerd-prometheus-5bccd64d4d-jzwmt,,46,,,,,linkerd-prometheus,prometheus,linkerd,outbound,,5bccd64d4d,200,true,linkerd,10.1.45.111:4191,,linkerd,teastore-webui,teastore,teastore-webui-5648c5dddd-248k5,5648c5dddd,default,default.teastore.serviceaccount.identity.linkerd.cluster.local,,,
1615588103.729,response_latency_ms_sum,,,10.1.45.78:4191,linkerd-proxy,linkerd,,linkerd-prometheus-5bccd64d4d-jzwmt,,49,,,,,linkerd-prometheus,prometheus,linkerd,outbound,,5bccd64d4d,200,true,linkerd,10.1.45.111:4191,,linkerd,teastore-webui,teastore,teastore-webui-5648c5dddd-248k5,5648c5dddd,default,default.teastore.serviceaccount.identity.linkerd.cluster.local,,,
1615588113.729,response_latency_ms_sum,,,10.1.45.78:4191,linkerd-proxy,linkerd,,linkerd-prometheus-5bccd64d4d-jzwmt,,51,,,,,linkerd-prometheus,prometheus,linkerd,outbound,,5bccd64d4d,200,true,linkerd,10.1.45.111:4191,,linkerd,teastore-webui,teastore,teastore-webui-5648c5dddd-248k5,5648c5dddd,default,default.teastore.serviceaccount.identity.linkerd.cluster.local,,,
1615588123.729,response_latency_ms_sum,,,10.1.45.78:4191,linkerd-proxy,linkerd,,linkerd-prometheus-5bccd64d4d-jzwmt,,53,,,,,linkerd-prometheus,prometheus,linkerd,outbound,,5bccd64d4d,200,true,linkerd,10.1.45.111:4191,,linkerd,teastore-webui,teastore,teastore-webui-5648c5dddd-248k5,5648c5dddd,default,default.teastore.serviceaccount.identity.linkerd.cluster.local,,,
1615588133.729,response_latency_ms_sum,,,10.1.45.78:4191,linkerd-proxy,linkerd,,linkerd-prometheus-5bccd64d4d-jzwmt,,56,,,,,linkerd-prometheus,prometheus,linkerd,outbound,,5bccd64d4d,200,true,linkerd,10.1.45.111:4191,,linkerd,teastore-webui,teastore,teastore-webui-5648c5dddd-248k5,5648c5dddd,default,default.teastore.serviceaccount.identity.linkerd.cluster.local,,,
1615588143.729,response_latency_ms_sum,,,10.1.45.78:4191,linkerd-proxy,linkerd,,linkerd-prometheus-5bccd64d4d-jzwmt,,59,,,,,linkerd-prometheus,prometheus,linkerd,outbound,,5bccd64d4d,200,true,linkerd,10.1.45.111:4191,,linkerd,teastore-webui,teastore,teastore-webui-5648c5dddd-248k5,5648c5dddd,default,default.teastore.serviceaccount.identity.linkerd.cluster.local,,,
1615588153.729,response_latency_ms_sum,,,10.1.45.78:4191,linkerd-proxy,linkerd,,linkerd-prometheus-5bccd64d4d-jzwmt,,62,,,,,linkerd-prometheus,prometheus,linkerd,outbound,,5bccd64d4d,200,true,linkerd,10.1.45.111:4191,,linkerd,teastore-webui,teastore,teastore-webui-5648c5dddd-248k5,5648c5dddd,default,default.teastore.serviceaccount.identity.linkerd.cluster.local,,,
1615588163.729,response_latency_ms_sum,,,10.1.45.78:4191,linkerd-proxy,linkerd,,linkerd-prometheus-5bccd64d4d-jzwmt,,65,,,,,linkerd-prometheus,prometheus,linkerd,outbound,,5bccd64d4d,200,true,linkerd,10.1.45.111:4191,,linkerd,teastore-webui,teastore,teastore-webui-5648c5dddd-248k5,5648c5dddd,default,default.teastore.serviceaccount.identity.linkerd.cluster.local,,,
1615588173.729,response_latency_ms_sum,,,10.1.45.78:4191,linkerd-proxy,linkerd,,linkerd-prometheus-5bccd64d4d-jzwmt,,68,,,,,linkerd-prometheus,prometheus,linkerd,outbound,,5bccd64d4d,200,true,linkerd,10.1.45.111:4191,,linkerd,teastore-webui,teastore,teastore-webui-5648c5dddd-248k5,5648c5dddd,default,default.teastore.serviceaccount.identity.linkerd.cluster.local,,,
1615588183.729,response_latency_ms_sum,,,10.1.45.78:4191,linkerd-proxy,linkerd,,linkerd-prometheus-5bccd64d4d-jzwmt,,71,,,,,linkerd-prometheus,prometheus,linkerd,outbound,,5bccd64d4d,200,true,linkerd,10.1.45.111:4191,,linkerd,teastore-webui,teastore,teastore-webui-5648c5dddd-248k5,5648c5dddd,default,default.teastore.serviceaccount.identity.linkerd.cluster.local,,,
1615588193.731,response_latency_ms_sum,,,10.1.45.78:4191,linkerd-proxy,linkerd,,linkerd-prometheus-5bccd64d4d-jzwmt,,74,,,,,linkerd-prometheus,prometheus,linkerd,outbound,,5bccd64d4d,200,true,linkerd,10.1.45.111:4191,,linkerd,teastore-webui,teastore,teastore-webui-5648c5dddd-248k5,5648c5dddd,default,default.teastore.serviceaccount.identity.linkerd.cluster.local,,,
1615588203.729,response_latency_ms_sum,,,10.1.45.78:4191,linkerd-proxy,linkerd,,linkerd-prometheus-5bccd64d4d-jzwmt,,77,,,,,linkerd-prometheus,prometheus,linkerd,outbound,,5bccd64d4d,200,true,linkerd,10.1.45.111:4191,,linkerd,teastore-webui,teastore,teastore-webui-5648c5dddd-248k5,5648c5dddd,default,default.teastore.serviceaccount.identity.linkerd.cluster.local,,,
1615588092.84,response_latency_ms_sum,,,10.1.45.111:4191,linkerd-proxy,teastore,,teastore-webui-5648c5dddd-248k5,,539,,,,,teastore-webui,,linkerd,outbound,,5648c5dddd,200,true,teastore,teastore-registry.teastore.svc.cluster.local:8080,,linkerd,teastore-registry,teastore,teastore-registry-c8b58678f-bf8xh,c8b58678f,default,default.teastore.serviceaccount.identity.linkerd.cluster.local,teastore,teastore-registry,teastore-webui
1615588102.841,response_latency_ms_sum,,,10.1.45.111:4191,linkerd-proxy,teastore,,teastore-webui-5648c5dddd-248k5,,563,,,,,teastore-webui,,linkerd,outbound,,5648c5dddd,200,true,teastore,teastore-registry.teastore.svc.cluster.local:8080,,linkerd,teastore-registry,teastore,teastore-registry-c8b58678f-bf8xh,c8b58678f,default,default.teastore.serviceaccount.identity.linkerd.cluster.local,teastore,teastore-registry,teastore-webui
1615588112.841,response_latency_ms_sum,,,10.1.45.111:4191,linkerd-proxy,teastore,,teastore-webui-5648c5dddd-248k5,,670,,,,,teastore-webui,,linkerd,outbound,,5648c5dddd,200,true,teastore,teastore-registry.teastore.svc.cluster.local:8080,,linkerd,teastore-registry,teastore,teastore-registry-c8b58678f-bf8xh,c8b58678f,default,default.teastore.serviceaccount.identity.linkerd.cluster.local,teastore,teastore-registry,teastore-webui
1615588122.841,response_latency_ms_sum,,,10.1.45.111:4191,linkerd-proxy,teastore,,teastore-webui-5648c5dddd-248k5,,740,,,,,teastore-webui,,linkerd,outbound,,5648c5dddd,200,true,teastore,teastore-registry.teastore.svc.cluster.local:8080,,linkerd,teastore-registry,teastore,teastore-registry-c8b58678f-bf8xh,c8b58678f,default,default.teastore.serviceaccount.identity.linkerd.cluster.local,teastore,teastore-registry,teastore-webui
1615588132.84,response_latency_ms_sum,,,10.1.45.111:4191,linkerd-proxy,teastore,,teastore-webui-5648c5dddd-248k5,,819,,,,,teastore-webui,,linkerd,outbound,,5648c5dddd,200,true,teastore,teastore-registry.teastore.svc.cluster.local:8080,,linkerd,teastore-registry,teastore,teastore-registry-c8b58678f-bf8xh,c8b58678f,default,default.teastore.serviceaccount.identity.linkerd.cluster.local,teastore,teastore-registry,teastore-webui
1615588142.841,response_latency_ms_sum,,,10.1.45.111:4191,linkerd-proxy,teastore,,teastore-webui-5648c5dddd-248k5,,887,,,,,teastore-webui,,linkerd,outbound,,5648c5dddd,200,true,teastore,teastore-registry.teastore.svc.cluster.local:8080,,linkerd,teastore-registry,teastore,teastore-registry-c8b58678f-bf8xh,c8b58678f,default,default.teastore.serviceaccount.identity.linkerd.cluster.local,teastore,teastore-registry,teastore-webui
1615588152.84,response_latency_ms_sum,,,10.1.45.111:4191,linkerd-proxy,teastore,,teastore-webui-5648c5dddd-248k5,,998,,,,,teastore-webui,,linkerd,outbound,,5648c5dddd,200,true,teastore,teastore-registry.teastore.svc.cluster.local:8080,,linkerd,teastore-registry,teastore,teastore-registry-c8b58678f-bf8xh,c8b58678f,default,default.teastore.serviceaccount.identity.linkerd.cluster.local,teastore,teastore-registry,teastore-webui
1615588162.84,response_latency_ms_sum,,,10.1.45.111:4191,linkerd-proxy,teastore,,teastore-webui-5648c5dddd-248k5,,1115,,,,,teastore-webui,,linkerd,outbound,,5648c5dddd,200,true,teastore,teastore-registry.teastore.svc.cluster.local:8080,,linkerd,teastore-registry,teastore,teastore-registry-c8b58678f-bf8xh,c8b58678f,default,default.teastore.serviceaccount.identity.linkerd.cluster.local,teastore,teastore-registry,teastore-webui
1615588172.841,response_latency_ms_sum,,,10.1.45.111:4191,linkerd-proxy,teastore,,teastore-webui-5648c5dddd-248k5,,1241,,,,,teastore-webui,,linkerd,outbound,,5648c5dddd,200,true,teastore,teastore-registry.teastore.svc.cluster.local:8080,,linkerd,teastore-registry,teastore,teastore-registry-c8b58678f-bf8xh,c8b58678f,default,default.teastore.serviceaccount.identity.linkerd.cluster.local,teastore,teastore-registry,teastore-webui
1615588182.84,response_latency_ms_sum,,,10.1.45.111:4191,linkerd-proxy,teastore,,teastore-webui-5648c5dddd-248k5,,1376,,,,,teastore-webui,,linkerd,outbound,,5648c5dddd,200,true,teastore,teastore-registry.teastore.svc.cluster.local:8080,,linkerd,teastore-registry,teastore,teastore-registry-c8b58678f-bf8xh,c8b58678f,default,default.teastore.serviceaccount.identity.linkerd.cluster.local,teastore,teastore-registry,teastore-webui
1615588192.84,response_latency_ms_sum,,,10.1.45.111:4191,linkerd-proxy,teastore,,teastore-webui-5648c5dddd-248k5,,1503,,,,,teastore-webui,,linkerd,outbound,,5648c5dddd,200,true,teastore,teastore-registry.teastore.svc.cluster.local:8080,,linkerd,teastore-registry,teastore,teastore-registry-c8b58678f-bf8xh,c8b58678f,default,default.teastore.serviceaccount.identity.linkerd.cluster.local,teastore,teastore-registry,teastore-webui
1615588202.84,response_latency_ms_sum,,,10.1.45.111:4191,linkerd-proxy,teastore,,teastore-webui-5648c5dddd-248k5,,1640,,,,,teastore-webui,,linkerd,outbound,,5648c5dddd,200,true,teastore,teastore-registry.teastore.svc.cluster.local:8080,,linkerd,teastore-registry,teastore,teastore-registry-c8b58678f-bf8xh,c8b58678f,default,default.teastore.serviceaccount.identity.linkerd.cluster.local,teastore,teastore-registry,teastore-webui
1615588092.84,response_latency_ms_sum,,,10.1.45.111:4191,linkerd-proxy,teastore,,teastore-webui-5648c5dddd-248k5,,1,,,,,teastore-webui,,linkerd,outbound,,5648c5dddd,201,true,teastore,teastore-registry.teastore.svc.cluster.local:8080,,linkerd,teastore-registry,teastore,teastore-registry-c8b58678f-bf8xh,c8b58678f,default,default.teastore.serviceaccount.identity.linkerd.cluster.local,teastore,teastore-registry,teastore-webui
1615588102.841,response_latency_ms_sum,,,10.1.45.111:4191,linkerd-proxy,teastore,,teastore-webui-5648c5dddd-248k5,,1,,,,,teastore-webui,,linkerd,outbound,,5648c5dddd,201,true,teastore,teastore-registry.teastore.svc.cluster.local:8080,,linkerd,teastore-registry,teastore,teastore-registry-c8b58678f-bf8xh,c8b58678f,default,default.teastore.serviceaccount.identity.linkerd.cluster.local,teastore,teastore-registry,teastore-webui
1615588112.841,response_latency_ms_sum,,,10.1.45.111:4191,linkerd-proxy,teastore,,teastore-webui-5648c5dddd-248k5,,1,,,,,teastore-webui,,linkerd,outbound,,5648c5dddd,201,true,teastore,teastore-registry.teastore.svc.cluster.local:8080,,linkerd,teastore-registry,teastore,teastore-registry-c8b58678f-bf8xh,c8b58678f,default,default.teastore.serviceaccount.identity.linkerd.cluster.local,teastore,teastore-registry,teastore-webui
1615588122.841,response_latency_ms_sum,,,10.1.45.111:4191,linkerd-proxy,teastore,,teastore-webui-5648c5dddd-248k5,,1,,,,,teastore-webui,,linkerd,outbound,,5648c5dddd,201,true,teastore,teastore-registry.teastore.svc.cluster.local:8080,,linkerd,teastore-registry,teastore,teastore-registry-c8b58678f-bf8xh,c8b58678f,default,default.teastore.serviceaccount.identity.linkerd.cluster.local,teastore,teastore-registry,teastore-webui
1615588132.84,response_latency_ms_sum,,,10.1.45.111:4191,linkerd-proxy,teastore,,teastore-webui-5648c5dddd-248k5,,1,,,,,teastore-webui,,linkerd,outbound,,5648c5dddd,201,true,teastore,teastore-registry.teastore.svc.cluster.local:8080,,linkerd,teastore-registry,teastore,teastore-registry-c8b58678f-bf8xh,c8b58678f,default,default.teastore.serviceaccount.identity.linkerd.cluster.local,teastore,teastore-registry,teastore-webui
1615588142.841,response_latency_ms_sum,,,10.1.45.111:4191,linkerd-proxy,teastore,,teastore-webui-5648c5dddd-248k5,,1,,,,,teastore-webui,,linkerd,outbound,,5648c5dddd,201,true,teastore,teastore-registry.teastore.svc.cluster.local:8080,,linkerd,teastore-registry,teastore,teastore-registry-c8b58678f-bf8xh,c8b58678f,default,default.teastore.serviceaccount.identity.linkerd.cluster.local,teastore,teastore-registry,teastore-webui
1615588152.84,response_latency_ms_sum,,,10.1.45.111:4191,linkerd-proxy,teastore,,teastore-webui-5648c5dddd-248k5,,1,,,,,teastore-webui,,linkerd,outbound,,5648c5dddd,201,true,teastore,teastore-registry.teastore.svc.cluster.local:8080,,linkerd,teastore-registry,teastore,teastore-registry-c8b58678f-bf8xh,c8b58678f,default,default.teastore.serviceaccount.identity.linkerd.cluster.local,teastore,teastore-registry,teastore-webui
1615588162.84,response_latency_ms_sum,,,10.1.45.111:4191,linkerd-proxy,teastore,,teastore-webui-5648c5dddd-248k5,,1,,,,,teastore-webui,,linkerd,outbound,,5648c5dddd,201,true,teastore,teastore-registry.teastore.svc.cluster.local:8080,,linkerd,teastore-registry,teastore,teastore-registry-c8b58678f-bf8xh,c8b58678f,default,default.teastore.serviceaccount.identity.linkerd.cluster.local,teastore,teastore-registry,teastore-webui
1615588172.841,response_latency_ms_sum,,,10.1.45.111:4191,linkerd-proxy,teastore,,teastore-webui-5648c5dddd-248k5,,1,,,,,teastore-webui,,linkerd,outbound,,5648c5dddd,201,true,teastore,teastore-registry.teastore.svc.cluster.local:8080,,linkerd,teastore-registry,teastore,teastore-registry-c8b58678f-bf8xh,c8b58678f,default,default.teastore.serviceaccount.identity.linkerd.cluster.local,teastore,teastore-registry,teastore-webui
1615588182.84,response_latency_ms_sum,,,10.1.45.111:4191,linkerd-proxy,teastore,,teastore-webui-5648c5dddd-248k5,,1,,,,,teastore-webui,,linkerd,outbound,,5648c5dddd,201,true,teastore,teastore-registry.teastore.svc.cluster.local:8080,,linkerd,teastore-registry,teastore,teastore-registry-c8b58678f-bf8xh,c8b58678f,default,default.teastore.serviceaccount.identity.linkerd.cluster.local,teastore,teastore-registry,teastore-webui
1615588192.84,response_latency_ms_sum,,,10.1.45.111:4191,linkerd-proxy,teastore,,teastore-webui-5648c5dddd-248k5,,1,,,,,teastore-webui,,linkerd,outbound,,5648c5dddd,201,true,teastore,teastore-registry.teastore.svc.cluster.local:8080,,linkerd,teastore-registry,teastore,teastore-registry-c8b58678f-bf8xh,c8b58678f,default,default.teastore.serviceaccount.identity.linkerd.cluster.local,teastore,teastore-registry,teastore-webui
1615588202.84,response_latency_ms_sum,,,10.1.45.111:4191,linkerd-proxy,teastore,,teastore-webui-5648c5dddd-248k5,,1,,,,,teastore-webui,,linkerd,outbound,,5648c5dddd,201,true,teastore,teastore-registry.teastore.svc.cluster.local:8080,,linkerd,teastore-registry,teastore,teastore-registry-c8b58678f-bf8xh,c8b58678f,default,default.teastore.serviceaccount.identity.linkerd.cluster.local,teastore,teastore-registry,teastore-webui
1615588092.84,response_latency_ms_sum,,,10.1.45.111:4191,linkerd-proxy,teastore,,teastore-webui-5648c5dddd-248k5,,6213248,,,,,teastore-webui,,linkerd,inbound,no_tls_from_remote,5648c5dddd,200,no_identity,teastore,localhost:30080,,,,,,,,,teastore,,teastore-webui
1615588102.841,response_latency_ms_sum,,,10.1.45.111:4191,linkerd-proxy,teastore,,teastore-webui-5648c5dddd-248k5,,6258794,,,,,teastore-webui,,linkerd,inbound,no_tls_from_remote,5648c5dddd,200,no_identity,teastore,localhost:30080,,,,,,,,,teastore,,teastore-webui
1615588112.841,response_latency_ms_sum,,,10.1.45.111:4191,linkerd-proxy,teastore,,teastore-webui-5648c5dddd-248k5,,6345938,,,,,teastore-webui,,linkerd,inbound,no_tls_from_remote,5648c5dddd,200,no_identity,teastore,localhost:30080,,,,,,,,,teastore,,teastore-webui
1615588122.841,response_latency_ms_sum,,,10.1.45.111:4191,linkerd-proxy,teastore,,teastore-webui-5648c5dddd-248k5,,6475926,,,,,teastore-webui,,linkerd,inbound,no_tls_from_remote,5648c5dddd,200,no_identity,teastore,localhost:30080,,,,,,,,,teastore,,teastore-webui
1615588132.84,response_latency_ms_sum,,,10.1.45.111:4191,linkerd-proxy,teastore,,teastore-webui-5648c5dddd-248k5,,6649278,,,,,teastore-webui,,linkerd,inbound,no_tls_from_remote,5648c5dddd,200,no_identity,teastore,localhost:30080,,,,,,,,,teastore,,teastore-webui
1615588142.841,response_latency_ms_sum,,,10.1.45.111:4191,linkerd-proxy,teastore,,teastore-webui-5648c5dddd-248k5,,6879381,,,,,teastore-webui,,linkerd,inbound,no_tls_from_remote,5648c5dddd,200,no_identity,teastore,localhost:30080,,,,,,,,,teastore,,teastore-webui
1615588152.84,response_latency_ms_sum,,,10.1.45.111:4191,linkerd-proxy,teastore,,teastore-webui-5648c5dddd-248k5,,7143603,,,,,teastore-webui,,linkerd,inbound,no_tls_from_remote,5648c5dddd,200,no_identity,teastore,localhost:30080,,,,,,,,,teastore,,teastore-webui
1615588162.84,response_latency_ms_sum,,,10.1.45.111:4191,linkerd-proxy,teastore,,teastore-webui-5648c5dddd-248k5,,7434862,,,,,teastore-webui,,linkerd,inbound,no_tls_from_remote,5648c5dddd,200,no_identity,teastore,localhost:30080,,,,,,,,,teastore,,teastore-webui
1615588172.841,response_latency_ms_sum,,,10.1.45.111:4191,linkerd-proxy,teastore,,teastore-webui-5648c5dddd-248k5,,7784572,,,,,teastore-webui,,linkerd,inbound,no_tls_from_remote,5648c5dddd,200,no_identity,teastore,localhost:30080,,,,,,,,,teastore,,teastore-webui
1615588182.84,response_latency_ms_sum,,,10.1.45.111:4191,linkerd-proxy,teastore,,teastore-webui-5648c5dddd-248k5,,8167487,,,,,teastore-webui,,linkerd,inbound,no_tls_from_remote,5648c5dddd,200,no_identity,teastore,localhost:30080,,,,,,,,,teastore,,teastore-webui
1615588192.84,response_latency_ms_sum,,,10.1.45.111:4191,linkerd-proxy,teastore,,teastore-webui-5648c5dddd-248k5,,8581289,,,,,teastore-webui,,linkerd,inbound,no_tls_from_remote,5648c5dddd,200,no_identity,teastore,localhost:30080,,,,,,,,,teastore,,teastore-webui
1615588202.84,response_latency_ms_sum,,,10.1.45.111:4191,linkerd-proxy,teastore,,teastore-webui-5648c5dddd-248k5,,8990140,,,,,teastore-webui,,linkerd,inbound,no_tls_from_remote,5648c5dddd,200,no_identity,teastore,localhost:30080,,,,,,,,,teastore,,teastore-webui
1615588092.84,response_latency_ms_sum,,,10.1.45.111:4191,linkerd-proxy,teastore,,teastore-webui-5648c5dddd-248k5,,26164,,,,,teastore-webui,,linkerd,outbound,,5648c5dddd,200,true,teastore,teastore-persistence.teastore.svc.cluster.local:8080,,linkerd,teastore-persistence,teastore,teastore-persistence-d9666cc75-l847s,d9666cc75,default,default.teastore.serviceaccount.identity.linkerd.cluster.local,teastore,teastore-persistence,teastore-webui
1615588102.841,response_latency_ms_sum,,,10.1.45.111:4191,linkerd-proxy,teastore,,teastore-webui-5648c5dddd-248k5,,27399,,,,,teastore-webui,,linkerd,outbound,,5648c5dddd,200,true,teastore,teastore-persistence.teastore.svc.cluster.local:8080,,linkerd,teastore-persistence,teastore,teastore-persistence-d9666cc75-l847s,d9666cc75,default,default.teastore.serviceaccount.identity.linkerd.cluster.local,teastore,teastore-persistence,teastore-webui
1615588112.841,response_latency_ms_sum,,,10.1.45.111:4191,linkerd-proxy,teastore,,teastore-webui-5648c5dddd-248k5,,30050,,,,,teastore-webui,,linkerd,outbound,,5648c5dddd,200,true,teastore,teastore-persistence.teastore.svc.cluster.local:8080,,linkerd,teastore-persistence,teastore,teastore-persistence-d9666cc75-l847s,d9666cc75,default,default.teastore.serviceaccount.identity.linkerd.cluster.local,teastore,teastore-persistence,teastore-webui
1615588122.841,response_latency_ms_sum,,,10.1.45.111:4191,linkerd-proxy,teastore,,teastore-webui-5648c5dddd-248k5,,34406,,,,,teastore-webui,,linkerd,outbound,,5648c5dddd,200,true,teastore,teastore-persistence.teastore.svc.cluster.local:8080,,linkerd,teastore-persistence,teastore,teastore-persistence-d9666cc75-l847s,d9666cc75,default,default.teastore.serviceaccount.identity.linkerd.cluster.local,teastore,teastore-persistence,teastore-webui
1615588132.84,response_latency_ms_sum,,,10.1.45.111:4191,linkerd-proxy,teastore,,teastore-webui-5648c5dddd-248k5,,39888,,,,,teastore-webui,,linkerd,outbound,,5648c5dddd,200,true,teastore,teastore-persistence.teastore.svc.cluster.local:8080,,linkerd,teastore-persistence,teastore,teastore-persistence-d9666cc75-l847s,d9666cc75,default,default.teastore.serviceaccount.identity.linkerd.cluster.local,teastore,teastore-persistence,teastore-webui
1615588142.841,response_latency_ms_sum,,,10.1.45.111:4191,linkerd-proxy,teastore,,teastore-webui-5648c5dddd-248k5,,46446,,,,,teastore-webui,,linkerd,outbound,,5648c5dddd,200,true,teastore,teastore-persistence.teastore.svc.cluster.local:8080,,linkerd,teastore-persistence,teastore,teastore-persistence-d9666cc75-l847s,d9666cc75,default,default.teastore.serviceaccount.identity.linkerd.cluster.local,teastore,teastore-persistence,teastore-webui
1615588152.84,response_latency_ms_sum,,,10.1.45.111:4191,linkerd-proxy,teastore,,teastore-webui-5648c5dddd-248k5,,54229,,,,,teastore-webui,,linkerd,outbound,,5648c5dddd,200,true,teastore,teastore-persistence.teastore.svc.cluster.local:8080,,linkerd,teastore-persistence,teastore,teastore-persistence-d9666cc75-l847s,d9666cc75,default,default.teastore.serviceaccount.identity.linkerd.cluster.local,teastore,teastore-persistence,teastore-webui
1615588162.84,response_latency_ms_sum,,,10.1.45.111:4191,linkerd-proxy,teastore,,teastore-webui-5648c5dddd-248k5,,64116,,,,,teastore-webui,,linkerd,outbound,,5648c5dddd,200,true,teastore,teastore-persistence.teastore.svc.cluster.local:8080,,linkerd,teastore-persistence,teastore,teastore-persistence-d9666cc75-l847s,d9666cc75,default,default.teastore.serviceaccount.identity.linkerd.cluster.local,teastore,teastore-persistence,teastore-webui
1615588172.841,response_latency_ms_sum,,,10.1.45.111:4191,linkerd-proxy,teastore,,teastore-webui-5648c5dddd-248k5,,75652,,,,,teastore-webui,,linkerd,outbound,,5648c5dddd,200,true,teastore,teastore-persistence.teastore.svc.cluster.local:8080,,linkerd,teastore-persistence,teastore,teastore-persistence-d9666cc75-l847s,d9666cc75,default,default.teastore.serviceaccount.identity.linkerd.cluster.local,teastore,teastore-persistence,teastore-webui
1615588182.84,response_latency_ms_sum,,,10.1.45.111:4191,linkerd-proxy,teastore,,teastore-webui-5648c5dddd-248k5,,85764,,,,,teastore-webui,,linkerd,outbound,,5648c5dddd,200,true,teastore,teastore-persistence.teastore.svc.cluster.local:8080,,linkerd,teastore-persistence,teastore,teastore-persistence-d9666cc75-l847s,d9666cc75,default,default.teastore.serviceaccount.identity.linkerd.cluster.local,teastore,teastore-persistence,teastore-webui
1615588192.84,response_latency_ms_sum,,,10.1.45.111:4191,linkerd-proxy,teastore,,teastore-webui-5648c5dddd-248k5,,100070,,,,,teastore-webui,,linkerd,outbound,,5648c5dddd,200,true,teastore,teastore-persistence.teastore.svc.cluster.local:8080,,linkerd,teastore-persistence,teastore,teastore-persistence-d9666cc75-l847s,d9666cc75,default,default.teastore.serviceaccount.identity.linkerd.cluster.local,teastore,teastore-persistence,teastore-webui
1615588202.84,response_latency_ms_sum,,,10.1.45.111:4191,linkerd-proxy,teastore,,teastore-webui-5648c5dddd-248k5,,115976,,,,,teastore-webui,,linkerd,outbound,,5648c5dddd,200,true,teastore,teastore-persistence.teastore.svc.cluster.local:8080,,linkerd,teastore-persistence,teastore,teastore-persistence-d9666cc75-l847s,d9666cc75,default,default.teastore.serviceaccount.identity.linkerd.cluster.local,teastore,teastore-persistence,teastore-webui
1615588092.84,response_latency_ms_sum,,,10.1.45.111:4191,linkerd-proxy,teastore,,teastore-webui-5648c5dddd-248k5,,7268,,,,,teastore-webui,,linkerd,outbound,,5648c5dddd,200,true,teastore,teastore-auth.teastore.svc.cluster.local:8080,,linkerd,teastore-auth,teastore,teastore-auth-5c8f77dbb8-sx8wp,5c8f77dbb8,default,default.teastore.serviceaccount.identity.linkerd.cluster.local,teastore,teastore-auth,teastore-webui
1615588102.841,response_latency_ms_sum,,,10.1.45.111:4191,linkerd-proxy,teastore,,teastore-webui-5648c5dddd-248k5,,8160,,,,,teastore-webui,,linkerd,outbound,,5648c5dddd,200,true,teastore,teastore-auth.teastore.svc.cluster.local:8080,,linkerd,teastore-auth,teastore,teastore-auth-5c8f77dbb8-sx8wp,5c8f77dbb8,default,default.teastore.serviceaccount.identity.linkerd.cluster.local,teastore,teastore-auth,teastore-webui
1615588112.841,response_latency_ms_sum,,,10.1.45.111:4191,linkerd-proxy,teastore,,teastore-webui-5648c5dddd-248k5,,8899,,,,,teastore-webui,,linkerd,outbound,,5648c5dddd,200,true,teastore,teastore-auth.teastore.svc.cluster.local:8080,,linkerd,teastore-auth,teastore,teastore-auth-5c8f77dbb8-sx8wp,5c8f77dbb8,default,default.teastore.serviceaccount.identity.linkerd.cluster.local,teastore,teastore-auth,teastore-webui
1615588122.841,response_latency_ms_sum,,,10.1.45.111:4191,linkerd-proxy,teastore,,teastore-webui-5648c5dddd-248k5,,10231,,,,,teastore-webui,,linkerd,outbound,,5648c5dddd,200,true,teastore,teastore-auth.teastore.svc.cluster.local:8080,,linkerd,teastore-auth,teastore,teastore-auth-5c8f77dbb8-sx8wp,5c8f77dbb8,default,default.teastore.serviceaccount.identity.linkerd.cluster.local,teastore,teastore-auth,teastore-webui
1615588132.84,response_latency_ms_sum,,,10.1.45.111:4191,linkerd-proxy,teastore,,teastore-webui-5648c5dddd-248k5,,12031,,,,,teastore-webui,,linkerd,outbound,,5648c5dddd,200,true,teastore,teastore-auth.teastore.svc.cluster.local:8080,,linkerd,teastore-auth,teastore,teastore-auth-5c8f77dbb8-sx8wp,5c8f77dbb8,default,default.teastore.serviceaccount.identity.linkerd.cluster.local,teastore,teastore-auth,teastore-webui
1615588142.841,response_latency_ms_sum,,,10.1.45.111:4191,linkerd-proxy,teastore,,teastore-webui-5648c5dddd-248k5,,13939,,,,,teastore-webui,,linkerd,outbound,,5648c5dddd,200,true,teastore,teastore-auth.teastore.svc.cluster.local:8080,,linkerd,teastore-auth,teastore,teastore-auth-5c8f77dbb8-sx8wp,5c8f77dbb8,default,default.teastore.serviceaccount.identity.linkerd.cluster.local,teastore,teastore-auth,teastore-webui
1615588152.84,response_latency_ms_sum,,,10.1.45.111:4191,linkerd-proxy,teastore,,teastore-webui-5648c5dddd-248k5,,16417,,,,,teastore-webui,,linkerd,outbound,,5648c5dddd,200,true,teastore,teastore-auth.teastore.svc.cluster.local:8080,,linkerd,teastore-auth,teastore,teastore-auth-5c8f77dbb8-sx8wp,5c8f77dbb8,default,default.teastore.serviceaccount.identity.linkerd.cluster.local,teastore,teastore-auth,teastore-webui
1615588162.84,response_latency_ms_sum,,,10.1.45.111:4191,linkerd-proxy,teastore,,teastore-webui-5648c5dddd-248k5,,19179,,,,,teastore-webui,,linkerd,outbound,,5648c5dddd,200,true,teastore,teastore-auth.teastore.svc.cluster.local:8080,,linkerd,teastore-auth,teastore,teastore-auth-5c8f77dbb8-sx8wp,5c8f77dbb8,default,default.teastore.serviceaccount.identity.linkerd.cluster.local,teastore,teastore-auth,teastore-webui
1615588172.841,response_latency_ms_sum,,,10.1.45.111:4191,linkerd-proxy,teastore,,teastore-webui-5648c5dddd-248k5,,21939,,,,,teastore-webui,,linkerd,outbound,,5648c5dddd,200,true,teastore,teastore-auth.teastore.svc.cluster.local:8080,,linkerd,teastore-auth,teastore,teastore-auth-5c8f77dbb8-sx8wp,5c8f77dbb8,default,default.teastore.serviceaccount.identity.linkerd.cluster.local,teastore,teastore-auth,teastore-webui
1615588182.84,response_latency_ms_sum,,,10.1.45.111:4191,linkerd-proxy,teastore,,teastore-webui-5648c5dddd-248k5,,24934,,,,,teastore-webui,,linkerd,outbound,,5648c5dddd,200,true,teastore,teastore-auth.teastore.svc.cluster.local:8080,,linkerd,teastore-auth,teastore,teastore-auth-5c8f77dbb8-sx8wp,5c8f77dbb8,default,default.teastore.serviceaccount.identity.linkerd.cluster.local,teastore,teastore-auth,teastore-webui
1615588192.84,response_latency_ms_sum,,,10.1.45.111:4191,linkerd-proxy,teastore,,teastore-webui-5648c5dddd-248k5,,28684,,,,,teastore-webui,,linkerd,outbound,,5648c5dddd,200,true,teastore,teastore-auth.teastore.svc.cluster.local:8080,,linkerd,teastore-auth,teastore,teastore-auth-5c8f77dbb8-sx8wp,5c8f77dbb8,default,default.teastore.serviceaccount.identity.linkerd.cluster.local,teastore,teastore-auth,teastore-webui
1615588202.84,response_latency_ms_sum,,,10.1.45.111:4191,linkerd-proxy,teastore,,teastore-webui-5648c5dddd-248k5,,32085,,,,,teastore-webui,,linkerd,outbound,,5648c5dddd,200,true,teastore,teastore-auth.teastore.svc.cluster.local:8080,,linkerd,teastore-auth,teastore,teastore-auth-5c8f77dbb8-sx8wp,5c8f77dbb8,default,default.teastore.serviceaccount.identity.linkerd.cluster.local,teastore,teastore-auth,teastore-webui
1615588092.84,response_latency_ms_sum,,,10.1.45.111:4191,linkerd-proxy,teastore,,teastore-webui-5648c5dddd-248k5,,11485,,,,,teastore-webui,,linkerd,outbound,,5648c5dddd,200,true,teastore,teastore-image.teastore.svc.cluster.local:8080,,linkerd,teastore-image,teastore,teastore-image-77b5d74b7d-vt6qj,77b5d74b7d,default,default.teastore.serviceaccount.identity.linkerd.cluster.local,teastore,teastore-image,teastore-webui
1615588102.841,response_latency_ms_sum,,,10.1.45.111:4191,linkerd-proxy,teastore,,teastore-webui-5648c5dddd-248k5,,12143,,,,,teastore-webui,,linkerd,outbound,,5648c5dddd,200,true,teastore,teastore-image.teastore.svc.cluster.local:8080,,linkerd,teastore-image,teastore,teastore-image-77b5d74b7d-vt6qj,77b5d74b7d,default,default.teastore.serviceaccount.identity.linkerd.cluster.local,teastore,teastore-image,teastore-webui
1615588112.841,response_latency_ms_sum,,,10.1.45.111:4191,linkerd-proxy,teastore,,teastore-webui-5648c5dddd-248k5,,13368,,,,,teastore-webui,,linkerd,outbound,,5648c5dddd,200,true,teastore,teastore-image.teastore.svc.cluster.local:8080,,linkerd,teastore-image,teastore,teastore-image-77b5d74b7d-vt6qj,77b5d74b7d,default,default.teastore.serviceaccount.identity.linkerd.cluster.local,teastore,teastore-image,teastore-webui
1615588122.841,response_latency_ms_sum,,,10.1.45.111:4191,linkerd-proxy,teastore,,teastore-webui-5648c5dddd-248k5,,15215,,,,,teastore-webui,,linkerd,outbound,,5648c5dddd,200,true,teastore,teastore-image.teastore.svc.cluster.local:8080,,linkerd,teastore-image,teastore,teastore-image-77b5d74b7d-vt6qj,77b5d74b7d,default,default.teastore.serviceaccount.identity.linkerd.cluster.local,teastore,teastore-image,teastore-webui
1615588132.84,response_latency_ms_sum,,,10.1.45.111:4191,linkerd-proxy,teastore,,teastore-webui-5648c5dddd-248k5,,17491,,,,,teastore-webui,,linkerd,outbound,,5648c5dddd,200,true,teastore,teastore-image.teastore.svc.cluster.local:8080,,linkerd,teastore-image,teastore,teastore-image-77b5d74b7d-vt6qj,77b5d74b7d,default,default.teastore.serviceaccount.identity.linkerd.cluster.local,teastore,teastore-image,teastore-webui
1615588142.841,response_latency_ms_sum,,,10.1.45.111:4191,linkerd-proxy,teastore,,teastore-webui-5648c5dddd-248k5,,20344,,,,,teastore-webui,,linkerd,outbound,,5648c5dddd,200,true,teastore,teastore-image.teastore.svc.cluster.local:8080,,linkerd,teastore-image,teastore,teastore-image-77b5d74b7d-vt6qj,77b5d74b7d,default,default.teastore.serviceaccount.identity.linkerd.cluster.local,teastore,teastore-image,teastore-webui
1615588152.84,response_latency_ms_sum,,,10.1.45.111:4191,linkerd-proxy,teastore,,teastore-webui-5648c5dddd-248k5,,23792,,,,,teastore-webui,,linkerd,outbound,,5648c5dddd,200,true,teastore,teastore-image.teastore.svc.cluster.local:8080,,linkerd,teastore-image,teastore,teastore-image-77b5d74b7d-vt6qj,77b5d74b7d,default,default.teastore.serviceaccount.identity.linkerd.cluster.local,teastore,teastore-image,teastore-webui
1615588162.84,response_latency_ms_sum,,,10.1.45.111:4191,linkerd-proxy,teastore,,teastore-webui-5648c5dddd-248k5,,27679,,,,,teastore-webui,,linkerd,outbound,,5648c5dddd,200,true,teastore,teastore-image.teastore.svc.cluster.local:8080,,linkerd,teastore-image,teastore,teastore-image-77b5d74b7d-vt6qj,77b5d74b7d,default,default.teastore.serviceaccount.identity.linkerd.cluster.local,teastore,teastore-image,teastore-webui
1615588172.841,response_latency_ms_sum,,,10.1.45.111:4191,linkerd-proxy,teastore,,teastore-webui-5648c5dddd-248k5,,32175,,,,,teastore-webui,,linkerd,outbound,,5648c5dddd,200,true,teastore,teastore-image.teastore.svc.cluster.local:8080,,linkerd,teastore-image,teastore,teastore-image-77b5d74b7d-vt6qj,77b5d74b7d,default,default.teastore.serviceaccount.identity.linkerd.cluster.local,teastore,teastore-image,teastore-webui
1615588182.84,response_latency_ms_sum,,,10.1.45.111:4191,linkerd-proxy,teastore,,teastore-webui-5648c5dddd-248k5,,36194,,,,,teastore-webui,,linkerd,outbound,,5648c5dddd,200,true,teastore,teastore-image.teastore.svc.cluster.local:8080,,linkerd,teastore-image,teastore,teastore-image-77b5d74b7d-vt6qj,77b5d74b7d,default,default.teastore.serviceaccount.identity.linkerd.cluster.local,teastore,teastore-image,teastore-webui
1615588192.84,response_latency_ms_sum,,,10.1.45.111:4191,linkerd-proxy,teastore,,teastore-webui-5648c5dddd-248k5,,41797,,,,,teastore-webui,,linkerd,outbound,,5648c5dddd,200,true,teastore,teastore-image.teastore.svc.cluster.local:8080,,linkerd,teastore-image,teastore,teastore-image-77b5d74b7d-vt6qj,77b5d74b7d,default,default.teastore.serviceaccount.identity.linkerd.cluster.local,teastore,teastore-image,teastore-webui
1615588202.84,response_latency_ms_sum,,,10.1.45.111:4191,linkerd-proxy,teastore,,teastore-webui-5648c5dddd-248k5,,47455,,,,,teastore-webui,,linkerd,outbound,,5648c5dddd,200,true,teastore,teastore-image.teastore.svc.cluster.local:8080,,linkerd,teastore-image,teastore,teastore-image-77b5d74b7d-vt6qj,77b5d74b7d,default,default.teastore.serviceaccount.identity.linkerd.cluster.local,teastore,teastore-image,teastore-webui
1615588092.84,response_latency_ms_sum,,,10.1.45.111:4191,linkerd-proxy,teastore,,teastore-webui-5648c5dddd-248k5,,295203,,,,,teastore-webui,,linkerd,inbound,no_tls_from_remote,5648c5dddd,302,no_identity,teastore,localhost:30080,,,,,,,,,teastore,,teastore-webui
1615588102.841,response_latency_ms_sum,,,10.1.45.111:4191,linkerd-proxy,teastore,,teastore-webui-5648c5dddd-248k5,,298884,,,,,teastore-webui,,linkerd,inbound,no_tls_from_remote,5648c5dddd,302,no_identity,teastore,localhost:30080,,,,,,,,,teastore,,teastore-webui
1615588112.841,response_latency_ms_sum,,,10.1.45.111:4191,linkerd-proxy,teastore,,teastore-webui-5648c5dddd-248k5,,306682,,,,,teastore-webui,,linkerd,inbound,no_tls_from_remote,5648c5dddd,302,no_identity,teastore,localhost:30080,,,,,,,,,teastore,,teastore-webui
1615588122.841,response_latency_ms_sum,,,10.1.45.111:4191,linkerd-proxy,teastore,,teastore-webui-5648c5dddd-248k5,,318440,,,,,teastore-webui,,linkerd,inbound,no_tls_from_remote,5648c5dddd,302,no_identity,teastore,localhost:30080,,,,,,,,,teastore,,teastore-webui
1615588132.84,response_latency_ms_sum,,,10.1.45.111:4191,linkerd-proxy,teastore,,teastore-webui-5648c5dddd-248k5,,332628,,,,,teastore-webui,,linkerd,inbound,no_tls_from_remote,5648c5dddd,302,no_identity,teastore,localhost:30080,,,,,,,,,teastore,,teastore-webui
1615588142.841,response_latency_ms_sum,,,10.1.45.111:4191,linkerd-proxy,teastore,,teastore-webui-5648c5dddd-248k5,,350168,,,,,teastore-webui,,linkerd,inbound,no_tls_from_remote,5648c5dddd,302,no_identity,teastore,localhost:30080,,,,,,,,,teastore,,teastore-webui
1615588152.84,response_latency_ms_sum,,,10.1.45.111:4191,linkerd-proxy,teastore,,teastore-webui-5648c5dddd-248k5,,371142,,,,,teastore-webui,,linkerd,inbound,no_tls_from_remote,5648c5dddd,302,no_identity,teastore,localhost:30080,,,,,,,,,teastore,,teastore-webui
1615588162.84,response_latency_ms_sum,,,10.1.45.111:4191,linkerd-proxy,teastore,,teastore-webui-5648c5dddd-248k5,,395333,,,,,teastore-webui,,linkerd,inbound,no_tls_from_remote,5648c5dddd,302,no_identity,teastore,localhost:30080,,,,,,,,,teastore,,teastore-webui
1615588172.841,response_latency_ms_sum,,,10.1.45.111:4191,linkerd-proxy,teastore,,teastore-webui-5648c5dddd-248k5,,422561,,,,,teastore-webui,,linkerd,inbound,no_tls_from_remote,5648c5dddd,302,no_identity,teastore,localhost:30080,,,,,,,,,teastore,,teastore-webui
1615588182.84,response_latency_ms_sum,,,10.1.45.111:4191,linkerd-proxy,teastore,,teastore-webui-5648c5dddd-248k5,,455151,,,,,teastore-webui,,linkerd,inbound,no_tls_from_remote,5648c5dddd,302,no_identity,teastore,localhost:30080,,,,,,,,,teastore,,teastore-webui
1615588192.84,response_latency_ms_sum,,,10.1.45.111:4191,linkerd-proxy,teastore,,teastore-webui-5648c5dddd-248k5,,494168,,,,,teastore-webui,,linkerd,inbound,no_tls_from_remote,5648c5dddd,302,no_identity,teastore,localhost:30080,,,,,,,,,teastore,,teastore-webui
1615588202.84,response_latency_ms_sum,,,10.1.45.111:4191,linkerd-proxy,teastore,,teastore-webui-5648c5dddd-248k5,,520949,,,,,teastore-webui,,linkerd,inbound,no_tls_from_remote,5648c5dddd,302,no_identity,teastore,localhost:30080,,,,,,,,,teastore,,teastore-webui
1615588092.84,response_latency_ms_sum,,,10.1.45.111:4191,linkerd-proxy,teastore,,teastore-webui-5648c5dddd-248k5,,247349,,,,,teastore-webui,,linkerd,inbound,no_tls_from_remote,5648c5dddd,500,no_identity,teastore,localhost:30080,,,,,,,,,teastore,,teastore-webui
1615588102.841,response_latency_ms_sum,,,10.1.45.111:4191,linkerd-proxy,teastore,,teastore-webui-5648c5dddd-248k5,,248371,,,,,teastore-webui,,linkerd,inbound,no_tls_from_remote,5648c5dddd,500,no_identity,teastore,localhost:30080,,,,,,,,,teastore,,teastore-webui
1615588112.841,response_latency_ms_sum,,,10.1.45.111:4191,linkerd-proxy,teastore,,teastore-webui-5648c5dddd-248k5,,250529,,,,,teastore-webui,,linkerd,inbound,no_tls_from_remote,5648c5dddd,500,no_identity,teastore,localhost:30080,,,,,,,,,teastore,,teastore-webui
1615588122.841,response_latency_ms_sum,,,10.1.45.111:4191,linkerd-proxy,teastore,,teastore-webui-5648c5dddd-248k5,,254345,,,,,teastore-webui,,linkerd,inbound,no_tls_from_remote,5648c5dddd,500,no_identity,teastore,localhost:30080,,,,,,,,,teastore,,teastore-webui
1615588132.84,response_latency_ms_sum,,,10.1.45.111:4191,linkerd-proxy,teastore,,teastore-webui-5648c5dddd-248k5,,259149,,,,,teastore-webui,,linkerd,inbound,no_tls_from_remote,5648c5dddd,500,no_identity,teastore,localhost:30080,,,,,,,,,teastore,,teastore-webui
1615588142.841,response_latency_ms_sum,,,10.1.45.111:4191,linkerd-proxy,teastore,,teastore-webui-5648c5dddd-248k5,,265706,,,,,teastore-webui,,linkerd,inbound,no_tls_from_remote,5648c5dddd,500,no_identity,teastore,localhost:30080,,,,,,,,,teastore,,teastore-webui
1615588152.84,response_latency_ms_sum,,,10.1.45.111:4191,linkerd-proxy,teastore,,teastore-webui-5648c5dddd-248k5,,273724,,,,,teastore-webui,,linkerd,inbound,no_tls_from_remote,5648c5dddd,500,no_identity,teastore,localhost:30080,,,,,,,,,teastore,,teastore-webui
1615588162.84,response_latency_ms_sum,,,10.1.45.111:4191,linkerd-proxy,teastore,,teastore-webui-5648c5dddd-248k5,,281919,,,,,teastore-webui,,linkerd,inbound,no_tls_from_remote,5648c5dddd,500,no_identity,teastore,localhost:30080,,,,,,,,,teastore,,teastore-webui
1615588172.841,response_latency_ms_sum,,,10.1.45.111:4191,linkerd-proxy,teastore,,teastore-webui-5648c5dddd-248k5,,292559,,,,,teastore-webui,,linkerd,inbound,no_tls_from_remote,5648c5dddd,500,no_identity,teastore,localhost:30080,,,,,,,,,teastore,,teastore-webui
1615588182.84,response_latency_ms_sum,,,10.1.45.111:4191,linkerd-proxy,teastore,,teastore-webui-5648c5dddd-248k5,,308483,,,,,teastore-webui,,linkerd,inbound,no_tls_from_remote,5648c5dddd,500,no_identity,teastore,localhost:30080,,,,,,,,,teastore,,teastore-webui
1615588192.84,response_latency_ms_sum,,,10.1.45.111:4191,linkerd-proxy,teastore,,teastore-webui-5648c5dddd-248k5,,322769,,,,,teastore-webui,,linkerd,inbound,no_tls_from_remote,5648c5dddd,500,no_identity,teastore,localhost:30080,,,,,,,,,teastore,,teastore-webui
1615588202.84,response_latency_ms_sum,,,10.1.45.111:4191,linkerd-proxy,teastore,,teastore-webui-5648c5dddd-248k5,,334516,,,,,teastore-webui,,linkerd,inbound,no_tls_from_remote,5648c5dddd,500,no_identity,teastore,localhost:30080,,,,,,,,,teastore,,teastore-webui
1615588092.84,response_latency_ms_sum,,,10.1.45.111:4191,linkerd-proxy,teastore,,teastore-webui-5648c5dddd-248k5,,1401,,,,,teastore-webui,,linkerd,outbound,,5648c5dddd,200,true,teastore,teastore-recommender.teastore.svc.cluster.local:8080,,linkerd,teastore-recommender,teastore,teastore-recommender-597fccb746-vtcxt,597fccb746,default,default.teastore.serviceaccount.identity.linkerd.cluster.local,teastore,teastore-recommender,teastore-webui
1615588102.841,response_latency_ms_sum,,,10.1.45.111:4191,linkerd-proxy,teastore,,teastore-webui-5648c5dddd-248k5,,1467,,,,,teastore-webui,,linkerd,outbound,,5648c5dddd,200,true,teastore,teastore-recommender.teastore.svc.cluster.local:8080,,linkerd,teastore-recommender,teastore,teastore-recommender-597fccb746-vtcxt,597fccb746,default,default.teastore.serviceaccount.identity.linkerd.cluster.local,teastore,teastore-recommender,teastore-webui
1615588112.841,response_latency_ms_sum,,,10.1.45.111:4191,linkerd-proxy,teastore,,teastore-webui-5648c5dddd-248k5,,1604,,,,,teastore-webui,,linkerd,outbound,,5648c5dddd,200,true,teastore,teastore-recommender.teastore.svc.cluster.local:8080,,linkerd,teastore-recommender,teastore,teastore-recommender-597fccb746-vtcxt,597fccb746,default,default.teastore.serviceaccount.identity.linkerd.cluster.local,teastore,teastore-recommender,teastore-webui
1615588122.841,response_latency_ms_sum,,,10.1.45.111:4191,linkerd-proxy,teastore,,teastore-webui-5648c5dddd-248k5,,1787,,,,,teastore-webui,,linkerd,outbound,,5648c5dddd,200,true,teastore,teastore-recommender.teastore.svc.cluster.local:8080,,linkerd,teastore-recommender,teastore,teastore-recommender-597fccb746-vtcxt,597fccb746,default,default.teastore.serviceaccount.identity.linkerd.cluster.local,teastore,teastore-recommender,teastore-webui
1615588132.84,response_latency_ms_sum,,,10.1.45.111:4191,linkerd-proxy,teastore,,teastore-webui-5648c5dddd-248k5,,2069,,,,,teastore-webui,,linkerd,outbound,,5648c5dddd,200,true,teastore,teastore-recommender.teastore.svc.cluster.local:8080,,linkerd,teastore-recommender,teastore,teastore-recommender-597fccb746-vtcxt,597fccb746,default,default.teastore.serviceaccount.identity.linkerd.cluster.local,teastore,teastore-recommender,teastore-webui
1615588142.841,response_latency_ms_sum,,,10.1.45.111:4191,linkerd-proxy,teastore,,teastore-webui-5648c5dddd-248k5,,2868,,,,,teastore-webui,,linkerd,outbound,,5648c5dddd,200,true,teastore,teastore-recommender.teastore.svc.cluster.local:8080,,linkerd,teastore-recommender,teastore,teastore-recommender-597fccb746-vtcxt,597fccb746,default,default.teastore.serviceaccount.identity.linkerd.cluster.local,teastore,teastore-recommender,teastore-webui
1615588152.84,response_latency_ms_sum,,,10.1.45.111:4191,linkerd-proxy,teastore,,teastore-webui-5648c5dddd-248k5,,3241,,,,,teastore-webui,,linkerd,outbound,,5648c5dddd,200,true,teastore,teastore-recommender.teastore.svc.cluster.local:8080,,linkerd,teastore-recommender,teastore,teastore-recommender-597fccb746-vtcxt,597fccb746,default,default.teastore.serviceaccount.identity.linkerd.cluster.local,teastore,teastore-recommender,teastore-webui
1615588162.84,response_latency_ms_sum,,,10.1.45.111:4191,linkerd-proxy,teastore,,teastore-webui-5648c5dddd-248k5,,3726,,,,,teastore-webui,,linkerd,outbound,,5648c5dddd,200,true,teastore,teastore-recommender.teastore.svc.cluster.local:8080,,linkerd,teastore-recommender,teastore,teastore-recommender-597fccb746-vtcxt,597fccb746,default,default.teastore.serviceaccount.identity.linkerd.cluster.local,teastore,teastore-recommender,teastore-webui
1615588172.841,response_latency_ms_sum,,,10.1.45.111:4191,linkerd-proxy,teastore,,teastore-webui-5648c5dddd-248k5,,4201,,,,,teastore-webui,,linkerd,outbound,,5648c5dddd,200,true,teastore,teastore-recommender.teastore.svc.cluster.local:8080,,linkerd,teastore-recommender,teastore,teastore-recommender-597fccb746-vtcxt,597fccb746,default,default.teastore.serviceaccount.identity.linkerd.cluster.local,teastore,teastore-recommender,teastore-webui
1615588182.84,response_latency_ms_sum,,,10.1.45.111:4191,linkerd-proxy,teastore,,teastore-webui-5648c5dddd-248k5,,4588,,,,,teastore-webui,,linkerd,outbound,,5648c5dddd,200,true,teastore,teastore-recommender.teastore.svc.cluster.local:8080,,linkerd,teastore-recommender,teastore,teastore-recommender-597fccb746-vtcxt,597fccb746,default,default.teastore.serviceaccount.identity.linkerd.cluster.local,teastore,teastore-recommender,teastore-webui
1615588192.84,response_latency_ms_sum,,,10.1.45.111:4191,linkerd-proxy,teastore,,teastore-webui-5648c5dddd-248k5,,5121,,,,,teastore-webui,,linkerd,outbound,,5648c5dddd,200,true,teastore,teastore-recommender.teastore.svc.cluster.local:8080,,linkerd,teastore-recommender,teastore,teastore-recommender-597fccb746-vtcxt,597fccb746,default,default.teastore.serviceaccount.identity.linkerd.cluster.local,teastore,teastore-recommender,teastore-webui
1615588202.84,response_latency_ms_sum,,,10.1.45.111:4191,linkerd-proxy,teastore,,teastore-webui-5648c5dddd-248k5,,5778,,,,,teastore-webui,,linkerd,outbound,,5648c5dddd,200,true,teastore,teastore-recommender.teastore.svc.cluster.local:8080,,linkerd,teastore-recommender,teastore,teastore-recommender-597fccb746-vtcxt,597fccb746,default,default.teastore.serviceaccount.identity.linkerd.cluster.local,teastore,teastore-recommender,teastore-webui
1615588093.729,response_latency_ms_sum,,,10.1.45.78:4191,linkerd-proxy,linkerd,,linkerd-prometheus-5bccd64d4d-jzwmt,,1,,,,,linkerd-prometheus,prometheus,linkerd,outbound,,5bccd64d4d,200,true,linkerd,10.1.45.112:4191,,linkerd,teastore-webui,teastore,teastore-webui-5648c5dddd-5xf7k,5648c5dddd,default,default.teastore.serviceaccount.identity.linkerd.cluster.local,,,
1615588103.729,response_latency_ms_sum,,,10.1.45.78:4191,linkerd-proxy,linkerd,,linkerd-prometheus-5bccd64d4d-jzwmt,,3,,,,,linkerd-prometheus,prometheus,linkerd,outbound,,5bccd64d4d,200,true,linkerd,10.1.45.112:4191,,linkerd,teastore-webui,teastore,teastore-webui-5648c5dddd-5xf7k,5648c5dddd,default,default.teastore.serviceaccount.identity.linkerd.cluster.local,,,
1615588113.729,response_latency_ms_sum,,,10.1.45.78:4191,linkerd-proxy,linkerd,,linkerd-prometheus-5bccd64d4d-jzwmt,,4,,,,,linkerd-prometheus,prometheus,linkerd,outbound,,5bccd64d4d,200,true,linkerd,10.1.45.112:4191,,linkerd,teastore-webui,teastore,teastore-webui-5648c5dddd-5xf7k,5648c5dddd,default,default.teastore.serviceaccount.identity.linkerd.cluster.local,,,
1615588123.729,response_latency_ms_sum,,,10.1.45.78:4191,linkerd-proxy,linkerd,,linkerd-prometheus-5bccd64d4d-jzwmt,,6,,,,,linkerd-prometheus,prometheus,linkerd,outbound,,5bccd64d4d,200,true,linkerd,10.1.45.112:4191,,linkerd,teastore-webui,teastore,teastore-webui-5648c5dddd-5xf7k,5648c5dddd,default,default.teastore.serviceaccount.identity.linkerd.cluster.local,,,
1615588133.729,response_latency_ms_sum,,,10.1.45.78:4191,linkerd-proxy,linkerd,,linkerd-prometheus-5bccd64d4d-jzwmt,,8,,,,,linkerd-prometheus,prometheus,linkerd,outbound,,5bccd64d4d,200,true,linkerd,10.1.45.112:4191,,linkerd,teastore-webui,teastore,teastore-webui-5648c5dddd-5xf7k,5648c5dddd,default,default.teastore.serviceaccount.identity.linkerd.cluster.local,,,
1615588143.729,response_latency_ms_sum,,,10.1.45.78:4191,linkerd-proxy,linkerd,,linkerd-prometheus-5bccd64d4d-jzwmt,,11,,,,,linkerd-prometheus,prometheus,linkerd,outbound,,5bccd64d4d,200,true,linkerd,10.1.45.112:4191,,linkerd,teastore-webui,teastore,teastore-webui-5648c5dddd-5xf7k,5648c5dddd,default,default.teastore.serviceaccount.identity.linkerd.cluster.local,,,
1615588153.729,response_latency_ms_sum,,,10.1.45.78:4191,linkerd-proxy,linkerd,,linkerd-prometheus-5bccd64d4d-jzwmt,,13,,,,,linkerd-prometheus,prometheus,linkerd,outbound,,5bccd64d4d,200,true,linkerd,10.1.45.112:4191,,linkerd,teastore-webui,teastore,teastore-webui-5648c5dddd-5xf7k,5648c5dddd,default,default.teastore.serviceaccount.identity.linkerd.cluster.local,,,
1615588163.729,response_latency_ms_sum,,,10.1.45.78:4191,linkerd-proxy,linkerd,,linkerd-prometheus-5bccd64d4d-jzwmt,,16,,,,,linkerd-prometheus,prometheus,linkerd,outbound,,5bccd64d4d,200,true,linkerd,10.1.45.112:4191,,linkerd,teastore-webui,teastore,teastore-webui-5648c5dddd-5xf7k,5648c5dddd,default,default.teastore.serviceaccount.identity.linkerd.cluster.local,,,
1615588173.729,response_latency_ms_sum,,,10.1.45.78:4191,linkerd-proxy,linkerd,,linkerd-prometheus-5bccd64d4d-jzwmt,,18,,,,,linkerd-prometheus,prometheus,linkerd,outbound,,5bccd64d4d,200,true,linkerd,10.1.45.112:4191,,linkerd,teastore-webui,teastore,teastore-webui-5648c5dddd-5xf7k,5648c5dddd,default,default.teastore.serviceaccount.identity.linkerd.cluster.local,,,
1615588183.729,response_latency_ms_sum,,,10.1.45.78:4191,linkerd-proxy,linkerd,,linkerd-prometheus-5bccd64d4d-jzwmt,,21,,,,,linkerd-prometheus,prometheus,linkerd,outbound,,5bccd64d4d,200,true,linkerd,10.1.45.112:4191,,linkerd,teastore-webui,teastore,teastore-webui-5648c5dddd-5xf7k,5648c5dddd,default,default.teastore.serviceaccount.identity.linkerd.cluster.local,,,
1615588193.731,response_latency_ms_sum,,,10.1.45.78:4191,linkerd-proxy,linkerd,,linkerd-prometheus-5bccd64d4d-jzwmt,,23,,,,,linkerd-prometheus,prometheus,linkerd,outbound,,5bccd64d4d,200,true,linkerd,10.1.45.112:4191,,linkerd,teastore-webui,teastore,teastore-webui-5648c5dddd-5xf7k,5648c5dddd,default,default.teastore.serviceaccount.identity.linkerd.cluster.local,,,
1615588203.729,response_latency_ms_sum,,,10.1.45.78:4191,linkerd-proxy,linkerd,,linkerd-prometheus-5bccd64d4d-jzwmt,,26,,,,,linkerd-prometheus,prometheus,linkerd,outbound,,5bccd64d4d,200,true,linkerd,10.1.45.112:4191,,linkerd,teastore-webui,teastore,teastore-webui-5648c5dddd-5xf7k,5648c5dddd,default,default.teastore.serviceaccount.identity.linkerd.cluster.local,,,
1615588092.605,response_latency_ms_sum,,,10.1.45.112:4191,linkerd-proxy,teastore,,teastore-webui-5648c5dddd-5xf7k,,71,,,,,teastore-webui,,linkerd,outbound,,5648c5dddd,200,true,teastore,teastore-registry.teastore.svc.cluster.local:8080,,linkerd,teastore-registry,teastore,teastore-registry-c8b58678f-bf8xh,c8b58678f,default,default.teastore.serviceaccount.identity.linkerd.cluster.local,teastore,teastore-registry,teastore-webui
1615588102.605,response_latency_ms_sum,,,10.1.45.112:4191,linkerd-proxy,teastore,,teastore-webui-5648c5dddd-5xf7k,,94,,,,,teastore-webui,,linkerd,outbound,,5648c5dddd,200,true,teastore,teastore-registry.teastore.svc.cluster.local:8080,,linkerd,teastore-registry,teastore,teastore-registry-c8b58678f-bf8xh,c8b58678f,default,default.teastore.serviceaccount.identity.linkerd.cluster.local,teastore,teastore-registry,teastore-webui
1615588112.605,response_latency_ms_sum,,,10.1.45.112:4191,linkerd-proxy,teastore,,teastore-webui-5648c5dddd-5xf7k,,135,,,,,teastore-webui,,linkerd,outbound,,5648c5dddd,200,true,teastore,teastore-registry.teastore.svc.cluster.local:8080,,linkerd,teastore-registry,teastore,teastore-registry-c8b58678f-bf8xh,c8b58678f,default,default.teastore.serviceaccount.identity.linkerd.cluster.local,teastore,teastore-registry,teastore-webui
1615588122.605,response_latency_ms_sum,,,10.1.45.112:4191,linkerd-proxy,teastore,,teastore-webui-5648c5dddd-5xf7k,,176,,,,,teastore-webui,,linkerd,outbound,,5648c5dddd,200,true,teastore,teastore-registry.teastore.svc.cluster.local:8080,,linkerd,teastore-registry,teastore,teastore-registry-c8b58678f-bf8xh,c8b58678f,default,default.teastore.serviceaccount.identity.linkerd.cluster.local,teastore,teastore-registry,teastore-webui
1615588132.605,response_latency_ms_sum,,,10.1.45.112:4191,linkerd-proxy,teastore,,teastore-webui-5648c5dddd-5xf7k,,216,,,,,teastore-webui,,linkerd,outbound,,5648c5dddd,200,true,teastore,teastore-registry.teastore.svc.cluster.local:8080,,linkerd,teastore-registry,teastore,teastore-registry-c8b58678f-bf8xh,c8b58678f,default,default.teastore.serviceaccount.identity.linkerd.cluster.local,teastore,teastore-registry,teastore-webui
1615588142.605,response_latency_ms_sum,,,10.1.45.112:4191,linkerd-proxy,teastore,,teastore-webui-5648c5dddd-5xf7k,,300,,,,,teastore-webui,,linkerd,outbound,,5648c5dddd,200,true,teastore,teastore-registry.teastore.svc.cluster.local:8080,,linkerd,teastore-registry,teastore,teastore-registry-c8b58678f-bf8xh,c8b58678f,default,default.teastore.serviceaccount.identity.linkerd.cluster.local,teastore,teastore-registry,teastore-webui
1615588152.605,response_latency_ms_sum,,,10.1.45.112:4191,linkerd-proxy,teastore,,teastore-webui-5648c5dddd-5xf7k,,351,,,,,teastore-webui,,linkerd,outbound,,5648c5dddd,200,true,teastore,teastore-registry.teastore.svc.cluster.local:8080,,linkerd,teastore-registry,teastore,teastore-registry-c8b58678f-bf8xh,c8b58678f,default,default.teastore.serviceaccount.identity.linkerd.cluster.local,teastore,teastore-registry,teastore-webui
1615588162.605,response_latency_ms_sum,,,10.1.45.112:4191,linkerd-proxy,teastore,,teastore-webui-5648c5dddd-5xf7k,,399,,,,,teastore-webui,,linkerd,outbound,,5648c5dddd,200,true,teastore,teastore-registry.teastore.svc.cluster.local:8080,,linkerd,teastore-registry,teastore,teastore-registry-c8b58678f-bf8xh,c8b58678f,default,default.teastore.serviceaccount.identity.linkerd.cluster.local,teastore,teastore-registry,teastore-webui
1615588172.605,response_latency_ms_sum,,,10.1.45.112:4191,linkerd-proxy,teastore,,teastore-webui-5648c5dddd-5xf7k,,478,,,,,teastore-webui,,linkerd,outbound,,5648c5dddd,200,true,teastore,teastore-registry.teastore.svc.cluster.local:8080,,linkerd,teastore-registry,teastore,teastore-registry-c8b58678f-bf8xh,c8b58678f,default,default.teastore.serviceaccount.identity.linkerd.cluster.local,teastore,teastore-registry,teastore-webui
1615588182.605,response_latency_ms_sum,,,10.1.45.112:4191,linkerd-proxy,teastore,,teastore-webui-5648c5dddd-5xf7k,,531,,,,,teastore-webui,,linkerd,outbound,,5648c5dddd,200,true,teastore,teastore-registry.teastore.svc.cluster.local:8080,,linkerd,teastore-registry,teastore,teastore-registry-c8b58678f-bf8xh,c8b58678f,default,default.teastore.serviceaccount.identity.linkerd.cluster.local,teastore,teastore-registry,teastore-webui
1615588192.605,response_latency_ms_sum,,,10.1.45.112:4191,linkerd-proxy,teastore,,teastore-webui-5648c5dddd-5xf7k,,582,,,,,teastore-webui,,linkerd,outbound,,5648c5dddd,200,true,teastore,teastore-registry.teastore.svc.cluster.local:8080,,linkerd,teastore-registry,teastore,teastore-registry-c8b58678f-bf8xh,c8b58678f,default,default.teastore.serviceaccount.identity.linkerd.cluster.local,teastore,teastore-registry,teastore-webui
1615588202.605,response_latency_ms_sum,,,10.1.45.112:4191,linkerd-proxy,teastore,,teastore-webui-5648c5dddd-5xf7k,,737,,,,,teastore-webui,,linkerd,outbound,,5648c5dddd,200,true,teastore,teastore-registry.teastore.svc.cluster.local:8080,,linkerd,teastore-registry,teastore,teastore-registry-c8b58678f-bf8xh,c8b58678f,default,default.teastore.serviceaccount.identity.linkerd.cluster.local,teastore,teastore-registry,teastore-webui
1615588092.605,response_latency_ms_sum,,,10.1.45.112:4191,linkerd-proxy,teastore,,teastore-webui-5648c5dddd-5xf7k,,10,,,,,teastore-webui,,linkerd,outbound,,5648c5dddd,200,true,teastore,teastore-persistence.teastore.svc.cluster.local:8080,,linkerd,teastore-persistence,teastore,teastore-persistence-d9666cc75-l847s,d9666cc75,default,default.teastore.serviceaccount.identity.linkerd.cluster.local,teastore,teastore-persistence,teastore-webui
1615588102.605,response_latency_ms_sum,,,10.1.45.112:4191,linkerd-proxy,teastore,,teastore-webui-5648c5dddd-5xf7k,,51,,,,,teastore-webui,,linkerd,outbound,,5648c5dddd,200,true,teastore,teastore-persistence.teastore.svc.cluster.local:8080,,linkerd,teastore-persistence,teastore,teastore-persistence-d9666cc75-l847s,d9666cc75,default,default.teastore.serviceaccount.identity.linkerd.cluster.local,teastore,teastore-persistence,teastore-webui
1615588112.605,response_latency_ms_sum,,,10.1.45.112:4191,linkerd-proxy,teastore,,teastore-webui-5648c5dddd-5xf7k,,68,,,,,teastore-webui,,linkerd,outbound,,5648c5dddd,200,true,teastore,teastore-persistence.teastore.svc.cluster.local:8080,,linkerd,teastore-persistence,teastore,teastore-persistence-d9666cc75-l847s,d9666cc75,default,default.teastore.serviceaccount.identity.linkerd.cluster.local,teastore,teastore-persistence,teastore-webui
1615588122.605,response_latency_ms_sum,,,10.1.45.112:4191,linkerd-proxy,teastore,,teastore-webui-5648c5dddd-5xf7k,,91,,,,,teastore-webui,,linkerd,outbound,,5648c5dddd,200,true,teastore,teastore-persistence.teastore.svc.cluster.local:8080,,linkerd,teastore-persistence,teastore,teastore-persistence-d9666cc75-l847s,d9666cc75,default,default.teastore.serviceaccount.identity.linkerd.cluster.local,teastore,teastore-persistence,teastore-webui
1615588132.605,response_latency_ms_sum,,,10.1.45.112:4191,linkerd-proxy,teastore,,teastore-webui-5648c5dddd-5xf7k,,231,,,,,teastore-webui,,linkerd,outbound,,5648c5dddd,200,true,teastore,teastore-persistence.teastore.svc.cluster.local:8080,,linkerd,teastore-persistence,teastore,teastore-persistence-d9666cc75-l847s,d9666cc75,default,default.teastore.serviceaccount.identity.linkerd.cluster.local,teastore,teastore-persistence,teastore-webui
1615588142.605,response_latency_ms_sum,,,10.1.45.112:4191,linkerd-proxy,teastore,,teastore-webui-5648c5dddd-5xf7k,,1029,,,,,teastore-webui,,linkerd,outbound,,5648c5dddd,200,true,teastore,teastore-persistence.teastore.svc.cluster.local:8080,,linkerd,teastore-persistence,teastore,teastore-persistence-d9666cc75-l847s,d9666cc75,default,default.teastore.serviceaccount.identity.linkerd.cluster.local,teastore,teastore-persistence,teastore-webui
1615588152.605,response_latency_ms_sum,,,10.1.45.112:4191,linkerd-proxy,teastore,,teastore-webui-5648c5dddd-5xf7k,,1453,,,,,teastore-webui,,linkerd,outbound,,5648c5dddd,200,true,teastore,teastore-persistence.teastore.svc.cluster.local:8080,,linkerd,teastore-persistence,teastore,teastore-persistence-d9666cc75-l847s,d9666cc75,default,default.teastore.serviceaccount.identity.linkerd.cluster.local,teastore,teastore-persistence,teastore-webui
1615588162.605,response_latency_ms_sum,,,10.1.45.112:4191,linkerd-proxy,teastore,,teastore-webui-5648c5dddd-5xf7k,,2077,,,,,teastore-webui,,linkerd,outbound,,5648c5dddd,200,true,teastore,teastore-persistence.teastore.svc.cluster.local:8080,,linkerd,teastore-persistence,teastore,teastore-persistence-d9666cc75-l847s,d9666cc75,default,default.teastore.serviceaccount.identity.linkerd.cluster.local,teastore,teastore-persistence,teastore-webui
1615588172.605,response_latency_ms_sum,,,10.1.45.112:4191,linkerd-proxy,teastore,,teastore-webui-5648c5dddd-5xf7k,,6905,,,,,teastore-webui,,linkerd,outbound,,5648c5dddd,200,true,teastore,teastore-persistence.teastore.svc.cluster.local:8080,,linkerd,teastore-persistence,teastore,teastore-persistence-d9666cc75-l847s,d9666cc75,default,default.teastore.serviceaccount.identity.linkerd.cluster.local,teastore,teastore-persistence,teastore-webui
1615588182.605,response_latency_ms_sum,,,10.1.45.112:4191,linkerd-proxy,teastore,,teastore-webui-5648c5dddd-5xf7k,,7495,,,,,teastore-webui,,linkerd,outbound,,5648c5dddd,200,true,teastore,teastore-persistence.teastore.svc.cluster.local:8080,,linkerd,teastore-persistence,teastore,teastore-persistence-d9666cc75-l847s,d9666cc75,default,default.teastore.serviceaccount.identity.linkerd.cluster.local,teastore,teastore-persistence,teastore-webui
1615588192.605,response_latency_ms_sum,,,10.1.45.112:4191,linkerd-proxy,teastore,,teastore-webui-5648c5dddd-5xf7k,,14060,,,,,teastore-webui,,linkerd,outbound,,5648c5dddd,200,true,teastore,teastore-persistence.teastore.svc.cluster.local:8080,,linkerd,teastore-persistence,teastore,teastore-persistence-d9666cc75-l847s,d9666cc75,default,default.teastore.serviceaccount.identity.linkerd.cluster.local,teastore,teastore-persistence,teastore-webui
1615588202.605,response_latency_ms_sum,,,10.1.45.112:4191,linkerd-proxy,teastore,,teastore-webui-5648c5dddd-5xf7k,,20572,,,,,teastore-webui,,linkerd,outbound,,5648c5dddd,200,true,teastore,teastore-persistence.teastore.svc.cluster.local:8080,,linkerd,teastore-persistence,teastore,teastore-persistence-d9666cc75-l847s,d9666cc75,default,default.teastore.serviceaccount.identity.linkerd.cluster.local,teastore,teastore-persistence,teastore-webui
1615588102.605,response_latency_ms_sum,,,10.1.45.112:4191,linkerd-proxy,teastore,,teastore-webui-5648c5dddd-5xf7k,,7,,,,,teastore-webui,,linkerd,outbound,,5648c5dddd,200,true,teastore,teastore-auth.teastore.svc.cluster.local:8080,,linkerd,teastore-auth,teastore,teastore-auth-5c8f77dbb8-sx8wp,5c8f77dbb8,default,default.teastore.serviceaccount.identity.linkerd.cluster.local,teastore,teastore-auth,teastore-webui
1615588112.605,response_latency_ms_sum,,,10.1.45.112:4191,linkerd-proxy,teastore,,teastore-webui-5648c5dddd-5xf7k,,19,,,,,teastore-webui,,linkerd,outbound,,5648c5dddd,200,true,teastore,teastore-auth.teastore.svc.cluster.local:8080,,linkerd,teastore-auth,teastore,teastore-auth-5c8f77dbb8-sx8wp,5c8f77dbb8,default,default.teastore.serviceaccount.identity.linkerd.cluster.local,teastore,teastore-auth,teastore-webui
1615588122.605,response_latency_ms_sum,,,10.1.45.112:4191,linkerd-proxy,teastore,,teastore-webui-5648c5dddd-5xf7k,,30,,,,,teastore-webui,,linkerd,outbound,,5648c5dddd,200,true,teastore,teastore-auth.teastore.svc.cluster.local:8080,,linkerd,teastore-auth,teastore,teastore-auth-5c8f77dbb8-sx8wp,5c8f77dbb8,default,default.teastore.serviceaccount.identity.linkerd.cluster.local,teastore,teastore-auth,teastore-webui
1615588132.605,response_latency_ms_sum,,,10.1.45.112:4191,linkerd-proxy,teastore,,teastore-webui-5648c5dddd-5xf7k,,192,,,,,teastore-webui,,linkerd,outbound,,5648c5dddd,200,true,teastore,teastore-auth.teastore.svc.cluster.local:8080,,linkerd,teastore-auth,teastore,teastore-auth-5c8f77dbb8-sx8wp,5c8f77dbb8,default,default.teastore.serviceaccount.identity.linkerd.cluster.local,teastore,teastore-auth,teastore-webui
1615588142.605,response_latency_ms_sum,,,10.1.45.112:4191,linkerd-proxy,teastore,,teastore-webui-5648c5dddd-5xf7k,,593,,,,,teastore-webui,,linkerd,outbound,,5648c5dddd,200,true,teastore,teastore-auth.teastore.svc.cluster.local:8080,,linkerd,teastore-auth,teastore,teastore-auth-5c8f77dbb8-sx8wp,5c8f77dbb8,default,default.teastore.serviceaccount.identity.linkerd.cluster.local,teastore,teastore-auth,teastore-webui
1615588152.605,response_latency_ms_sum,,,10.1.45.112:4191,linkerd-proxy,teastore,,teastore-webui-5648c5dddd-5xf7k,,983,,,,,teastore-webui,,linkerd,outbound,,5648c5dddd,200,true,teastore,teastore-auth.teastore.svc.cluster.local:8080,,linkerd,teastore-auth,teastore,teastore-auth-5c8f77dbb8-sx8wp,5c8f77dbb8,default,default.teastore.serviceaccount.identity.linkerd.cluster.local,teastore,teastore-auth,teastore-webui
1615588162.605,response_latency_ms_sum,,,10.1.45.112:4191,linkerd-proxy,teastore,,teastore-webui-5648c5dddd-5xf7k,,1243,,,,,teastore-webui,,linkerd,outbound,,5648c5dddd,200,true,teastore,teastore-auth.teastore.svc.cluster.local:8080,,linkerd,teastore-auth,teastore,teastore-auth-5c8f77dbb8-sx8wp,5c8f77dbb8,default,default.teastore.serviceaccount.identity.linkerd.cluster.local,teastore,teastore-auth,teastore-webui
1615588172.605,response_latency_ms_sum,,,10.1.45.112:4191,linkerd-proxy,teastore,,teastore-webui-5648c5dddd-5xf7k,,1445,,,,,teastore-webui,,linkerd,outbound,,5648c5dddd,200,true,teastore,teastore-auth.teastore.svc.cluster.local:8080,,linkerd,teastore-auth,teastore,teastore-auth-5c8f77dbb8-sx8wp,5c8f77dbb8,default,default.teastore.serviceaccount.identity.linkerd.cluster.local,teastore,teastore-auth,teastore-webui
1615588182.605,response_latency_ms_sum,,,10.1.45.112:4191,linkerd-proxy,teastore,,teastore-webui-5648c5dddd-5xf7k,,1636,,,,,teastore-webui,,linkerd,outbound,,5648c5dddd,200,true,teastore,teastore-auth.teastore.svc.cluster.local:8080,,linkerd,teastore-auth,teastore,teastore-auth-5c8f77dbb8-sx8wp,5c8f77dbb8,default,default.teastore.serviceaccount.identity.linkerd.cluster.local,teastore,teastore-auth,teastore-webui
1615588192.605,response_latency_ms_sum,,,10.1.45.112:4191,linkerd-proxy,teastore,,teastore-webui-5648c5dddd-5xf7k,,2809,,,,,teastore-webui,,linkerd,outbound,,5648c5dddd,200,true,teastore,teastore-auth.teastore.svc.cluster.local:8080,,linkerd,teastore-auth,teastore,teastore-auth-5c8f77dbb8-sx8wp,5c8f77dbb8,default,default.teastore.serviceaccount.identity.linkerd.cluster.local,teastore,teastore-auth,teastore-webui
1615588202.605,response_latency_ms_sum,,,10.1.45.112:4191,linkerd-proxy,teastore,,teastore-webui-5648c5dddd-5xf7k,,4707,,,,,teastore-webui,,linkerd,outbound,,5648c5dddd,200,true,teastore,teastore-auth.teastore.svc.cluster.local:8080,,linkerd,teastore-auth,teastore,teastore-auth-5c8f77dbb8-sx8wp,5c8f77dbb8,default,default.teastore.serviceaccount.identity.linkerd.cluster.local,teastore,teastore-auth,teastore-webui
1615588102.605,response_latency_ms_sum,,,10.1.45.112:4191,linkerd-proxy,teastore,,teastore-webui-5648c5dddd-5xf7k,,13,,,,,teastore-webui,,linkerd,outbound,,5648c5dddd,200,true,teastore,teastore-image.teastore.svc.cluster.local:8080,,linkerd,teastore-image,teastore,teastore-image-77b5d74b7d-vt6qj,77b5d74b7d,default,default.teastore.serviceaccount.identity.linkerd.cluster.local,teastore,teastore-image,teastore-webui
1615588112.605,response_latency_ms_sum,,,10.1.45.112:4191,linkerd-proxy,teastore,,teastore-webui-5648c5dddd-5xf7k,,63,,,,,teastore-webui,,linkerd,outbound,,5648c5dddd,200,true,teastore,teastore-image.teastore.svc.cluster.local:8080,,linkerd,teastore-image,teastore,teastore-image-77b5d74b7d-vt6qj,77b5d74b7d,default,default.teastore.serviceaccount.identity.linkerd.cluster.local,teastore,teastore-image,teastore-webui
1615588122.605,response_latency_ms_sum,,,10.1.45.112:4191,linkerd-proxy,teastore,,teastore-webui-5648c5dddd-5xf7k,,82,,,,,teastore-webui,,linkerd,outbound,,5648c5dddd,200,true,teastore,teastore-image.teastore.svc.cluster.local:8080,,linkerd,teastore-image,teastore,teastore-image-77b5d74b7d-vt6qj,77b5d74b7d,default,default.teastore.serviceaccount.identity.linkerd.cluster.local,teastore,teastore-image,teastore-webui
1615588132.605,response_latency_ms_sum,,,10.1.45.112:4191,linkerd-proxy,teastore,,teastore-webui-5648c5dddd-5xf7k,,211,,,,,teastore-webui,,linkerd,outbound,,5648c5dddd,200,true,teastore,teastore-image.teastore.svc.cluster.local:8080,,linkerd,teastore-image,teastore,teastore-image-77b5d74b7d-vt6qj,77b5d74b7d,default,default.teastore.serviceaccount.identity.linkerd.cluster.local,teastore,teastore-image,teastore-webui
1615588142.605,response_latency_ms_sum,,,10.1.45.112:4191,linkerd-proxy,teastore,,teastore-webui-5648c5dddd-5xf7k,,520,,,,,teastore-webui,,linkerd,outbound,,5648c5dddd,200,true,teastore,teastore-image.teastore.svc.cluster.local:8080,,linkerd,teastore-image,teastore,teastore-image-77b5d74b7d-vt6qj,77b5d74b7d,default,default.teastore.serviceaccount.identity.linkerd.cluster.local,teastore,teastore-image,teastore-webui
1615588152.605,response_latency_ms_sum,,,10.1.45.112:4191,linkerd-proxy,teastore,,teastore-webui-5648c5dddd-5xf7k,,937,,,,,teastore-webui,,linkerd,outbound,,5648c5dddd,200,true,teastore,teastore-image.teastore.svc.cluster.local:8080,,linkerd,teastore-image,teastore,teastore-image-77b5d74b7d-vt6qj,77b5d74b7d,default,default.teastore.serviceaccount.identity.linkerd.cluster.local,teastore,teastore-image,teastore-webui
1615588162.605,response_latency_ms_sum,,,10.1.45.112:4191,linkerd-proxy,teastore,,teastore-webui-5648c5dddd-5xf7k,,982,,,,,teastore-webui,,linkerd,outbound,,5648c5dddd,200,true,teastore,teastore-image.teastore.svc.cluster.local:8080,,linkerd,teastore-image,teastore,teastore-image-77b5d74b7d-vt6qj,77b5d74b7d,default,default.teastore.serviceaccount.identity.linkerd.cluster.local,teastore,teastore-image,teastore-webui
1615588172.605,response_latency_ms_sum,,,10.1.45.112:4191,linkerd-proxy,teastore,,teastore-webui-5648c5dddd-5xf7k,,2247,,,,,teastore-webui,,linkerd,outbound,,5648c5dddd,200,true,teastore,teastore-image.teastore.svc.cluster.local:8080,,linkerd,teastore-image,teastore,teastore-image-77b5d74b7d-vt6qj,77b5d74b7d,default,default.teastore.serviceaccount.identity.linkerd.cluster.local,teastore,teastore-image,teastore-webui
1615588182.605,response_latency_ms_sum,,,10.1.45.112:4191,linkerd-proxy,teastore,,teastore-webui-5648c5dddd-5xf7k,,2423,,,,,teastore-webui,,linkerd,outbound,,5648c5dddd,200,true,teastore,teastore-image.teastore.svc.cluster.local:8080,,linkerd,teastore-image,teastore,teastore-image-77b5d74b7d-vt6qj,77b5d74b7d,default,default.teastore.serviceaccount.identity.linkerd.cluster.local,teastore,teastore-image,teastore-webui
1615588192.605,response_latency_ms_sum,,,10.1.45.112:4191,linkerd-proxy,teastore,,teastore-webui-5648c5dddd-5xf7k,,4619,,,,,teastore-webui,,linkerd,outbound,,5648c5dddd,200,true,teastore,teastore-image.teastore.svc.cluster.local:8080,,linkerd,teastore-image,teastore,teastore-image-77b5d74b7d-vt6qj,77b5d74b7d,default,default.teastore.serviceaccount.identity.linkerd.cluster.local,teastore,teastore-image,teastore-webui
1615588202.605,response_latency_ms_sum,,,10.1.45.112:4191,linkerd-proxy,teastore,,teastore-webui-5648c5dddd-5xf7k,,7425,,,,,teastore-webui,,linkerd,outbound,,5648c5dddd,200,true,teastore,teastore-image.teastore.svc.cluster.local:8080,,linkerd,teastore-image,teastore,teastore-image-77b5d74b7d-vt6qj,77b5d74b7d,default,default.teastore.serviceaccount.identity.linkerd.cluster.local,teastore,teastore-image,teastore-webui
1615588122.605,response_latency_ms_sum,,,10.1.45.112:4191,linkerd-proxy,teastore,,teastore-webui-5648c5dddd-5xf7k,,37192,,,,,teastore-webui,,linkerd,inbound,no_tls_from_remote,5648c5dddd,500,no_identity,teastore,localhost:30080,,,,,,,,,teastore,,teastore-webui
1615588132.605,response_latency_ms_sum,,,10.1.45.112:4191,linkerd-proxy,teastore,,teastore-webui-5648c5dddd-5xf7k,,72461,,,,,teastore-webui,,linkerd,inbound,no_tls_from_remote,5648c5dddd,500,no_identity,teastore,localhost:30080,,,,,,,,,teastore,,teastore-webui
1615588142.605,response_latency_ms_sum,,,10.1.45.112:4191,linkerd-proxy,teastore,,teastore-webui-5648c5dddd-5xf7k,,72461,,,,,teastore-webui,,linkerd,inbound,no_tls_from_remote,5648c5dddd,500,no_identity,teastore,localhost:30080,,,,,,,,,teastore,,teastore-webui
1615588152.605,response_latency_ms_sum,,,10.1.45.112:4191,linkerd-proxy,teastore,,teastore-webui-5648c5dddd-5xf7k,,72461,,,,,teastore-webui,,linkerd,inbound,no_tls_from_remote,5648c5dddd,500,no_identity,teastore,localhost:30080,,,,,,,,,teastore,,teastore-webui
1615588162.605,response_latency_ms_sum,,,10.1.45.112:4191,linkerd-proxy,teastore,,teastore-webui-5648c5dddd-5xf7k,,72461,,,,,teastore-webui,,linkerd,inbound,no_tls_from_remote,5648c5dddd,500,no_identity,teastore,localhost:30080,,,,,,,,,teastore,,teastore-webui
1615588172.605,response_latency_ms_sum,,,10.1.45.112:4191,linkerd-proxy,teastore,,teastore-webui-5648c5dddd-5xf7k,,72461,,,,,teastore-webui,,linkerd,inbound,no_tls_from_remote,5648c5dddd,500,no_identity,teastore,localhost:30080,,,,,,,,,teastore,,teastore-webui
1615588182.605,response_latency_ms_sum,,,10.1.45.112:4191,linkerd-proxy,teastore,,teastore-webui-5648c5dddd-5xf7k,,83739,,,,,teastore-webui,,linkerd,inbound,no_tls_from_remote,5648c5dddd,500,no_identity,teastore,localhost:30080,,,,,,,,,teastore,,teastore-webui
1615588192.605,response_latency_ms_sum,,,10.1.45.112:4191,linkerd-proxy,teastore,,teastore-webui-5648c5dddd-5xf7k,,158206,,,,,teastore-webui,,linkerd,inbound,no_tls_from_remote,5648c5dddd,500,no_identity,teastore,localhost:30080,,,,,,,,,teastore,,teastore-webui
1615588202.605,response_latency_ms_sum,,,10.1.45.112:4191,linkerd-proxy,teastore,,teastore-webui-5648c5dddd-5xf7k,,191047,,,,,teastore-webui,,linkerd,inbound,no_tls_from_remote,5648c5dddd,500,no_identity,teastore,localhost:30080,,,,,,,,,teastore,,teastore-webui
1615588132.605,response_latency_ms_sum,,,10.1.45.112:4191,linkerd-proxy,teastore,,teastore-webui-5648c5dddd-5xf7k,,364369,,,,,teastore-webui,,linkerd,inbound,no_tls_from_remote,5648c5dddd,200,no_identity,teastore,localhost:30080,,,,,,,,,teastore,,teastore-webui
1615588142.605,response_latency_ms_sum,,,10.1.45.112:4191,linkerd-proxy,teastore,,teastore-webui-5648c5dddd-5xf7k,,734323,,,,,teastore-webui,,linkerd,inbound,no_tls_from_remote,5648c5dddd,200,no_identity,teastore,localhost:30080,,,,,,,,,teastore,,teastore-webui
1615588152.605,response_latency_ms_sum,,,10.1.45.112:4191,linkerd-proxy,teastore,,teastore-webui-5648c5dddd-5xf7k,,754479,,,,,teastore-webui,,linkerd,inbound,no_tls_from_remote,5648c5dddd,200,no_identity,teastore,localhost:30080,,,,,,,,,teastore,,teastore-webui
1615588162.605,response_latency_ms_sum,,,10.1.45.112:4191,linkerd-proxy,teastore,,teastore-webui-5648c5dddd-5xf7k,,1426839,,,,,teastore-webui,,linkerd,inbound,no_tls_from_remote,5648c5dddd,200,no_identity,teastore,localhost:30080,,,,,,,,,teastore,,teastore-webui
1615588172.605,response_latency_ms_sum,,,10.1.45.112:4191,linkerd-proxy,teastore,,teastore-webui-5648c5dddd-5xf7k,,1444488,,,,,teastore-webui,,linkerd,inbound,no_tls_from_remote,5648c5dddd,200,no_identity,teastore,localhost:30080,,,,,,,,,teastore,,teastore-webui
1615588182.605,response_latency_ms_sum,,,10.1.45.112:4191,linkerd-proxy,teastore,,teastore-webui-5648c5dddd-5xf7k,,2371702,,,,,teastore-webui,,linkerd,inbound,no_tls_from_remote,5648c5dddd,200,no_identity,teastore,localhost:30080,,,,,,,,,teastore,,teastore-webui
1615588192.605,response_latency_ms_sum,,,10.1.45.112:4191,linkerd-proxy,teastore,,teastore-webui-5648c5dddd-5xf7k,,2635699,,,,,teastore-webui,,linkerd,inbound,no_tls_from_remote,5648c5dddd,200,no_identity,teastore,localhost:30080,,,,,,,,,teastore,,teastore-webui
1615588202.605,response_latency_ms_sum,,,10.1.45.112:4191,linkerd-proxy,teastore,,teastore-webui-5648c5dddd-5xf7k,,3131159,,,,,teastore-webui,,linkerd,inbound,no_tls_from_remote,5648c5dddd,200,no_identity,teastore,localhost:30080,,,,,,,,,teastore,,teastore-webui
1615588142.605,response_latency_ms_sum,,,10.1.45.112:4191,linkerd-proxy,teastore,,teastore-webui-5648c5dddd-5xf7k,,40109,,,,,teastore-webui,,linkerd,inbound,no_tls_from_remote,5648c5dddd,302,no_identity,teastore,localhost:30080,,,,,,,,,teastore,,teastore-webui
1615588152.605,response_latency_ms_sum,,,10.1.45.112:4191,linkerd-proxy,teastore,,teastore-webui-5648c5dddd-5xf7k,,41970,,,,,teastore-webui,,linkerd,inbound,no_tls_from_remote,5648c5dddd,302,no_identity,teastore,localhost:30080,,,,,,,,,teastore,,teastore-webui
1615588162.605,response_latency_ms_sum,,,10.1.45.112:4191,linkerd-proxy,teastore,,teastore-webui-5648c5dddd-5xf7k,,42571,,,,,teastore-webui,,linkerd,inbound,no_tls_from_remote,5648c5dddd,302,no_identity,teastore,localhost:30080,,,,,,,,,teastore,,teastore-webui
1615588172.605,response_latency_ms_sum,,,10.1.45.112:4191,linkerd-proxy,teastore,,teastore-webui-5648c5dddd-5xf7k,,44349,,,,,teastore-webui,,linkerd,inbound,no_tls_from_remote,5648c5dddd,302,no_identity,teastore,localhost:30080,,,,,,,,,teastore,,teastore-webui
1615588182.605,response_latency_ms_sum,,,10.1.45.112:4191,linkerd-proxy,teastore,,teastore-webui-5648c5dddd-5xf7k,,45322,,,,,teastore-webui,,linkerd,inbound,no_tls_from_remote,5648c5dddd,302,no_identity,teastore,localhost:30080,,,,,,,,,teastore,,teastore-webui
1615588192.605,response_latency_ms_sum,,,10.1.45.112:4191,linkerd-proxy,teastore,,teastore-webui-5648c5dddd-5xf7k,,82861,,,,,teastore-webui,,linkerd,inbound,no_tls_from_remote,5648c5dddd,302,no_identity,teastore,localhost:30080,,,,,,,,,teastore,,teastore-webui
1615588202.605,response_latency_ms_sum,,,10.1.45.112:4191,linkerd-proxy,teastore,,teastore-webui-5648c5dddd-5xf7k,,133007,,,,,teastore-webui,,linkerd,inbound,no_tls_from_remote,5648c5dddd,302,no_identity,teastore,localhost:30080,,,,,,,,,teastore,,teastore-webui
1615588162.605,response_latency_ms_sum,,,10.1.45.112:4191,linkerd-proxy,teastore,,teastore-webui-5648c5dddd-5xf7k,,205,,,,,teastore-webui,,linkerd,outbound,,5648c5dddd,200,true,teastore,teastore-recommender.teastore.svc.cluster.local:8080,,linkerd,teastore-recommender,teastore,teastore-recommender-597fccb746-vtcxt,597fccb746,default,default.teastore.serviceaccount.identity.linkerd.cluster.local,teastore,teastore-recommender,teastore-webui
1615588172.605,response_latency_ms_sum,,,10.1.45.112:4191,linkerd-proxy,teastore,,teastore-webui-5648c5dddd-5xf7k,,487,,,,,teastore-webui,,linkerd,outbound,,5648c5dddd,200,true,teastore,teastore-recommender.teastore.svc.cluster.local:8080,,linkerd,teastore-recommender,teastore,teastore-recommender-597fccb746-vtcxt,597fccb746,default,default.teastore.serviceaccount.identity.linkerd.cluster.local,teastore,teastore-recommender,teastore-webui
1615588182.605,response_latency_ms_sum,,,10.1.45.112:4191,linkerd-proxy,teastore,,teastore-webui-5648c5dddd-5xf7k,,511,,,,,teastore-webui,,linkerd,outbound,,5648c5dddd,200,true,teastore,teastore-recommender.teastore.svc.cluster.local:8080,,linkerd,teastore-recommender,teastore,teastore-recommender-597fccb746-vtcxt,597fccb746,default,default.teastore.serviceaccount.identity.linkerd.cluster.local,teastore,teastore-recommender,teastore-webui
1615588192.605,response_latency_ms_sum,,,10.1.45.112:4191,linkerd-proxy,teastore,,teastore-webui-5648c5dddd-5xf7k,,769,,,,,teastore-webui,,linkerd,outbound,,5648c5dddd,200,true,teastore,teastore-recommender.teastore.svc.cluster.local:8080,,linkerd,teastore-recommender,teastore,teastore-recommender-597fccb746-vtcxt,597fccb746,default,default.teastore.serviceaccount.identity.linkerd.cluster.local,teastore,teastore-recommender,teastore-webui
1615588202.605,response_latency_ms_sum,,,10.1.45.112:4191,linkerd-proxy,teastore,,teastore-webui-5648c5dddd-5xf7k,,1007,,,,,teastore-webui,,linkerd,outbound,,5648c5dddd,200,true,teastore,teastore-recommender.teastore.svc.cluster.local:8080,,linkerd,teastore-recommender,teastore,teastore-recommender-597fccb746-vtcxt,597fccb746,default,default.teastore.serviceaccount.identity.linkerd.cluster.local,teastore,teastore-recommender,teastore-webui
1615588093.729,response_latency_ms_count,,,10.1.45.78:4191,linkerd-proxy,linkerd,,linkerd-prometheus-5bccd64d4d-jzwmt,,2,,,,,linkerd-prometheus,prometheus,linkerd,inbound,no_tls_from_remote,5bccd64d4d,503,no_identity,linkerd,,,,,,,,,,,,
1615588103.729,response_latency_ms_count,,,10.1.45.78:4191,linkerd-proxy,linkerd,,linkerd-prometheus-5bccd64d4d-jzwmt,,2,,,,,linkerd-prometheus,prometheus,linkerd,inbound,no_tls_from_remote,5bccd64d4d,503,no_identity,linkerd,,,,,,,,,,,,
1615588113.729,response_latency_ms_count,,,10.1.45.78:4191,linkerd-proxy,linkerd,,linkerd-prometheus-5bccd64d4d-jzwmt,,2,,,,,linkerd-prometheus,prometheus,linkerd,inbound,no_tls_from_remote,5bccd64d4d,503,no_identity,linkerd,,,,,,,,,,,,
1615588123.729,response_latency_ms_count,,,10.1.45.78:4191,linkerd-proxy,linkerd,,linkerd-prometheus-5bccd64d4d-jzwmt,,2,,,,,linkerd-prometheus,prometheus,linkerd,inbound,no_tls_from_remote,5bccd64d4d,503,no_identity,linkerd,,,,,,,,,,,,
1615588133.729,response_latency_ms_count,,,10.1.45.78:4191,linkerd-proxy,linkerd,,linkerd-prometheus-5bccd64d4d-jzwmt,,2,,,,,linkerd-prometheus,prometheus,linkerd,inbound,no_tls_from_remote,5bccd64d4d,503,no_identity,linkerd,,,,,,,,,,,,
1615588143.729,response_latency_ms_count,,,10.1.45.78:4191,linkerd-proxy,linkerd,,linkerd-prometheus-5bccd64d4d-jzwmt,,2,,,,,linkerd-prometheus,prometheus,linkerd,inbound,no_tls_from_remote,5bccd64d4d,503,no_identity,linkerd,,,,,,,,,,,,
1615588153.729,response_latency_ms_count,,,10.1.45.78:4191,linkerd-proxy,linkerd,,linkerd-prometheus-5bccd64d4d-jzwmt,,2,,,,,linkerd-prometheus,prometheus,linkerd,inbound,no_tls_from_remote,5bccd64d4d,503,no_identity,linkerd,,,,,,,,,,,,
1615588163.729,response_latency_ms_count,,,10.1.45.78:4191,linkerd-proxy,linkerd,,linkerd-prometheus-5bccd64d4d-jzwmt,,2,,,,,linkerd-prometheus,prometheus,linkerd,inbound,no_tls_from_remote,5bccd64d4d,503,no_identity,linkerd,,,,,,,,,,,,
1615588173.729,response_latency_ms_count,,,10.1.45.78:4191,linkerd-proxy,linkerd,,linkerd-prometheus-5bccd64d4d-jzwmt,,2,,,,,linkerd-prometheus,prometheus,linkerd,inbound,no_tls_from_remote,5bccd64d4d,503,no_identity,linkerd,,,,,,,,,,,,
1615588183.729,response_latency_ms_count,,,10.1.45.78:4191,linkerd-proxy,linkerd,,linkerd-prometheus-5bccd64d4d-jzwmt,,2,,,,,linkerd-prometheus,prometheus,linkerd,inbound,no_tls_from_remote,5bccd64d4d,503,no_identity,linkerd,,,,,,,,,,,,
1615588193.731,response_latency_ms_count,,,10.1.45.78:4191,linkerd-proxy,linkerd,,linkerd-prometheus-5bccd64d4d-jzwmt,,2,,,,,linkerd-prometheus,prometheus,linkerd,inbound,no_tls_from_remote,5bccd64d4d,503,no_identity,linkerd,,,,,,,,,,,,
1615588203.729,response_latency_ms_count,,,10.1.45.78:4191,linkerd-proxy,linkerd,,linkerd-prometheus-5bccd64d4d-jzwmt,,2,,,,,linkerd-prometheus,prometheus,linkerd,inbound,no_tls_from_remote,5bccd64d4d,503,no_identity,linkerd,,,,,,,,,,,,
1615588093.729,response_latency_ms_count,,,10.1.45.78:4191,linkerd-proxy,linkerd,,linkerd-prometheus-5bccd64d4d-jzwmt,,656,,,,,linkerd-prometheus,prometheus,linkerd,inbound,no_tls_from_remote,5bccd64d4d,200,no_identity,linkerd,,,,,,,,,,,,
1615588103.729,response_latency_ms_count,,,10.1.45.78:4191,linkerd-proxy,linkerd,,linkerd-prometheus-5bccd64d4d-jzwmt,,658,,,,,linkerd-prometheus,prometheus,linkerd,inbound,no_tls_from_remote,5bccd64d4d,200,no_identity,linkerd,,,,,,,,,,,,
1615588113.729,response_latency_ms_count,,,10.1.45.78:4191,linkerd-proxy,linkerd,,linkerd-prometheus-5bccd64d4d-jzwmt,,660,,,,,linkerd-prometheus,prometheus,linkerd,inbound,no_tls_from_remote,5bccd64d4d,200,no_identity,linkerd,,,,,,,,,,,,
1615588123.729,response_latency_ms_count,,,10.1.45.78:4191,linkerd-proxy,linkerd,,linkerd-prometheus-5bccd64d4d-jzwmt,,663,,,,,linkerd-prometheus,prometheus,linkerd,inbound,no_tls_from_remote,5bccd64d4d,200,no_identity,linkerd,,,,,,,,,,,,
1615588133.729,response_latency_ms_count,,,10.1.45.78:4191,linkerd-proxy,linkerd,,linkerd-prometheus-5bccd64d4d-jzwmt,,665,,,,,linkerd-prometheus,prometheus,linkerd,inbound,no_tls_from_remote,5bccd64d4d,200,no_identity,linkerd,,,,,,,,,,,,
1615588143.729,response_latency_ms_count,,,10.1.45.78:4191,linkerd-proxy,linkerd,,linkerd-prometheus-5bccd64d4d-jzwmt,,667,,,,,linkerd-prometheus,prometheus,linkerd,inbound,no_tls_from_remote,5bccd64d4d,200,no_identity,linkerd,,,,,,,,,,,,
1615588153.729,response_latency_ms_count,,,10.1.45.78:4191,linkerd-proxy,linkerd,,linkerd-prometheus-5bccd64d4d-jzwmt,,670,,,,,linkerd-prometheus,prometheus,linkerd,inbound,no_tls_from_remote,5bccd64d4d,200,no_identity,linkerd,,,,,,,,,,,,
1615588163.729,response_latency_ms_count,,,10.1.45.78:4191,linkerd-proxy,linkerd,,linkerd-prometheus-5bccd64d4d-jzwmt,,672,,,,,linkerd-prometheus,prometheus,linkerd,inbound,no_tls_from_remote,5bccd64d4d,200,no_identity,linkerd,,,,,,,,,,,,
1615588173.729,response_latency_ms_count,,,10.1.45.78:4191,linkerd-proxy,linkerd,,linkerd-prometheus-5bccd64d4d-jzwmt,,674,,,,,linkerd-prometheus,prometheus,linkerd,inbound,no_tls_from_remote,5bccd64d4d,200,no_identity,linkerd,,,,,,,,,,,,
1615588183.729,response_latency_ms_count,,,10.1.45.78:4191,linkerd-proxy,linkerd,,linkerd-prometheus-5bccd64d4d-jzwmt,,677,,,,,linkerd-prometheus,prometheus,linkerd,inbound,no_tls_from_remote,5bccd64d4d,200,no_identity,linkerd,,,,,,,,,,,,
1615588193.731,response_latency_ms_count,,,10.1.45.78:4191,linkerd-proxy,linkerd,,linkerd-prometheus-5bccd64d4d-jzwmt,,679,,,,,linkerd-prometheus,prometheus,linkerd,inbound,no_tls_from_remote,5bccd64d4d,200,no_identity,linkerd,,,,,,,,,,,,
1615588203.729,response_latency_ms_count,,,10.1.45.78:4191,linkerd-proxy,linkerd,,linkerd-prometheus-5bccd64d4d-jzwmt,,681,,,,,linkerd-prometheus,prometheus,linkerd,inbound,no_tls_from_remote,5bccd64d4d,200,no_identity,linkerd,,,,,,,,,,,,
1615588093.449,response_latency_ms_count,,,10.1.45.72:4191,linkerd-proxy,linkerd,,linkerd-identity-57f4bc9db9-gb7rk,,569,,,,,linkerd-identity,identity,linkerd,inbound,no_tls_from_remote,57f4bc9db9,200,no_identity,linkerd,,,,,,,,,,,,
1615588103.449,response_latency_ms_count,,,10.1.45.72:4191,linkerd-proxy,linkerd,,linkerd-identity-57f4bc9db9-gb7rk,,571,,,,,linkerd-identity,identity,linkerd,inbound,no_tls_from_remote,57f4bc9db9,200,no_identity,linkerd,,,,,,,,,,,,
1615588113.449,response_latency_ms_count,,,10.1.45.72:4191,linkerd-proxy,linkerd,,linkerd-identity-57f4bc9db9-gb7rk,,573,,,,,linkerd-identity,identity,linkerd,inbound,no_tls_from_remote,57f4bc9db9,200,no_identity,linkerd,,,,,,,,,,,,
1615588123.449,response_latency_ms_count,,,10.1.45.72:4191,linkerd-proxy,linkerd,,linkerd-identity-57f4bc9db9-gb7rk,,575,,,,,linkerd-identity,identity,linkerd,inbound,no_tls_from_remote,57f4bc9db9,200,no_identity,linkerd,,,,,,,,,,,,
1615588133.449,response_latency_ms_count,,,10.1.45.72:4191,linkerd-proxy,linkerd,,linkerd-identity-57f4bc9db9-gb7rk,,577,,,,,linkerd-identity,identity,linkerd,inbound,no_tls_from_remote,57f4bc9db9,200,no_identity,linkerd,,,,,,,,,,,,
1615588143.449,response_latency_ms_count,,,10.1.45.72:4191,linkerd-proxy,linkerd,,linkerd-identity-57f4bc9db9-gb7rk,,579,,,,,linkerd-identity,identity,linkerd,inbound,no_tls_from_remote,57f4bc9db9,200,no_identity,linkerd,,,,,,,,,,,,
1615588153.449,response_latency_ms_count,,,10.1.45.72:4191,linkerd-proxy,linkerd,,linkerd-identity-57f4bc9db9-gb7rk,,581,,,,,linkerd-identity,identity,linkerd,inbound,no_tls_from_remote,57f4bc9db9,200,no_identity,linkerd,,,,,,,,,,,,
1615588163.448,response_latency_ms_count,,,10.1.45.72:4191,linkerd-proxy,linkerd,,linkerd-identity-57f4bc9db9-gb7rk,,583,,,,,linkerd-identity,identity,linkerd,inbound,no_tls_from_remote,57f4bc9db9,200,no_identity,linkerd,,,,,,,,,,,,
1615588173.449,response_latency_ms_count,,,10.1.45.72:4191,linkerd-proxy,linkerd,,linkerd-identity-57f4bc9db9-gb7rk,,585,,,,,linkerd-identity,identity,linkerd,inbound,no_tls_from_remote,57f4bc9db9,200,no_identity,linkerd,,,,,,,,,,,,
1615588183.449,response_latency_ms_count,,,10.1.45.72:4191,linkerd-proxy,linkerd,,linkerd-identity-57f4bc9db9-gb7rk,,587,,,,,linkerd-identity,identity,linkerd,inbound,no_tls_from_remote,57f4bc9db9,200,no_identity,linkerd,,,,,,,,,,,,
1615588193.449,response_latency_ms_count,,,10.1.45.72:4191,linkerd-proxy,linkerd,,linkerd-identity-57f4bc9db9-gb7rk,,589,,,,,linkerd-identity,identity,linkerd,inbound,no_tls_from_remote,57f4bc9db9,200,no_identity,linkerd,,,,,,,,,,,,
1615588203.449,response_latency_ms_count,,,10.1.45.72:4191,linkerd-proxy,linkerd,,linkerd-identity-57f4bc9db9-gb7rk,,591,,,,,linkerd-identity,identity,linkerd,inbound,no_tls_from_remote,57f4bc9db9,200,no_identity,linkerd,,,,,,,,,,,,
1615588093.449,response_latency_ms_count,,,10.1.45.72:4191,linkerd-proxy,linkerd,,linkerd-identity-57f4bc9db9-gb7rk,,26,,,,,linkerd-identity,identity,linkerd,inbound,no_peer_id_from_remote,57f4bc9db9,200,no_identity,linkerd,linkerd-identity-headless.linkerd.svc.cluster.local:8080,,,,,,,,,,,
1615588103.449,response_latency_ms_count,,,10.1.45.72:4191,linkerd-proxy,linkerd,,linkerd-identity-57f4bc9db9-gb7rk,,26,,,,,linkerd-identity,identity,linkerd,inbound,no_peer_id_from_remote,57f4bc9db9,200,no_identity,linkerd,linkerd-identity-headless.linkerd.svc.cluster.local:8080,,,,,,,,,,,
1615588113.449,response_latency_ms_count,,,10.1.45.72:4191,linkerd-proxy,linkerd,,linkerd-identity-57f4bc9db9-gb7rk,,26,,,,,linkerd-identity,identity,linkerd,inbound,no_peer_id_from_remote,57f4bc9db9,200,no_identity,linkerd,linkerd-identity-headless.linkerd.svc.cluster.local:8080,,,,,,,,,,,
1615588123.449,response_latency_ms_count,,,10.1.45.72:4191,linkerd-proxy,linkerd,,linkerd-identity-57f4bc9db9-gb7rk,,26,,,,,linkerd-identity,identity,linkerd,inbound,no_peer_id_from_remote,57f4bc9db9,200,no_identity,linkerd,linkerd-identity-headless.linkerd.svc.cluster.local:8080,,,,,,,,,,,
1615588133.449,response_latency_ms_count,,,10.1.45.72:4191,linkerd-proxy,linkerd,,linkerd-identity-57f4bc9db9-gb7rk,,26,,,,,linkerd-identity,identity,linkerd,inbound,no_peer_id_from_remote,57f4bc9db9,200,no_identity,linkerd,linkerd-identity-headless.linkerd.svc.cluster.local:8080,,,,,,,,,,,
1615588143.449,response_latency_ms_count,,,10.1.45.72:4191,linkerd-proxy,linkerd,,linkerd-identity-57f4bc9db9-gb7rk,,26,,,,,linkerd-identity,identity,linkerd,inbound,no_peer_id_from_remote,57f4bc9db9,200,no_identity,linkerd,linkerd-identity-headless.linkerd.svc.cluster.local:8080,,,,,,,,,,,
1615588153.449,response_latency_ms_count,,,10.1.45.72:4191,linkerd-proxy,linkerd,,linkerd-identity-57f4bc9db9-gb7rk,,26,,,,,linkerd-identity,identity,linkerd,inbound,no_peer_id_from_remote,57f4bc9db9,200,no_identity,linkerd,linkerd-identity-headless.linkerd.svc.cluster.local:8080,,,,,,,,,,,
1615588163.448,response_latency_ms_count,,,10.1.45.72:4191,linkerd-proxy,linkerd,,linkerd-identity-57f4bc9db9-gb7rk,,26,,,,,linkerd-identity,identity,linkerd,inbound,no_peer_id_from_remote,57f4bc9db9,200,no_identity,linkerd,linkerd-identity-headless.linkerd.svc.cluster.local:8080,,,,,,,,,,,
1615588173.449,response_latency_ms_count,,,10.1.45.72:4191,linkerd-proxy,linkerd,,linkerd-identity-57f4bc9db9-gb7rk,,26,,,,,linkerd-identity,identity,linkerd,inbound,no_peer_id_from_remote,57f4bc9db9,200,no_identity,linkerd,linkerd-identity-headless.linkerd.svc.cluster.local:8080,,,,,,,,,,,
1615588183.449,response_latency_ms_count,,,10.1.45.72:4191,linkerd-proxy,linkerd,,linkerd-identity-57f4bc9db9-gb7rk,,26,,,,,linkerd-identity,identity,linkerd,inbound,no_peer_id_from_remote,57f4bc9db9,200,no_identity,linkerd,linkerd-identity-headless.linkerd.svc.cluster.local:8080,,,,,,,,,,,
1615588193.449,response_latency_ms_count,,,10.1.45.72:4191,linkerd-proxy,linkerd,,linkerd-identity-57f4bc9db9-gb7rk,,26,,,,,linkerd-identity,identity,linkerd,inbound,no_peer_id_from_remote,57f4bc9db9,200,no_identity,linkerd,linkerd-identity-headless.linkerd.svc.cluster.local:8080,,,,,,,,,,,
1615588203.449,response_latency_ms_count,,,10.1.45.72:4191,linkerd-proxy,linkerd,,linkerd-identity-57f4bc9db9-gb7rk,,26,,,,,linkerd-identity,identity,linkerd,inbound,no_peer_id_from_remote,57f4bc9db9,200,no_identity,linkerd,linkerd-identity-headless.linkerd.svc.cluster.local:8080,,,,,,,,,,,
1615588093.461,response_latency_ms_count,,,10.1.45.71:4191,linkerd-proxy,linkerd,,linkerd-destination-654f8848f5-4tr7b,,569,,,,,linkerd-destination,destination,linkerd,inbound,no_tls_from_remote,654f8848f5,200,no_identity,linkerd,,,,,,,,,,,,
1615588103.461,response_latency_ms_count,,,10.1.45.71:4191,linkerd-proxy,linkerd,,linkerd-destination-654f8848f5-4tr7b,,571,,,,,linkerd-destination,destination,linkerd,inbound,no_tls_from_remote,654f8848f5,200,no_identity,linkerd,,,,,,,,,,,,
1615588113.461,response_latency_ms_count,,,10.1.45.71:4191,linkerd-proxy,linkerd,,linkerd-destination-654f8848f5-4tr7b,,573,,,,,linkerd-destination,destination,linkerd,inbound,no_tls_from_remote,654f8848f5,200,no_identity,linkerd,,,,,,,,,,,,
1615588123.461,response_latency_ms_count,,,10.1.45.71:4191,linkerd-proxy,linkerd,,linkerd-destination-654f8848f5-4tr7b,,575,,,,,linkerd-destination,destination,linkerd,inbound,no_tls_from_remote,654f8848f5,200,no_identity,linkerd,,,,,,,,,,,,
1615588133.461,response_latency_ms_count,,,10.1.45.71:4191,linkerd-proxy,linkerd,,linkerd-destination-654f8848f5-4tr7b,,577,,,,,linkerd-destination,destination,linkerd,inbound,no_tls_from_remote,654f8848f5,200,no_identity,linkerd,,,,,,,,,,,,
1615588143.461,response_latency_ms_count,,,10.1.45.71:4191,linkerd-proxy,linkerd,,linkerd-destination-654f8848f5-4tr7b,,579,,,,,linkerd-destination,destination,linkerd,inbound,no_tls_from_remote,654f8848f5,200,no_identity,linkerd,,,,,,,,,,,,
1615588153.461,response_latency_ms_count,,,10.1.45.71:4191,linkerd-proxy,linkerd,,linkerd-destination-654f8848f5-4tr7b,,581,,,,,linkerd-destination,destination,linkerd,inbound,no_tls_from_remote,654f8848f5,200,no_identity,linkerd,,,,,,,,,,,,
1615588163.461,response_latency_ms_count,,,10.1.45.71:4191,linkerd-proxy,linkerd,,linkerd-destination-654f8848f5-4tr7b,,583,,,,,linkerd-destination,destination,linkerd,inbound,no_tls_from_remote,654f8848f5,200,no_identity,linkerd,,,,,,,,,,,,
1615588173.461,response_latency_ms_count,,,10.1.45.71:4191,linkerd-proxy,linkerd,,linkerd-destination-654f8848f5-4tr7b,,585,,,,,linkerd-destination,destination,linkerd,inbound,no_tls_from_remote,654f8848f5,200,no_identity,linkerd,,,,,,,,,,,,
1615588183.461,response_latency_ms_count,,,10.1.45.71:4191,linkerd-proxy,linkerd,,linkerd-destination-654f8848f5-4tr7b,,587,,,,,linkerd-destination,destination,linkerd,inbound,no_tls_from_remote,654f8848f5,200,no_identity,linkerd,,,,,,,,,,,,
1615588193.461,response_latency_ms_count,,,10.1.45.71:4191,linkerd-proxy,linkerd,,linkerd-destination-654f8848f5-4tr7b,,589,,,,,linkerd-destination,destination,linkerd,inbound,no_tls_from_remote,654f8848f5,200,no_identity,linkerd,,,,,,,,,,,,
1615588203.461,response_latency_ms_count,,,10.1.45.71:4191,linkerd-proxy,linkerd,,linkerd-destination-654f8848f5-4tr7b,,591,,,,,linkerd-destination,destination,linkerd,inbound,no_tls_from_remote,654f8848f5,200,no_identity,linkerd,,,,,,,,,,,,
1615588093.461,response_latency_ms_count,,,10.1.45.71:4191,linkerd-proxy,linkerd,,linkerd-destination-654f8848f5-4tr7b,,1,,,,,linkerd-destination,destination,linkerd,inbound,,654f8848f5,200,true,linkerd,linkerd-dst-headless.linkerd.svc.cluster.local:8086,linkerd-controller.linkerd.serviceaccount.identity.linkerd.cluster.local,,,,,,,,,,
1615588103.461,response_latency_ms_count,,,10.1.45.71:4191,linkerd-proxy,linkerd,,linkerd-destination-654f8848f5-4tr7b,,1,,,,,linkerd-destination,destination,linkerd,inbound,,654f8848f5,200,true,linkerd,linkerd-dst-headless.linkerd.svc.cluster.local:8086,linkerd-controller.linkerd.serviceaccount.identity.linkerd.cluster.local,,,,,,,,,,
1615588113.461,response_latency_ms_count,,,10.1.45.71:4191,linkerd-proxy,linkerd,,linkerd-destination-654f8848f5-4tr7b,,1,,,,,linkerd-destination,destination,linkerd,inbound,,654f8848f5,200,true,linkerd,linkerd-dst-headless.linkerd.svc.cluster.local:8086,linkerd-controller.linkerd.serviceaccount.identity.linkerd.cluster.local,,,,,,,,,,
1615588123.461,response_latency_ms_count,,,10.1.45.71:4191,linkerd-proxy,linkerd,,linkerd-destination-654f8848f5-4tr7b,,1,,,,,linkerd-destination,destination,linkerd,inbound,,654f8848f5,200,true,linkerd,linkerd-dst-headless.linkerd.svc.cluster.local:8086,linkerd-controller.linkerd.serviceaccount.identity.linkerd.cluster.local,,,,,,,,,,
1615588133.461,response_latency_ms_count,,,10.1.45.71:4191,linkerd-proxy,linkerd,,linkerd-destination-654f8848f5-4tr7b,,1,,,,,linkerd-destination,destination,linkerd,inbound,,654f8848f5,200,true,linkerd,linkerd-dst-headless.linkerd.svc.cluster.local:8086,linkerd-controller.linkerd.serviceaccount.identity.linkerd.cluster.local,,,,,,,,,,
1615588143.461,response_latency_ms_count,,,10.1.45.71:4191,linkerd-proxy,linkerd,,linkerd-destination-654f8848f5-4tr7b,,1,,,,,linkerd-destination,destination,linkerd,inbound,,654f8848f5,200,true,linkerd,linkerd-dst-headless.linkerd.svc.cluster.local:8086,linkerd-controller.linkerd.serviceaccount.identity.linkerd.cluster.local,,,,,,,,,,
1615588153.461,response_latency_ms_count,,,10.1.45.71:4191,linkerd-proxy,linkerd,,linkerd-destination-654f8848f5-4tr7b,,1,,,,,linkerd-destination,destination,linkerd,inbound,,654f8848f5,200,true,linkerd,linkerd-dst-headless.linkerd.svc.cluster.local:8086,linkerd-controller.linkerd.serviceaccount.identity.linkerd.cluster.local,,,,,,,,,,
1615588163.461,response_latency_ms_count,,,10.1.45.71:4191,linkerd-proxy,linkerd,,linkerd-destination-654f8848f5-4tr7b,,1,,,,,linkerd-destination,destination,linkerd,inbound,,654f8848f5,200,true,linkerd,linkerd-dst-headless.linkerd.svc.cluster.local:8086,linkerd-controller.linkerd.serviceaccount.identity.linkerd.cluster.local,,,,,,,,,,
1615588173.461,response_latency_ms_count,,,10.1.45.71:4191,linkerd-proxy,linkerd,,linkerd-destination-654f8848f5-4tr7b,,1,,,,,linkerd-destination,destination,linkerd,inbound,,654f8848f5,200,true,linkerd,linkerd-dst-headless.linkerd.svc.cluster.local:8086,linkerd-controller.linkerd.serviceaccount.identity.linkerd.cluster.local,,,,,,,,,,
1615588183.461,response_latency_ms_count,,,10.1.45.71:4191,linkerd-proxy,linkerd,,linkerd-destination-654f8848f5-4tr7b,,1,,,,,linkerd-destination,destination,linkerd,inbound,,654f8848f5,200,true,linkerd,linkerd-dst-headless.linkerd.svc.cluster.local:8086,linkerd-controller.linkerd.serviceaccount.identity.linkerd.cluster.local,,,,,,,,,,
1615588193.461,response_latency_ms_count,,,10.1.45.71:4191,linkerd-proxy,linkerd,,linkerd-destination-654f8848f5-4tr7b,,1,,,,,linkerd-destination,destination,linkerd,inbound,,654f8848f5,200,true,linkerd,linkerd-dst-headless.linkerd.svc.cluster.local:8086,linkerd-controller.linkerd.serviceaccount.identity.linkerd.cluster.local,,,,,,,,,,
1615588203.461,response_latency_ms_count,,,10.1.45.71:4191,linkerd-proxy,linkerd,,linkerd-destination-654f8848f5-4tr7b,,1,,,,,linkerd-destination,destination,linkerd,inbound,,654f8848f5,200,true,linkerd,linkerd-dst-headless.linkerd.svc.cluster.local:8086,linkerd-controller.linkerd.serviceaccount.identity.linkerd.cluster.local,,,,,,,,,,
1615588093.461,response_latency_ms_count,,,10.1.45.71:4191,linkerd-proxy,linkerd,,linkerd-destination-654f8848f5-4tr7b,,73,,,,,linkerd-destination,destination,linkerd,inbound,,654f8848f5,200,true,linkerd,linkerd-dst-headless.linkerd.svc.cluster.local:8086,linkerd-prometheus.linkerd.serviceaccount.identity.linkerd.cluster.local,,,,,,,,,,
1615588103.461,response_latency_ms_count,,,10.1.45.71:4191,linkerd-proxy,linkerd,,linkerd-destination-654f8848f5-4tr7b,,73,,,,,linkerd-destination,destination,linkerd,inbound,,654f8848f5,200,true,linkerd,linkerd-dst-headless.linkerd.svc.cluster.local:8086,linkerd-prometheus.linkerd.serviceaccount.identity.linkerd.cluster.local,,,,,,,,,,
1615588113.461,response_latency_ms_count,,,10.1.45.71:4191,linkerd-proxy,linkerd,,linkerd-destination-654f8848f5-4tr7b,,73,,,,,linkerd-destination,destination,linkerd,inbound,,654f8848f5,200,true,linkerd,linkerd-dst-headless.linkerd.svc.cluster.local:8086,linkerd-prometheus.linkerd.serviceaccount.identity.linkerd.cluster.local,,,,,,,,,,
1615588123.461,response_latency_ms_count,,,10.1.45.71:4191,linkerd-proxy,linkerd,,linkerd-destination-654f8848f5-4tr7b,,73,,,,,linkerd-destination,destination,linkerd,inbound,,654f8848f5,200,true,linkerd,linkerd-dst-headless.linkerd.svc.cluster.local:8086,linkerd-prometheus.linkerd.serviceaccount.identity.linkerd.cluster.local,,,,,,,,,,
1615588133.461,response_latency_ms_count,,,10.1.45.71:4191,linkerd-proxy,linkerd,,linkerd-destination-654f8848f5-4tr7b,,73,,,,,linkerd-destination,destination,linkerd,inbound,,654f8848f5,200,true,linkerd,linkerd-dst-headless.linkerd.svc.cluster.local:8086,linkerd-prometheus.linkerd.serviceaccount.identity.linkerd.cluster.local,,,,,,,,,,
1615588143.461,response_latency_ms_count,,,10.1.45.71:4191,linkerd-proxy,linkerd,,linkerd-destination-654f8848f5-4tr7b,,73,,,,,linkerd-destination,destination,linkerd,inbound,,654f8848f5,200,true,linkerd,linkerd-dst-headless.linkerd.svc.cluster.local:8086,linkerd-prometheus.linkerd.serviceaccount.identity.linkerd.cluster.local,,,,,,,,,,
1615588153.461,response_latency_ms_count,,,10.1.45.71:4191,linkerd-proxy,linkerd,,linkerd-destination-654f8848f5-4tr7b,,73,,,,,linkerd-destination,destination,linkerd,inbound,,654f8848f5,200,true,linkerd,linkerd-dst-headless.linkerd.svc.cluster.local:8086,linkerd-prometheus.linkerd.serviceaccount.identity.linkerd.cluster.local,,,,,,,,,,
1615588163.461,response_latency_ms_count,,,10.1.45.71:4191,linkerd-proxy,linkerd,,linkerd-destination-654f8848f5-4tr7b,,73,,,,,linkerd-destination,destination,linkerd,inbound,,654f8848f5,200,true,linkerd,linkerd-dst-headless.linkerd.svc.cluster.local:8086,linkerd-prometheus.linkerd.serviceaccount.identity.linkerd.cluster.local,,,,,,,,,,
1615588173.461,response_latency_ms_count,,,10.1.45.71:4191,linkerd-proxy,linkerd,,linkerd-destination-654f8848f5-4tr7b,,73,,,,,linkerd-destination,destination,linkerd,inbound,,654f8848f5,200,true,linkerd,linkerd-dst-headless.linkerd.svc.cluster.local:8086,linkerd-prometheus.linkerd.serviceaccount.identity.linkerd.cluster.local,,,,,,,,,,
1615588183.461,response_latency_ms_count,,,10.1.45.71:4191,linkerd-proxy,linkerd,,linkerd-destination-654f8848f5-4tr7b,,73,,,,,linkerd-destination,destination,linkerd,inbound,,654f8848f5,200,true,linkerd,linkerd-dst-headless.linkerd.svc.cluster.local:8086,linkerd-prometheus.linkerd.serviceaccount.identity.linkerd.cluster.local,,,,,,,,,,
1615588193.461,response_latency_ms_count,,,10.1.45.71:4191,linkerd-proxy,linkerd,,linkerd-destination-654f8848f5-4tr7b,,73,,,,,linkerd-destination,destination,linkerd,inbound,,654f8848f5,200,true,linkerd,linkerd-dst-headless.linkerd.svc.cluster.local:8086,linkerd-prometheus.linkerd.serviceaccount.identity.linkerd.cluster.local,,,,,,,,,,
1615588203.461,response_latency_ms_count,,,10.1.45.71:4191,linkerd-proxy,linkerd,,linkerd-destination-654f8848f5-4tr7b,,73,,,,,linkerd-destination,destination,linkerd,inbound,,654f8848f5,200,true,linkerd,linkerd-dst-headless.linkerd.svc.cluster.local:8086,linkerd-prometheus.linkerd.serviceaccount.identity.linkerd.cluster.local,,,,,,,,,,
1615588085.539,response_latency_ms_count,,,10.1.45.75:4191,linkerd-proxy,linkerd,,linkerd-controller-798d449c77-qk6j4,,568,,,,,linkerd-controller,controller,linkerd,inbound,no_tls_from_remote,798d449c77,200,no_identity,linkerd,,,,,,,,,,,,
1615588095.54,response_latency_ms_count,,,10.1.45.75:4191,linkerd-proxy,linkerd,,linkerd-controller-798d449c77-qk6j4,,570,,,,,linkerd-controller,controller,linkerd,inbound,no_tls_from_remote,798d449c77,200,no_identity,linkerd,,,,,,,,,,,,
1615588105.539,response_latency_ms_count,,,10.1.45.75:4191,linkerd-proxy,linkerd,,linkerd-controller-798d449c77-qk6j4,,572,,,,,linkerd-controller,controller,linkerd,inbound,no_tls_from_remote,798d449c77,200,no_identity,linkerd,,,,,,,,,,,,
1615588115.539,response_latency_ms_count,,,10.1.45.75:4191,linkerd-proxy,linkerd,,linkerd-controller-798d449c77-qk6j4,,574,,,,,linkerd-controller,controller,linkerd,inbound,no_tls_from_remote,798d449c77,200,no_identity,linkerd,,,,,,,,,,,,
1615588125.54,response_latency_ms_count,,,10.1.45.75:4191,linkerd-proxy,linkerd,,linkerd-controller-798d449c77-qk6j4,,576,,,,,linkerd-controller,controller,linkerd,inbound,no_tls_from_remote,798d449c77,200,no_identity,linkerd,,,,,,,,,,,,
1615588135.539,response_latency_ms_count,,,10.1.45.75:4191,linkerd-proxy,linkerd,,linkerd-controller-798d449c77-qk6j4,,578,,,,,linkerd-controller,controller,linkerd,inbound,no_tls_from_remote,798d449c77,200,no_identity,linkerd,,,,,,,,,,,,
1615588145.539,response_latency_ms_count,,,10.1.45.75:4191,linkerd-proxy,linkerd,,linkerd-controller-798d449c77-qk6j4,,580,,,,,linkerd-controller,controller,linkerd,inbound,no_tls_from_remote,798d449c77,200,no_identity,linkerd,,,,,,,,,,,,
1615588155.539,response_latency_ms_count,,,10.1.45.75:4191,linkerd-proxy,linkerd,,linkerd-controller-798d449c77-qk6j4,,582,,,,,linkerd-controller,controller,linkerd,inbound,no_tls_from_remote,798d449c77,200,no_identity,linkerd,,,,,,,,,,,,
1615588165.539,response_latency_ms_count,,,10.1.45.75:4191,linkerd-proxy,linkerd,,linkerd-controller-798d449c77-qk6j4,,584,,,,,linkerd-controller,controller,linkerd,inbound,no_tls_from_remote,798d449c77,200,no_identity,linkerd,,,,,,,,,,,,
1615588175.539,response_latency_ms_count,,,10.1.45.75:4191,linkerd-proxy,linkerd,,linkerd-controller-798d449c77-qk6j4,,586,,,,,linkerd-controller,controller,linkerd,inbound,no_tls_from_remote,798d449c77,200,no_identity,linkerd,,,,,,,,,,,,
1615588185.539,response_latency_ms_count,,,10.1.45.75:4191,linkerd-proxy,linkerd,,linkerd-controller-798d449c77-qk6j4,,588,,,,,linkerd-controller,controller,linkerd,inbound,no_tls_from_remote,798d449c77,200,no_identity,linkerd,,,,,,,,,,,,
1615588195.539,response_latency_ms_count,,,10.1.45.75:4191,linkerd-proxy,linkerd,,linkerd-controller-798d449c77-qk6j4,,590,,,,,linkerd-controller,controller,linkerd,inbound,no_tls_from_remote,798d449c77,200,no_identity,linkerd,,,,,,,,,,,,
1615588088.362,response_latency_ms_count,,,10.1.45.79:4191,linkerd-proxy,linkerd,,linkerd-grafana-ddd5c496f-cctr6,,566,,,,,linkerd-grafana,grafana,linkerd,inbound,no_tls_from_remote,ddd5c496f,200,no_identity,linkerd,,,,,,,,,,,,
1615588098.363,response_latency_ms_count,,,10.1.45.79:4191,linkerd-proxy,linkerd,,linkerd-grafana-ddd5c496f-cctr6,,568,,,,,linkerd-grafana,grafana,linkerd,inbound,no_tls_from_remote,ddd5c496f,200,no_identity,linkerd,,,,,,,,,,,,
1615588108.362,response_latency_ms_count,,,10.1.45.79:4191,linkerd-proxy,linkerd,,linkerd-grafana-ddd5c496f-cctr6,,570,,,,,linkerd-grafana,grafana,linkerd,inbound,no_tls_from_remote,ddd5c496f,200,no_identity,linkerd,,,,,,,,,,,,
1615588118.362,response_latency_ms_count,,,10.1.45.79:4191,linkerd-proxy,linkerd,,linkerd-grafana-ddd5c496f-cctr6,,572,,,,,linkerd-grafana,grafana,linkerd,inbound,no_tls_from_remote,ddd5c496f,200,no_identity,linkerd,,,,,,,,,,,,
1615588128.362,response_latency_ms_count,,,10.1.45.79:4191,linkerd-proxy,linkerd,,linkerd-grafana-ddd5c496f-cctr6,,574,,,,,linkerd-grafana,grafana,linkerd,inbound,no_tls_from_remote,ddd5c496f,200,no_identity,linkerd,,,,,,,,,,,,
1615588138.362,response_latency_ms_count,,,10.1.45.79:4191,linkerd-proxy,linkerd,,linkerd-grafana-ddd5c496f-cctr6,,576,,,,,linkerd-grafana,grafana,linkerd,inbound,no_tls_from_remote,ddd5c496f,200,no_identity,linkerd,,,,,,,,,,,,
1615588148.362,response_latency_ms_count,,,10.1.45.79:4191,linkerd-proxy,linkerd,,linkerd-grafana-ddd5c496f-cctr6,,578,,,,,linkerd-grafana,grafana,linkerd,inbound,no_tls_from_remote,ddd5c496f,200,no_identity,linkerd,,,,,,,,,,,,
1615588158.362,response_latency_ms_count,,,10.1.45.79:4191,linkerd-proxy,linkerd,,linkerd-grafana-ddd5c496f-cctr6,,580,,,,,linkerd-grafana,grafana,linkerd,inbound,no_tls_from_remote,ddd5c496f,200,no_identity,linkerd,,,,,,,,,,,,
1615588168.363,response_latency_ms_count,,,10.1.45.79:4191,linkerd-proxy,linkerd,,linkerd-grafana-ddd5c496f-cctr6,,582,,,,,linkerd-grafana,grafana,linkerd,inbound,no_tls_from_remote,ddd5c496f,200,no_identity,linkerd,,,,,,,,,,,,
1615588178.362,response_latency_ms_count,,,10.1.45.79:4191,linkerd-proxy,linkerd,,linkerd-grafana-ddd5c496f-cctr6,,584,,,,,linkerd-grafana,grafana,linkerd,inbound,no_tls_from_remote,ddd5c496f,200,no_identity,linkerd,,,,,,,,,,,,
1615588188.362,response_latency_ms_count,,,10.1.45.79:4191,linkerd-proxy,linkerd,,linkerd-grafana-ddd5c496f-cctr6,,586,,,,,linkerd-grafana,grafana,linkerd,inbound,no_tls_from_remote,ddd5c496f,200,no_identity,linkerd,,,,,,,,,,,,
1615588198.362,response_latency_ms_count,,,10.1.45.79:4191,linkerd-proxy,linkerd,,linkerd-grafana-ddd5c496f-cctr6,,588,,,,,linkerd-grafana,grafana,linkerd,inbound,no_tls_from_remote,ddd5c496f,200,no_identity,linkerd,,,,,,,,,,,,
1615588088.362,response_latency_ms_count,,,10.1.45.79:4191,linkerd-proxy,linkerd,,linkerd-grafana-ddd5c496f-cctr6,,276,,,,,linkerd-grafana,grafana,linkerd,inbound,,ddd5c496f,200,true,linkerd,,linkerd-prometheus.linkerd.serviceaccount.identity.linkerd.cluster.local,,,,,,,,,,
1615588098.363,response_latency_ms_count,,,10.1.45.79:4191,linkerd-proxy,linkerd,,linkerd-grafana-ddd5c496f-cctr6,,277,,,,,linkerd-grafana,grafana,linkerd,inbound,,ddd5c496f,200,true,linkerd,,linkerd-prometheus.linkerd.serviceaccount.identity.linkerd.cluster.local,,,,,,,,,,
1615588108.362,response_latency_ms_count,,,10.1.45.79:4191,linkerd-proxy,linkerd,,linkerd-grafana-ddd5c496f-cctr6,,278,,,,,linkerd-grafana,grafana,linkerd,inbound,,ddd5c496f,200,true,linkerd,,linkerd-prometheus.linkerd.serviceaccount.identity.linkerd.cluster.local,,,,,,,,,,
1615588118.362,response_latency_ms_count,,,10.1.45.79:4191,linkerd-proxy,linkerd,,linkerd-grafana-ddd5c496f-cctr6,,279,,,,,linkerd-grafana,grafana,linkerd,inbound,,ddd5c496f,200,true,linkerd,,linkerd-prometheus.linkerd.serviceaccount.identity.linkerd.cluster.local,,,,,,,,,,
1615588128.362,response_latency_ms_count,,,10.1.45.79:4191,linkerd-proxy,linkerd,,linkerd-grafana-ddd5c496f-cctr6,,280,,,,,linkerd-grafana,grafana,linkerd,inbound,,ddd5c496f,200,true,linkerd,,linkerd-prometheus.linkerd.serviceaccount.identity.linkerd.cluster.local,,,,,,,,,,
1615588138.362,response_latency_ms_count,,,10.1.45.79:4191,linkerd-proxy,linkerd,,linkerd-grafana-ddd5c496f-cctr6,,281,,,,,linkerd-grafana,grafana,linkerd,inbound,,ddd5c496f,200,true,linkerd,,linkerd-prometheus.linkerd.serviceaccount.identity.linkerd.cluster.local,,,,,,,,,,
1615588148.362,response_latency_ms_count,,,10.1.45.79:4191,linkerd-proxy,linkerd,,linkerd-grafana-ddd5c496f-cctr6,,282,,,,,linkerd-grafana,grafana,linkerd,inbound,,ddd5c496f,200,true,linkerd,,linkerd-prometheus.linkerd.serviceaccount.identity.linkerd.cluster.local,,,,,,,,,,
1615588158.362,response_latency_ms_count,,,10.1.45.79:4191,linkerd-proxy,linkerd,,linkerd-grafana-ddd5c496f-cctr6,,283,,,,,linkerd-grafana,grafana,linkerd,inbound,,ddd5c496f,200,true,linkerd,,linkerd-prometheus.linkerd.serviceaccount.identity.linkerd.cluster.local,,,,,,,,,,
1615588168.363,response_latency_ms_count,,,10.1.45.79:4191,linkerd-proxy,linkerd,,linkerd-grafana-ddd5c496f-cctr6,,284,,,,,linkerd-grafana,grafana,linkerd,inbound,,ddd5c496f,200,true,linkerd,,linkerd-prometheus.linkerd.serviceaccount.identity.linkerd.cluster.local,,,,,,,,,,
1615588178.362,response_latency_ms_count,,,10.1.45.79:4191,linkerd-proxy,linkerd,,linkerd-grafana-ddd5c496f-cctr6,,285,,,,,linkerd-grafana,grafana,linkerd,inbound,,ddd5c496f,200,true,linkerd,,linkerd-prometheus.linkerd.serviceaccount.identity.linkerd.cluster.local,,,,,,,,,,
1615588188.362,response_latency_ms_count,,,10.1.45.79:4191,linkerd-proxy,linkerd,,linkerd-grafana-ddd5c496f-cctr6,,286,,,,,linkerd-grafana,grafana,linkerd,inbound,,ddd5c496f,200,true,linkerd,,linkerd-prometheus.linkerd.serviceaccount.identity.linkerd.cluster.local,,,,,,,,,,
1615588198.362,response_latency_ms_count,,,10.1.45.79:4191,linkerd-proxy,linkerd,,linkerd-grafana-ddd5c496f-cctr6,,287,,,,,linkerd-grafana,grafana,linkerd,inbound,,ddd5c496f,200,true,linkerd,,linkerd-prometheus.linkerd.serviceaccount.identity.linkerd.cluster.local,,,,,,,,,,
1615588090.963,response_latency_ms_count,,,10.1.45.73:4191,linkerd-proxy,linkerd,,linkerd-tap-75785bb98d-dvlv2,,569,,,,,linkerd-tap,tap,linkerd,inbound,no_tls_from_remote,75785bb98d,200,no_identity,linkerd,,,,,,,,,,,,
1615588100.963,response_latency_ms_count,,,10.1.45.73:4191,linkerd-proxy,linkerd,,linkerd-tap-75785bb98d-dvlv2,,571,,,,,linkerd-tap,tap,linkerd,inbound,no_tls_from_remote,75785bb98d,200,no_identity,linkerd,,,,,,,,,,,,
1615588110.963,response_latency_ms_count,,,10.1.45.73:4191,linkerd-proxy,linkerd,,linkerd-tap-75785bb98d-dvlv2,,573,,,,,linkerd-tap,tap,linkerd,inbound,no_tls_from_remote,75785bb98d,200,no_identity,linkerd,,,,,,,,,,,,
1615588120.963,response_latency_ms_count,,,10.1.45.73:4191,linkerd-proxy,linkerd,,linkerd-tap-75785bb98d-dvlv2,,575,,,,,linkerd-tap,tap,linkerd,inbound,no_tls_from_remote,75785bb98d,200,no_identity,linkerd,,,,,,,,,,,,
1615588130.963,response_latency_ms_count,,,10.1.45.73:4191,linkerd-proxy,linkerd,,linkerd-tap-75785bb98d-dvlv2,,577,,,,,linkerd-tap,tap,linkerd,inbound,no_tls_from_remote,75785bb98d,200,no_identity,linkerd,,,,,,,,,,,,
1615588140.963,response_latency_ms_count,,,10.1.45.73:4191,linkerd-proxy,linkerd,,linkerd-tap-75785bb98d-dvlv2,,579,,,,,linkerd-tap,tap,linkerd,inbound,no_tls_from_remote,75785bb98d,200,no_identity,linkerd,,,,,,,,,,,,
1615588150.963,response_latency_ms_count,,,10.1.45.73:4191,linkerd-proxy,linkerd,,linkerd-tap-75785bb98d-dvlv2,,581,,,,,linkerd-tap,tap,linkerd,inbound,no_tls_from_remote,75785bb98d,200,no_identity,linkerd,,,,,,,,,,,,
1615588160.963,response_latency_ms_count,,,10.1.45.73:4191,linkerd-proxy,linkerd,,linkerd-tap-75785bb98d-dvlv2,,583,,,,,linkerd-tap,tap,linkerd,inbound,no_tls_from_remote,75785bb98d,200,no_identity,linkerd,,,,,,,,,,,,
1615588170.963,response_latency_ms_count,,,10.1.45.73:4191,linkerd-proxy,linkerd,,linkerd-tap-75785bb98d-dvlv2,,585,,,,,linkerd-tap,tap,linkerd,inbound,no_tls_from_remote,75785bb98d,200,no_identity,linkerd,,,,,,,,,,,,
1615588180.963,response_latency_ms_count,,,10.1.45.73:4191,linkerd-proxy,linkerd,,linkerd-tap-75785bb98d-dvlv2,,587,,,,,linkerd-tap,tap,linkerd,inbound,no_tls_from_remote,75785bb98d,200,no_identity,linkerd,,,,,,,,,,,,
1615588190.963,response_latency_ms_count,,,10.1.45.73:4191,linkerd-proxy,linkerd,,linkerd-tap-75785bb98d-dvlv2,,589,,,,,linkerd-tap,tap,linkerd,inbound,no_tls_from_remote,75785bb98d,200,no_identity,linkerd,,,,,,,,,,,,
1615588200.963,response_latency_ms_count,,,10.1.45.73:4191,linkerd-proxy,linkerd,,linkerd-tap-75785bb98d-dvlv2,,591,,,,,linkerd-tap,tap,linkerd,inbound,no_tls_from_remote,75785bb98d,200,no_identity,linkerd,,,,,,,,,,,,
1615588090.963,response_latency_ms_count,,,10.1.45.73:4191,linkerd-proxy,linkerd,,linkerd-tap-75785bb98d-dvlv2,,276,,,,,linkerd-tap,tap,linkerd,inbound,,75785bb98d,200,true,linkerd,,linkerd-prometheus.linkerd.serviceaccount.identity.linkerd.cluster.local,,,,,,,,,,
1615588100.963,response_latency_ms_count,,,10.1.45.73:4191,linkerd-proxy,linkerd,,linkerd-tap-75785bb98d-dvlv2,,277,,,,,linkerd-tap,tap,linkerd,inbound,,75785bb98d,200,true,linkerd,,linkerd-prometheus.linkerd.serviceaccount.identity.linkerd.cluster.local,,,,,,,,,,
1615588110.963,response_latency_ms_count,,,10.1.45.73:4191,linkerd-proxy,linkerd,,linkerd-tap-75785bb98d-dvlv2,,278,,,,,linkerd-tap,tap,linkerd,inbound,,75785bb98d,200,true,linkerd,,linkerd-prometheus.linkerd.serviceaccount.identity.linkerd.cluster.local,,,,,,,,,,
1615588120.963,response_latency_ms_count,,,10.1.45.73:4191,linkerd-proxy,linkerd,,linkerd-tap-75785bb98d-dvlv2,,279,,,,,linkerd-tap,tap,linkerd,inbound,,75785bb98d,200,true,linkerd,,linkerd-prometheus.linkerd.serviceaccount.identity.linkerd.cluster.local,,,,,,,,,,
1615588130.963,response_latency_ms_count,,,10.1.45.73:4191,linkerd-proxy,linkerd,,linkerd-tap-75785bb98d-dvlv2,,280,,,,,linkerd-tap,tap,linkerd,inbound,,75785bb98d,200,true,linkerd,,linkerd-prometheus.linkerd.serviceaccount.identity.linkerd.cluster.local,,,,,,,,,,
1615588140.963,response_latency_ms_count,,,10.1.45.73:4191,linkerd-proxy,linkerd,,linkerd-tap-75785bb98d-dvlv2,,281,,,,,linkerd-tap,tap,linkerd,inbound,,75785bb98d,200,true,linkerd,,linkerd-prometheus.linkerd.serviceaccount.identity.linkerd.cluster.local,,,,,,,,,,
1615588150.963,response_latency_ms_count,,,10.1.45.73:4191,linkerd-proxy,linkerd,,linkerd-tap-75785bb98d-dvlv2,,282,,,,,linkerd-tap,tap,linkerd,inbound,,75785bb98d,200,true,linkerd,,linkerd-prometheus.linkerd.serviceaccount.identity.linkerd.cluster.local,,,,,,,,,,
1615588160.963,response_latency_ms_count,,,10.1.45.73:4191,linkerd-proxy,linkerd,,linkerd-tap-75785bb98d-dvlv2,,283,,,,,linkerd-tap,tap,linkerd,inbound,,75785bb98d,200,true,linkerd,,linkerd-prometheus.linkerd.serviceaccount.identity.linkerd.cluster.local,,,,,,,,,,
1615588170.963,response_latency_ms_count,,,10.1.45.73:4191,linkerd-proxy,linkerd,,linkerd-tap-75785bb98d-dvlv2,,284,,,,,linkerd-tap,tap,linkerd,inbound,,75785bb98d,200,true,linkerd,,linkerd-prometheus.linkerd.serviceaccount.identity.linkerd.cluster.local,,,,,,,,,,
1615588180.963,response_latency_ms_count,,,10.1.45.73:4191,linkerd-proxy,linkerd,,linkerd-tap-75785bb98d-dvlv2,,285,,,,,linkerd-tap,tap,linkerd,inbound,,75785bb98d,200,true,linkerd,,linkerd-prometheus.linkerd.serviceaccount.identity.linkerd.cluster.local,,,,,,,,,,
1615588190.963,response_latency_ms_count,,,10.1.45.73:4191,linkerd-proxy,linkerd,,linkerd-tap-75785bb98d-dvlv2,,286,,,,,linkerd-tap,tap,linkerd,inbound,,75785bb98d,200,true,linkerd,,linkerd-prometheus.linkerd.serviceaccount.identity.linkerd.cluster.local,,,,,,,,,,
1615588200.963,response_latency_ms_count,,,10.1.45.73:4191,linkerd-proxy,linkerd,,linkerd-tap-75785bb98d-dvlv2,,287,,,,,linkerd-tap,tap,linkerd,inbound,,75785bb98d,200,true,linkerd,,linkerd-prometheus.linkerd.serviceaccount.identity.linkerd.cluster.local,,,,,,,,,,
1615588091.127,response_latency_ms_count,,,10.1.45.70:4191,linkerd-proxy,linkerd,,linkerd-proxy-injector-666c478cbb-z7nnc,,569,,,,,linkerd-proxy-injector,proxy-injector,linkerd,inbound,no_tls_from_remote,666c478cbb,200,no_identity,linkerd,,,,,,,,,,,,
1615588101.126,response_latency_ms_count,,,10.1.45.70:4191,linkerd-proxy,linkerd,,linkerd-proxy-injector-666c478cbb-z7nnc,,571,,,,,linkerd-proxy-injector,proxy-injector,linkerd,inbound,no_tls_from_remote,666c478cbb,200,no_identity,linkerd,,,,,,,,,,,,
1615588111.127,response_latency_ms_count,,,10.1.45.70:4191,linkerd-proxy,linkerd,,linkerd-proxy-injector-666c478cbb-z7nnc,,573,,,,,linkerd-proxy-injector,proxy-injector,linkerd,inbound,no_tls_from_remote,666c478cbb,200,no_identity,linkerd,,,,,,,,,,,,
1615588121.126,response_latency_ms_count,,,10.1.45.70:4191,linkerd-proxy,linkerd,,linkerd-proxy-injector-666c478cbb-z7nnc,,575,,,,,linkerd-proxy-injector,proxy-injector,linkerd,inbound,no_tls_from_remote,666c478cbb,200,no_identity,linkerd,,,,,,,,,,,,
1615588131.126,response_latency_ms_count,,,10.1.45.70:4191,linkerd-proxy,linkerd,,linkerd-proxy-injector-666c478cbb-z7nnc,,577,,,,,linkerd-proxy-injector,proxy-injector,linkerd,inbound,no_tls_from_remote,666c478cbb,200,no_identity,linkerd,,,,,,,,,,,,
1615588141.126,response_latency_ms_count,,,10.1.45.70:4191,linkerd-proxy,linkerd,,linkerd-proxy-injector-666c478cbb-z7nnc,,579,,,,,linkerd-proxy-injector,proxy-injector,linkerd,inbound,no_tls_from_remote,666c478cbb,200,no_identity,linkerd,,,,,,,,,,,,
1615588151.126,response_latency_ms_count,,,10.1.45.70:4191,linkerd-proxy,linkerd,,linkerd-proxy-injector-666c478cbb-z7nnc,,581,,,,,linkerd-proxy-injector,proxy-injector,linkerd,inbound,no_tls_from_remote,666c478cbb,200,no_identity,linkerd,,,,,,,,,,,,
1615588161.127,response_latency_ms_count,,,10.1.45.70:4191,linkerd-proxy,linkerd,,linkerd-proxy-injector-666c478cbb-z7nnc,,583,,,,,linkerd-proxy-injector,proxy-injector,linkerd,inbound,no_tls_from_remote,666c478cbb,200,no_identity,linkerd,,,,,,,,,,,,
1615588171.127,response_latency_ms_count,,,10.1.45.70:4191,linkerd-proxy,linkerd,,linkerd-proxy-injector-666c478cbb-z7nnc,,585,,,,,linkerd-proxy-injector,proxy-injector,linkerd,inbound,no_tls_from_remote,666c478cbb,200,no_identity,linkerd,,,,,,,,,,,,
1615588181.126,response_latency_ms_count,,,10.1.45.70:4191,linkerd-proxy,linkerd,,linkerd-proxy-injector-666c478cbb-z7nnc,,587,,,,,linkerd-proxy-injector,proxy-injector,linkerd,inbound,no_tls_from_remote,666c478cbb,200,no_identity,linkerd,,,,,,,,,,,,
1615588191.127,response_latency_ms_count,,,10.1.45.70:4191,linkerd-proxy,linkerd,,linkerd-proxy-injector-666c478cbb-z7nnc,,589,,,,,linkerd-proxy-injector,proxy-injector,linkerd,inbound,no_tls_from_remote,666c478cbb,200,no_identity,linkerd,,,,,,,,,,,,
1615588201.127,response_latency_ms_count,,,10.1.45.70:4191,linkerd-proxy,linkerd,,linkerd-proxy-injector-666c478cbb-z7nnc,,591,,,,,linkerd-proxy-injector,proxy-injector,linkerd,inbound,no_tls_from_remote,666c478cbb,200,no_identity,linkerd,,,,,,,,,,,,
1615588091.127,response_latency_ms_count,,,10.1.45.70:4191,linkerd-proxy,linkerd,,linkerd-proxy-injector-666c478cbb-z7nnc,,276,,,,,linkerd-proxy-injector,proxy-injector,linkerd,inbound,,666c478cbb,200,true,linkerd,,linkerd-prometheus.linkerd.serviceaccount.identity.linkerd.cluster.local,,,,,,,,,,
1615588101.126,response_latency_ms_count,,,10.1.45.70:4191,linkerd-proxy,linkerd,,linkerd-proxy-injector-666c478cbb-z7nnc,,277,,,,,linkerd-proxy-injector,proxy-injector,linkerd,inbound,,666c478cbb,200,true,linkerd,,linkerd-prometheus.linkerd.serviceaccount.identity.linkerd.cluster.local,,,,,,,,,,
1615588111.127,response_latency_ms_count,,,10.1.45.70:4191,linkerd-proxy,linkerd,,linkerd-proxy-injector-666c478cbb-z7nnc,,278,,,,,linkerd-proxy-injector,proxy-injector,linkerd,inbound,,666c478cbb,200,true,linkerd,,linkerd-prometheus.linkerd.serviceaccount.identity.linkerd.cluster.local,,,,,,,,,,
1615588121.126,response_latency_ms_count,,,10.1.45.70:4191,linkerd-proxy,linkerd,,linkerd-proxy-injector-666c478cbb-z7nnc,,279,,,,,linkerd-proxy-injector,proxy-injector,linkerd,inbound,,666c478cbb,200,true,linkerd,,linkerd-prometheus.linkerd.serviceaccount.identity.linkerd.cluster.local,,,,,,,,,,
1615588131.126,response_latency_ms_count,,,10.1.45.70:4191,linkerd-proxy,linkerd,,linkerd-proxy-injector-666c478cbb-z7nnc,,280,,,,,linkerd-proxy-injector,proxy-injector,linkerd,inbound,,666c478cbb,200,true,linkerd,,linkerd-prometheus.linkerd.serviceaccount.identity.linkerd.cluster.local,,,,,,,,,,
1615588141.126,response_latency_ms_count,,,10.1.45.70:4191,linkerd-proxy,linkerd,,linkerd-proxy-injector-666c478cbb-z7nnc,,281,,,,,linkerd-proxy-injector,proxy-injector,linkerd,inbound,,666c478cbb,200,true,linkerd,,linkerd-prometheus.linkerd.serviceaccount.identity.linkerd.cluster.local,,,,,,,,,,
1615588151.126,response_latency_ms_count,,,10.1.45.70:4191,linkerd-proxy,linkerd,,linkerd-proxy-injector-666c478cbb-z7nnc,,282,,,,,linkerd-proxy-injector,proxy-injector,linkerd,inbound,,666c478cbb,200,true,linkerd,,linkerd-prometheus.linkerd.serviceaccount.identity.linkerd.cluster.local,,,,,,,,,,
1615588161.127,response_latency_ms_count,,,10.1.45.70:4191,linkerd-proxy,linkerd,,linkerd-proxy-injector-666c478cbb-z7nnc,,283,,,,,linkerd-proxy-injector,proxy-injector,linkerd,inbound,,666c478cbb,200,true,linkerd,,linkerd-prometheus.linkerd.serviceaccount.identity.linkerd.cluster.local,,,,,,,,,,
1615588171.127,response_latency_ms_count,,,10.1.45.70:4191,linkerd-proxy,linkerd,,linkerd-proxy-injector-666c478cbb-z7nnc,,284,,,,,linkerd-proxy-injector,proxy-injector,linkerd,inbound,,666c478cbb,200,true,linkerd,,linkerd-prometheus.linkerd.serviceaccount.identity.linkerd.cluster.local,,,,,,,,,,
1615588181.126,response_latency_ms_count,,,10.1.45.70:4191,linkerd-proxy,linkerd,,linkerd-proxy-injector-666c478cbb-z7nnc,,285,,,,,linkerd-proxy-injector,proxy-injector,linkerd,inbound,,666c478cbb,200,true,linkerd,,linkerd-prometheus.linkerd.serviceaccount.identity.linkerd.cluster.local,,,,,,,,,,
1615588191.127,response_latency_ms_count,,,10.1.45.70:4191,linkerd-proxy,linkerd,,linkerd-proxy-injector-666c478cbb-z7nnc,,286,,,,,linkerd-proxy-injector,proxy-injector,linkerd,inbound,,666c478cbb,200,true,linkerd,,linkerd-prometheus.linkerd.serviceaccount.identity.linkerd.cluster.local,,,,,,,,,,
1615588201.127,response_latency_ms_count,,,10.1.45.70:4191,linkerd-proxy,linkerd,,linkerd-proxy-injector-666c478cbb-z7nnc,,287,,,,,linkerd-proxy-injector,proxy-injector,linkerd,inbound,,666c478cbb,200,true,linkerd,,linkerd-prometheus.linkerd.serviceaccount.identity.linkerd.cluster.local,,,,,,,,,,
1615588091.149,response_latency_ms_count,,,10.1.45.76:4191,linkerd-proxy,linkerd,,linkerd-sp-validator-77d978fbd9-zk8mm,,569,,,,,linkerd-sp-validator,sp-validator,linkerd,inbound,no_tls_from_remote,77d978fbd9,200,no_identity,linkerd,,,,,,,,,,,,
1615588101.149,response_latency_ms_count,,,10.1.45.76:4191,linkerd-proxy,linkerd,,linkerd-sp-validator-77d978fbd9-zk8mm,,571,,,,,linkerd-sp-validator,sp-validator,linkerd,inbound,no_tls_from_remote,77d978fbd9,200,no_identity,linkerd,,,,,,,,,,,,
1615588111.148,response_latency_ms_count,,,10.1.45.76:4191,linkerd-proxy,linkerd,,linkerd-sp-validator-77d978fbd9-zk8mm,,573,,,,,linkerd-sp-validator,sp-validator,linkerd,inbound,no_tls_from_remote,77d978fbd9,200,no_identity,linkerd,,,,,,,,,,,,
1615588121.148,response_latency_ms_count,,,10.1.45.76:4191,linkerd-proxy,linkerd,,linkerd-sp-validator-77d978fbd9-zk8mm,,575,,,,,linkerd-sp-validator,sp-validator,linkerd,inbound,no_tls_from_remote,77d978fbd9,200,no_identity,linkerd,,,,,,,,,,,,
1615588131.148,response_latency_ms_count,,,10.1.45.76:4191,linkerd-proxy,linkerd,,linkerd-sp-validator-77d978fbd9-zk8mm,,577,,,,,linkerd-sp-validator,sp-validator,linkerd,inbound,no_tls_from_remote,77d978fbd9,200,no_identity,linkerd,,,,,,,,,,,,
1615588141.148,response_latency_ms_count,,,10.1.45.76:4191,linkerd-proxy,linkerd,,linkerd-sp-validator-77d978fbd9-zk8mm,,579,,,,,linkerd-sp-validator,sp-validator,linkerd,inbound,no_tls_from_remote,77d978fbd9,200,no_identity,linkerd,,,,,,,,,,,,
1615588151.148,response_latency_ms_count,,,10.1.45.76:4191,linkerd-proxy,linkerd,,linkerd-sp-validator-77d978fbd9-zk8mm,,581,,,,,linkerd-sp-validator,sp-validator,linkerd,inbound,no_tls_from_remote,77d978fbd9,200,no_identity,linkerd,,,,,,,,,,,,
1615588161.149,response_latency_ms_count,,,10.1.45.76:4191,linkerd-proxy,linkerd,,linkerd-sp-validator-77d978fbd9-zk8mm,,583,,,,,linkerd-sp-validator,sp-validator,linkerd,inbound,no_tls_from_remote,77d978fbd9,200,no_identity,linkerd,,,,,,,,,,,,
1615588171.148,response_latency_ms_count,,,10.1.45.76:4191,linkerd-proxy,linkerd,,linkerd-sp-validator-77d978fbd9-zk8mm,,585,,,,,linkerd-sp-validator,sp-validator,linkerd,inbound,no_tls_from_remote,77d978fbd9,200,no_identity,linkerd,,,,,,,,,,,,
1615588181.148,response_latency_ms_count,,,10.1.45.76:4191,linkerd-proxy,linkerd,,linkerd-sp-validator-77d978fbd9-zk8mm,,587,,,,,linkerd-sp-validator,sp-validator,linkerd,inbound,no_tls_from_remote,77d978fbd9,200,no_identity,linkerd,,,,,,,,,,,,
1615588191.149,response_latency_ms_count,,,10.1.45.76:4191,linkerd-proxy,linkerd,,linkerd-sp-validator-77d978fbd9-zk8mm,,589,,,,,linkerd-sp-validator,sp-validator,linkerd,inbound,no_tls_from_remote,77d978fbd9,200,no_identity,linkerd,,,,,,,,,,,,
1615588201.148,response_latency_ms_count,,,10.1.45.76:4191,linkerd-proxy,linkerd,,linkerd-sp-validator-77d978fbd9-zk8mm,,591,,,,,linkerd-sp-validator,sp-validator,linkerd,inbound,no_tls_from_remote,77d978fbd9,200,no_identity,linkerd,,,,,,,,,,,,
1615588091.149,response_latency_ms_count,,,10.1.45.76:4191,linkerd-proxy,linkerd,,linkerd-sp-validator-77d978fbd9-zk8mm,,276,,,,,linkerd-sp-validator,sp-validator,linkerd,inbound,,77d978fbd9,200,true,linkerd,,linkerd-prometheus.linkerd.serviceaccount.identity.linkerd.cluster.local,,,,,,,,,,
1615588101.149,response_latency_ms_count,,,10.1.45.76:4191,linkerd-proxy,linkerd,,linkerd-sp-validator-77d978fbd9-zk8mm,,277,,,,,linkerd-sp-validator,sp-validator,linkerd,inbound,,77d978fbd9,200,true,linkerd,,linkerd-prometheus.linkerd.serviceaccount.identity.linkerd.cluster.local,,,,,,,,,,
1615588111.148,response_latency_ms_count,,,10.1.45.76:4191,linkerd-proxy,linkerd,,linkerd-sp-validator-77d978fbd9-zk8mm,,278,,,,,linkerd-sp-validator,sp-validator,linkerd,inbound,,77d978fbd9,200,true,linkerd,,linkerd-prometheus.linkerd.serviceaccount.identity.linkerd.cluster.local,,,,,,,,,,
1615588121.148,response_latency_ms_count,,,10.1.45.76:4191,linkerd-proxy,linkerd,,linkerd-sp-validator-77d978fbd9-zk8mm,,279,,,,,linkerd-sp-validator,sp-validator,linkerd,inbound,,77d978fbd9,200,true,linkerd,,linkerd-prometheus.linkerd.serviceaccount.identity.linkerd.cluster.local,,,,,,,,,,
1615588131.148,response_latency_ms_count,,,10.1.45.76:4191,linkerd-proxy,linkerd,,linkerd-sp-validator-77d978fbd9-zk8mm,,280,,,,,linkerd-sp-validator,sp-validator,linkerd,inbound,,77d978fbd9,200,true,linkerd,,linkerd-prometheus.linkerd.serviceaccount.identity.linkerd.cluster.local,,,,,,,,,,
1615588141.148,response_latency_ms_count,,,10.1.45.76:4191,linkerd-proxy,linkerd,,linkerd-sp-validator-77d978fbd9-zk8mm,,281,,,,,linkerd-sp-validator,sp-validator,linkerd,inbound,,77d978fbd9,200,true,linkerd,,linkerd-prometheus.linkerd.serviceaccount.identity.linkerd.cluster.local,,,,,,,,,,
1615588151.148,response_latency_ms_count,,,10.1.45.76:4191,linkerd-proxy,linkerd,,linkerd-sp-validator-77d978fbd9-zk8mm,,282,,,,,linkerd-sp-validator,sp-validator,linkerd,inbound,,77d978fbd9,200,true,linkerd,,linkerd-prometheus.linkerd.serviceaccount.identity.linkerd.cluster.local,,,,,,,,,,
1615588161.149,response_latency_ms_count,,,10.1.45.76:4191,linkerd-proxy,linkerd,,linkerd-sp-validator-77d978fbd9-zk8mm,,283,,,,,linkerd-sp-validator,sp-validator,linkerd,inbound,,77d978fbd9,200,true,linkerd,,linkerd-prometheus.linkerd.serviceaccount.identity.linkerd.cluster.local,,,,,,,,,,
1615588171.148,response_latency_ms_count,,,10.1.45.76:4191,linkerd-proxy,linkerd,,linkerd-sp-validator-77d978fbd9-zk8mm,,284,,,,,linkerd-sp-validator,sp-validator,linkerd,inbound,,77d978fbd9,200,true,linkerd,,linkerd-prometheus.linkerd.serviceaccount.identity.linkerd.cluster.local,,,,,,,,,,
1615588181.148,response_latency_ms_count,,,10.1.45.76:4191,linkerd-proxy,linkerd,,linkerd-sp-validator-77d978fbd9-zk8mm,,285,,,,,linkerd-sp-validator,sp-validator,linkerd,inbound,,77d978fbd9,200,true,linkerd,,linkerd-prometheus.linkerd.serviceaccount.identity.linkerd.cluster.local,,,,,,,,,,
1615588191.149,response_latency_ms_count,,,10.1.45.76:4191,linkerd-proxy,linkerd,,linkerd-sp-validator-77d978fbd9-zk8mm,,286,,,,,linkerd-sp-validator,sp-validator,linkerd,inbound,,77d978fbd9,200,true,linkerd,,linkerd-prometheus.linkerd.serviceaccount.identity.linkerd.cluster.local,,,,,,,,,,
1615588201.148,response_latency_ms_count,,,10.1.45.76:4191,linkerd-proxy,linkerd,,linkerd-sp-validator-77d978fbd9-zk8mm,,287,,,,,linkerd-sp-validator,sp-validator,linkerd,inbound,,77d978fbd9,200,true,linkerd,,linkerd-prometheus.linkerd.serviceaccount.identity.linkerd.cluster.local,,,,,,,,,,
1615588091.499,response_latency_ms_count,,,10.1.45.74:4191,linkerd-proxy,linkerd,,linkerd-web-b48d9c89b-49fzh,,568,,,,,linkerd-web,web,linkerd,inbound,no_tls_from_remote,b48d9c89b,200,no_identity,linkerd,,,,,,,,,,,,
1615588101.498,response_latency_ms_count,,,10.1.45.74:4191,linkerd-proxy,linkerd,,linkerd-web-b48d9c89b-49fzh,,570,,,,,linkerd-web,web,linkerd,inbound,no_tls_from_remote,b48d9c89b,200,no_identity,linkerd,,,,,,,,,,,,
1615588111.498,response_latency_ms_count,,,10.1.45.74:4191,linkerd-proxy,linkerd,,linkerd-web-b48d9c89b-49fzh,,572,,,,,linkerd-web,web,linkerd,inbound,no_tls_from_remote,b48d9c89b,200,no_identity,linkerd,,,,,,,,,,,,
1615588121.498,response_latency_ms_count,,,10.1.45.74:4191,linkerd-proxy,linkerd,,linkerd-web-b48d9c89b-49fzh,,574,,,,,linkerd-web,web,linkerd,inbound,no_tls_from_remote,b48d9c89b,200,no_identity,linkerd,,,,,,,,,,,,
1615588131.499,response_latency_ms_count,,,10.1.45.74:4191,linkerd-proxy,linkerd,,linkerd-web-b48d9c89b-49fzh,,576,,,,,linkerd-web,web,linkerd,inbound,no_tls_from_remote,b48d9c89b,200,no_identity,linkerd,,,,,,,,,,,,
1615588141.498,response_latency_ms_count,,,10.1.45.74:4191,linkerd-proxy,linkerd,,linkerd-web-b48d9c89b-49fzh,,578,,,,,linkerd-web,web,linkerd,inbound,no_tls_from_remote,b48d9c89b,200,no_identity,linkerd,,,,,,,,,,,,
1615588151.498,response_latency_ms_count,,,10.1.45.74:4191,linkerd-proxy,linkerd,,linkerd-web-b48d9c89b-49fzh,,580,,,,,linkerd-web,web,linkerd,inbound,no_tls_from_remote,b48d9c89b,200,no_identity,linkerd,,,,,,,,,,,,
1615588161.498,response_latency_ms_count,,,10.1.45.74:4191,linkerd-proxy,linkerd,,linkerd-web-b48d9c89b-49fzh,,582,,,,,linkerd-web,web,linkerd,inbound,no_tls_from_remote,b48d9c89b,200,no_identity,linkerd,,,,,,,,,,,,
1615588171.499,response_latency_ms_count,,,10.1.45.74:4191,linkerd-proxy,linkerd,,linkerd-web-b48d9c89b-49fzh,,584,,,,,linkerd-web,web,linkerd,inbound,no_tls_from_remote,b48d9c89b,200,no_identity,linkerd,,,,,,,,,,,,
1615588181.499,response_latency_ms_count,,,10.1.45.74:4191,linkerd-proxy,linkerd,,linkerd-web-b48d9c89b-49fzh,,586,,,,,linkerd-web,web,linkerd,inbound,no_tls_from_remote,b48d9c89b,200,no_identity,linkerd,,,,,,,,,,,,
1615588191.498,response_latency_ms_count,,,10.1.45.74:4191,linkerd-proxy,linkerd,,linkerd-web-b48d9c89b-49fzh,,588,,,,,linkerd-web,web,linkerd,inbound,no_tls_from_remote,b48d9c89b,200,no_identity,linkerd,,,,,,,,,,,,
1615588201.499,response_latency_ms_count,,,10.1.45.74:4191,linkerd-proxy,linkerd,,linkerd-web-b48d9c89b-49fzh,,590,,,,,linkerd-web,web,linkerd,inbound,no_tls_from_remote,b48d9c89b,200,no_identity,linkerd,,,,,,,,,,,,
1615588091.499,response_latency_ms_count,,,10.1.45.74:4191,linkerd-proxy,linkerd,,linkerd-web-b48d9c89b-49fzh,,276,,,,,linkerd-web,web,linkerd,inbound,,b48d9c89b,200,true,linkerd,,linkerd-prometheus.linkerd.serviceaccount.identity.linkerd.cluster.local,,,,,,,,,,
1615588101.498,response_latency_ms_count,,,10.1.45.74:4191,linkerd-proxy,linkerd,,linkerd-web-b48d9c89b-49fzh,,277,,,,,linkerd-web,web,linkerd,inbound,,b48d9c89b,200,true,linkerd,,linkerd-prometheus.linkerd.serviceaccount.identity.linkerd.cluster.local,,,,,,,,,,
1615588111.498,response_latency_ms_count,,,10.1.45.74:4191,linkerd-proxy,linkerd,,linkerd-web-b48d9c89b-49fzh,,278,,,,,linkerd-web,web,linkerd,inbound,,b48d9c89b,200,true,linkerd,,linkerd-prometheus.linkerd.serviceaccount.identity.linkerd.cluster.local,,,,,,,,,,
1615588121.498,response_latency_ms_count,,,10.1.45.74:4191,linkerd-proxy,linkerd,,linkerd-web-b48d9c89b-49fzh,,279,,,,,linkerd-web,web,linkerd,inbound,,b48d9c89b,200,true,linkerd,,linkerd-prometheus.linkerd.serviceaccount.identity.linkerd.cluster.local,,,,,,,,,,
1615588131.499,response_latency_ms_count,,,10.1.45.74:4191,linkerd-proxy,linkerd,,linkerd-web-b48d9c89b-49fzh,,280,,,,,linkerd-web,web,linkerd,inbound,,b48d9c89b,200,true,linkerd,,linkerd-prometheus.linkerd.serviceaccount.identity.linkerd.cluster.local,,,,,,,,,,
1615588141.498,response_latency_ms_count,,,10.1.45.74:4191,linkerd-proxy,linkerd,,linkerd-web-b48d9c89b-49fzh,,281,,,,,linkerd-web,web,linkerd,inbound,,b48d9c89b,200,true,linkerd,,linkerd-prometheus.linkerd.serviceaccount.identity.linkerd.cluster.local,,,,,,,,,,
1615588151.498,response_latency_ms_count,,,10.1.45.74:4191,linkerd-proxy,linkerd,,linkerd-web-b48d9c89b-49fzh,,282,,,,,linkerd-web,web,linkerd,inbound,,b48d9c89b,200,true,linkerd,,linkerd-prometheus.linkerd.serviceaccount.identity.linkerd.cluster.local,,,,,,,,,,
1615588161.498,response_latency_ms_count,,,10.1.45.74:4191,linkerd-proxy,linkerd,,linkerd-web-b48d9c89b-49fzh,,283,,,,,linkerd-web,web,linkerd,inbound,,b48d9c89b,200,true,linkerd,,linkerd-prometheus.linkerd.serviceaccount.identity.linkerd.cluster.local,,,,,,,,,,
1615588171.499,response_latency_ms_count,,,10.1.45.74:4191,linkerd-proxy,linkerd,,linkerd-web-b48d9c89b-49fzh,,284,,,,,linkerd-web,web,linkerd,inbound,,b48d9c89b,200,true,linkerd,,linkerd-prometheus.linkerd.serviceaccount.identity.linkerd.cluster.local,,,,,,,,,,
1615588181.499,response_latency_ms_count,,,10.1.45.74:4191,linkerd-proxy,linkerd,,linkerd-web-b48d9c89b-49fzh,,285,,,,,linkerd-web,web,linkerd,inbound,,b48d9c89b,200,true,linkerd,,linkerd-prometheus.linkerd.serviceaccount.identity.linkerd.cluster.local,,,,,,,,,,
1615588191.498,response_latency_ms_count,,,10.1.45.74:4191,linkerd-proxy,linkerd,,linkerd-web-b48d9c89b-49fzh,,286,,,,,linkerd-web,web,linkerd,inbound,,b48d9c89b,200,true,linkerd,,linkerd-prometheus.linkerd.serviceaccount.identity.linkerd.cluster.local,,,,,,,,,,
1615588201.499,response_latency_ms_count,,,10.1.45.74:4191,linkerd-proxy,linkerd,,linkerd-web-b48d9c89b-49fzh,,287,,,,,linkerd-web,web,linkerd,inbound,,b48d9c89b,200,true,linkerd,,linkerd-prometheus.linkerd.serviceaccount.identity.linkerd.cluster.local,,,,,,,,,,
1615588093.449,response_latency_ms_count,,,10.1.45.72:4191,linkerd-proxy,linkerd,,linkerd-identity-57f4bc9db9-gb7rk,,276,,,,,linkerd-identity,identity,linkerd,inbound,no_peer_id_from_remote,57f4bc9db9,200,no_identity,linkerd,,,,,,,,,,,,
1615588103.449,response_latency_ms_count,,,10.1.45.72:4191,linkerd-proxy,linkerd,,linkerd-identity-57f4bc9db9-gb7rk,,277,,,,,linkerd-identity,identity,linkerd,inbound,no_peer_id_from_remote,57f4bc9db9,200,no_identity,linkerd,,,,,,,,,,,,
1615588113.449,response_latency_ms_count,,,10.1.45.72:4191,linkerd-proxy,linkerd,,linkerd-identity-57f4bc9db9-gb7rk,,278,,,,,linkerd-identity,identity,linkerd,inbound,no_peer_id_from_remote,57f4bc9db9,200,no_identity,linkerd,,,,,,,,,,,,
1615588123.449,response_latency_ms_count,,,10.1.45.72:4191,linkerd-proxy,linkerd,,linkerd-identity-57f4bc9db9-gb7rk,,279,,,,,linkerd-identity,identity,linkerd,inbound,no_peer_id_from_remote,57f4bc9db9,200,no_identity,linkerd,,,,,,,,,,,,
1615588133.449,response_latency_ms_count,,,10.1.45.72:4191,linkerd-proxy,linkerd,,linkerd-identity-57f4bc9db9-gb7rk,,280,,,,,linkerd-identity,identity,linkerd,inbound,no_peer_id_from_remote,57f4bc9db9,200,no_identity,linkerd,,,,,,,,,,,,
1615588143.449,response_latency_ms_count,,,10.1.45.72:4191,linkerd-proxy,linkerd,,linkerd-identity-57f4bc9db9-gb7rk,,281,,,,,linkerd-identity,identity,linkerd,inbound,no_peer_id_from_remote,57f4bc9db9,200,no_identity,linkerd,,,,,,,,,,,,
1615588153.449,response_latency_ms_count,,,10.1.45.72:4191,linkerd-proxy,linkerd,,linkerd-identity-57f4bc9db9-gb7rk,,282,,,,,linkerd-identity,identity,linkerd,inbound,no_peer_id_from_remote,57f4bc9db9,200,no_identity,linkerd,,,,,,,,,,,,
1615588163.448,response_latency_ms_count,,,10.1.45.72:4191,linkerd-proxy,linkerd,,linkerd-identity-57f4bc9db9-gb7rk,,283,,,,,linkerd-identity,identity,linkerd,inbound,no_peer_id_from_remote,57f4bc9db9,200,no_identity,linkerd,,,,,,,,,,,,
1615588173.449,response_latency_ms_count,,,10.1.45.72:4191,linkerd-proxy,linkerd,,linkerd-identity-57f4bc9db9-gb7rk,,284,,,,,linkerd-identity,identity,linkerd,inbound,no_peer_id_from_remote,57f4bc9db9,200,no_identity,linkerd,,,,,,,,,,,,
1615588183.449,response_latency_ms_count,,,10.1.45.72:4191,linkerd-proxy,linkerd,,linkerd-identity-57f4bc9db9-gb7rk,,285,,,,,linkerd-identity,identity,linkerd,inbound,no_peer_id_from_remote,57f4bc9db9,200,no_identity,linkerd,,,,,,,,,,,,
1615588193.449,response_latency_ms_count,,,10.1.45.72:4191,linkerd-proxy,linkerd,,linkerd-identity-57f4bc9db9-gb7rk,,286,,,,,linkerd-identity,identity,linkerd,inbound,no_peer_id_from_remote,57f4bc9db9,200,no_identity,linkerd,,,,,,,,,,,,
1615588203.449,response_latency_ms_count,,,10.1.45.72:4191,linkerd-proxy,linkerd,,linkerd-identity-57f4bc9db9-gb7rk,,287,,,,,linkerd-identity,identity,linkerd,inbound,no_peer_id_from_remote,57f4bc9db9,200,no_identity,linkerd,,,,,,,,,,,,
1615588093.461,response_latency_ms_count,,,10.1.45.71:4191,linkerd-proxy,linkerd,,linkerd-destination-654f8848f5-4tr7b,,276,,,,,linkerd-destination,destination,linkerd,inbound,,654f8848f5,200,true,linkerd,,linkerd-prometheus.linkerd.serviceaccount.identity.linkerd.cluster.local,,,,,,,,,,
1615588103.461,response_latency_ms_count,,,10.1.45.71:4191,linkerd-proxy,linkerd,,linkerd-destination-654f8848f5-4tr7b,,277,,,,,linkerd-destination,destination,linkerd,inbound,,654f8848f5,200,true,linkerd,,linkerd-prometheus.linkerd.serviceaccount.identity.linkerd.cluster.local,,,,,,,,,,
1615588113.461,response_latency_ms_count,,,10.1.45.71:4191,linkerd-proxy,linkerd,,linkerd-destination-654f8848f5-4tr7b,,278,,,,,linkerd-destination,destination,linkerd,inbound,,654f8848f5,200,true,linkerd,,linkerd-prometheus.linkerd.serviceaccount.identity.linkerd.cluster.local,,,,,,,,,,
1615588123.461,response_latency_ms_count,,,10.1.45.71:4191,linkerd-proxy,linkerd,,linkerd-destination-654f8848f5-4tr7b,,279,,,,,linkerd-destination,destination,linkerd,inbound,,654f8848f5,200,true,linkerd,,linkerd-prometheus.linkerd.serviceaccount.identity.linkerd.cluster.local,,,,,,,,,,
1615588133.461,response_latency_ms_count,,,10.1.45.71:4191,linkerd-proxy,linkerd,,linkerd-destination-654f8848f5-4tr7b,,280,,,,,linkerd-destination,destination,linkerd,inbound,,654f8848f5,200,true,linkerd,,linkerd-prometheus.linkerd.serviceaccount.identity.linkerd.cluster.local,,,,,,,,,,
1615588143.461,response_latency_ms_count,,,10.1.45.71:4191,linkerd-proxy,linkerd,,linkerd-destination-654f8848f5-4tr7b,,281,,,,,linkerd-destination,destination,linkerd,inbound,,654f8848f5,200,true,linkerd,,linkerd-prometheus.linkerd.serviceaccount.identity.linkerd.cluster.local,,,,,,,,,,
1615588153.461,response_latency_ms_count,,,10.1.45.71:4191,linkerd-proxy,linkerd,,linkerd-destination-654f8848f5-4tr7b,,282,,,,,linkerd-destination,destination,linkerd,inbound,,654f8848f5,200,true,linkerd,,linkerd-prometheus.linkerd.serviceaccount.identity.linkerd.cluster.local,,,,,,,,,,
1615588163.461,response_latency_ms_count,,,10.1.45.71:4191,linkerd-proxy,linkerd,,linkerd-destination-654f8848f5-4tr7b,,283,,,,,linkerd-destination,destination,linkerd,inbound,,654f8848f5,200,true,linkerd,,linkerd-prometheus.linkerd.serviceaccount.identity.linkerd.cluster.local,,,,,,,,,,
1615588173.461,response_latency_ms_count,,,10.1.45.71:4191,linkerd-proxy,linkerd,,linkerd-destination-654f8848f5-4tr7b,,284,,,,,linkerd-destination,destination,linkerd,inbound,,654f8848f5,200,true,linkerd,,linkerd-prometheus.linkerd.serviceaccount.identity.linkerd.cluster.local,,,,,,,,,,
1615588183.461,response_latency_ms_count,,,10.1.45.71:4191,linkerd-proxy,linkerd,,linkerd-destination-654f8848f5-4tr7b,,285,,,,,linkerd-destination,destination,linkerd,inbound,,654f8848f5,200,true,linkerd,,linkerd-prometheus.linkerd.serviceaccount.identity.linkerd.cluster.local,,,,,,,,,,
1615588193.461,response_latency_ms_count,,,10.1.45.71:4191,linkerd-proxy,linkerd,,linkerd-destination-654f8848f5-4tr7b,,286,,,,,linkerd-destination,destination,linkerd,inbound,,654f8848f5,200,true,linkerd,,linkerd-prometheus.linkerd.serviceaccount.identity.linkerd.cluster.local,,,,,,,,,,
1615588203.461,response_latency_ms_count,,,10.1.45.71:4191,linkerd-proxy,linkerd,,linkerd-destination-654f8848f5-4tr7b,,287,,,,,linkerd-destination,destination,linkerd,inbound,,654f8848f5,200,true,linkerd,,linkerd-prometheus.linkerd.serviceaccount.identity.linkerd.cluster.local,,,,,,,,,,
1615588093.729,response_latency_ms_count,,,10.1.45.78:4191,linkerd-proxy,linkerd,,linkerd-prometheus-5bccd64d4d-jzwmt,,277,,,,,linkerd-prometheus,prometheus,linkerd,outbound,,5bccd64d4d,200,true,linkerd,10.1.45.72:4191,,linkerd,linkerd-identity,linkerd,linkerd-identity-57f4bc9db9-gb7rk,57f4bc9db9,linkerd-identity,linkerd-identity.linkerd.serviceaccount.identity.linkerd.cluster.local,,,
1615588103.729,response_latency_ms_count,,,10.1.45.78:4191,linkerd-proxy,linkerd,,linkerd-prometheus-5bccd64d4d-jzwmt,,278,,,,,linkerd-prometheus,prometheus,linkerd,outbound,,5bccd64d4d,200,true,linkerd,10.1.45.72:4191,,linkerd,linkerd-identity,linkerd,linkerd-identity-57f4bc9db9-gb7rk,57f4bc9db9,linkerd-identity,linkerd-identity.linkerd.serviceaccount.identity.linkerd.cluster.local,,,
1615588113.729,response_latency_ms_count,,,10.1.45.78:4191,linkerd-proxy,linkerd,,linkerd-prometheus-5bccd64d4d-jzwmt,,279,,,,,linkerd-prometheus,prometheus,linkerd,outbound,,5bccd64d4d,200,true,linkerd,10.1.45.72:4191,,linkerd,linkerd-identity,linkerd,linkerd-identity-57f4bc9db9-gb7rk,57f4bc9db9,linkerd-identity,linkerd-identity.linkerd.serviceaccount.identity.linkerd.cluster.local,,,
1615588123.729,response_latency_ms_count,,,10.1.45.78:4191,linkerd-proxy,linkerd,,linkerd-prometheus-5bccd64d4d-jzwmt,,280,,,,,linkerd-prometheus,prometheus,linkerd,outbound,,5bccd64d4d,200,true,linkerd,10.1.45.72:4191,,linkerd,linkerd-identity,linkerd,linkerd-identity-57f4bc9db9-gb7rk,57f4bc9db9,linkerd-identity,linkerd-identity.linkerd.serviceaccount.identity.linkerd.cluster.local,,,
1615588133.729,response_latency_ms_count,,,10.1.45.78:4191,linkerd-proxy,linkerd,,linkerd-prometheus-5bccd64d4d-jzwmt,,281,,,,,linkerd-prometheus,prometheus,linkerd,outbound,,5bccd64d4d,200,true,linkerd,10.1.45.72:4191,,linkerd,linkerd-identity,linkerd,linkerd-identity-57f4bc9db9-gb7rk,57f4bc9db9,linkerd-identity,linkerd-identity.linkerd.serviceaccount.identity.linkerd.cluster.local,,,
1615588143.729,response_latency_ms_count,,,10.1.45.78:4191,linkerd-proxy,linkerd,,linkerd-prometheus-5bccd64d4d-jzwmt,,282,,,,,linkerd-prometheus,prometheus,linkerd,outbound,,5bccd64d4d,200,true,linkerd,10.1.45.72:4191,,linkerd,linkerd-identity,linkerd,linkerd-identity-57f4bc9db9-gb7rk,57f4bc9db9,linkerd-identity,linkerd-identity.linkerd.serviceaccount.identity.linkerd.cluster.local,,,
1615588153.729,response_latency_ms_count,,,10.1.45.78:4191,linkerd-proxy,linkerd,,linkerd-prometheus-5bccd64d4d-jzwmt,,283,,,,,linkerd-prometheus,prometheus,linkerd,outbound,,5bccd64d4d,200,true,linkerd,10.1.45.72:4191,,linkerd,linkerd-identity,linkerd,linkerd-identity-57f4bc9db9-gb7rk,57f4bc9db9,linkerd-identity,linkerd-identity.linkerd.serviceaccount.identity.linkerd.cluster.local,,,
1615588163.729,response_latency_ms_count,,,10.1.45.78:4191,linkerd-proxy,linkerd,,linkerd-prometheus-5bccd64d4d-jzwmt,,284,,,,,linkerd-prometheus,prometheus,linkerd,outbound,,5bccd64d4d,200,true,linkerd,10.1.45.72:4191,,linkerd,linkerd-identity,linkerd,linkerd-identity-57f4bc9db9-gb7rk,57f4bc9db9,linkerd-identity,linkerd-identity.linkerd.serviceaccount.identity.linkerd.cluster.local,,,
1615588173.729,response_latency_ms_count,,,10.1.45.78:4191,linkerd-proxy,linkerd,,linkerd-prometheus-5bccd64d4d-jzwmt,,285,,,,,linkerd-prometheus,prometheus,linkerd,outbound,,5bccd64d4d,200,true,linkerd,10.1.45.72:4191,,linkerd,linkerd-identity,linkerd,linkerd-identity-57f4bc9db9-gb7rk,57f4bc9db9,linkerd-identity,linkerd-identity.linkerd.serviceaccount.identity.linkerd.cluster.local,,,
1615588183.729,response_latency_ms_count,,,10.1.45.78:4191,linkerd-proxy,linkerd,,linkerd-prometheus-5bccd64d4d-jzwmt,,286,,,,,linkerd-prometheus,prometheus,linkerd,outbound,,5bccd64d4d,200,true,linkerd,10.1.45.72:4191,,linkerd,linkerd-identity,linkerd,linkerd-identity-57f4bc9db9-gb7rk,57f4bc9db9,linkerd-identity,linkerd-identity.linkerd.serviceaccount.identity.linkerd.cluster.local,,,
1615588193.731,response_latency_ms_count,,,10.1.45.78:4191,linkerd-proxy,linkerd,,linkerd-prometheus-5bccd64d4d-jzwmt,,287,,,,,linkerd-prometheus,prometheus,linkerd,outbound,,5bccd64d4d,200,true,linkerd,10.1.45.72:4191,,linkerd,linkerd-identity,linkerd,linkerd-identity-57f4bc9db9-gb7rk,57f4bc9db9,linkerd-identity,linkerd-identity.linkerd.serviceaccount.identity.linkerd.cluster.local,,,
1615588203.729,response_latency_ms_count,,,10.1.45.78:4191,linkerd-proxy,linkerd,,linkerd-prometheus-5bccd64d4d-jzwmt,,288,,,,,linkerd-prometheus,prometheus,linkerd,outbound,,5bccd64d4d,200,true,linkerd,10.1.45.72:4191,,linkerd,linkerd-identity,linkerd,linkerd-identity-57f4bc9db9-gb7rk,57f4bc9db9,linkerd-identity,linkerd-identity.linkerd.serviceaccount.identity.linkerd.cluster.local,,,
1615588093.729,response_latency_ms_count,,,10.1.45.78:4191,linkerd-proxy,linkerd,,linkerd-prometheus-5bccd64d4d-jzwmt,,277,,,,,linkerd-prometheus,prometheus,linkerd,outbound,,5bccd64d4d,200,true,linkerd,10.1.45.71:4191,,linkerd,linkerd-destination,linkerd,linkerd-destination-654f8848f5-4tr7b,654f8848f5,linkerd-destination,linkerd-destination.linkerd.serviceaccount.identity.linkerd.cluster.local,,,
1615588103.729,response_latency_ms_count,,,10.1.45.78:4191,linkerd-proxy,linkerd,,linkerd-prometheus-5bccd64d4d-jzwmt,,278,,,,,linkerd-prometheus,prometheus,linkerd,outbound,,5bccd64d4d,200,true,linkerd,10.1.45.71:4191,,linkerd,linkerd-destination,linkerd,linkerd-destination-654f8848f5-4tr7b,654f8848f5,linkerd-destination,linkerd-destination.linkerd.serviceaccount.identity.linkerd.cluster.local,,,
1615588113.729,response_latency_ms_count,,,10.1.45.78:4191,linkerd-proxy,linkerd,,linkerd-prometheus-5bccd64d4d-jzwmt,,279,,,,,linkerd-prometheus,prometheus,linkerd,outbound,,5bccd64d4d,200,true,linkerd,10.1.45.71:4191,,linkerd,linkerd-destination,linkerd,linkerd-destination-654f8848f5-4tr7b,654f8848f5,linkerd-destination,linkerd-destination.linkerd.serviceaccount.identity.linkerd.cluster.local,,,
1615588123.729,response_latency_ms_count,,,10.1.45.78:4191,linkerd-proxy,linkerd,,linkerd-prometheus-5bccd64d4d-jzwmt,,280,,,,,linkerd-prometheus,prometheus,linkerd,outbound,,5bccd64d4d,200,true,linkerd,10.1.45.71:4191,,linkerd,linkerd-destination,linkerd,linkerd-destination-654f8848f5-4tr7b,654f8848f5,linkerd-destination,linkerd-destination.linkerd.serviceaccount.identity.linkerd.cluster.local,,,
1615588133.729,response_latency_ms_count,,,10.1.45.78:4191,linkerd-proxy,linkerd,,linkerd-prometheus-5bccd64d4d-jzwmt,,281,,,,,linkerd-prometheus,prometheus,linkerd,outbound,,5bccd64d4d,200,true,linkerd,10.1.45.71:4191,,linkerd,linkerd-destination,linkerd,linkerd-destination-654f8848f5-4tr7b,654f8848f5,linkerd-destination,linkerd-destination.linkerd.serviceaccount.identity.linkerd.cluster.local,,,
1615588143.729,response_latency_ms_count,,,10.1.45.78:4191,linkerd-proxy,linkerd,,linkerd-prometheus-5bccd64d4d-jzwmt,,282,,,,,linkerd-prometheus,prometheus,linkerd,outbound,,5bccd64d4d,200,true,linkerd,10.1.45.71:4191,,linkerd,linkerd-destination,linkerd,linkerd-destination-654f8848f5-4tr7b,654f8848f5,linkerd-destination,linkerd-destination.linkerd.serviceaccount.identity.linkerd.cluster.local,,,
1615588153.729,response_latency_ms_count,,,10.1.45.78:4191,linkerd-proxy,linkerd,,linkerd-prometheus-5bccd64d4d-jzwmt,,283,,,,,linkerd-prometheus,prometheus,linkerd,outbound,,5bccd64d4d,200,true,linkerd,10.1.45.71:4191,,linkerd,linkerd-destination,linkerd,linkerd-destination-654f8848f5-4tr7b,654f8848f5,linkerd-destination,linkerd-destination.linkerd.serviceaccount.identity.linkerd.cluster.local,,,
1615588163.729,response_latency_ms_count,,,10.1.45.78:4191,linkerd-proxy,linkerd,,linkerd-prometheus-5bccd64d4d-jzwmt,,284,,,,,linkerd-prometheus,prometheus,linkerd,outbound,,5bccd64d4d,200,true,linkerd,10.1.45.71:4191,,linkerd,linkerd-destination,linkerd,linkerd-destination-654f8848f5-4tr7b,654f8848f5,linkerd-destination,linkerd-destination.linkerd.serviceaccount.identity.linkerd.cluster.local,,,
1615588173.729,response_latency_ms_count,,,10.1.45.78:4191,linkerd-proxy,linkerd,,linkerd-prometheus-5bccd64d4d-jzwmt,,285,,,,,linkerd-prometheus,prometheus,linkerd,outbound,,5bccd64d4d,200,true,linkerd,10.1.45.71:4191,,linkerd,linkerd-destination,linkerd,linkerd-destination-654f8848f5-4tr7b,654f8848f5,linkerd-destination,linkerd-destination.linkerd.serviceaccount.identity.linkerd.cluster.local,,,
1615588183.729,response_latency_ms_count,,,10.1.45.78:4191,linkerd-proxy,linkerd,,linkerd-prometheus-5bccd64d4d-jzwmt,,286,,,,,linkerd-prometheus,prometheus,linkerd,outbound,,5bccd64d4d,200,true,linkerd,10.1.45.71:4191,,linkerd,linkerd-destination,linkerd,linkerd-destination-654f8848f5-4tr7b,654f8848f5,linkerd-destination,linkerd-destination.linkerd.serviceaccount.identity.linkerd.cluster.local,,,
1615588193.731,response_latency_ms_count,,,10.1.45.78:4191,linkerd-proxy,linkerd,,linkerd-prometheus-5bccd64d4d-jzwmt,,287,,,,,linkerd-prometheus,prometheus,linkerd,outbound,,5bccd64d4d,200,true,linkerd,10.1.45.71:4191,,linkerd,linkerd-destination,linkerd,linkerd-destination-654f8848f5-4tr7b,654f8848f5,linkerd-destination,linkerd-destination.linkerd.serviceaccount.identity.linkerd.cluster.local,,,
1615588203.729,response_latency_ms_count,,,10.1.45.78:4191,linkerd-proxy,linkerd,,linkerd-prometheus-5bccd64d4d-jzwmt,,288,,,,,linkerd-prometheus,prometheus,linkerd,outbound,,5bccd64d4d,200,true,linkerd,10.1.45.71:4191,,linkerd,linkerd-destination,linkerd,linkerd-destination-654f8848f5-4tr7b,654f8848f5,linkerd-destination,linkerd-destination.linkerd.serviceaccount.identity.linkerd.cluster.local,,,
1615588093.729,response_latency_ms_count,,,10.1.45.78:4191,linkerd-proxy,linkerd,,linkerd-prometheus-5bccd64d4d-jzwmt,,276,,,,,linkerd-prometheus,prometheus,linkerd,outbound,,5bccd64d4d,200,true,linkerd,10.1.45.79:3000,,linkerd,linkerd-grafana,linkerd,linkerd-grafana-ddd5c496f-cctr6,ddd5c496f,linkerd-grafana,linkerd-grafana.linkerd.serviceaccount.identity.linkerd.cluster.local,,,
1615588103.729,response_latency_ms_count,,,10.1.45.78:4191,linkerd-proxy,linkerd,,linkerd-prometheus-5bccd64d4d-jzwmt,,277,,,,,linkerd-prometheus,prometheus,linkerd,outbound,,5bccd64d4d,200,true,linkerd,10.1.45.79:3000,,linkerd,linkerd-grafana,linkerd,linkerd-grafana-ddd5c496f-cctr6,ddd5c496f,linkerd-grafana,linkerd-grafana.linkerd.serviceaccount.identity.linkerd.cluster.local,,,
1615588113.729,response_latency_ms_count,,,10.1.45.78:4191,linkerd-proxy,linkerd,,linkerd-prometheus-5bccd64d4d-jzwmt,,278,,,,,linkerd-prometheus,prometheus,linkerd,outbound,,5bccd64d4d,200,true,linkerd,10.1.45.79:3000,,linkerd,linkerd-grafana,linkerd,linkerd-grafana-ddd5c496f-cctr6,ddd5c496f,linkerd-grafana,linkerd-grafana.linkerd.serviceaccount.identity.linkerd.cluster.local,,,
1615588123.729,response_latency_ms_count,,,10.1.45.78:4191,linkerd-proxy,linkerd,,linkerd-prometheus-5bccd64d4d-jzwmt,,279,,,,,linkerd-prometheus,prometheus,linkerd,outbound,,5bccd64d4d,200,true,linkerd,10.1.45.79:3000,,linkerd,linkerd-grafana,linkerd,linkerd-grafana-ddd5c496f-cctr6,ddd5c496f,linkerd-grafana,linkerd-grafana.linkerd.serviceaccount.identity.linkerd.cluster.local,,,
1615588133.729,response_latency_ms_count,,,10.1.45.78:4191,linkerd-proxy,linkerd,,linkerd-prometheus-5bccd64d4d-jzwmt,,280,,,,,linkerd-prometheus,prometheus,linkerd,outbound,,5bccd64d4d,200,true,linkerd,10.1.45.79:3000,,linkerd,linkerd-grafana,linkerd,linkerd-grafana-ddd5c496f-cctr6,ddd5c496f,linkerd-grafana,linkerd-grafana.linkerd.serviceaccount.identity.linkerd.cluster.local,,,
1615588143.729,response_latency_ms_count,,,10.1.45.78:4191,linkerd-proxy,linkerd,,linkerd-prometheus-5bccd64d4d-jzwmt,,281,,,,,linkerd-prometheus,prometheus,linkerd,outbound,,5bccd64d4d,200,true,linkerd,10.1.45.79:3000,,linkerd,linkerd-grafana,linkerd,linkerd-grafana-ddd5c496f-cctr6,ddd5c496f,linkerd-grafana,linkerd-grafana.linkerd.serviceaccount.identity.linkerd.cluster.local,,,
1615588153.729,response_latency_ms_count,,,10.1.45.78:4191,linkerd-proxy,linkerd,,linkerd-prometheus-5bccd64d4d-jzwmt,,282,,,,,linkerd-prometheus,prometheus,linkerd,outbound,,5bccd64d4d,200,true,linkerd,10.1.45.79:3000,,linkerd,linkerd-grafana,linkerd,linkerd-grafana-ddd5c496f-cctr6,ddd5c496f,linkerd-grafana,linkerd-grafana.linkerd.serviceaccount.identity.linkerd.cluster.local,,,
1615588163.729,response_latency_ms_count,,,10.1.45.78:4191,linkerd-proxy,linkerd,,linkerd-prometheus-5bccd64d4d-jzwmt,,283,,,,,linkerd-prometheus,prometheus,linkerd,outbound,,5bccd64d4d,200,true,linkerd,10.1.45.79:3000,,linkerd,linkerd-grafana,linkerd,linkerd-grafana-ddd5c496f-cctr6,ddd5c496f,linkerd-grafana,linkerd-grafana.linkerd.serviceaccount.identity.linkerd.cluster.local,,,
1615588173.729,response_latency_ms_count,,,10.1.45.78:4191,linkerd-proxy,linkerd,,linkerd-prometheus-5bccd64d4d-jzwmt,,284,,,,,linkerd-prometheus,prometheus,linkerd,outbound,,5bccd64d4d,200,true,linkerd,10.1.45.79:3000,,linkerd,linkerd-grafana,linkerd,linkerd-grafana-ddd5c496f-cctr6,ddd5c496f,linkerd-grafana,linkerd-grafana.linkerd.serviceaccount.identity.linkerd.cluster.local,,,
1615588183.729,response_latency_ms_count,,,10.1.45.78:4191,linkerd-proxy,linkerd,,linkerd-prometheus-5bccd64d4d-jzwmt,,285,,,,,linkerd-prometheus,prometheus,linkerd,outbound,,5bccd64d4d,200,true,linkerd,10.1.45.79:3000,,linkerd,linkerd-grafana,linkerd,linkerd-grafana-ddd5c496f-cctr6,ddd5c496f,linkerd-grafana,linkerd-grafana.linkerd.serviceaccount.identity.linkerd.cluster.local,,,
1615588193.731,response_latency_ms_count,,,10.1.45.78:4191,linkerd-proxy,linkerd,,linkerd-prometheus-5bccd64d4d-jzwmt,,286,,,,,linkerd-prometheus,prometheus,linkerd,outbound,,5bccd64d4d,200,true,linkerd,10.1.45.79:3000,,linkerd,linkerd-grafana,linkerd,linkerd-grafana-ddd5c496f-cctr6,ddd5c496f,linkerd-grafana,linkerd-grafana.linkerd.serviceaccount.identity.linkerd.cluster.local,,,
1615588203.729,response_latency_ms_count,,,10.1.45.78:4191,linkerd-proxy,linkerd,,linkerd-prometheus-5bccd64d4d-jzwmt,,287,,,,,linkerd-prometheus,prometheus,linkerd,outbound,,5bccd64d4d,200,true,linkerd,10.1.45.79:3000,,linkerd,linkerd-grafana,linkerd,linkerd-grafana-ddd5c496f-cctr6,ddd5c496f,linkerd-grafana,linkerd-grafana.linkerd.serviceaccount.identity.linkerd.cluster.local,,,
1615588093.729,response_latency_ms_count,,,10.1.45.78:4191,linkerd-proxy,linkerd,,linkerd-prometheus-5bccd64d4d-jzwmt,,276,,,,,linkerd-prometheus,prometheus,linkerd,outbound,,5bccd64d4d,200,true,linkerd,10.1.45.70:9995,,linkerd,linkerd-proxy-injector,linkerd,linkerd-proxy-injector-666c478cbb-z7nnc,666c478cbb,linkerd-proxy-injector,linkerd-proxy-injector.linkerd.serviceaccount.identity.linkerd.cluster.local,,,
1615588103.729,response_latency_ms_count,,,10.1.45.78:4191,linkerd-proxy,linkerd,,linkerd-prometheus-5bccd64d4d-jzwmt,,277,,,,,linkerd-prometheus,prometheus,linkerd,outbound,,5bccd64d4d,200,true,linkerd,10.1.45.70:9995,,linkerd,linkerd-proxy-injector,linkerd,linkerd-proxy-injector-666c478cbb-z7nnc,666c478cbb,linkerd-proxy-injector,linkerd-proxy-injector.linkerd.serviceaccount.identity.linkerd.cluster.local,,,
1615588113.729,response_latency_ms_count,,,10.1.45.78:4191,linkerd-proxy,linkerd,,linkerd-prometheus-5bccd64d4d-jzwmt,,278,,,,,linkerd-prometheus,prometheus,linkerd,outbound,,5bccd64d4d,200,true,linkerd,10.1.45.70:9995,,linkerd,linkerd-proxy-injector,linkerd,linkerd-proxy-injector-666c478cbb-z7nnc,666c478cbb,linkerd-proxy-injector,linkerd-proxy-injector.linkerd.serviceaccount.identity.linkerd.cluster.local,,,
1615588123.729,response_latency_ms_count,,,10.1.45.78:4191,linkerd-proxy,linkerd,,linkerd-prometheus-5bccd64d4d-jzwmt,,279,,,,,linkerd-prometheus,prometheus,linkerd,outbound,,5bccd64d4d,200,true,linkerd,10.1.45.70:9995,,linkerd,linkerd-proxy-injector,linkerd,linkerd-proxy-injector-666c478cbb-z7nnc,666c478cbb,linkerd-proxy-injector,linkerd-proxy-injector.linkerd.serviceaccount.identity.linkerd.cluster.local,,,
1615588133.729,response_latency_ms_count,,,10.1.45.78:4191,linkerd-proxy,linkerd,,linkerd-prometheus-5bccd64d4d-jzwmt,,280,,,,,linkerd-prometheus,prometheus,linkerd,outbound,,5bccd64d4d,200,true,linkerd,10.1.45.70:9995,,linkerd,linkerd-proxy-injector,linkerd,linkerd-proxy-injector-666c478cbb-z7nnc,666c478cbb,linkerd-proxy-injector,linkerd-proxy-injector.linkerd.serviceaccount.identity.linkerd.cluster.local,,,
1615588143.729,response_latency_ms_count,,,10.1.45.78:4191,linkerd-proxy,linkerd,,linkerd-prometheus-5bccd64d4d-jzwmt,,281,,,,,linkerd-prometheus,prometheus,linkerd,outbound,,5bccd64d4d,200,true,linkerd,10.1.45.70:9995,,linkerd,linkerd-proxy-injector,linkerd,linkerd-proxy-injector-666c478cbb-z7nnc,666c478cbb,linkerd-proxy-injector,linkerd-proxy-injector.linkerd.serviceaccount.identity.linkerd.cluster.local,,,
1615588153.729,response_latency_ms_count,,,10.1.45.78:4191,linkerd-proxy,linkerd,,linkerd-prometheus-5bccd64d4d-jzwmt,,282,,,,,linkerd-prometheus,prometheus,linkerd,outbound,,5bccd64d4d,200,true,linkerd,10.1.45.70:9995,,linkerd,linkerd-proxy-injector,linkerd,linkerd-proxy-injector-666c478cbb-z7nnc,666c478cbb,linkerd-proxy-injector,linkerd-proxy-injector.linkerd.serviceaccount.identity.linkerd.cluster.local,,,
1615588163.729,response_latency_ms_count,,,10.1.45.78:4191,linkerd-proxy,linkerd,,linkerd-prometheus-5bccd64d4d-jzwmt,,283,,,,,linkerd-prometheus,prometheus,linkerd,outbound,,5bccd64d4d,200,true,linkerd,10.1.45.70:9995,,linkerd,linkerd-proxy-injector,linkerd,linkerd-proxy-injector-666c478cbb-z7nnc,666c478cbb,linkerd-proxy-injector,linkerd-proxy-injector.linkerd.serviceaccount.identity.linkerd.cluster.local,,,
1615588173.729,response_latency_ms_count,,,10.1.45.78:4191,linkerd-proxy,linkerd,,linkerd-prometheus-5bccd64d4d-jzwmt,,284,,,,,linkerd-prometheus,prometheus,linkerd,outbound,,5bccd64d4d,200,true,linkerd,10.1.45.70:9995,,linkerd,linkerd-proxy-injector,linkerd,linkerd-proxy-injector-666c478cbb-z7nnc,666c478cbb,linkerd-proxy-injector,linkerd-proxy-injector.linkerd.serviceaccount.identity.linkerd.cluster.local,,,
1615588183.729,response_latency_ms_count,,,10.1.45.78:4191,linkerd-proxy,linkerd,,linkerd-prometheus-5bccd64d4d-jzwmt,,285,,,,,linkerd-prometheus,prometheus,linkerd,outbound,,5bccd64d4d,200,true,linkerd,10.1.45.70:9995,,linkerd,linkerd-proxy-injector,linkerd,linkerd-proxy-injector-666c478cbb-z7nnc,666c478cbb,linkerd-proxy-injector,linkerd-proxy-injector.linkerd.serviceaccount.identity.linkerd.cluster.local,,,
1615588193.731,response_latency_ms_count,,,10.1.45.78:4191,linkerd-proxy,linkerd,,linkerd-prometheus-5bccd64d4d-jzwmt,,286,,,,,linkerd-prometheus,prometheus,linkerd,outbound,,5bccd64d4d,200,true,linkerd,10.1.45.70:9995,,linkerd,linkerd-proxy-injector,linkerd,linkerd-proxy-injector-666c478cbb-z7nnc,666c478cbb,linkerd-proxy-injector,linkerd-proxy-injector.linkerd.serviceaccount.identity.linkerd.cluster.local,,,
1615588203.729,response_latency_ms_count,,,10.1.45.78:4191,linkerd-proxy,linkerd,,linkerd-prometheus-5bccd64d4d-jzwmt,,287,,,,,linkerd-prometheus,prometheus,linkerd,outbound,,5bccd64d4d,200,true,linkerd,10.1.45.70:9995,,linkerd,linkerd-proxy-injector,linkerd,linkerd-proxy-injector-666c478cbb-z7nnc,666c478cbb,linkerd-proxy-injector,linkerd-proxy-injector.linkerd.serviceaccount.identity.linkerd.cluster.local,,,
1615588093.729,response_latency_ms_count,,,10.1.45.78:4191,linkerd-proxy,linkerd,,linkerd-prometheus-5bccd64d4d-jzwmt,,276,,,,,linkerd-prometheus,prometheus,linkerd,outbound,,5bccd64d4d,200,true,linkerd,10.1.45.75:9995,,linkerd,linkerd-controller,linkerd,linkerd-controller-798d449c77-qk6j4,798d449c77,linkerd-controller,linkerd-controller.linkerd.serviceaccount.identity.linkerd.cluster.local,,,
1615588103.729,response_latency_ms_count,,,10.1.45.78:4191,linkerd-proxy,linkerd,,linkerd-prometheus-5bccd64d4d-jzwmt,,277,,,,,linkerd-prometheus,prometheus,linkerd,outbound,,5bccd64d4d,200,true,linkerd,10.1.45.75:9995,,linkerd,linkerd-controller,linkerd,linkerd-controller-798d449c77-qk6j4,798d449c77,linkerd-controller,linkerd-controller.linkerd.serviceaccount.identity.linkerd.cluster.local,,,
1615588113.729,response_latency_ms_count,,,10.1.45.78:4191,linkerd-proxy,linkerd,,linkerd-prometheus-5bccd64d4d-jzwmt,,278,,,,,linkerd-prometheus,prometheus,linkerd,outbound,,5bccd64d4d,200,true,linkerd,10.1.45.75:9995,,linkerd,linkerd-controller,linkerd,linkerd-controller-798d449c77-qk6j4,798d449c77,linkerd-controller,linkerd-controller.linkerd.serviceaccount.identity.linkerd.cluster.local,,,
1615588123.729,response_latency_ms_count,,,10.1.45.78:4191,linkerd-proxy,linkerd,,linkerd-prometheus-5bccd64d4d-jzwmt,,279,,,,,linkerd-prometheus,prometheus,linkerd,outbound,,5bccd64d4d,200,true,linkerd,10.1.45.75:9995,,linkerd,linkerd-controller,linkerd,linkerd-controller-798d449c77-qk6j4,798d449c77,linkerd-controller,linkerd-controller.linkerd.serviceaccount.identity.linkerd.cluster.local,,,
1615588133.729,response_latency_ms_count,,,10.1.45.78:4191,linkerd-proxy,linkerd,,linkerd-prometheus-5bccd64d4d-jzwmt,,280,,,,,linkerd-prometheus,prometheus,linkerd,outbound,,5bccd64d4d,200,true,linkerd,10.1.45.75:9995,,linkerd,linkerd-controller,linkerd,linkerd-controller-798d449c77-qk6j4,798d449c77,linkerd-controller,linkerd-controller.linkerd.serviceaccount.identity.linkerd.cluster.local,,,
1615588143.729,response_latency_ms_count,,,10.1.45.78:4191,linkerd-proxy,linkerd,,linkerd-prometheus-5bccd64d4d-jzwmt,,281,,,,,linkerd-prometheus,prometheus,linkerd,outbound,,5bccd64d4d,200,true,linkerd,10.1.45.75:9995,,linkerd,linkerd-controller,linkerd,linkerd-controller-798d449c77-qk6j4,798d449c77,linkerd-controller,linkerd-controller.linkerd.serviceaccount.identity.linkerd.cluster.local,,,
1615588153.729,response_latency_ms_count,,,10.1.45.78:4191,linkerd-proxy,linkerd,,linkerd-prometheus-5bccd64d4d-jzwmt,,282,,,,,linkerd-prometheus,prometheus,linkerd,outbound,,5bccd64d4d,200,true,linkerd,10.1.45.75:9995,,linkerd,linkerd-controller,linkerd,linkerd-controller-798d449c77-qk6j4,798d449c77,linkerd-controller,linkerd-controller.linkerd.serviceaccount.identity.linkerd.cluster.local,,,
1615588163.729,response_latency_ms_count,,,10.1.45.78:4191,linkerd-proxy,linkerd,,linkerd-prometheus-5bccd64d4d-jzwmt,,283,,,,,linkerd-prometheus,prometheus,linkerd,outbound,,5bccd64d4d,200,true,linkerd,10.1.45.75:9995,,linkerd,linkerd-controller,linkerd,linkerd-controller-798d449c77-qk6j4,798d449c77,linkerd-controller,linkerd-controller.linkerd.serviceaccount.identity.linkerd.cluster.local,,,
1615588173.729,response_latency_ms_count,,,10.1.45.78:4191,linkerd-proxy,linkerd,,linkerd-prometheus-5bccd64d4d-jzwmt,,284,,,,,linkerd-prometheus,prometheus,linkerd,outbound,,5bccd64d4d,200,true,linkerd,10.1.45.75:9995,,linkerd,linkerd-controller,linkerd,linkerd-controller-798d449c77-qk6j4,798d449c77,linkerd-controller,linkerd-controller.linkerd.serviceaccount.identity.linkerd.cluster.local,,,
1615588183.729,response_latency_ms_count,,,10.1.45.78:4191,linkerd-proxy,linkerd,,linkerd-prometheus-5bccd64d4d-jzwmt,,285,,,,,linkerd-prometheus,prometheus,linkerd,outbound,,5bccd64d4d,200,true,linkerd,10.1.45.75:9995,,linkerd,linkerd-controller,linkerd,linkerd-controller-798d449c77-qk6j4,798d449c77,linkerd-controller,linkerd-controller.linkerd.serviceaccount.identity.linkerd.cluster.local,,,
1615588193.731,response_latency_ms_count,,,10.1.45.78:4191,linkerd-proxy,linkerd,,linkerd-prometheus-5bccd64d4d-jzwmt,,286,,,,,linkerd-prometheus,prometheus,linkerd,outbound,,5bccd64d4d,200,true,linkerd,10.1.45.75:9995,,linkerd,linkerd-controller,linkerd,linkerd-controller-798d449c77-qk6j4,798d449c77,linkerd-controller,linkerd-controller.linkerd.serviceaccount.identity.linkerd.cluster.local,,,
1615588203.729,response_latency_ms_count,,,10.1.45.78:4191,linkerd-proxy,linkerd,,linkerd-prometheus-5bccd64d4d-jzwmt,,287,,,,,linkerd-prometheus,prometheus,linkerd,outbound,,5bccd64d4d,200,true,linkerd,10.1.45.75:9995,,linkerd,linkerd-controller,linkerd,linkerd-controller-798d449c77-qk6j4,798d449c77,linkerd-controller,linkerd-controller.linkerd.serviceaccount.identity.linkerd.cluster.local,,,
1615588093.729,response_latency_ms_count,,,10.1.45.78:4191,linkerd-proxy,linkerd,,linkerd-prometheus-5bccd64d4d-jzwmt,,276,,,,,linkerd-prometheus,prometheus,linkerd,outbound,,5bccd64d4d,200,true,linkerd,10.1.45.75:4191,,linkerd,linkerd-controller,linkerd,linkerd-controller-798d449c77-qk6j4,798d449c77,linkerd-controller,linkerd-controller.linkerd.serviceaccount.identity.linkerd.cluster.local,,,
1615588103.729,response_latency_ms_count,,,10.1.45.78:4191,linkerd-proxy,linkerd,,linkerd-prometheus-5bccd64d4d-jzwmt,,277,,,,,linkerd-prometheus,prometheus,linkerd,outbound,,5bccd64d4d,200,true,linkerd,10.1.45.75:4191,,linkerd,linkerd-controller,linkerd,linkerd-controller-798d449c77-qk6j4,798d449c77,linkerd-controller,linkerd-controller.linkerd.serviceaccount.identity.linkerd.cluster.local,,,
1615588113.729,response_latency_ms_count,,,10.1.45.78:4191,linkerd-proxy,linkerd,,linkerd-prometheus-5bccd64d4d-jzwmt,,278,,,,,linkerd-prometheus,prometheus,linkerd,outbound,,5bccd64d4d,200,true,linkerd,10.1.45.75:4191,,linkerd,linkerd-controller,linkerd,linkerd-controller-798d449c77-qk6j4,798d449c77,linkerd-controller,linkerd-controller.linkerd.serviceaccount.identity.linkerd.cluster.local,,,
1615588123.729,response_latency_ms_count,,,10.1.45.78:4191,linkerd-proxy,linkerd,,linkerd-prometheus-5bccd64d4d-jzwmt,,279,,,,,linkerd-prometheus,prometheus,linkerd,outbound,,5bccd64d4d,200,true,linkerd,10.1.45.75:4191,,linkerd,linkerd-controller,linkerd,linkerd-controller-798d449c77-qk6j4,798d449c77,linkerd-controller,linkerd-controller.linkerd.serviceaccount.identity.linkerd.cluster.local,,,
1615588133.729,response_latency_ms_count,,,10.1.45.78:4191,linkerd-proxy,linkerd,,linkerd-prometheus-5bccd64d4d-jzwmt,,280,,,,,linkerd-prometheus,prometheus,linkerd,outbound,,5bccd64d4d,200,true,linkerd,10.1.45.75:4191,,linkerd,linkerd-controller,linkerd,linkerd-controller-798d449c77-qk6j4,798d449c77,linkerd-controller,linkerd-controller.linkerd.serviceaccount.identity.linkerd.cluster.local,,,
1615588143.729,response_latency_ms_count,,,10.1.45.78:4191,linkerd-proxy,linkerd,,linkerd-prometheus-5bccd64d4d-jzwmt,,281,,,,,linkerd-prometheus,prometheus,linkerd,outbound,,5bccd64d4d,200,true,linkerd,10.1.45.75:4191,,linkerd,linkerd-controller,linkerd,linkerd-controller-798d449c77-qk6j4,798d449c77,linkerd-controller,linkerd-controller.linkerd.serviceaccount.identity.linkerd.cluster.local,,,
1615588153.729,response_latency_ms_count,,,10.1.45.78:4191,linkerd-proxy,linkerd,,linkerd-prometheus-5bccd64d4d-jzwmt,,282,,,,,linkerd-prometheus,prometheus,linkerd,outbound,,5bccd64d4d,200,true,linkerd,10.1.45.75:4191,,linkerd,linkerd-controller,linkerd,linkerd-controller-798d449c77-qk6j4,798d449c77,linkerd-controller,linkerd-controller.linkerd.serviceaccount.identity.linkerd.cluster.local,,,
1615588163.729,response_latency_ms_count,,,10.1.45.78:4191,linkerd-proxy,linkerd,,linkerd-prometheus-5bccd64d4d-jzwmt,,283,,,,,linkerd-prometheus,prometheus,linkerd,outbound,,5bccd64d4d,200,true,linkerd,10.1.45.75:4191,,linkerd,linkerd-controller,linkerd,linkerd-controller-798d449c77-qk6j4,798d449c77,linkerd-controller,linkerd-controller.linkerd.serviceaccount.identity.linkerd.cluster.local,,,
1615588173.729,response_latency_ms_count,,,10.1.45.78:4191,linkerd-proxy,linkerd,,linkerd-prometheus-5bccd64d4d-jzwmt,,284,,,,,linkerd-prometheus,prometheus,linkerd,outbound,,5bccd64d4d,200,true,linkerd,10.1.45.75:4191,,linkerd,linkerd-controller,linkerd,linkerd-controller-798d449c77-qk6j4,798d449c77,linkerd-controller,linkerd-controller.linkerd.serviceaccount.identity.linkerd.cluster.local,,,
1615588183.729,response_latency_ms_count,,,10.1.45.78:4191,linkerd-proxy,linkerd,,linkerd-prometheus-5bccd64d4d-jzwmt,,285,,,,,linkerd-prometheus,prometheus,linkerd,outbound,,5bccd64d4d,200,true,linkerd,10.1.45.75:4191,,linkerd,linkerd-controller,linkerd,linkerd-controller-798d449c77-qk6j4,798d449c77,linkerd-controller,linkerd-controller.linkerd.serviceaccount.identity.linkerd.cluster.local,,,
1615588193.731,response_latency_ms_count,,,10.1.45.78:4191,linkerd-proxy,linkerd,,linkerd-prometheus-5bccd64d4d-jzwmt,,286,,,,,linkerd-prometheus,prometheus,linkerd,outbound,,5bccd64d4d,200,true,linkerd,10.1.45.75:4191,,linkerd,linkerd-controller,linkerd,linkerd-controller-798d449c77-qk6j4,798d449c77,linkerd-controller,linkerd-controller.linkerd.serviceaccount.identity.linkerd.cluster.local,,,
1615588203.729,response_latency_ms_count,,,10.1.45.78:4191,linkerd-proxy,linkerd,,linkerd-prometheus-5bccd64d4d-jzwmt,,287,,,,,linkerd-prometheus,prometheus,linkerd,outbound,,5bccd64d4d,200,true,linkerd,10.1.45.75:4191,,linkerd,linkerd-controller,linkerd,linkerd-controller-798d449c77-qk6j4,798d449c77,linkerd-controller,linkerd-controller.linkerd.serviceaccount.identity.linkerd.cluster.local,,,
1615588093.729,response_latency_ms_count,,,10.1.45.78:4191,linkerd-proxy,linkerd,,linkerd-prometheus-5bccd64d4d-jzwmt,,276,,,,,linkerd-prometheus,prometheus,linkerd,outbound,,5bccd64d4d,200,true,linkerd,10.1.45.71:9996,,linkerd,linkerd-destination,linkerd,linkerd-destination-654f8848f5-4tr7b,654f8848f5,linkerd-destination,linkerd-destination.linkerd.serviceaccount.identity.linkerd.cluster.local,,,
1615588103.729,response_latency_ms_count,,,10.1.45.78:4191,linkerd-proxy,linkerd,,linkerd-prometheus-5bccd64d4d-jzwmt,,277,,,,,linkerd-prometheus,prometheus,linkerd,outbound,,5bccd64d4d,200,true,linkerd,10.1.45.71:9996,,linkerd,linkerd-destination,linkerd,linkerd-destination-654f8848f5-4tr7b,654f8848f5,linkerd-destination,linkerd-destination.linkerd.serviceaccount.identity.linkerd.cluster.local,,,
1615588113.729,response_latency_ms_count,,,10.1.45.78:4191,linkerd-proxy,linkerd,,linkerd-prometheus-5bccd64d4d-jzwmt,,278,,,,,linkerd-prometheus,prometheus,linkerd,outbound,,5bccd64d4d,200,true,linkerd,10.1.45.71:9996,,linkerd,linkerd-destination,linkerd,linkerd-destination-654f8848f5-4tr7b,654f8848f5,linkerd-destination,linkerd-destination.linkerd.serviceaccount.identity.linkerd.cluster.local,,,
1615588123.729,response_latency_ms_count,,,10.1.45.78:4191,linkerd-proxy,linkerd,,linkerd-prometheus-5bccd64d4d-jzwmt,,279,,,,,linkerd-prometheus,prometheus,linkerd,outbound,,5bccd64d4d,200,true,linkerd,10.1.45.71:9996,,linkerd,linkerd-destination,linkerd,linkerd-destination-654f8848f5-4tr7b,654f8848f5,linkerd-destination,linkerd-destination.linkerd.serviceaccount.identity.linkerd.cluster.local,,,
1615588133.729,response_latency_ms_count,,,10.1.45.78:4191,linkerd-proxy,linkerd,,linkerd-prometheus-5bccd64d4d-jzwmt,,280,,,,,linkerd-prometheus,prometheus,linkerd,outbound,,5bccd64d4d,200,true,linkerd,10.1.45.71:9996,,linkerd,linkerd-destination,linkerd,linkerd-destination-654f8848f5-4tr7b,654f8848f5,linkerd-destination,linkerd-destination.linkerd.serviceaccount.identity.linkerd.cluster.local,,,
1615588143.729,response_latency_ms_count,,,10.1.45.78:4191,linkerd-proxy,linkerd,,linkerd-prometheus-5bccd64d4d-jzwmt,,281,,,,,linkerd-prometheus,prometheus,linkerd,outbound,,5bccd64d4d,200,true,linkerd,10.1.45.71:9996,,linkerd,linkerd-destination,linkerd,linkerd-destination-654f8848f5-4tr7b,654f8848f5,linkerd-destination,linkerd-destination.linkerd.serviceaccount.identity.linkerd.cluster.local,,,
1615588153.729,response_latency_ms_count,,,10.1.45.78:4191,linkerd-proxy,linkerd,,linkerd-prometheus-5bccd64d4d-jzwmt,,282,,,,,linkerd-prometheus,prometheus,linkerd,outbound,,5bccd64d4d,200,true,linkerd,10.1.45.71:9996,,linkerd,linkerd-destination,linkerd,linkerd-destination-654f8848f5-4tr7b,654f8848f5,linkerd-destination,linkerd-destination.linkerd.serviceaccount.identity.linkerd.cluster.local,,,
1615588163.729,response_latency_ms_count,,,10.1.45.78:4191,linkerd-proxy,linkerd,,linkerd-prometheus-5bccd64d4d-jzwmt,,283,,,,,linkerd-prometheus,prometheus,linkerd,outbound,,5bccd64d4d,200,true,linkerd,10.1.45.71:9996,,linkerd,linkerd-destination,linkerd,linkerd-destination-654f8848f5-4tr7b,654f8848f5,linkerd-destination,linkerd-destination.linkerd.serviceaccount.identity.linkerd.cluster.local,,,
1615588173.729,response_latency_ms_count,,,10.1.45.78:4191,linkerd-proxy,linkerd,,linkerd-prometheus-5bccd64d4d-jzwmt,,284,,,,,linkerd-prometheus,prometheus,linkerd,outbound,,5bccd64d4d,200,true,linkerd,10.1.45.71:9996,,linkerd,linkerd-destination,linkerd,linkerd-destination-654f8848f5-4tr7b,654f8848f5,linkerd-destination,linkerd-destination.linkerd.serviceaccount.identity.linkerd.cluster.local,,,
1615588183.729,response_latency_ms_count,,,10.1.45.78:4191,linkerd-proxy,linkerd,,linkerd-prometheus-5bccd64d4d-jzwmt,,285,,,,,linkerd-prometheus,prometheus,linkerd,outbound,,5bccd64d4d,200,true,linkerd,10.1.45.71:9996,,linkerd,linkerd-destination,linkerd,linkerd-destination-654f8848f5-4tr7b,654f8848f5,linkerd-destination,linkerd-destination.linkerd.serviceaccount.identity.linkerd.cluster.local,,,
1615588193.731,response_latency_ms_count,,,10.1.45.78:4191,linkerd-proxy,linkerd,,linkerd-prometheus-5bccd64d4d-jzwmt,,286,,,,,linkerd-prometheus,prometheus,linkerd,outbound,,5bccd64d4d,200,true,linkerd,10.1.45.71:9996,,linkerd,linkerd-destination,linkerd,linkerd-destination-654f8848f5-4tr7b,654f8848f5,linkerd-destination,linkerd-destination.linkerd.serviceaccount.identity.linkerd.cluster.local,,,
1615588203.729,response_latency_ms_count,,,10.1.45.78:4191,linkerd-proxy,linkerd,,linkerd-prometheus-5bccd64d4d-jzwmt,,287,,,,,linkerd-prometheus,prometheus,linkerd,outbound,,5bccd64d4d,200,true,linkerd,10.1.45.71:9996,,linkerd,linkerd-destination,linkerd,linkerd-destination-654f8848f5-4tr7b,654f8848f5,linkerd-destination,linkerd-destination.linkerd.serviceaccount.identity.linkerd.cluster.local,,,
1615588093.729,response_latency_ms_count,,,10.1.45.78:4191,linkerd-proxy,linkerd,,linkerd-prometheus-5bccd64d4d-jzwmt,,276,,,,,linkerd-prometheus,prometheus,linkerd,outbound,,5bccd64d4d,200,true,linkerd,10.1.45.79:4191,,linkerd,linkerd-grafana,linkerd,linkerd-grafana-ddd5c496f-cctr6,ddd5c496f,linkerd-grafana,linkerd-grafana.linkerd.serviceaccount.identity.linkerd.cluster.local,,,
1615588103.729,response_latency_ms_count,,,10.1.45.78:4191,linkerd-proxy,linkerd,,linkerd-prometheus-5bccd64d4d-jzwmt,,277,,,,,linkerd-prometheus,prometheus,linkerd,outbound,,5bccd64d4d,200,true,linkerd,10.1.45.79:4191,,linkerd,linkerd-grafana,linkerd,linkerd-grafana-ddd5c496f-cctr6,ddd5c496f,linkerd-grafana,linkerd-grafana.linkerd.serviceaccount.identity.linkerd.cluster.local,,,
1615588113.729,response_latency_ms_count,,,10.1.45.78:4191,linkerd-proxy,linkerd,,linkerd-prometheus-5bccd64d4d-jzwmt,,278,,,,,linkerd-prometheus,prometheus,linkerd,outbound,,5bccd64d4d,200,true,linkerd,10.1.45.79:4191,,linkerd,linkerd-grafana,linkerd,linkerd-grafana-ddd5c496f-cctr6,ddd5c496f,linkerd-grafana,linkerd-grafana.linkerd.serviceaccount.identity.linkerd.cluster.local,,,
1615588123.729,response_latency_ms_count,,,10.1.45.78:4191,linkerd-proxy,linkerd,,linkerd-prometheus-5bccd64d4d-jzwmt,,279,,,,,linkerd-prometheus,prometheus,linkerd,outbound,,5bccd64d4d,200,true,linkerd,10.1.45.79:4191,,linkerd,linkerd-grafana,linkerd,linkerd-grafana-ddd5c496f-cctr6,ddd5c496f,linkerd-grafana,linkerd-grafana.linkerd.serviceaccount.identity.linkerd.cluster.local,,,
1615588133.729,response_latency_ms_count,,,10.1.45.78:4191,linkerd-proxy,linkerd,,linkerd-prometheus-5bccd64d4d-jzwmt,,280,,,,,linkerd-prometheus,prometheus,linkerd,outbound,,5bccd64d4d,200,true,linkerd,10.1.45.79:4191,,linkerd,linkerd-grafana,linkerd,linkerd-grafana-ddd5c496f-cctr6,ddd5c496f,linkerd-grafana,linkerd-grafana.linkerd.serviceaccount.identity.linkerd.cluster.local,,,
1615588143.729,response_latency_ms_count,,,10.1.45.78:4191,linkerd-proxy,linkerd,,linkerd-prometheus-5bccd64d4d-jzwmt,,281,,,,,linkerd-prometheus,prometheus,linkerd,outbound,,5bccd64d4d,200,true,linkerd,10.1.45.79:4191,,linkerd,linkerd-grafana,linkerd,linkerd-grafana-ddd5c496f-cctr6,ddd5c496f,linkerd-grafana,linkerd-grafana.linkerd.serviceaccount.identity.linkerd.cluster.local,,,
1615588153.729,response_latency_ms_count,,,10.1.45.78:4191,linkerd-proxy,linkerd,,linkerd-prometheus-5bccd64d4d-jzwmt,,282,,,,,linkerd-prometheus,prometheus,linkerd,outbound,,5bccd64d4d,200,true,linkerd,10.1.45.79:4191,,linkerd,linkerd-grafana,linkerd,linkerd-grafana-ddd5c496f-cctr6,ddd5c496f,linkerd-grafana,linkerd-grafana.linkerd.serviceaccount.identity.linkerd.cluster.local,,,
1615588163.729,response_latency_ms_count,,,10.1.45.78:4191,linkerd-proxy,linkerd,,linkerd-prometheus-5bccd64d4d-jzwmt,,283,,,,,linkerd-prometheus,prometheus,linkerd,outbound,,5bccd64d4d,200,true,linkerd,10.1.45.79:4191,,linkerd,linkerd-grafana,linkerd,linkerd-grafana-ddd5c496f-cctr6,ddd5c496f,linkerd-grafana,linkerd-grafana.linkerd.serviceaccount.identity.linkerd.cluster.local,,,
1615588173.729,response_latency_ms_count,,,10.1.45.78:4191,linkerd-proxy,linkerd,,linkerd-prometheus-5bccd64d4d-jzwmt,,284,,,,,linkerd-prometheus,prometheus,linkerd,outbound,,5bccd64d4d,200,true,linkerd,10.1.45.79:4191,,linkerd,linkerd-grafana,linkerd,linkerd-grafana-ddd5c496f-cctr6,ddd5c496f,linkerd-grafana,linkerd-grafana.linkerd.serviceaccount.identity.linkerd.cluster.local,,,
1615588183.729,response_latency_ms_count,,,10.1.45.78:4191,linkerd-proxy,linkerd,,linkerd-prometheus-5bccd64d4d-jzwmt,,285,,,,,linkerd-prometheus,prometheus,linkerd,outbound,,5bccd64d4d,200,true,linkerd,10.1.45.79:4191,,linkerd,linkerd-grafana,linkerd,linkerd-grafana-ddd5c496f-cctr6,ddd5c496f,linkerd-grafana,linkerd-grafana.linkerd.serviceaccount.identity.linkerd.cluster.local,,,
1615588193.731,response_latency_ms_count,,,10.1.45.78:4191,linkerd-proxy,linkerd,,linkerd-prometheus-5bccd64d4d-jzwmt,,286,,,,,linkerd-prometheus,prometheus,linkerd,outbound,,5bccd64d4d,200,true,linkerd,10.1.45.79:4191,,linkerd,linkerd-grafana,linkerd,linkerd-grafana-ddd5c496f-cctr6,ddd5c496f,linkerd-grafana,linkerd-grafana.linkerd.serviceaccount.identity.linkerd.cluster.local,,,
1615588203.729,response_latency_ms_count,,,10.1.45.78:4191,linkerd-proxy,linkerd,,linkerd-prometheus-5bccd64d4d-jzwmt,,287,,,,,linkerd-prometheus,prometheus,linkerd,outbound,,5bccd64d4d,200,true,linkerd,10.1.45.79:4191,,linkerd,linkerd-grafana,linkerd,linkerd-grafana-ddd5c496f-cctr6,ddd5c496f,linkerd-grafana,linkerd-grafana.linkerd.serviceaccount.identity.linkerd.cluster.local,,,
1615588093.729,response_latency_ms_count,,,10.1.45.78:4191,linkerd-proxy,linkerd,,linkerd-prometheus-5bccd64d4d-jzwmt,,276,,,,,linkerd-prometheus,prometheus,linkerd,outbound,,5bccd64d4d,200,true,linkerd,10.1.45.72:9990,,linkerd,linkerd-identity,linkerd,linkerd-identity-57f4bc9db9-gb7rk,57f4bc9db9,linkerd-identity,linkerd-identity.linkerd.serviceaccount.identity.linkerd.cluster.local,,,
1615588103.729,response_latency_ms_count,,,10.1.45.78:4191,linkerd-proxy,linkerd,,linkerd-prometheus-5bccd64d4d-jzwmt,,277,,,,,linkerd-prometheus,prometheus,linkerd,outbound,,5bccd64d4d,200,true,linkerd,10.1.45.72:9990,,linkerd,linkerd-identity,linkerd,linkerd-identity-57f4bc9db9-gb7rk,57f4bc9db9,linkerd-identity,linkerd-identity.linkerd.serviceaccount.identity.linkerd.cluster.local,,,
1615588113.729,response_latency_ms_count,,,10.1.45.78:4191,linkerd-proxy,linkerd,,linkerd-prometheus-5bccd64d4d-jzwmt,,278,,,,,linkerd-prometheus,prometheus,linkerd,outbound,,5bccd64d4d,200,true,linkerd,10.1.45.72:9990,,linkerd,linkerd-identity,linkerd,linkerd-identity-57f4bc9db9-gb7rk,57f4bc9db9,linkerd-identity,linkerd-identity.linkerd.serviceaccount.identity.linkerd.cluster.local,,,
1615588123.729,response_latency_ms_count,,,10.1.45.78:4191,linkerd-proxy,linkerd,,linkerd-prometheus-5bccd64d4d-jzwmt,,279,,,,,linkerd-prometheus,prometheus,linkerd,outbound,,5bccd64d4d,200,true,linkerd,10.1.45.72:9990,,linkerd,linkerd-identity,linkerd,linkerd-identity-57f4bc9db9-gb7rk,57f4bc9db9,linkerd-identity,linkerd-identity.linkerd.serviceaccount.identity.linkerd.cluster.local,,,
1615588133.729,response_latency_ms_count,,,10.1.45.78:4191,linkerd-proxy,linkerd,,linkerd-prometheus-5bccd64d4d-jzwmt,,280,,,,,linkerd-prometheus,prometheus,linkerd,outbound,,5bccd64d4d,200,true,linkerd,10.1.45.72:9990,,linkerd,linkerd-identity,linkerd,linkerd-identity-57f4bc9db9-gb7rk,57f4bc9db9,linkerd-identity,linkerd-identity.linkerd.serviceaccount.identity.linkerd.cluster.local,,,
1615588143.729,response_latency_ms_count,,,10.1.45.78:4191,linkerd-proxy,linkerd,,linkerd-prometheus-5bccd64d4d-jzwmt,,281,,,,,linkerd-prometheus,prometheus,linkerd,outbound,,5bccd64d4d,200,true,linkerd,10.1.45.72:9990,,linkerd,linkerd-identity,linkerd,linkerd-identity-57f4bc9db9-gb7rk,57f4bc9db9,linkerd-identity,linkerd-identity.linkerd.serviceaccount.identity.linkerd.cluster.local,,,
1615588153.729,response_latency_ms_count,,,10.1.45.78:4191,linkerd-proxy,linkerd,,linkerd-prometheus-5bccd64d4d-jzwmt,,282,,,,,linkerd-prometheus,prometheus,linkerd,outbound,,5bccd64d4d,200,true,linkerd,10.1.45.72:9990,,linkerd,linkerd-identity,linkerd,linkerd-identity-57f4bc9db9-gb7rk,57f4bc9db9,linkerd-identity,linkerd-identity.linkerd.serviceaccount.identity.linkerd.cluster.local,,,
1615588163.729,response_latency_ms_count,,,10.1.45.78:4191,linkerd-proxy,linkerd,,linkerd-prometheus-5bccd64d4d-jzwmt,,283,,,,,linkerd-prometheus,prometheus,linkerd,outbound,,5bccd64d4d,200,true,linkerd,10.1.45.72:9990,,linkerd,linkerd-identity,linkerd,linkerd-identity-57f4bc9db9-gb7rk,57f4bc9db9,linkerd-identity,linkerd-identity.linkerd.serviceaccount.identity.linkerd.cluster.local,,,
1615588173.729,response_latency_ms_count,,,10.1.45.78:4191,linkerd-proxy,linkerd,,linkerd-prometheus-5bccd64d4d-jzwmt,,284,,,,,linkerd-prometheus,prometheus,linkerd,outbound,,5bccd64d4d,200,true,linkerd,10.1.45.72:9990,,linkerd,linkerd-identity,linkerd,linkerd-identity-57f4bc9db9-gb7rk,57f4bc9db9,linkerd-identity,linkerd-identity.linkerd.serviceaccount.identity.linkerd.cluster.local,,,
1615588183.729,response_latency_ms_count,,,10.1.45.78:4191,linkerd-proxy,linkerd,,linkerd-prometheus-5bccd64d4d-jzwmt,,285,,,,,linkerd-prometheus,prometheus,linkerd,outbound,,5bccd64d4d,200,true,linkerd,10.1.45.72:9990,,linkerd,linkerd-identity,linkerd,linkerd-identity-57f4bc9db9-gb7rk,57f4bc9db9,linkerd-identity,linkerd-identity.linkerd.serviceaccount.identity.linkerd.cluster.local,,,
1615588193.731,response_latency_ms_count,,,10.1.45.78:4191,linkerd-proxy,linkerd,,linkerd-prometheus-5bccd64d4d-jzwmt,,286,,,,,linkerd-prometheus,prometheus,linkerd,outbound,,5bccd64d4d,200,true,linkerd,10.1.45.72:9990,,linkerd,linkerd-identity,linkerd,linkerd-identity-57f4bc9db9-gb7rk,57f4bc9db9,linkerd-identity,linkerd-identity.linkerd.serviceaccount.identity.linkerd.cluster.local,,,
1615588203.729,response_latency_ms_count,,,10.1.45.78:4191,linkerd-proxy,linkerd,,linkerd-prometheus-5bccd64d4d-jzwmt,,287,,,,,linkerd-prometheus,prometheus,linkerd,outbound,,5bccd64d4d,200,true,linkerd,10.1.45.72:9990,,linkerd,linkerd-identity,linkerd,linkerd-identity-57f4bc9db9-gb7rk,57f4bc9db9,linkerd-identity,linkerd-identity.linkerd.serviceaccount.identity.linkerd.cluster.local,,,
1615588093.729,response_latency_ms_count,,,10.1.45.78:4191,linkerd-proxy,linkerd,,linkerd-prometheus-5bccd64d4d-jzwmt,,276,,,,,linkerd-prometheus,prometheus,linkerd,outbound,,5bccd64d4d,200,true,linkerd,10.1.45.76:9997,,linkerd,linkerd-sp-validator,linkerd,linkerd-sp-validator-77d978fbd9-zk8mm,77d978fbd9,linkerd-sp-validator,linkerd-sp-validator.linkerd.serviceaccount.identity.linkerd.cluster.local,,,
1615588103.729,response_latency_ms_count,,,10.1.45.78:4191,linkerd-proxy,linkerd,,linkerd-prometheus-5bccd64d4d-jzwmt,,277,,,,,linkerd-prometheus,prometheus,linkerd,outbound,,5bccd64d4d,200,true,linkerd,10.1.45.76:9997,,linkerd,linkerd-sp-validator,linkerd,linkerd-sp-validator-77d978fbd9-zk8mm,77d978fbd9,linkerd-sp-validator,linkerd-sp-validator.linkerd.serviceaccount.identity.linkerd.cluster.local,,,
1615588113.729,response_latency_ms_count,,,10.1.45.78:4191,linkerd-proxy,linkerd,,linkerd-prometheus-5bccd64d4d-jzwmt,,278,,,,,linkerd-prometheus,prometheus,linkerd,outbound,,5bccd64d4d,200,true,linkerd,10.1.45.76:9997,,linkerd,linkerd-sp-validator,linkerd,linkerd-sp-validator-77d978fbd9-zk8mm,77d978fbd9,linkerd-sp-validator,linkerd-sp-validator.linkerd.serviceaccount.identity.linkerd.cluster.local,,,
1615588123.729,response_latency_ms_count,,,10.1.45.78:4191,linkerd-proxy,linkerd,,linkerd-prometheus-5bccd64d4d-jzwmt,,279,,,,,linkerd-prometheus,prometheus,linkerd,outbound,,5bccd64d4d,200,true,linkerd,10.1.45.76:9997,,linkerd,linkerd-sp-validator,linkerd,linkerd-sp-validator-77d978fbd9-zk8mm,77d978fbd9,linkerd-sp-validator,linkerd-sp-validator.linkerd.serviceaccount.identity.linkerd.cluster.local,,,
1615588133.729,response_latency_ms_count,,,10.1.45.78:4191,linkerd-proxy,linkerd,,linkerd-prometheus-5bccd64d4d-jzwmt,,280,,,,,linkerd-prometheus,prometheus,linkerd,outbound,,5bccd64d4d,200,true,linkerd,10.1.45.76:9997,,linkerd,linkerd-sp-validator,linkerd,linkerd-sp-validator-77d978fbd9-zk8mm,77d978fbd9,linkerd-sp-validator,linkerd-sp-validator.linkerd.serviceaccount.identity.linkerd.cluster.local,,,
1615588143.729,response_latency_ms_count,,,10.1.45.78:4191,linkerd-proxy,linkerd,,linkerd-prometheus-5bccd64d4d-jzwmt,,281,,,,,linkerd-prometheus,prometheus,linkerd,outbound,,5bccd64d4d,200,true,linkerd,10.1.45.76:9997,,linkerd,linkerd-sp-validator,linkerd,linkerd-sp-validator-77d978fbd9-zk8mm,77d978fbd9,linkerd-sp-validator,linkerd-sp-validator.linkerd.serviceaccount.identity.linkerd.cluster.local,,,
1615588153.729,response_latency_ms_count,,,10.1.45.78:4191,linkerd-proxy,linkerd,,linkerd-prometheus-5bccd64d4d-jzwmt,,282,,,,,linkerd-prometheus,prometheus,linkerd,outbound,,5bccd64d4d,200,true,linkerd,10.1.45.76:9997,,linkerd,linkerd-sp-validator,linkerd,linkerd-sp-validator-77d978fbd9-zk8mm,77d978fbd9,linkerd-sp-validator,linkerd-sp-validator.linkerd.serviceaccount.identity.linkerd.cluster.local,,,
1615588163.729,response_latency_ms_count,,,10.1.45.78:4191,linkerd-proxy,linkerd,,linkerd-prometheus-5bccd64d4d-jzwmt,,283,,,,,linkerd-prometheus,prometheus,linkerd,outbound,,5bccd64d4d,200,true,linkerd,10.1.45.76:9997,,linkerd,linkerd-sp-validator,linkerd,linkerd-sp-validator-77d978fbd9-zk8mm,77d978fbd9,linkerd-sp-validator,linkerd-sp-validator.linkerd.serviceaccount.identity.linkerd.cluster.local,,,
1615588173.729,response_latency_ms_count,,,10.1.45.78:4191,linkerd-proxy,linkerd,,linkerd-prometheus-5bccd64d4d-jzwmt,,284,,,,,linkerd-prometheus,prometheus,linkerd,outbound,,5bccd64d4d,200,true,linkerd,10.1.45.76:9997,,linkerd,linkerd-sp-validator,linkerd,linkerd-sp-validator-77d978fbd9-zk8mm,77d978fbd9,linkerd-sp-validator,linkerd-sp-validator.linkerd.serviceaccount.identity.linkerd.cluster.local,,,
1615588183.729,response_latency_ms_count,,,10.1.45.78:4191,linkerd-proxy,linkerd,,linkerd-prometheus-5bccd64d4d-jzwmt,,285,,,,,linkerd-prometheus,prometheus,linkerd,outbound,,5bccd64d4d,200,true,linkerd,10.1.45.76:9997,,linkerd,linkerd-sp-validator,linkerd,linkerd-sp-validator-77d978fbd9-zk8mm,77d978fbd9,linkerd-sp-validator,linkerd-sp-validator.linkerd.serviceaccount.identity.linkerd.cluster.local,,,
1615588193.731,response_latency_ms_count,,,10.1.45.78:4191,linkerd-proxy,linkerd,,linkerd-prometheus-5bccd64d4d-jzwmt,,286,,,,,linkerd-prometheus,prometheus,linkerd,outbound,,5bccd64d4d,200,true,linkerd,10.1.45.76:9997,,linkerd,linkerd-sp-validator,linkerd,linkerd-sp-validator-77d978fbd9-zk8mm,77d978fbd9,linkerd-sp-validator,linkerd-sp-validator.linkerd.serviceaccount.identity.linkerd.cluster.local,,,
1615588203.729,response_latency_ms_count,,,10.1.45.78:4191,linkerd-proxy,linkerd,,linkerd-prometheus-5bccd64d4d-jzwmt,,287,,,,,linkerd-prometheus,prometheus,linkerd,outbound,,5bccd64d4d,200,true,linkerd,10.1.45.76:9997,,linkerd,linkerd-sp-validator,linkerd,linkerd-sp-validator-77d978fbd9-zk8mm,77d978fbd9,linkerd-sp-validator,linkerd-sp-validator.linkerd.serviceaccount.identity.linkerd.cluster.local,,,
1615588093.729,response_latency_ms_count,,,10.1.45.78:4191,linkerd-proxy,linkerd,,linkerd-prometheus-5bccd64d4d-jzwmt,,276,,,,,linkerd-prometheus,prometheus,linkerd,outbound,,5bccd64d4d,200,true,linkerd,10.1.45.73:9998,,linkerd,linkerd-tap,linkerd,linkerd-tap-75785bb98d-dvlv2,75785bb98d,linkerd-tap,linkerd-tap.linkerd.serviceaccount.identity.linkerd.cluster.local,,,
1615588103.729,response_latency_ms_count,,,10.1.45.78:4191,linkerd-proxy,linkerd,,linkerd-prometheus-5bccd64d4d-jzwmt,,277,,,,,linkerd-prometheus,prometheus,linkerd,outbound,,5bccd64d4d,200,true,linkerd,10.1.45.73:9998,,linkerd,linkerd-tap,linkerd,linkerd-tap-75785bb98d-dvlv2,75785bb98d,linkerd-tap,linkerd-tap.linkerd.serviceaccount.identity.linkerd.cluster.local,,,
1615588113.729,response_latency_ms_count,,,10.1.45.78:4191,linkerd-proxy,linkerd,,linkerd-prometheus-5bccd64d4d-jzwmt,,278,,,,,linkerd-prometheus,prometheus,linkerd,outbound,,5bccd64d4d,200,true,linkerd,10.1.45.73:9998,,linkerd,linkerd-tap,linkerd,linkerd-tap-75785bb98d-dvlv2,75785bb98d,linkerd-tap,linkerd-tap.linkerd.serviceaccount.identity.linkerd.cluster.local,,,
1615588123.729,response_latency_ms_count,,,10.1.45.78:4191,linkerd-proxy,linkerd,,linkerd-prometheus-5bccd64d4d-jzwmt,,279,,,,,linkerd-prometheus,prometheus,linkerd,outbound,,5bccd64d4d,200,true,linkerd,10.1.45.73:9998,,linkerd,linkerd-tap,linkerd,linkerd-tap-75785bb98d-dvlv2,75785bb98d,linkerd-tap,linkerd-tap.linkerd.serviceaccount.identity.linkerd.cluster.local,,,
1615588133.729,response_latency_ms_count,,,10.1.45.78:4191,linkerd-proxy,linkerd,,linkerd-prometheus-5bccd64d4d-jzwmt,,280,,,,,linkerd-prometheus,prometheus,linkerd,outbound,,5bccd64d4d,200,true,linkerd,10.1.45.73:9998,,linkerd,linkerd-tap,linkerd,linkerd-tap-75785bb98d-dvlv2,75785bb98d,linkerd-tap,linkerd-tap.linkerd.serviceaccount.identity.linkerd.cluster.local,,,
1615588143.729,response_latency_ms_count,,,10.1.45.78:4191,linkerd-proxy,linkerd,,linkerd-prometheus-5bccd64d4d-jzwmt,,281,,,,,linkerd-prometheus,prometheus,linkerd,outbound,,5bccd64d4d,200,true,linkerd,10.1.45.73:9998,,linkerd,linkerd-tap,linkerd,linkerd-tap-75785bb98d-dvlv2,75785bb98d,linkerd-tap,linkerd-tap.linkerd.serviceaccount.identity.linkerd.cluster.local,,,
1615588153.729,response_latency_ms_count,,,10.1.45.78:4191,linkerd-proxy,linkerd,,linkerd-prometheus-5bccd64d4d-jzwmt,,282,,,,,linkerd-prometheus,prometheus,linkerd,outbound,,5bccd64d4d,200,true,linkerd,10.1.45.73:9998,,linkerd,linkerd-tap,linkerd,linkerd-tap-75785bb98d-dvlv2,75785bb98d,linkerd-tap,linkerd-tap.linkerd.serviceaccount.identity.linkerd.cluster.local,,,
1615588163.729,response_latency_ms_count,,,10.1.45.78:4191,linkerd-proxy,linkerd,,linkerd-prometheus-5bccd64d4d-jzwmt,,283,,,,,linkerd-prometheus,prometheus,linkerd,outbound,,5bccd64d4d,200,true,linkerd,10.1.45.73:9998,,linkerd,linkerd-tap,linkerd,linkerd-tap-75785bb98d-dvlv2,75785bb98d,linkerd-tap,linkerd-tap.linkerd.serviceaccount.identity.linkerd.cluster.local,,,
1615588173.729,response_latency_ms_count,,,10.1.45.78:4191,linkerd-proxy,linkerd,,linkerd-prometheus-5bccd64d4d-jzwmt,,284,,,,,linkerd-prometheus,prometheus,linkerd,outbound,,5bccd64d4d,200,true,linkerd,10.1.45.73:9998,,linkerd,linkerd-tap,linkerd,linkerd-tap-75785bb98d-dvlv2,75785bb98d,linkerd-tap,linkerd-tap.linkerd.serviceaccount.identity.linkerd.cluster.local,,,
1615588183.729,response_latency_ms_count,,,10.1.45.78:4191,linkerd-proxy,linkerd,,linkerd-prometheus-5bccd64d4d-jzwmt,,285,,,,,linkerd-prometheus,prometheus,linkerd,outbound,,5bccd64d4d,200,true,linkerd,10.1.45.73:9998,,linkerd,linkerd-tap,linkerd,linkerd-tap-75785bb98d-dvlv2,75785bb98d,linkerd-tap,linkerd-tap.linkerd.serviceaccount.identity.linkerd.cluster.local,,,
1615588193.731,response_latency_ms_count,,,10.1.45.78:4191,linkerd-proxy,linkerd,,linkerd-prometheus-5bccd64d4d-jzwmt,,286,,,,,linkerd-prometheus,prometheus,linkerd,outbound,,5bccd64d4d,200,true,linkerd,10.1.45.73:9998,,linkerd,linkerd-tap,linkerd,linkerd-tap-75785bb98d-dvlv2,75785bb98d,linkerd-tap,linkerd-tap.linkerd.serviceaccount.identity.linkerd.cluster.local,,,
1615588203.729,response_latency_ms_count,,,10.1.45.78:4191,linkerd-proxy,linkerd,,linkerd-prometheus-5bccd64d4d-jzwmt,,287,,,,,linkerd-prometheus,prometheus,linkerd,outbound,,5bccd64d4d,200,true,linkerd,10.1.45.73:9998,,linkerd,linkerd-tap,linkerd,linkerd-tap-75785bb98d-dvlv2,75785bb98d,linkerd-tap,linkerd-tap.linkerd.serviceaccount.identity.linkerd.cluster.local,,,
1615588093.729,response_latency_ms_count,,,10.1.45.78:4191,linkerd-proxy,linkerd,,linkerd-prometheus-5bccd64d4d-jzwmt,,276,,,,,linkerd-prometheus,prometheus,linkerd,outbound,,5bccd64d4d,200,true,linkerd,10.1.45.74:9994,,linkerd,linkerd-web,linkerd,linkerd-web-b48d9c89b-49fzh,b48d9c89b,linkerd-web,linkerd-web.linkerd.serviceaccount.identity.linkerd.cluster.local,,,
1615588103.729,response_latency_ms_count,,,10.1.45.78:4191,linkerd-proxy,linkerd,,linkerd-prometheus-5bccd64d4d-jzwmt,,277,,,,,linkerd-prometheus,prometheus,linkerd,outbound,,5bccd64d4d,200,true,linkerd,10.1.45.74:9994,,linkerd,linkerd-web,linkerd,linkerd-web-b48d9c89b-49fzh,b48d9c89b,linkerd-web,linkerd-web.linkerd.serviceaccount.identity.linkerd.cluster.local,,,
1615588113.729,response_latency_ms_count,,,10.1.45.78:4191,linkerd-proxy,linkerd,,linkerd-prometheus-5bccd64d4d-jzwmt,,278,,,,,linkerd-prometheus,prometheus,linkerd,outbound,,5bccd64d4d,200,true,linkerd,10.1.45.74:9994,,linkerd,linkerd-web,linkerd,linkerd-web-b48d9c89b-49fzh,b48d9c89b,linkerd-web,linkerd-web.linkerd.serviceaccount.identity.linkerd.cluster.local,,,
1615588123.729,response_latency_ms_count,,,10.1.45.78:4191,linkerd-proxy,linkerd,,linkerd-prometheus-5bccd64d4d-jzwmt,,279,,,,,linkerd-prometheus,prometheus,linkerd,outbound,,5bccd64d4d,200,true,linkerd,10.1.45.74:9994,,linkerd,linkerd-web,linkerd,linkerd-web-b48d9c89b-49fzh,b48d9c89b,linkerd-web,linkerd-web.linkerd.serviceaccount.identity.linkerd.cluster.local,,,
1615588133.729,response_latency_ms_count,,,10.1.45.78:4191,linkerd-proxy,linkerd,,linkerd-prometheus-5bccd64d4d-jzwmt,,280,,,,,linkerd-prometheus,prometheus,linkerd,outbound,,5bccd64d4d,200,true,linkerd,10.1.45.74:9994,,linkerd,linkerd-web,linkerd,linkerd-web-b48d9c89b-49fzh,b48d9c89b,linkerd-web,linkerd-web.linkerd.serviceaccount.identity.linkerd.cluster.local,,,
1615588143.729,response_latency_ms_count,,,10.1.45.78:4191,linkerd-proxy,linkerd,,linkerd-prometheus-5bccd64d4d-jzwmt,,281,,,,,linkerd-prometheus,prometheus,linkerd,outbound,,5bccd64d4d,200,true,linkerd,10.1.45.74:9994,,linkerd,linkerd-web,linkerd,linkerd-web-b48d9c89b-49fzh,b48d9c89b,linkerd-web,linkerd-web.linkerd.serviceaccount.identity.linkerd.cluster.local,,,
1615588153.729,response_latency_ms_count,,,10.1.45.78:4191,linkerd-proxy,linkerd,,linkerd-prometheus-5bccd64d4d-jzwmt,,282,,,,,linkerd-prometheus,prometheus,linkerd,outbound,,5bccd64d4d,200,true,linkerd,10.1.45.74:9994,,linkerd,linkerd-web,linkerd,linkerd-web-b48d9c89b-49fzh,b48d9c89b,linkerd-web,linkerd-web.linkerd.serviceaccount.identity.linkerd.cluster.local,,,
1615588163.729,response_latency_ms_count,,,10.1.45.78:4191,linkerd-proxy,linkerd,,linkerd-prometheus-5bccd64d4d-jzwmt,,283,,,,,linkerd-prometheus,prometheus,linkerd,outbound,,5bccd64d4d,200,true,linkerd,10.1.45.74:9994,,linkerd,linkerd-web,linkerd,linkerd-web-b48d9c89b-49fzh,b48d9c89b,linkerd-web,linkerd-web.linkerd.serviceaccount.identity.linkerd.cluster.local,,,
1615588173.729,response_latency_ms_count,,,10.1.45.78:4191,linkerd-proxy,linkerd,,linkerd-prometheus-5bccd64d4d-jzwmt,,284,,,,,linkerd-prometheus,prometheus,linkerd,outbound,,5bccd64d4d,200,true,linkerd,10.1.45.74:9994,,linkerd,linkerd-web,linkerd,linkerd-web-b48d9c89b-49fzh,b48d9c89b,linkerd-web,linkerd-web.linkerd.serviceaccount.identity.linkerd.cluster.local,,,
1615588183.729,response_latency_ms_count,,,10.1.45.78:4191,linkerd-proxy,linkerd,,linkerd-prometheus-5bccd64d4d-jzwmt,,285,,,,,linkerd-prometheus,prometheus,linkerd,outbound,,5bccd64d4d,200,true,linkerd,10.1.45.74:9994,,linkerd,linkerd-web,linkerd,linkerd-web-b48d9c89b-49fzh,b48d9c89b,linkerd-web,linkerd-web.linkerd.serviceaccount.identity.linkerd.cluster.local,,,
1615588193.731,response_latency_ms_count,,,10.1.45.78:4191,linkerd-proxy,linkerd,,linkerd-prometheus-5bccd64d4d-jzwmt,,286,,,,,linkerd-prometheus,prometheus,linkerd,outbound,,5bccd64d4d,200,true,linkerd,10.1.45.74:9994,,linkerd,linkerd-web,linkerd,linkerd-web-b48d9c89b-49fzh,b48d9c89b,linkerd-web,linkerd-web.linkerd.serviceaccount.identity.linkerd.cluster.local,,,
1615588203.729,response_latency_ms_count,,,10.1.45.78:4191,linkerd-proxy,linkerd,,linkerd-prometheus-5bccd64d4d-jzwmt,,287,,,,,linkerd-prometheus,prometheus,linkerd,outbound,,5bccd64d4d,200,true,linkerd,10.1.45.74:9994,,linkerd,linkerd-web,linkerd,linkerd-web-b48d9c89b-49fzh,b48d9c89b,linkerd-web,linkerd-web.linkerd.serviceaccount.identity.linkerd.cluster.local,,,
1615588093.729,response_latency_ms_count,,,10.1.45.78:4191,linkerd-proxy,linkerd,,linkerd-prometheus-5bccd64d4d-jzwmt,,276,,,,,linkerd-prometheus,prometheus,linkerd,outbound,,5bccd64d4d,200,true,linkerd,10.1.45.73:4191,,linkerd,linkerd-tap,linkerd,linkerd-tap-75785bb98d-dvlv2,75785bb98d,linkerd-tap,linkerd-tap.linkerd.serviceaccount.identity.linkerd.cluster.local,,,
1615588103.729,response_latency_ms_count,,,10.1.45.78:4191,linkerd-proxy,linkerd,,linkerd-prometheus-5bccd64d4d-jzwmt,,277,,,,,linkerd-prometheus,prometheus,linkerd,outbound,,5bccd64d4d,200,true,linkerd,10.1.45.73:4191,,linkerd,linkerd-tap,linkerd,linkerd-tap-75785bb98d-dvlv2,75785bb98d,linkerd-tap,linkerd-tap.linkerd.serviceaccount.identity.linkerd.cluster.local,,,
1615588113.729,response_latency_ms_count,,,10.1.45.78:4191,linkerd-proxy,linkerd,,linkerd-prometheus-5bccd64d4d-jzwmt,,278,,,,,linkerd-prometheus,prometheus,linkerd,outbound,,5bccd64d4d,200,true,linkerd,10.1.45.73:4191,,linkerd,linkerd-tap,linkerd,linkerd-tap-75785bb98d-dvlv2,75785bb98d,linkerd-tap,linkerd-tap.linkerd.serviceaccount.identity.linkerd.cluster.local,,,
1615588123.729,response_latency_ms_count,,,10.1.45.78:4191,linkerd-proxy,linkerd,,linkerd-prometheus-5bccd64d4d-jzwmt,,279,,,,,linkerd-prometheus,prometheus,linkerd,outbound,,5bccd64d4d,200,true,linkerd,10.1.45.73:4191,,linkerd,linkerd-tap,linkerd,linkerd-tap-75785bb98d-dvlv2,75785bb98d,linkerd-tap,linkerd-tap.linkerd.serviceaccount.identity.linkerd.cluster.local,,,
1615588133.729,response_latency_ms_count,,,10.1.45.78:4191,linkerd-proxy,linkerd,,linkerd-prometheus-5bccd64d4d-jzwmt,,280,,,,,linkerd-prometheus,prometheus,linkerd,outbound,,5bccd64d4d,200,true,linkerd,10.1.45.73:4191,,linkerd,linkerd-tap,linkerd,linkerd-tap-75785bb98d-dvlv2,75785bb98d,linkerd-tap,linkerd-tap.linkerd.serviceaccount.identity.linkerd.cluster.local,,,
1615588143.729,response_latency_ms_count,,,10.1.45.78:4191,linkerd-proxy,linkerd,,linkerd-prometheus-5bccd64d4d-jzwmt,,281,,,,,linkerd-prometheus,prometheus,linkerd,outbound,,5bccd64d4d,200,true,linkerd,10.1.45.73:4191,,linkerd,linkerd-tap,linkerd,linkerd-tap-75785bb98d-dvlv2,75785bb98d,linkerd-tap,linkerd-tap.linkerd.serviceaccount.identity.linkerd.cluster.local,,,
1615588153.729,response_latency_ms_count,,,10.1.45.78:4191,linkerd-proxy,linkerd,,linkerd-prometheus-5bccd64d4d-jzwmt,,282,,,,,linkerd-prometheus,prometheus,linkerd,outbound,,5bccd64d4d,200,true,linkerd,10.1.45.73:4191,,linkerd,linkerd-tap,linkerd,linkerd-tap-75785bb98d-dvlv2,75785bb98d,linkerd-tap,linkerd-tap.linkerd.serviceaccount.identity.linkerd.cluster.local,,,
1615588163.729,response_latency_ms_count,,,10.1.45.78:4191,linkerd-proxy,linkerd,,linkerd-prometheus-5bccd64d4d-jzwmt,,283,,,,,linkerd-prometheus,prometheus,linkerd,outbound,,5bccd64d4d,200,true,linkerd,10.1.45.73:4191,,linkerd,linkerd-tap,linkerd,linkerd-tap-75785bb98d-dvlv2,75785bb98d,linkerd-tap,linkerd-tap.linkerd.serviceaccount.identity.linkerd.cluster.local,,,
1615588173.729,response_latency_ms_count,,,10.1.45.78:4191,linkerd-proxy,linkerd,,linkerd-prometheus-5bccd64d4d-jzwmt,,284,,,,,linkerd-prometheus,prometheus,linkerd,outbound,,5bccd64d4d,200,true,linkerd,10.1.45.73:4191,,linkerd,linkerd-tap,linkerd,linkerd-tap-75785bb98d-dvlv2,75785bb98d,linkerd-tap,linkerd-tap.linkerd.serviceaccount.identity.linkerd.cluster.local,,,
1615588183.729,response_latency_ms_count,,,10.1.45.78:4191,linkerd-proxy,linkerd,,linkerd-prometheus-5bccd64d4d-jzwmt,,285,,,,,linkerd-prometheus,prometheus,linkerd,outbound,,5bccd64d4d,200,true,linkerd,10.1.45.73:4191,,linkerd,linkerd-tap,linkerd,linkerd-tap-75785bb98d-dvlv2,75785bb98d,linkerd-tap,linkerd-tap.linkerd.serviceaccount.identity.linkerd.cluster.local,,,
1615588193.731,response_latency_ms_count,,,10.1.45.78:4191,linkerd-proxy,linkerd,,linkerd-prometheus-5bccd64d4d-jzwmt,,286,,,,,linkerd-prometheus,prometheus,linkerd,outbound,,5bccd64d4d,200,true,linkerd,10.1.45.73:4191,,linkerd,linkerd-tap,linkerd,linkerd-tap-75785bb98d-dvlv2,75785bb98d,linkerd-tap,linkerd-tap.linkerd.serviceaccount.identity.linkerd.cluster.local,,,
1615588203.729,response_latency_ms_count,,,10.1.45.78:4191,linkerd-proxy,linkerd,,linkerd-prometheus-5bccd64d4d-jzwmt,,287,,,,,linkerd-prometheus,prometheus,linkerd,outbound,,5bccd64d4d,200,true,linkerd,10.1.45.73:4191,,linkerd,linkerd-tap,linkerd,linkerd-tap-75785bb98d-dvlv2,75785bb98d,linkerd-tap,linkerd-tap.linkerd.serviceaccount.identity.linkerd.cluster.local,,,
1615588093.729,response_latency_ms_count,,,10.1.45.78:4191,linkerd-proxy,linkerd,,linkerd-prometheus-5bccd64d4d-jzwmt,,276,,,,,linkerd-prometheus,prometheus,linkerd,outbound,,5bccd64d4d,200,true,linkerd,10.1.45.70:4191,,linkerd,linkerd-proxy-injector,linkerd,linkerd-proxy-injector-666c478cbb-z7nnc,666c478cbb,linkerd-proxy-injector,linkerd-proxy-injector.linkerd.serviceaccount.identity.linkerd.cluster.local,,,
1615588103.729,response_latency_ms_count,,,10.1.45.78:4191,linkerd-proxy,linkerd,,linkerd-prometheus-5bccd64d4d-jzwmt,,277,,,,,linkerd-prometheus,prometheus,linkerd,outbound,,5bccd64d4d,200,true,linkerd,10.1.45.70:4191,,linkerd,linkerd-proxy-injector,linkerd,linkerd-proxy-injector-666c478cbb-z7nnc,666c478cbb,linkerd-proxy-injector,linkerd-proxy-injector.linkerd.serviceaccount.identity.linkerd.cluster.local,,,
1615588113.729,response_latency_ms_count,,,10.1.45.78:4191,linkerd-proxy,linkerd,,linkerd-prometheus-5bccd64d4d-jzwmt,,278,,,,,linkerd-prometheus,prometheus,linkerd,outbound,,5bccd64d4d,200,true,linkerd,10.1.45.70:4191,,linkerd,linkerd-proxy-injector,linkerd,linkerd-proxy-injector-666c478cbb-z7nnc,666c478cbb,linkerd-proxy-injector,linkerd-proxy-injector.linkerd.serviceaccount.identity.linkerd.cluster.local,,,
1615588123.729,response_latency_ms_count,,,10.1.45.78:4191,linkerd-proxy,linkerd,,linkerd-prometheus-5bccd64d4d-jzwmt,,279,,,,,linkerd-prometheus,prometheus,linkerd,outbound,,5bccd64d4d,200,true,linkerd,10.1.45.70:4191,,linkerd,linkerd-proxy-injector,linkerd,linkerd-proxy-injector-666c478cbb-z7nnc,666c478cbb,linkerd-proxy-injector,linkerd-proxy-injector.linkerd.serviceaccount.identity.linkerd.cluster.local,,,
1615588133.729,response_latency_ms_count,,,10.1.45.78:4191,linkerd-proxy,linkerd,,linkerd-prometheus-5bccd64d4d-jzwmt,,280,,,,,linkerd-prometheus,prometheus,linkerd,outbound,,5bccd64d4d,200,true,linkerd,10.1.45.70:4191,,linkerd,linkerd-proxy-injector,linkerd,linkerd-proxy-injector-666c478cbb-z7nnc,666c478cbb,linkerd-proxy-injector,linkerd-proxy-injector.linkerd.serviceaccount.identity.linkerd.cluster.local,,,
1615588143.729,response_latency_ms_count,,,10.1.45.78:4191,linkerd-proxy,linkerd,,linkerd-prometheus-5bccd64d4d-jzwmt,,281,,,,,linkerd-prometheus,prometheus,linkerd,outbound,,5bccd64d4d,200,true,linkerd,10.1.45.70:4191,,linkerd,linkerd-proxy-injector,linkerd,linkerd-proxy-injector-666c478cbb-z7nnc,666c478cbb,linkerd-proxy-injector,linkerd-proxy-injector.linkerd.serviceaccount.identity.linkerd.cluster.local,,,
1615588153.729,response_latency_ms_count,,,10.1.45.78:4191,linkerd-proxy,linkerd,,linkerd-prometheus-5bccd64d4d-jzwmt,,282,,,,,linkerd-prometheus,prometheus,linkerd,outbound,,5bccd64d4d,200,true,linkerd,10.1.45.70:4191,,linkerd,linkerd-proxy-injector,linkerd,linkerd-proxy-injector-666c478cbb-z7nnc,666c478cbb,linkerd-proxy-injector,linkerd-proxy-injector.linkerd.serviceaccount.identity.linkerd.cluster.local,,,
1615588163.729,response_latency_ms_count,,,10.1.45.78:4191,linkerd-proxy,linkerd,,linkerd-prometheus-5bccd64d4d-jzwmt,,283,,,,,linkerd-prometheus,prometheus,linkerd,outbound,,5bccd64d4d,200,true,linkerd,10.1.45.70:4191,,linkerd,linkerd-proxy-injector,linkerd,linkerd-proxy-injector-666c478cbb-z7nnc,666c478cbb,linkerd-proxy-injector,linkerd-proxy-injector.linkerd.serviceaccount.identity.linkerd.cluster.local,,,
1615588173.729,response_latency_ms_count,,,10.1.45.78:4191,linkerd-proxy,linkerd,,linkerd-prometheus-5bccd64d4d-jzwmt,,284,,,,,linkerd-prometheus,prometheus,linkerd,outbound,,5bccd64d4d,200,true,linkerd,10.1.45.70:4191,,linkerd,linkerd-proxy-injector,linkerd,linkerd-proxy-injector-666c478cbb-z7nnc,666c478cbb,linkerd-proxy-injector,linkerd-proxy-injector.linkerd.serviceaccount.identity.linkerd.cluster.local,,,
1615588183.729,response_latency_ms_count,,,10.1.45.78:4191,linkerd-proxy,linkerd,,linkerd-prometheus-5bccd64d4d-jzwmt,,285,,,,,linkerd-prometheus,prometheus,linkerd,outbound,,5bccd64d4d,200,true,linkerd,10.1.45.70:4191,,linkerd,linkerd-proxy-injector,linkerd,linkerd-proxy-injector-666c478cbb-z7nnc,666c478cbb,linkerd-proxy-injector,linkerd-proxy-injector.linkerd.serviceaccount.identity.linkerd.cluster.local,,,
1615588193.731,response_latency_ms_count,,,10.1.45.78:4191,linkerd-proxy,linkerd,,linkerd-prometheus-5bccd64d4d-jzwmt,,286,,,,,linkerd-prometheus,prometheus,linkerd,outbound,,5bccd64d4d,200,true,linkerd,10.1.45.70:4191,,linkerd,linkerd-proxy-injector,linkerd,linkerd-proxy-injector-666c478cbb-z7nnc,666c478cbb,linkerd-proxy-injector,linkerd-proxy-injector.linkerd.serviceaccount.identity.linkerd.cluster.local,,,
1615588203.729,response_latency_ms_count,,,10.1.45.78:4191,linkerd-proxy,linkerd,,linkerd-prometheus-5bccd64d4d-jzwmt,,287,,,,,linkerd-prometheus,prometheus,linkerd,outbound,,5bccd64d4d,200,true,linkerd,10.1.45.70:4191,,linkerd,linkerd-proxy-injector,linkerd,linkerd-proxy-injector-666c478cbb-z7nnc,666c478cbb,linkerd-proxy-injector,linkerd-proxy-injector.linkerd.serviceaccount.identity.linkerd.cluster.local,,,
1615588093.729,response_latency_ms_count,,,10.1.45.78:4191,linkerd-proxy,linkerd,,linkerd-prometheus-5bccd64d4d-jzwmt,,276,,,,,linkerd-prometheus,prometheus,linkerd,outbound,,5bccd64d4d,200,true,linkerd,10.1.45.76:4191,,linkerd,linkerd-sp-validator,linkerd,linkerd-sp-validator-77d978fbd9-zk8mm,77d978fbd9,linkerd-sp-validator,linkerd-sp-validator.linkerd.serviceaccount.identity.linkerd.cluster.local,,,
1615588103.729,response_latency_ms_count,,,10.1.45.78:4191,linkerd-proxy,linkerd,,linkerd-prometheus-5bccd64d4d-jzwmt,,277,,,,,linkerd-prometheus,prometheus,linkerd,outbound,,5bccd64d4d,200,true,linkerd,10.1.45.76:4191,,linkerd,linkerd-sp-validator,linkerd,linkerd-sp-validator-77d978fbd9-zk8mm,77d978fbd9,linkerd-sp-validator,linkerd-sp-validator.linkerd.serviceaccount.identity.linkerd.cluster.local,,,
1615588113.729,response_latency_ms_count,,,10.1.45.78:4191,linkerd-proxy,linkerd,,linkerd-prometheus-5bccd64d4d-jzwmt,,278,,,,,linkerd-prometheus,prometheus,linkerd,outbound,,5bccd64d4d,200,true,linkerd,10.1.45.76:4191,,linkerd,linkerd-sp-validator,linkerd,linkerd-sp-validator-77d978fbd9-zk8mm,77d978fbd9,linkerd-sp-validator,linkerd-sp-validator.linkerd.serviceaccount.identity.linkerd.cluster.local,,,
1615588123.729,response_latency_ms_count,,,10.1.45.78:4191,linkerd-proxy,linkerd,,linkerd-prometheus-5bccd64d4d-jzwmt,,279,,,,,linkerd-prometheus,prometheus,linkerd,outbound,,5bccd64d4d,200,true,linkerd,10.1.45.76:4191,,linkerd,linkerd-sp-validator,linkerd,linkerd-sp-validator-77d978fbd9-zk8mm,77d978fbd9,linkerd-sp-validator,linkerd-sp-validator.linkerd.serviceaccount.identity.linkerd.cluster.local,,,
1615588133.729,response_latency_ms_count,,,10.1.45.78:4191,linkerd-proxy,linkerd,,linkerd-prometheus-5bccd64d4d-jzwmt,,280,,,,,linkerd-prometheus,prometheus,linkerd,outbound,,5bccd64d4d,200,true,linkerd,10.1.45.76:4191,,linkerd,linkerd-sp-validator,linkerd,linkerd-sp-validator-77d978fbd9-zk8mm,77d978fbd9,linkerd-sp-validator,linkerd-sp-validator.linkerd.serviceaccount.identity.linkerd.cluster.local,,,
1615588143.729,response_latency_ms_count,,,10.1.45.78:4191,linkerd-proxy,linkerd,,linkerd-prometheus-5bccd64d4d-jzwmt,,281,,,,,linkerd-prometheus,prometheus,linkerd,outbound,,5bccd64d4d,200,true,linkerd,10.1.45.76:4191,,linkerd,linkerd-sp-validator,linkerd,linkerd-sp-validator-77d978fbd9-zk8mm,77d978fbd9,linkerd-sp-validator,linkerd-sp-validator.linkerd.serviceaccount.identity.linkerd.cluster.local,,,
1615588153.729,response_latency_ms_count,,,10.1.45.78:4191,linkerd-proxy,linkerd,,linkerd-prometheus-5bccd64d4d-jzwmt,,282,,,,,linkerd-prometheus,prometheus,linkerd,outbound,,5bccd64d4d,200,true,linkerd,10.1.45.76:4191,,linkerd,linkerd-sp-validator,linkerd,linkerd-sp-validator-77d978fbd9-zk8mm,77d978fbd9,linkerd-sp-validator,linkerd-sp-validator.linkerd.serviceaccount.identity.linkerd.cluster.local,,,
1615588163.729,response_latency_ms_count,,,10.1.45.78:4191,linkerd-proxy,linkerd,,linkerd-prometheus-5bccd64d4d-jzwmt,,283,,,,,linkerd-prometheus,prometheus,linkerd,outbound,,5bccd64d4d,200,true,linkerd,10.1.45.76:4191,,linkerd,linkerd-sp-validator,linkerd,linkerd-sp-validator-77d978fbd9-zk8mm,77d978fbd9,linkerd-sp-validator,linkerd-sp-validator.linkerd.serviceaccount.identity.linkerd.cluster.local,,,
1615588173.729,response_latency_ms_count,,,10.1.45.78:4191,linkerd-proxy,linkerd,,linkerd-prometheus-5bccd64d4d-jzwmt,,284,,,,,linkerd-prometheus,prometheus,linkerd,outbound,,5bccd64d4d,200,true,linkerd,10.1.45.76:4191,,linkerd,linkerd-sp-validator,linkerd,linkerd-sp-validator-77d978fbd9-zk8mm,77d978fbd9,linkerd-sp-validator,linkerd-sp-validator.linkerd.serviceaccount.identity.linkerd.cluster.local,,,
1615588183.729,response_latency_ms_count,,,10.1.45.78:4191,linkerd-proxy,linkerd,,linkerd-prometheus-5bccd64d4d-jzwmt,,285,,,,,linkerd-prometheus,prometheus,linkerd,outbound,,5bccd64d4d,200,true,linkerd,10.1.45.76:4191,,linkerd,linkerd-sp-validator,linkerd,linkerd-sp-validator-77d978fbd9-zk8mm,77d978fbd9,linkerd-sp-validator,linkerd-sp-validator.linkerd.serviceaccount.identity.linkerd.cluster.local,,,
1615588193.731,response_latency_ms_count,,,10.1.45.78:4191,linkerd-proxy,linkerd,,linkerd-prometheus-5bccd64d4d-jzwmt,,286,,,,,linkerd-prometheus,prometheus,linkerd,outbound,,5bccd64d4d,200,true,linkerd,10.1.45.76:4191,,linkerd,linkerd-sp-validator,linkerd,linkerd-sp-validator-77d978fbd9-zk8mm,77d978fbd9,linkerd-sp-validator,linkerd-sp-validator.linkerd.serviceaccount.identity.linkerd.cluster.local,,,
1615588203.729,response_latency_ms_count,,,10.1.45.78:4191,linkerd-proxy,linkerd,,linkerd-prometheus-5bccd64d4d-jzwmt,,287,,,,,linkerd-prometheus,prometheus,linkerd,outbound,,5bccd64d4d,200,true,linkerd,10.1.45.76:4191,,linkerd,linkerd-sp-validator,linkerd,linkerd-sp-validator-77d978fbd9-zk8mm,77d978fbd9,linkerd-sp-validator,linkerd-sp-validator.linkerd.serviceaccount.identity.linkerd.cluster.local,,,
1615588093.729,response_latency_ms_count,,,10.1.45.78:4191,linkerd-proxy,linkerd,,linkerd-prometheus-5bccd64d4d-jzwmt,,276,,,,,linkerd-prometheus,prometheus,linkerd,outbound,,5bccd64d4d,200,true,linkerd,10.1.45.74:4191,,linkerd,linkerd-web,linkerd,linkerd-web-b48d9c89b-49fzh,b48d9c89b,linkerd-web,linkerd-web.linkerd.serviceaccount.identity.linkerd.cluster.local,,,
1615588103.729,response_latency_ms_count,,,10.1.45.78:4191,linkerd-proxy,linkerd,,linkerd-prometheus-5bccd64d4d-jzwmt,,277,,,,,linkerd-prometheus,prometheus,linkerd,outbound,,5bccd64d4d,200,true,linkerd,10.1.45.74:4191,,linkerd,linkerd-web,linkerd,linkerd-web-b48d9c89b-49fzh,b48d9c89b,linkerd-web,linkerd-web.linkerd.serviceaccount.identity.linkerd.cluster.local,,,
1615588113.729,response_latency_ms_count,,,10.1.45.78:4191,linkerd-proxy,linkerd,,linkerd-prometheus-5bccd64d4d-jzwmt,,278,,,,,linkerd-prometheus,prometheus,linkerd,outbound,,5bccd64d4d,200,true,linkerd,10.1.45.74:4191,,linkerd,linkerd-web,linkerd,linkerd-web-b48d9c89b-49fzh,b48d9c89b,linkerd-web,linkerd-web.linkerd.serviceaccount.identity.linkerd.cluster.local,,,
1615588123.729,response_latency_ms_count,,,10.1.45.78:4191,linkerd-proxy,linkerd,,linkerd-prometheus-5bccd64d4d-jzwmt,,279,,,,,linkerd-prometheus,prometheus,linkerd,outbound,,5bccd64d4d,200,true,linkerd,10.1.45.74:4191,,linkerd,linkerd-web,linkerd,linkerd-web-b48d9c89b-49fzh,b48d9c89b,linkerd-web,linkerd-web.linkerd.serviceaccount.identity.linkerd.cluster.local,,,
1615588133.729,response_latency_ms_count,,,10.1.45.78:4191,linkerd-proxy,linkerd,,linkerd-prometheus-5bccd64d4d-jzwmt,,280,,,,,linkerd-prometheus,prometheus,linkerd,outbound,,5bccd64d4d,200,true,linkerd,10.1.45.74:4191,,linkerd,linkerd-web,linkerd,linkerd-web-b48d9c89b-49fzh,b48d9c89b,linkerd-web,linkerd-web.linkerd.serviceaccount.identity.linkerd.cluster.local,,,
1615588143.729,response_latency_ms_count,,,10.1.45.78:4191,linkerd-proxy,linkerd,,linkerd-prometheus-5bccd64d4d-jzwmt,,281,,,,,linkerd-prometheus,prometheus,linkerd,outbound,,5bccd64d4d,200,true,linkerd,10.1.45.74:4191,,linkerd,linkerd-web,linkerd,linkerd-web-b48d9c89b-49fzh,b48d9c89b,linkerd-web,linkerd-web.linkerd.serviceaccount.identity.linkerd.cluster.local,,,
1615588153.729,response_latency_ms_count,,,10.1.45.78:4191,linkerd-proxy,linkerd,,linkerd-prometheus-5bccd64d4d-jzwmt,,282,,,,,linkerd-prometheus,prometheus,linkerd,outbound,,5bccd64d4d,200,true,linkerd,10.1.45.74:4191,,linkerd,linkerd-web,linkerd,linkerd-web-b48d9c89b-49fzh,b48d9c89b,linkerd-web,linkerd-web.linkerd.serviceaccount.identity.linkerd.cluster.local,,,
1615588163.729,response_latency_ms_count,,,10.1.45.78:4191,linkerd-proxy,linkerd,,linkerd-prometheus-5bccd64d4d-jzwmt,,283,,,,,linkerd-prometheus,prometheus,linkerd,outbound,,5bccd64d4d,200,true,linkerd,10.1.45.74:4191,,linkerd,linkerd-web,linkerd,linkerd-web-b48d9c89b-49fzh,b48d9c89b,linkerd-web,linkerd-web.linkerd.serviceaccount.identity.linkerd.cluster.local,,,
1615588173.729,response_latency_ms_count,,,10.1.45.78:4191,linkerd-proxy,linkerd,,linkerd-prometheus-5bccd64d4d-jzwmt,,284,,,,,linkerd-prometheus,prometheus,linkerd,outbound,,5bccd64d4d,200,true,linkerd,10.1.45.74:4191,,linkerd,linkerd-web,linkerd,linkerd-web-b48d9c89b-49fzh,b48d9c89b,linkerd-web,linkerd-web.linkerd.serviceaccount.identity.linkerd.cluster.local,,,
1615588183.729,response_latency_ms_count,,,10.1.45.78:4191,linkerd-proxy,linkerd,,linkerd-prometheus-5bccd64d4d-jzwmt,,285,,,,,linkerd-prometheus,prometheus,linkerd,outbound,,5bccd64d4d,200,true,linkerd,10.1.45.74:4191,,linkerd,linkerd-web,linkerd,linkerd-web-b48d9c89b-49fzh,b48d9c89b,linkerd-web,linkerd-web.linkerd.serviceaccount.identity.linkerd.cluster.local,,,
1615588193.731,response_latency_ms_count,,,10.1.45.78:4191,linkerd-proxy,linkerd,,linkerd-prometheus-5bccd64d4d-jzwmt,,286,,,,,linkerd-prometheus,prometheus,linkerd,outbound,,5bccd64d4d,200,true,linkerd,10.1.45.74:4191,,linkerd,linkerd-web,linkerd,linkerd-web-b48d9c89b-49fzh,b48d9c89b,linkerd-web,linkerd-web.linkerd.serviceaccount.identity.linkerd.cluster.local,,,
1615588203.729,response_latency_ms_count,,,10.1.45.78:4191,linkerd-proxy,linkerd,,linkerd-prometheus-5bccd64d4d-jzwmt,,287,,,,,linkerd-prometheus,prometheus,linkerd,outbound,,5bccd64d4d,200,true,linkerd,10.1.45.74:4191,,linkerd,linkerd-web,linkerd,linkerd-web-b48d9c89b-49fzh,b48d9c89b,linkerd-web,linkerd-web.linkerd.serviceaccount.identity.linkerd.cluster.local,,,
1615588085.539,response_latency_ms_count,,,10.1.45.75:4191,linkerd-proxy,linkerd,,linkerd-controller-798d449c77-qk6j4,,276,,,,,linkerd-controller,controller,linkerd,inbound,,798d449c77,200,true,linkerd,,linkerd-prometheus.linkerd.serviceaccount.identity.linkerd.cluster.local,,,,,,,,,,
1615588095.54,response_latency_ms_count,,,10.1.45.75:4191,linkerd-proxy,linkerd,,linkerd-controller-798d449c77-qk6j4,,277,,,,,linkerd-controller,controller,linkerd,inbound,,798d449c77,200,true,linkerd,,linkerd-prometheus.linkerd.serviceaccount.identity.linkerd.cluster.local,,,,,,,,,,
1615588105.539,response_latency_ms_count,,,10.1.45.75:4191,linkerd-proxy,linkerd,,linkerd-controller-798d449c77-qk6j4,,278,,,,,linkerd-controller,controller,linkerd,inbound,,798d449c77,200,true,linkerd,,linkerd-prometheus.linkerd.serviceaccount.identity.linkerd.cluster.local,,,,,,,,,,
1615588115.539,response_latency_ms_count,,,10.1.45.75:4191,linkerd-proxy,linkerd,,linkerd-controller-798d449c77-qk6j4,,279,,,,,linkerd-controller,controller,linkerd,inbound,,798d449c77,200,true,linkerd,,linkerd-prometheus.linkerd.serviceaccount.identity.linkerd.cluster.local,,,,,,,,,,
1615588125.54,response_latency_ms_count,,,10.1.45.75:4191,linkerd-proxy,linkerd,,linkerd-controller-798d449c77-qk6j4,,280,,,,,linkerd-controller,controller,linkerd,inbound,,798d449c77,200,true,linkerd,,linkerd-prometheus.linkerd.serviceaccount.identity.linkerd.cluster.local,,,,,,,,,,
1615588135.539,response_latency_ms_count,,,10.1.45.75:4191,linkerd-proxy,linkerd,,linkerd-controller-798d449c77-qk6j4,,281,,,,,linkerd-controller,controller,linkerd,inbound,,798d449c77,200,true,linkerd,,linkerd-prometheus.linkerd.serviceaccount.identity.linkerd.cluster.local,,,,,,,,,,
1615588145.539,response_latency_ms_count,,,10.1.45.75:4191,linkerd-proxy,linkerd,,linkerd-controller-798d449c77-qk6j4,,282,,,,,linkerd-controller,controller,linkerd,inbound,,798d449c77,200,true,linkerd,,linkerd-prometheus.linkerd.serviceaccount.identity.linkerd.cluster.local,,,,,,,,,,
1615588155.539,response_latency_ms_count,,,10.1.45.75:4191,linkerd-proxy,linkerd,,linkerd-controller-798d449c77-qk6j4,,283,,,,,linkerd-controller,controller,linkerd,inbound,,798d449c77,200,true,linkerd,,linkerd-prometheus.linkerd.serviceaccount.identity.linkerd.cluster.local,,,,,,,,,,
1615588165.539,response_latency_ms_count,,,10.1.45.75:4191,linkerd-proxy,linkerd,,linkerd-controller-798d449c77-qk6j4,,284,,,,,linkerd-controller,controller,linkerd,inbound,,798d449c77,200,true,linkerd,,linkerd-prometheus.linkerd.serviceaccount.identity.linkerd.cluster.local,,,,,,,,,,
1615588175.539,response_latency_ms_count,,,10.1.45.75:4191,linkerd-proxy,linkerd,,linkerd-controller-798d449c77-qk6j4,,285,,,,,linkerd-controller,controller,linkerd,inbound,,798d449c77,200,true,linkerd,,linkerd-prometheus.linkerd.serviceaccount.identity.linkerd.cluster.local,,,,,,,,,,
1615588185.539,response_latency_ms_count,,,10.1.45.75:4191,linkerd-proxy,linkerd,,linkerd-controller-798d449c77-qk6j4,,286,,,,,linkerd-controller,controller,linkerd,inbound,,798d449c77,200,true,linkerd,,linkerd-prometheus.linkerd.serviceaccount.identity.linkerd.cluster.local,,,,,,,,,,
1615588195.539,response_latency_ms_count,,,10.1.45.75:4191,linkerd-proxy,linkerd,,linkerd-controller-798d449c77-qk6j4,,287,,,,,linkerd-controller,controller,linkerd,inbound,,798d449c77,200,true,linkerd,,linkerd-prometheus.linkerd.serviceaccount.identity.linkerd.cluster.local,,,,,,,,,,
1615588093.461,response_latency_ms_count,,,10.1.45.71:4191,linkerd-proxy,linkerd,,linkerd-destination-654f8848f5-4tr7b,,12,,,,,linkerd-destination,destination,linkerd,inbound,,654f8848f5,200,true,linkerd,linkerd-dst-headless.linkerd.svc.cluster.local:8086,linkerd-identity.linkerd.serviceaccount.identity.linkerd.cluster.local,,,,,,,,,,
1615588103.461,response_latency_ms_count,,,10.1.45.71:4191,linkerd-proxy,linkerd,,linkerd-destination-654f8848f5-4tr7b,,12,,,,,linkerd-destination,destination,linkerd,inbound,,654f8848f5,200,true,linkerd,linkerd-dst-headless.linkerd.svc.cluster.local:8086,linkerd-identity.linkerd.serviceaccount.identity.linkerd.cluster.local,,,,,,,,,,
1615588113.461,response_latency_ms_count,,,10.1.45.71:4191,linkerd-proxy,linkerd,,linkerd-destination-654f8848f5-4tr7b,,12,,,,,linkerd-destination,destination,linkerd,inbound,,654f8848f5,200,true,linkerd,linkerd-dst-headless.linkerd.svc.cluster.local:8086,linkerd-identity.linkerd.serviceaccount.identity.linkerd.cluster.local,,,,,,,,,,
1615588123.461,response_latency_ms_count,,,10.1.45.71:4191,linkerd-proxy,linkerd,,linkerd-destination-654f8848f5-4tr7b,,12,,,,,linkerd-destination,destination,linkerd,inbound,,654f8848f5,200,true,linkerd,linkerd-dst-headless.linkerd.svc.cluster.local:8086,linkerd-identity.linkerd.serviceaccount.identity.linkerd.cluster.local,,,,,,,,,,
1615588133.461,response_latency_ms_count,,,10.1.45.71:4191,linkerd-proxy,linkerd,,linkerd-destination-654f8848f5-4tr7b,,12,,,,,linkerd-destination,destination,linkerd,inbound,,654f8848f5,200,true,linkerd,linkerd-dst-headless.linkerd.svc.cluster.local:8086,linkerd-identity.linkerd.serviceaccount.identity.linkerd.cluster.local,,,,,,,,,,
1615588143.461,response_latency_ms_count,,,10.1.45.71:4191,linkerd-proxy,linkerd,,linkerd-destination-654f8848f5-4tr7b,,12,,,,,linkerd-destination,destination,linkerd,inbound,,654f8848f5,200,true,linkerd,linkerd-dst-headless.linkerd.svc.cluster.local:8086,linkerd-identity.linkerd.serviceaccount.identity.linkerd.cluster.local,,,,,,,,,,
1615588153.461,response_latency_ms_count,,,10.1.45.71:4191,linkerd-proxy,linkerd,,linkerd-destination-654f8848f5-4tr7b,,12,,,,,linkerd-destination,destination,linkerd,inbound,,654f8848f5,200,true,linkerd,linkerd-dst-headless.linkerd.svc.cluster.local:8086,linkerd-identity.linkerd.serviceaccount.identity.linkerd.cluster.local,,,,,,,,,,
1615588163.461,response_latency_ms_count,,,10.1.45.71:4191,linkerd-proxy,linkerd,,linkerd-destination-654f8848f5-4tr7b,,12,,,,,linkerd-destination,destination,linkerd,inbound,,654f8848f5,200,true,linkerd,linkerd-dst-headless.linkerd.svc.cluster.local:8086,linkerd-identity.linkerd.serviceaccount.identity.linkerd.cluster.local,,,,,,,,,,
1615588173.461,response_latency_ms_count,,,10.1.45.71:4191,linkerd-proxy,linkerd,,linkerd-destination-654f8848f5-4tr7b,,12,,,,,linkerd-destination,destination,linkerd,inbound,,654f8848f5,200,true,linkerd,linkerd-dst-headless.linkerd.svc.cluster.local:8086,linkerd-identity.linkerd.serviceaccount.identity.linkerd.cluster.local,,,,,,,,,,
1615588183.461,response_latency_ms_count,,,10.1.45.71:4191,linkerd-proxy,linkerd,,linkerd-destination-654f8848f5-4tr7b,,12,,,,,linkerd-destination,destination,linkerd,inbound,,654f8848f5,200,true,linkerd,linkerd-dst-headless.linkerd.svc.cluster.local:8086,linkerd-identity.linkerd.serviceaccount.identity.linkerd.cluster.local,,,,,,,,,,
1615588193.461,response_latency_ms_count,,,10.1.45.71:4191,linkerd-proxy,linkerd,,linkerd-destination-654f8848f5-4tr7b,,12,,,,,linkerd-destination,destination,linkerd,inbound,,654f8848f5,200,true,linkerd,linkerd-dst-headless.linkerd.svc.cluster.local:8086,linkerd-identity.linkerd.serviceaccount.identity.linkerd.cluster.local,,,,,,,,,,
1615588203.461,response_latency_ms_count,,,10.1.45.71:4191,linkerd-proxy,linkerd,,linkerd-destination-654f8848f5-4tr7b,,12,,,,,linkerd-destination,destination,linkerd,inbound,,654f8848f5,200,true,linkerd,linkerd-dst-headless.linkerd.svc.cluster.local:8086,linkerd-identity.linkerd.serviceaccount.identity.linkerd.cluster.local,,,,,,,,,,
1615588093.461,response_latency_ms_count,,,10.1.45.71:4191,linkerd-proxy,linkerd,,linkerd-destination-654f8848f5-4tr7b,,1668,,,,,linkerd-destination,destination,linkerd,inbound,,654f8848f5,200,true,linkerd,linkerd-dst-headless.linkerd.svc.cluster.local:8086,default.teastore.serviceaccount.identity.linkerd.cluster.local,,,,,,,,,,
1615588103.461,response_latency_ms_count,,,10.1.45.71:4191,linkerd-proxy,linkerd,,linkerd-destination-654f8848f5-4tr7b,,1681,,,,,linkerd-destination,destination,linkerd,inbound,,654f8848f5,200,true,linkerd,linkerd-dst-headless.linkerd.svc.cluster.local:8086,default.teastore.serviceaccount.identity.linkerd.cluster.local,,,,,,,,,,
1615588113.461,response_latency_ms_count,,,10.1.45.71:4191,linkerd-proxy,linkerd,,linkerd-destination-654f8848f5-4tr7b,,1687,,,,,linkerd-destination,destination,linkerd,inbound,,654f8848f5,200,true,linkerd,linkerd-dst-headless.linkerd.svc.cluster.local:8086,default.teastore.serviceaccount.identity.linkerd.cluster.local,,,,,,,,,,
1615588123.461,response_latency_ms_count,,,10.1.45.71:4191,linkerd-proxy,linkerd,,linkerd-destination-654f8848f5-4tr7b,,1695,,,,,linkerd-destination,destination,linkerd,inbound,,654f8848f5,200,true,linkerd,linkerd-dst-headless.linkerd.svc.cluster.local:8086,default.teastore.serviceaccount.identity.linkerd.cluster.local,,,,,,,,,,
1615588133.461,response_latency_ms_count,,,10.1.45.71:4191,linkerd-proxy,linkerd,,linkerd-destination-654f8848f5-4tr7b,,1702,,,,,linkerd-destination,destination,linkerd,inbound,,654f8848f5,200,true,linkerd,linkerd-dst-headless.linkerd.svc.cluster.local:8086,default.teastore.serviceaccount.identity.linkerd.cluster.local,,,,,,,,,,
1615588143.461,response_latency_ms_count,,,10.1.45.71:4191,linkerd-proxy,linkerd,,linkerd-destination-654f8848f5-4tr7b,,1712,,,,,linkerd-destination,destination,linkerd,inbound,,654f8848f5,200,true,linkerd,linkerd-dst-headless.linkerd.svc.cluster.local:8086,default.teastore.serviceaccount.identity.linkerd.cluster.local,,,,,,,,,,
1615588153.461,response_latency_ms_count,,,10.1.45.71:4191,linkerd-proxy,linkerd,,linkerd-destination-654f8848f5-4tr7b,,1712,,,,,linkerd-destination,destination,linkerd,inbound,,654f8848f5,200,true,linkerd,linkerd-dst-headless.linkerd.svc.cluster.local:8086,default.teastore.serviceaccount.identity.linkerd.cluster.local,,,,,,,,,,
1615588163.461,response_latency_ms_count,,,10.1.45.71:4191,linkerd-proxy,linkerd,,linkerd-destination-654f8848f5-4tr7b,,1724,,,,,linkerd-destination,destination,linkerd,inbound,,654f8848f5,200,true,linkerd,linkerd-dst-headless.linkerd.svc.cluster.local:8086,default.teastore.serviceaccount.identity.linkerd.cluster.local,,,,,,,,,,
1615588173.461,response_latency_ms_count,,,10.1.45.71:4191,linkerd-proxy,linkerd,,linkerd-destination-654f8848f5-4tr7b,,1728,,,,,linkerd-destination,destination,linkerd,inbound,,654f8848f5,200,true,linkerd,linkerd-dst-headless.linkerd.svc.cluster.local:8086,default.teastore.serviceaccount.identity.linkerd.cluster.local,,,,,,,,,,
1615588183.461,response_latency_ms_count,,,10.1.45.71:4191,linkerd-proxy,linkerd,,linkerd-destination-654f8848f5-4tr7b,,1734,,,,,linkerd-destination,destination,linkerd,inbound,,654f8848f5,200,true,linkerd,linkerd-dst-headless.linkerd.svc.cluster.local:8086,default.teastore.serviceaccount.identity.linkerd.cluster.local,,,,,,,,,,
1615588193.461,response_latency_ms_count,,,10.1.45.71:4191,linkerd-proxy,linkerd,,linkerd-destination-654f8848f5-4tr7b,,1744,,,,,linkerd-destination,destination,linkerd,inbound,,654f8848f5,200,true,linkerd,linkerd-dst-headless.linkerd.svc.cluster.local:8086,default.teastore.serviceaccount.identity.linkerd.cluster.local,,,,,,,,,,
1615588203.461,response_latency_ms_count,,,10.1.45.71:4191,linkerd-proxy,linkerd,,linkerd-destination-654f8848f5-4tr7b,,1751,,,,,linkerd-destination,destination,linkerd,inbound,,654f8848f5,200,true,linkerd,linkerd-dst-headless.linkerd.svc.cluster.local:8086,default.teastore.serviceaccount.identity.linkerd.cluster.local,,,,,,,,,,
1615588093.729,response_latency_ms_count,,,10.1.45.78:4191,linkerd-proxy,linkerd,,linkerd-prometheus-5bccd64d4d-jzwmt,,272,,,,,linkerd-prometheus,prometheus,linkerd,outbound,,5bccd64d4d,200,true,linkerd,10.1.45.96:4191,,linkerd,teastore-auth,teastore,teastore-auth-5c8f77dbb8-sx8wp,5c8f77dbb8,default,default.teastore.serviceaccount.identity.linkerd.cluster.local,,,
1615588103.729,response_latency_ms_count,,,10.1.45.78:4191,linkerd-proxy,linkerd,,linkerd-prometheus-5bccd64d4d-jzwmt,,273,,,,,linkerd-prometheus,prometheus,linkerd,outbound,,5bccd64d4d,200,true,linkerd,10.1.45.96:4191,,linkerd,teastore-auth,teastore,teastore-auth-5c8f77dbb8-sx8wp,5c8f77dbb8,default,default.teastore.serviceaccount.identity.linkerd.cluster.local,,,
1615588113.729,response_latency_ms_count,,,10.1.45.78:4191,linkerd-proxy,linkerd,,linkerd-prometheus-5bccd64d4d-jzwmt,,274,,,,,linkerd-prometheus,prometheus,linkerd,outbound,,5bccd64d4d,200,true,linkerd,10.1.45.96:4191,,linkerd,teastore-auth,teastore,teastore-auth-5c8f77dbb8-sx8wp,5c8f77dbb8,default,default.teastore.serviceaccount.identity.linkerd.cluster.local,,,
1615588123.729,response_latency_ms_count,,,10.1.45.78:4191,linkerd-proxy,linkerd,,linkerd-prometheus-5bccd64d4d-jzwmt,,275,,,,,linkerd-prometheus,prometheus,linkerd,outbound,,5bccd64d4d,200,true,linkerd,10.1.45.96:4191,,linkerd,teastore-auth,teastore,teastore-auth-5c8f77dbb8-sx8wp,5c8f77dbb8,default,default.teastore.serviceaccount.identity.linkerd.cluster.local,,,
1615588133.729,response_latency_ms_count,,,10.1.45.78:4191,linkerd-proxy,linkerd,,linkerd-prometheus-5bccd64d4d-jzwmt,,276,,,,,linkerd-prometheus,prometheus,linkerd,outbound,,5bccd64d4d,200,true,linkerd,10.1.45.96:4191,,linkerd,teastore-auth,teastore,teastore-auth-5c8f77dbb8-sx8wp,5c8f77dbb8,default,default.teastore.serviceaccount.identity.linkerd.cluster.local,,,
1615588143.729,response_latency_ms_count,,,10.1.45.78:4191,linkerd-proxy,linkerd,,linkerd-prometheus-5bccd64d4d-jzwmt,,277,,,,,linkerd-prometheus,prometheus,linkerd,outbound,,5bccd64d4d,200,true,linkerd,10.1.45.96:4191,,linkerd,teastore-auth,teastore,teastore-auth-5c8f77dbb8-sx8wp,5c8f77dbb8,default,default.teastore.serviceaccount.identity.linkerd.cluster.local,,,
1615588153.729,response_latency_ms_count,,,10.1.45.78:4191,linkerd-proxy,linkerd,,linkerd-prometheus-5bccd64d4d-jzwmt,,278,,,,,linkerd-prometheus,prometheus,linkerd,outbound,,5bccd64d4d,200,true,linkerd,10.1.45.96:4191,,linkerd,teastore-auth,teastore,teastore-auth-5c8f77dbb8-sx8wp,5c8f77dbb8,default,default.teastore.serviceaccount.identity.linkerd.cluster.local,,,
1615588163.729,response_latency_ms_count,,,10.1.45.78:4191,linkerd-proxy,linkerd,,linkerd-prometheus-5bccd64d4d-jzwmt,,279,,,,,linkerd-prometheus,prometheus,linkerd,outbound,,5bccd64d4d,200,true,linkerd,10.1.45.96:4191,,linkerd,teastore-auth,teastore,teastore-auth-5c8f77dbb8-sx8wp,5c8f77dbb8,default,default.teastore.serviceaccount.identity.linkerd.cluster.local,,,
1615588173.729,response_latency_ms_count,,,10.1.45.78:4191,linkerd-proxy,linkerd,,linkerd-prometheus-5bccd64d4d-jzwmt,,280,,,,,linkerd-prometheus,prometheus,linkerd,outbound,,5bccd64d4d,200,true,linkerd,10.1.45.96:4191,,linkerd,teastore-auth,teastore,teastore-auth-5c8f77dbb8-sx8wp,5c8f77dbb8,default,default.teastore.serviceaccount.identity.linkerd.cluster.local,,,
1615588183.729,response_latency_ms_count,,,10.1.45.78:4191,linkerd-proxy,linkerd,,linkerd-prometheus-5bccd64d4d-jzwmt,,281,,,,,linkerd-prometheus,prometheus,linkerd,outbound,,5bccd64d4d,200,true,linkerd,10.1.45.96:4191,,linkerd,teastore-auth,teastore,teastore-auth-5c8f77dbb8-sx8wp,5c8f77dbb8,default,default.teastore.serviceaccount.identity.linkerd.cluster.local,,,
1615588193.731,response_latency_ms_count,,,10.1.45.78:4191,linkerd-proxy,linkerd,,linkerd-prometheus-5bccd64d4d-jzwmt,,282,,,,,linkerd-prometheus,prometheus,linkerd,outbound,,5bccd64d4d,200,true,linkerd,10.1.45.96:4191,,linkerd,teastore-auth,teastore,teastore-auth-5c8f77dbb8-sx8wp,5c8f77dbb8,default,default.teastore.serviceaccount.identity.linkerd.cluster.local,,,
1615588203.729,response_latency_ms_count,,,10.1.45.78:4191,linkerd-proxy,linkerd,,linkerd-prometheus-5bccd64d4d-jzwmt,,283,,,,,linkerd-prometheus,prometheus,linkerd,outbound,,5bccd64d4d,200,true,linkerd,10.1.45.96:4191,,linkerd,teastore-auth,teastore,teastore-auth-5c8f77dbb8-sx8wp,5c8f77dbb8,default,default.teastore.serviceaccount.identity.linkerd.cluster.local,,,
1615588093.729,response_latency_ms_count,,,10.1.45.78:4191,linkerd-proxy,linkerd,,linkerd-prometheus-5bccd64d4d-jzwmt,,272,,,,,linkerd-prometheus,prometheus,linkerd,outbound,,5bccd64d4d,200,true,linkerd,10.1.45.98:4191,,linkerd,teastore-image,teastore,teastore-image-77b5d74b7d-vt6qj,77b5d74b7d,default,default.teastore.serviceaccount.identity.linkerd.cluster.local,,,
1615588103.729,response_latency_ms_count,,,10.1.45.78:4191,linkerd-proxy,linkerd,,linkerd-prometheus-5bccd64d4d-jzwmt,,273,,,,,linkerd-prometheus,prometheus,linkerd,outbound,,5bccd64d4d,200,true,linkerd,10.1.45.98:4191,,linkerd,teastore-image,teastore,teastore-image-77b5d74b7d-vt6qj,77b5d74b7d,default,default.teastore.serviceaccount.identity.linkerd.cluster.local,,,
1615588113.729,response_latency_ms_count,,,10.1.45.78:4191,linkerd-proxy,linkerd,,linkerd-prometheus-5bccd64d4d-jzwmt,,274,,,,,linkerd-prometheus,prometheus,linkerd,outbound,,5bccd64d4d,200,true,linkerd,10.1.45.98:4191,,linkerd,teastore-image,teastore,teastore-image-77b5d74b7d-vt6qj,77b5d74b7d,default,default.teastore.serviceaccount.identity.linkerd.cluster.local,,,
1615588123.729,response_latency_ms_count,,,10.1.45.78:4191,linkerd-proxy,linkerd,,linkerd-prometheus-5bccd64d4d-jzwmt,,275,,,,,linkerd-prometheus,prometheus,linkerd,outbound,,5bccd64d4d,200,true,linkerd,10.1.45.98:4191,,linkerd,teastore-image,teastore,teastore-image-77b5d74b7d-vt6qj,77b5d74b7d,default,default.teastore.serviceaccount.identity.linkerd.cluster.local,,,
1615588133.729,response_latency_ms_count,,,10.1.45.78:4191,linkerd-proxy,linkerd,,linkerd-prometheus-5bccd64d4d-jzwmt,,276,,,,,linkerd-prometheus,prometheus,linkerd,outbound,,5bccd64d4d,200,true,linkerd,10.1.45.98:4191,,linkerd,teastore-image,teastore,teastore-image-77b5d74b7d-vt6qj,77b5d74b7d,default,default.teastore.serviceaccount.identity.linkerd.cluster.local,,,
1615588143.729,response_latency_ms_count,,,10.1.45.78:4191,linkerd-proxy,linkerd,,linkerd-prometheus-5bccd64d4d-jzwmt,,277,,,,,linkerd-prometheus,prometheus,linkerd,outbound,,5bccd64d4d,200,true,linkerd,10.1.45.98:4191,,linkerd,teastore-image,teastore,teastore-image-77b5d74b7d-vt6qj,77b5d74b7d,default,default.teastore.serviceaccount.identity.linkerd.cluster.local,,,
1615588153.729,response_latency_ms_count,,,10.1.45.78:4191,linkerd-proxy,linkerd,,linkerd-prometheus-5bccd64d4d-jzwmt,,278,,,,,linkerd-prometheus,prometheus,linkerd,outbound,,5bccd64d4d,200,true,linkerd,10.1.45.98:4191,,linkerd,teastore-image,teastore,teastore-image-77b5d74b7d-vt6qj,77b5d74b7d,default,default.teastore.serviceaccount.identity.linkerd.cluster.local,,,
1615588163.729,response_latency_ms_count,,,10.1.45.78:4191,linkerd-proxy,linkerd,,linkerd-prometheus-5bccd64d4d-jzwmt,,279,,,,,linkerd-prometheus,prometheus,linkerd,outbound,,5bccd64d4d,200,true,linkerd,10.1.45.98:4191,,linkerd,teastore-image,teastore,teastore-image-77b5d74b7d-vt6qj,77b5d74b7d,default,default.teastore.serviceaccount.identity.linkerd.cluster.local,,,
1615588173.729,response_latency_ms_count,,,10.1.45.78:4191,linkerd-proxy,linkerd,,linkerd-prometheus-5bccd64d4d-jzwmt,,280,,,,,linkerd-prometheus,prometheus,linkerd,outbound,,5bccd64d4d,200,true,linkerd,10.1.45.98:4191,,linkerd,teastore-image,teastore,teastore-image-77b5d74b7d-vt6qj,77b5d74b7d,default,default.teastore.serviceaccount.identity.linkerd.cluster.local,,,
1615588183.729,response_latency_ms_count,,,10.1.45.78:4191,linkerd-proxy,linkerd,,linkerd-prometheus-5bccd64d4d-jzwmt,,281,,,,,linkerd-prometheus,prometheus,linkerd,outbound,,5bccd64d4d,200,true,linkerd,10.1.45.98:4191,,linkerd,teastore-image,teastore,teastore-image-77b5d74b7d-vt6qj,77b5d74b7d,default,default.teastore.serviceaccount.identity.linkerd.cluster.local,,,
1615588193.731,response_latency_ms_count,,,10.1.45.78:4191,linkerd-proxy,linkerd,,linkerd-prometheus-5bccd64d4d-jzwmt,,282,,,,,linkerd-prometheus,prometheus,linkerd,outbound,,5bccd64d4d,200,true,linkerd,10.1.45.98:4191,,linkerd,teastore-image,teastore,teastore-image-77b5d74b7d-vt6qj,77b5d74b7d,default,default.teastore.serviceaccount.identity.linkerd.cluster.local,,,
1615588203.729,response_latency_ms_count,,,10.1.45.78:4191,linkerd-proxy,linkerd,,linkerd-prometheus-5bccd64d4d-jzwmt,,283,,,,,linkerd-prometheus,prometheus,linkerd,outbound,,5bccd64d4d,200,true,linkerd,10.1.45.98:4191,,linkerd,teastore-image,teastore,teastore-image-77b5d74b7d-vt6qj,77b5d74b7d,default,default.teastore.serviceaccount.identity.linkerd.cluster.local,,,
1615588093.729,response_latency_ms_count,,,10.1.45.78:4191,linkerd-proxy,linkerd,,linkerd-prometheus-5bccd64d4d-jzwmt,,272,,,,,linkerd-prometheus,prometheus,linkerd,outbound,,5bccd64d4d,200,true,linkerd,10.1.45.95:4191,,linkerd,teastore-recommender,teastore,teastore-recommender-597fccb746-vtcxt,597fccb746,default,default.teastore.serviceaccount.identity.linkerd.cluster.local,,,
1615588103.729,response_latency_ms_count,,,10.1.45.78:4191,linkerd-proxy,linkerd,,linkerd-prometheus-5bccd64d4d-jzwmt,,273,,,,,linkerd-prometheus,prometheus,linkerd,outbound,,5bccd64d4d,200,true,linkerd,10.1.45.95:4191,,linkerd,teastore-recommender,teastore,teastore-recommender-597fccb746-vtcxt,597fccb746,default,default.teastore.serviceaccount.identity.linkerd.cluster.local,,,
1615588113.729,response_latency_ms_count,,,10.1.45.78:4191,linkerd-proxy,linkerd,,linkerd-prometheus-5bccd64d4d-jzwmt,,274,,,,,linkerd-prometheus,prometheus,linkerd,outbound,,5bccd64d4d,200,true,linkerd,10.1.45.95:4191,,linkerd,teastore-recommender,teastore,teastore-recommender-597fccb746-vtcxt,597fccb746,default,default.teastore.serviceaccount.identity.linkerd.cluster.local,,,
1615588123.729,response_latency_ms_count,,,10.1.45.78:4191,linkerd-proxy,linkerd,,linkerd-prometheus-5bccd64d4d-jzwmt,,275,,,,,linkerd-prometheus,prometheus,linkerd,outbound,,5bccd64d4d,200,true,linkerd,10.1.45.95:4191,,linkerd,teastore-recommender,teastore,teastore-recommender-597fccb746-vtcxt,597fccb746,default,default.teastore.serviceaccount.identity.linkerd.cluster.local,,,
1615588133.729,response_latency_ms_count,,,10.1.45.78:4191,linkerd-proxy,linkerd,,linkerd-prometheus-5bccd64d4d-jzwmt,,276,,,,,linkerd-prometheus,prometheus,linkerd,outbound,,5bccd64d4d,200,true,linkerd,10.1.45.95:4191,,linkerd,teastore-recommender,teastore,teastore-recommender-597fccb746-vtcxt,597fccb746,default,default.teastore.serviceaccount.identity.linkerd.cluster.local,,,
1615588143.729,response_latency_ms_count,,,10.1.45.78:4191,linkerd-proxy,linkerd,,linkerd-prometheus-5bccd64d4d-jzwmt,,277,,,,,linkerd-prometheus,prometheus,linkerd,outbound,,5bccd64d4d,200,true,linkerd,10.1.45.95:4191,,linkerd,teastore-recommender,teastore,teastore-recommender-597fccb746-vtcxt,597fccb746,default,default.teastore.serviceaccount.identity.linkerd.cluster.local,,,
1615588153.729,response_latency_ms_count,,,10.1.45.78:4191,linkerd-proxy,linkerd,,linkerd-prometheus-5bccd64d4d-jzwmt,,278,,,,,linkerd-prometheus,prometheus,linkerd,outbound,,5bccd64d4d,200,true,linkerd,10.1.45.95:4191,,linkerd,teastore-recommender,teastore,teastore-recommender-597fccb746-vtcxt,597fccb746,default,default.teastore.serviceaccount.identity.linkerd.cluster.local,,,
1615588163.729,response_latency_ms_count,,,10.1.45.78:4191,linkerd-proxy,linkerd,,linkerd-prometheus-5bccd64d4d-jzwmt,,279,,,,,linkerd-prometheus,prometheus,linkerd,outbound,,5bccd64d4d,200,true,linkerd,10.1.45.95:4191,,linkerd,teastore-recommender,teastore,teastore-recommender-597fccb746-vtcxt,597fccb746,default,default.teastore.serviceaccount.identity.linkerd.cluster.local,,,
1615588173.729,response_latency_ms_count,,,10.1.45.78:4191,linkerd-proxy,linkerd,,linkerd-prometheus-5bccd64d4d-jzwmt,,280,,,,,linkerd-prometheus,prometheus,linkerd,outbound,,5bccd64d4d,200,true,linkerd,10.1.45.95:4191,,linkerd,teastore-recommender,teastore,teastore-recommender-597fccb746-vtcxt,597fccb746,default,default.teastore.serviceaccount.identity.linkerd.cluster.local,,,
1615588183.729,response_latency_ms_count,,,10.1.45.78:4191,linkerd-proxy,linkerd,,linkerd-prometheus-5bccd64d4d-jzwmt,,281,,,,,linkerd-prometheus,prometheus,linkerd,outbound,,5bccd64d4d,200,true,linkerd,10.1.45.95:4191,,linkerd,teastore-recommender,teastore,teastore-recommender-597fccb746-vtcxt,597fccb746,default,default.teastore.serviceaccount.identity.linkerd.cluster.local,,,
1615588193.731,response_latency_ms_count,,,10.1.45.78:4191,linkerd-proxy,linkerd,,linkerd-prometheus-5bccd64d4d-jzwmt,,282,,,,,linkerd-prometheus,prometheus,linkerd,outbound,,5bccd64d4d,200,true,linkerd,10.1.45.95:4191,,linkerd,teastore-recommender,teastore,teastore-recommender-597fccb746-vtcxt,597fccb746,default,default.teastore.serviceaccount.identity.linkerd.cluster.local,,,
1615588203.729,response_latency_ms_count,,,10.1.45.78:4191,linkerd-proxy,linkerd,,linkerd-prometheus-5bccd64d4d-jzwmt,,283,,,,,linkerd-prometheus,prometheus,linkerd,outbound,,5bccd64d4d,200,true,linkerd,10.1.45.95:4191,,linkerd,teastore-recommender,teastore,teastore-recommender-597fccb746-vtcxt,597fccb746,default,default.teastore.serviceaccount.identity.linkerd.cluster.local,,,
1615588093.729,response_latency_ms_count,,,10.1.45.78:4191,linkerd-proxy,linkerd,,linkerd-prometheus-5bccd64d4d-jzwmt,,271,,,,,linkerd-prometheus,prometheus,linkerd,outbound,,5bccd64d4d,200,true,linkerd,10.1.45.99:4191,,linkerd,teastore-persistence,teastore,teastore-persistence-d9666cc75-l847s,d9666cc75,default,default.teastore.serviceaccount.identity.linkerd.cluster.local,,,
1615588103.729,response_latency_ms_count,,,10.1.45.78:4191,linkerd-proxy,linkerd,,linkerd-prometheus-5bccd64d4d-jzwmt,,272,,,,,linkerd-prometheus,prometheus,linkerd,outbound,,5bccd64d4d,200,true,linkerd,10.1.45.99:4191,,linkerd,teastore-persistence,teastore,teastore-persistence-d9666cc75-l847s,d9666cc75,default,default.teastore.serviceaccount.identity.linkerd.cluster.local,,,
1615588113.729,response_latency_ms_count,,,10.1.45.78:4191,linkerd-proxy,linkerd,,linkerd-prometheus-5bccd64d4d-jzwmt,,273,,,,,linkerd-prometheus,prometheus,linkerd,outbound,,5bccd64d4d,200,true,linkerd,10.1.45.99:4191,,linkerd,teastore-persistence,teastore,teastore-persistence-d9666cc75-l847s,d9666cc75,default,default.teastore.serviceaccount.identity.linkerd.cluster.local,,,
1615588123.729,response_latency_ms_count,,,10.1.45.78:4191,linkerd-proxy,linkerd,,linkerd-prometheus-5bccd64d4d-jzwmt,,274,,,,,linkerd-prometheus,prometheus,linkerd,outbound,,5bccd64d4d,200,true,linkerd,10.1.45.99:4191,,linkerd,teastore-persistence,teastore,teastore-persistence-d9666cc75-l847s,d9666cc75,default,default.teastore.serviceaccount.identity.linkerd.cluster.local,,,
1615588133.729,response_latency_ms_count,,,10.1.45.78:4191,linkerd-proxy,linkerd,,linkerd-prometheus-5bccd64d4d-jzwmt,,275,,,,,linkerd-prometheus,prometheus,linkerd,outbound,,5bccd64d4d,200,true,linkerd,10.1.45.99:4191,,linkerd,teastore-persistence,teastore,teastore-persistence-d9666cc75-l847s,d9666cc75,default,default.teastore.serviceaccount.identity.linkerd.cluster.local,,,
1615588143.729,response_latency_ms_count,,,10.1.45.78:4191,linkerd-proxy,linkerd,,linkerd-prometheus-5bccd64d4d-jzwmt,,276,,,,,linkerd-prometheus,prometheus,linkerd,outbound,,5bccd64d4d,200,true,linkerd,10.1.45.99:4191,,linkerd,teastore-persistence,teastore,teastore-persistence-d9666cc75-l847s,d9666cc75,default,default.teastore.serviceaccount.identity.linkerd.cluster.local,,,
1615588153.729,response_latency_ms_count,,,10.1.45.78:4191,linkerd-proxy,linkerd,,linkerd-prometheus-5bccd64d4d-jzwmt,,277,,,,,linkerd-prometheus,prometheus,linkerd,outbound,,5bccd64d4d,200,true,linkerd,10.1.45.99:4191,,linkerd,teastore-persistence,teastore,teastore-persistence-d9666cc75-l847s,d9666cc75,default,default.teastore.serviceaccount.identity.linkerd.cluster.local,,,
1615588163.729,response_latency_ms_count,,,10.1.45.78:4191,linkerd-proxy,linkerd,,linkerd-prometheus-5bccd64d4d-jzwmt,,278,,,,,linkerd-prometheus,prometheus,linkerd,outbound,,5bccd64d4d,200,true,linkerd,10.1.45.99:4191,,linkerd,teastore-persistence,teastore,teastore-persistence-d9666cc75-l847s,d9666cc75,default,default.teastore.serviceaccount.identity.linkerd.cluster.local,,,
1615588173.729,response_latency_ms_count,,,10.1.45.78:4191,linkerd-proxy,linkerd,,linkerd-prometheus-5bccd64d4d-jzwmt,,279,,,,,linkerd-prometheus,prometheus,linkerd,outbound,,5bccd64d4d,200,true,linkerd,10.1.45.99:4191,,linkerd,teastore-persistence,teastore,teastore-persistence-d9666cc75-l847s,d9666cc75,default,default.teastore.serviceaccount.identity.linkerd.cluster.local,,,
1615588183.729,response_latency_ms_count,,,10.1.45.78:4191,linkerd-proxy,linkerd,,linkerd-prometheus-5bccd64d4d-jzwmt,,280,,,,,linkerd-prometheus,prometheus,linkerd,outbound,,5bccd64d4d,200,true,linkerd,10.1.45.99:4191,,linkerd,teastore-persistence,teastore,teastore-persistence-d9666cc75-l847s,d9666cc75,default,default.teastore.serviceaccount.identity.linkerd.cluster.local,,,
1615588193.731,response_latency_ms_count,,,10.1.45.78:4191,linkerd-proxy,linkerd,,linkerd-prometheus-5bccd64d4d-jzwmt,,281,,,,,linkerd-prometheus,prometheus,linkerd,outbound,,5bccd64d4d,200,true,linkerd,10.1.45.99:4191,,linkerd,teastore-persistence,teastore,teastore-persistence-d9666cc75-l847s,d9666cc75,default,default.teastore.serviceaccount.identity.linkerd.cluster.local,,,
1615588203.729,response_latency_ms_count,,,10.1.45.78:4191,linkerd-proxy,linkerd,,linkerd-prometheus-5bccd64d4d-jzwmt,,282,,,,,linkerd-prometheus,prometheus,linkerd,outbound,,5bccd64d4d,200,true,linkerd,10.1.45.99:4191,,linkerd,teastore-persistence,teastore,teastore-persistence-d9666cc75-l847s,d9666cc75,default,default.teastore.serviceaccount.identity.linkerd.cluster.local,,,
1615588093.729,response_latency_ms_count,,,10.1.45.78:4191,linkerd-proxy,linkerd,,linkerd-prometheus-5bccd64d4d-jzwmt,,271,,,,,linkerd-prometheus,prometheus,linkerd,outbound,,5bccd64d4d,200,true,linkerd,10.1.45.101:4191,,linkerd,teastore-registry,teastore,teastore-registry-c8b58678f-bf8xh,c8b58678f,default,default.teastore.serviceaccount.identity.linkerd.cluster.local,,,
1615588103.729,response_latency_ms_count,,,10.1.45.78:4191,linkerd-proxy,linkerd,,linkerd-prometheus-5bccd64d4d-jzwmt,,272,,,,,linkerd-prometheus,prometheus,linkerd,outbound,,5bccd64d4d,200,true,linkerd,10.1.45.101:4191,,linkerd,teastore-registry,teastore,teastore-registry-c8b58678f-bf8xh,c8b58678f,default,default.teastore.serviceaccount.identity.linkerd.cluster.local,,,
1615588113.729,response_latency_ms_count,,,10.1.45.78:4191,linkerd-proxy,linkerd,,linkerd-prometheus-5bccd64d4d-jzwmt,,273,,,,,linkerd-prometheus,prometheus,linkerd,outbound,,5bccd64d4d,200,true,linkerd,10.1.45.101:4191,,linkerd,teastore-registry,teastore,teastore-registry-c8b58678f-bf8xh,c8b58678f,default,default.teastore.serviceaccount.identity.linkerd.cluster.local,,,
1615588123.729,response_latency_ms_count,,,10.1.45.78:4191,linkerd-proxy,linkerd,,linkerd-prometheus-5bccd64d4d-jzwmt,,274,,,,,linkerd-prometheus,prometheus,linkerd,outbound,,5bccd64d4d,200,true,linkerd,10.1.45.101:4191,,linkerd,teastore-registry,teastore,teastore-registry-c8b58678f-bf8xh,c8b58678f,default,default.teastore.serviceaccount.identity.linkerd.cluster.local,,,
1615588133.729,response_latency_ms_count,,,10.1.45.78:4191,linkerd-proxy,linkerd,,linkerd-prometheus-5bccd64d4d-jzwmt,,275,,,,,linkerd-prometheus,prometheus,linkerd,outbound,,5bccd64d4d,200,true,linkerd,10.1.45.101:4191,,linkerd,teastore-registry,teastore,teastore-registry-c8b58678f-bf8xh,c8b58678f,default,default.teastore.serviceaccount.identity.linkerd.cluster.local,,,
1615588143.729,response_latency_ms_count,,,10.1.45.78:4191,linkerd-proxy,linkerd,,linkerd-prometheus-5bccd64d4d-jzwmt,,276,,,,,linkerd-prometheus,prometheus,linkerd,outbound,,5bccd64d4d,200,true,linkerd,10.1.45.101:4191,,linkerd,teastore-registry,teastore,teastore-registry-c8b58678f-bf8xh,c8b58678f,default,default.teastore.serviceaccount.identity.linkerd.cluster.local,,,
1615588153.729,response_latency_ms_count,,,10.1.45.78:4191,linkerd-proxy,linkerd,,linkerd-prometheus-5bccd64d4d-jzwmt,,277,,,,,linkerd-prometheus,prometheus,linkerd,outbound,,5bccd64d4d,200,true,linkerd,10.1.45.101:4191,,linkerd,teastore-registry,teastore,teastore-registry-c8b58678f-bf8xh,c8b58678f,default,default.teastore.serviceaccount.identity.linkerd.cluster.local,,,
1615588163.729,response_latency_ms_count,,,10.1.45.78:4191,linkerd-proxy,linkerd,,linkerd-prometheus-5bccd64d4d-jzwmt,,278,,,,,linkerd-prometheus,prometheus,linkerd,outbound,,5bccd64d4d,200,true,linkerd,10.1.45.101:4191,,linkerd,teastore-registry,teastore,teastore-registry-c8b58678f-bf8xh,c8b58678f,default,default.teastore.serviceaccount.identity.linkerd.cluster.local,,,
1615588173.729,response_latency_ms_count,,,10.1.45.78:4191,linkerd-proxy,linkerd,,linkerd-prometheus-5bccd64d4d-jzwmt,,279,,,,,linkerd-prometheus,prometheus,linkerd,outbound,,5bccd64d4d,200,true,linkerd,10.1.45.101:4191,,linkerd,teastore-registry,teastore,teastore-registry-c8b58678f-bf8xh,c8b58678f,default,default.teastore.serviceaccount.identity.linkerd.cluster.local,,,
1615588183.729,response_latency_ms_count,,,10.1.45.78:4191,linkerd-proxy,linkerd,,linkerd-prometheus-5bccd64d4d-jzwmt,,280,,,,,linkerd-prometheus,prometheus,linkerd,outbound,,5bccd64d4d,200,true,linkerd,10.1.45.101:4191,,linkerd,teastore-registry,teastore,teastore-registry-c8b58678f-bf8xh,c8b58678f,default,default.teastore.serviceaccount.identity.linkerd.cluster.local,,,
1615588193.731,response_latency_ms_count,,,10.1.45.78:4191,linkerd-proxy,linkerd,,linkerd-prometheus-5bccd64d4d-jzwmt,,281,,,,,linkerd-prometheus,prometheus,linkerd,outbound,,5bccd64d4d,200,true,linkerd,10.1.45.101:4191,,linkerd,teastore-registry,teastore,teastore-registry-c8b58678f-bf8xh,c8b58678f,default,default.teastore.serviceaccount.identity.linkerd.cluster.local,,,
1615588203.729,response_latency_ms_count,,,10.1.45.78:4191,linkerd-proxy,linkerd,,linkerd-prometheus-5bccd64d4d-jzwmt,,282,,,,,linkerd-prometheus,prometheus,linkerd,outbound,,5bccd64d4d,200,true,linkerd,10.1.45.101:4191,,linkerd,teastore-registry,teastore,teastore-registry-c8b58678f-bf8xh,c8b58678f,default,default.teastore.serviceaccount.identity.linkerd.cluster.local,,,
1615588093.729,response_latency_ms_count,,,10.1.45.78:4191,linkerd-proxy,linkerd,,linkerd-prometheus-5bccd64d4d-jzwmt,,271,,,,,linkerd-prometheus,prometheus,linkerd,outbound,,5bccd64d4d,200,true,linkerd,10.1.45.100:4191,,linkerd,teastore-db,teastore,teastore-db-9ff58bdbd-6tvz4,9ff58bdbd,default,default.teastore.serviceaccount.identity.linkerd.cluster.local,,,
1615588103.729,response_latency_ms_count,,,10.1.45.78:4191,linkerd-proxy,linkerd,,linkerd-prometheus-5bccd64d4d-jzwmt,,272,,,,,linkerd-prometheus,prometheus,linkerd,outbound,,5bccd64d4d,200,true,linkerd,10.1.45.100:4191,,linkerd,teastore-db,teastore,teastore-db-9ff58bdbd-6tvz4,9ff58bdbd,default,default.teastore.serviceaccount.identity.linkerd.cluster.local,,,
1615588113.729,response_latency_ms_count,,,10.1.45.78:4191,linkerd-proxy,linkerd,,linkerd-prometheus-5bccd64d4d-jzwmt,,273,,,,,linkerd-prometheus,prometheus,linkerd,outbound,,5bccd64d4d,200,true,linkerd,10.1.45.100:4191,,linkerd,teastore-db,teastore,teastore-db-9ff58bdbd-6tvz4,9ff58bdbd,default,default.teastore.serviceaccount.identity.linkerd.cluster.local,,,
1615588123.729,response_latency_ms_count,,,10.1.45.78:4191,linkerd-proxy,linkerd,,linkerd-prometheus-5bccd64d4d-jzwmt,,274,,,,,linkerd-prometheus,prometheus,linkerd,outbound,,5bccd64d4d,200,true,linkerd,10.1.45.100:4191,,linkerd,teastore-db,teastore,teastore-db-9ff58bdbd-6tvz4,9ff58bdbd,default,default.teastore.serviceaccount.identity.linkerd.cluster.local,,,
1615588133.729,response_latency_ms_count,,,10.1.45.78:4191,linkerd-proxy,linkerd,,linkerd-prometheus-5bccd64d4d-jzwmt,,275,,,,,linkerd-prometheus,prometheus,linkerd,outbound,,5bccd64d4d,200,true,linkerd,10.1.45.100:4191,,linkerd,teastore-db,teastore,teastore-db-9ff58bdbd-6tvz4,9ff58bdbd,default,default.teastore.serviceaccount.identity.linkerd.cluster.local,,,
1615588143.729,response_latency_ms_count,,,10.1.45.78:4191,linkerd-proxy,linkerd,,linkerd-prometheus-5bccd64d4d-jzwmt,,276,,,,,linkerd-prometheus,prometheus,linkerd,outbound,,5bccd64d4d,200,true,linkerd,10.1.45.100:4191,,linkerd,teastore-db,teastore,teastore-db-9ff58bdbd-6tvz4,9ff58bdbd,default,default.teastore.serviceaccount.identity.linkerd.cluster.local,,,
1615588153.729,response_latency_ms_count,,,10.1.45.78:4191,linkerd-proxy,linkerd,,linkerd-prometheus-5bccd64d4d-jzwmt,,277,,,,,linkerd-prometheus,prometheus,linkerd,outbound,,5bccd64d4d,200,true,linkerd,10.1.45.100:4191,,linkerd,teastore-db,teastore,teastore-db-9ff58bdbd-6tvz4,9ff58bdbd,default,default.teastore.serviceaccount.identity.linkerd.cluster.local,,,
1615588163.729,response_latency_ms_count,,,10.1.45.78:4191,linkerd-proxy,linkerd,,linkerd-prometheus-5bccd64d4d-jzwmt,,278,,,,,linkerd-prometheus,prometheus,linkerd,outbound,,5bccd64d4d,200,true,linkerd,10.1.45.100:4191,,linkerd,teastore-db,teastore,teastore-db-9ff58bdbd-6tvz4,9ff58bdbd,default,default.teastore.serviceaccount.identity.linkerd.cluster.local,,,
1615588173.729,response_latency_ms_count,,,10.1.45.78:4191,linkerd-proxy,linkerd,,linkerd-prometheus-5bccd64d4d-jzwmt,,279,,,,,linkerd-prometheus,prometheus,linkerd,outbound,,5bccd64d4d,200,true,linkerd,10.1.45.100:4191,,linkerd,teastore-db,teastore,teastore-db-9ff58bdbd-6tvz4,9ff58bdbd,default,default.teastore.serviceaccount.identity.linkerd.cluster.local,,,
1615588183.729,response_latency_ms_count,,,10.1.45.78:4191,linkerd-proxy,linkerd,,linkerd-prometheus-5bccd64d4d-jzwmt,,280,,,,,linkerd-prometheus,prometheus,linkerd,outbound,,5bccd64d4d,200,true,linkerd,10.1.45.100:4191,,linkerd,teastore-db,teastore,teastore-db-9ff58bdbd-6tvz4,9ff58bdbd,default,default.teastore.serviceaccount.identity.linkerd.cluster.local,,,
1615588193.731,response_latency_ms_count,,,10.1.45.78:4191,linkerd-proxy,linkerd,,linkerd-prometheus-5bccd64d4d-jzwmt,,281,,,,,linkerd-prometheus,prometheus,linkerd,outbound,,5bccd64d4d,200,true,linkerd,10.1.45.100:4191,,linkerd,teastore-db,teastore,teastore-db-9ff58bdbd-6tvz4,9ff58bdbd,default,default.teastore.serviceaccount.identity.linkerd.cluster.local,,,
1615588203.729,response_latency_ms_count,,,10.1.45.78:4191,linkerd-proxy,linkerd,,linkerd-prometheus-5bccd64d4d-jzwmt,,282,,,,,linkerd-prometheus,prometheus,linkerd,outbound,,5bccd64d4d,200,true,linkerd,10.1.45.100:4191,,linkerd,teastore-db,teastore,teastore-db-9ff58bdbd-6tvz4,9ff58bdbd,default,default.teastore.serviceaccount.identity.linkerd.cluster.local,,,
1615588092.013,response_latency_ms_count,,,10.1.45.96:4191,linkerd-proxy,teastore,,teastore-auth-5c8f77dbb8-sx8wp,,2156,,,,,teastore-auth,,linkerd,outbound,,5c8f77dbb8,200,true,teastore,teastore-registry.teastore.svc.cluster.local:8080,,linkerd,teastore-registry,teastore,teastore-registry-c8b58678f-bf8xh,c8b58678f,default,default.teastore.serviceaccount.identity.linkerd.cluster.local,teastore,teastore-registry,teastore-auth
1615588102.013,response_latency_ms_count,,,10.1.45.96:4191,linkerd-proxy,teastore,,teastore-auth-5c8f77dbb8-sx8wp,,2164,,,,,teastore-auth,,linkerd,outbound,,5c8f77dbb8,200,true,teastore,teastore-registry.teastore.svc.cluster.local:8080,,linkerd,teastore-registry,teastore,teastore-registry-c8b58678f-bf8xh,c8b58678f,default,default.teastore.serviceaccount.identity.linkerd.cluster.local,teastore,teastore-registry,teastore-auth
1615588112.013,response_latency_ms_count,,,10.1.45.96:4191,linkerd-proxy,teastore,,teastore-auth-5c8f77dbb8-sx8wp,,2172,,,,,teastore-auth,,linkerd,outbound,,5c8f77dbb8,200,true,teastore,teastore-registry.teastore.svc.cluster.local:8080,,linkerd,teastore-registry,teastore,teastore-registry-c8b58678f-bf8xh,c8b58678f,default,default.teastore.serviceaccount.identity.linkerd.cluster.local,teastore,teastore-registry,teastore-auth
1615588122.013,response_latency_ms_count,,,10.1.45.96:4191,linkerd-proxy,teastore,,teastore-auth-5c8f77dbb8-sx8wp,,2180,,,,,teastore-auth,,linkerd,outbound,,5c8f77dbb8,200,true,teastore,teastore-registry.teastore.svc.cluster.local:8080,,linkerd,teastore-registry,teastore,teastore-registry-c8b58678f-bf8xh,c8b58678f,default,default.teastore.serviceaccount.identity.linkerd.cluster.local,teastore,teastore-registry,teastore-auth
1615588132.013,response_latency_ms_count,,,10.1.45.96:4191,linkerd-proxy,teastore,,teastore-auth-5c8f77dbb8-sx8wp,,2188,,,,,teastore-auth,,linkerd,outbound,,5c8f77dbb8,200,true,teastore,teastore-registry.teastore.svc.cluster.local:8080,,linkerd,teastore-registry,teastore,teastore-registry-c8b58678f-bf8xh,c8b58678f,default,default.teastore.serviceaccount.identity.linkerd.cluster.local,teastore,teastore-registry,teastore-auth
1615588142.013,response_latency_ms_count,,,10.1.45.96:4191,linkerd-proxy,teastore,,teastore-auth-5c8f77dbb8-sx8wp,,2196,,,,,teastore-auth,,linkerd,outbound,,5c8f77dbb8,200,true,teastore,teastore-registry.teastore.svc.cluster.local:8080,,linkerd,teastore-registry,teastore,teastore-registry-c8b58678f-bf8xh,c8b58678f,default,default.teastore.serviceaccount.identity.linkerd.cluster.local,teastore,teastore-registry,teastore-auth
1615588152.013,response_latency_ms_count,,,10.1.45.96:4191,linkerd-proxy,teastore,,teastore-auth-5c8f77dbb8-sx8wp,,2204,,,,,teastore-auth,,linkerd,outbound,,5c8f77dbb8,200,true,teastore,teastore-registry.teastore.svc.cluster.local:8080,,linkerd,teastore-registry,teastore,teastore-registry-c8b58678f-bf8xh,c8b58678f,default,default.teastore.serviceaccount.identity.linkerd.cluster.local,teastore,teastore-registry,teastore-auth
1615588162.013,response_latency_ms_count,,,10.1.45.96:4191,linkerd-proxy,teastore,,teastore-auth-5c8f77dbb8-sx8wp,,2212,,,,,teastore-auth,,linkerd,outbound,,5c8f77dbb8,200,true,teastore,teastore-registry.teastore.svc.cluster.local:8080,,linkerd,teastore-registry,teastore,teastore-registry-c8b58678f-bf8xh,c8b58678f,default,default.teastore.serviceaccount.identity.linkerd.cluster.local,teastore,teastore-registry,teastore-auth
1615588172.013,response_latency_ms_count,,,10.1.45.96:4191,linkerd-proxy,teastore,,teastore-auth-5c8f77dbb8-sx8wp,,2220,,,,,teastore-auth,,linkerd,outbound,,5c8f77dbb8,200,true,teastore,teastore-registry.teastore.svc.cluster.local:8080,,linkerd,teastore-registry,teastore,teastore-registry-c8b58678f-bf8xh,c8b58678f,default,default.teastore.serviceaccount.identity.linkerd.cluster.local,teastore,teastore-registry,teastore-auth
1615588182.013,response_latency_ms_count,,,10.1.45.96:4191,linkerd-proxy,teastore,,teastore-auth-5c8f77dbb8-sx8wp,,2228,,,,,teastore-auth,,linkerd,outbound,,5c8f77dbb8,200,true,teastore,teastore-registry.teastore.svc.cluster.local:8080,,linkerd,teastore-registry,teastore,teastore-registry-c8b58678f-bf8xh,c8b58678f,default,default.teastore.serviceaccount.identity.linkerd.cluster.local,teastore,teastore-registry,teastore-auth
1615588192.013,response_latency_ms_count,,,10.1.45.96:4191,linkerd-proxy,teastore,,teastore-auth-5c8f77dbb8-sx8wp,,2236,,,,,teastore-auth,,linkerd,outbound,,5c8f77dbb8,200,true,teastore,teastore-registry.teastore.svc.cluster.local:8080,,linkerd,teastore-registry,teastore,teastore-registry-c8b58678f-bf8xh,c8b58678f,default,default.teastore.serviceaccount.identity.linkerd.cluster.local,teastore,teastore-registry,teastore-auth
1615588202.014,response_latency_ms_count,,,10.1.45.96:4191,linkerd-proxy,teastore,,teastore-auth-5c8f77dbb8-sx8wp,,2244,,,,,teastore-auth,,linkerd,outbound,,5c8f77dbb8,200,true,teastore,teastore-registry.teastore.svc.cluster.local:8080,,linkerd,teastore-registry,teastore,teastore-registry-c8b58678f-bf8xh,c8b58678f,default,default.teastore.serviceaccount.identity.linkerd.cluster.local,teastore,teastore-registry,teastore-auth
1615588092.013,response_latency_ms_count,,,10.1.45.96:4191,linkerd-proxy,teastore,,teastore-auth-5c8f77dbb8-sx8wp,,1,,,,,teastore-auth,,linkerd,outbound,,5c8f77dbb8,201,true,teastore,teastore-registry.teastore.svc.cluster.local:8080,,linkerd,teastore-registry,teastore,teastore-registry-c8b58678f-bf8xh,c8b58678f,default,default.teastore.serviceaccount.identity.linkerd.cluster.local,teastore,teastore-registry,teastore-auth
1615588102.013,response_latency_ms_count,,,10.1.45.96:4191,linkerd-proxy,teastore,,teastore-auth-5c8f77dbb8-sx8wp,,1,,,,,teastore-auth,,linkerd,outbound,,5c8f77dbb8,201,true,teastore,teastore-registry.teastore.svc.cluster.local:8080,,linkerd,teastore-registry,teastore,teastore-registry-c8b58678f-bf8xh,c8b58678f,default,default.teastore.serviceaccount.identity.linkerd.cluster.local,teastore,teastore-registry,teastore-auth
1615588112.013,response_latency_ms_count,,,10.1.45.96:4191,linkerd-proxy,teastore,,teastore-auth-5c8f77dbb8-sx8wp,,1,,,,,teastore-auth,,linkerd,outbound,,5c8f77dbb8,201,true,teastore,teastore-registry.teastore.svc.cluster.local:8080,,linkerd,teastore-registry,teastore,teastore-registry-c8b58678f-bf8xh,c8b58678f,default,default.teastore.serviceaccount.identity.linkerd.cluster.local,teastore,teastore-registry,teastore-auth
1615588122.013,response_latency_ms_count,,,10.1.45.96:4191,linkerd-proxy,teastore,,teastore-auth-5c8f77dbb8-sx8wp,,1,,,,,teastore-auth,,linkerd,outbound,,5c8f77dbb8,201,true,teastore,teastore-registry.teastore.svc.cluster.local:8080,,linkerd,teastore-registry,teastore,teastore-registry-c8b58678f-bf8xh,c8b58678f,default,default.teastore.serviceaccount.identity.linkerd.cluster.local,teastore,teastore-registry,teastore-auth
1615588132.013,response_latency_ms_count,,,10.1.45.96:4191,linkerd-proxy,teastore,,teastore-auth-5c8f77dbb8-sx8wp,,1,,,,,teastore-auth,,linkerd,outbound,,5c8f77dbb8,201,true,teastore,teastore-registry.teastore.svc.cluster.local:8080,,linkerd,teastore-registry,teastore,teastore-registry-c8b58678f-bf8xh,c8b58678f,default,default.teastore.serviceaccount.identity.linkerd.cluster.local,teastore,teastore-registry,teastore-auth
1615588142.013,response_latency_ms_count,,,10.1.45.96:4191,linkerd-proxy,teastore,,teastore-auth-5c8f77dbb8-sx8wp,,1,,,,,teastore-auth,,linkerd,outbound,,5c8f77dbb8,201,true,teastore,teastore-registry.teastore.svc.cluster.local:8080,,linkerd,teastore-registry,teastore,teastore-registry-c8b58678f-bf8xh,c8b58678f,default,default.teastore.serviceaccount.identity.linkerd.cluster.local,teastore,teastore-registry,teastore-auth
1615588152.013,response_latency_ms_count,,,10.1.45.96:4191,linkerd-proxy,teastore,,teastore-auth-5c8f77dbb8-sx8wp,,1,,,,,teastore-auth,,linkerd,outbound,,5c8f77dbb8,201,true,teastore,teastore-registry.teastore.svc.cluster.local:8080,,linkerd,teastore-registry,teastore,teastore-registry-c8b58678f-bf8xh,c8b58678f,default,default.teastore.serviceaccount.identity.linkerd.cluster.local,teastore,teastore-registry,teastore-auth
1615588162.013,response_latency_ms_count,,,10.1.45.96:4191,linkerd-proxy,teastore,,teastore-auth-5c8f77dbb8-sx8wp,,1,,,,,teastore-auth,,linkerd,outbound,,5c8f77dbb8,201,true,teastore,teastore-registry.teastore.svc.cluster.local:8080,,linkerd,teastore-registry,teastore,teastore-registry-c8b58678f-bf8xh,c8b58678f,default,default.teastore.serviceaccount.identity.linkerd.cluster.local,teastore,teastore-registry,teastore-auth
1615588172.013,response_latency_ms_count,,,10.1.45.96:4191,linkerd-proxy,teastore,,teastore-auth-5c8f77dbb8-sx8wp,,1,,,,,teastore-auth,,linkerd,outbound,,5c8f77dbb8,201,true,teastore,teastore-registry.teastore.svc.cluster.local:8080,,linkerd,teastore-registry,teastore,teastore-registry-c8b58678f-bf8xh,c8b58678f,default,default.teastore.serviceaccount.identity.linkerd.cluster.local,teastore,teastore-registry,teastore-auth
1615588182.013,response_latency_ms_count,,,10.1.45.96:4191,linkerd-proxy,teastore,,teastore-auth-5c8f77dbb8-sx8wp,,1,,,,,teastore-auth,,linkerd,outbound,,5c8f77dbb8,201,true,teastore,teastore-registry.teastore.svc.cluster.local:8080,,linkerd,teastore-registry,teastore,teastore-registry-c8b58678f-bf8xh,c8b58678f,default,default.teastore.serviceaccount.identity.linkerd.cluster.local,teastore,teastore-registry,teastore-auth
1615588192.013,response_latency_ms_count,,,10.1.45.96:4191,linkerd-proxy,teastore,,teastore-auth-5c8f77dbb8-sx8wp,,1,,,,,teastore-auth,,linkerd,outbound,,5c8f77dbb8,201,true,teastore,teastore-registry.teastore.svc.cluster.local:8080,,linkerd,teastore-registry,teastore,teastore-registry-c8b58678f-bf8xh,c8b58678f,default,default.teastore.serviceaccount.identity.linkerd.cluster.local,teastore,teastore-registry,teastore-auth
1615588202.014,response_latency_ms_count,,,10.1.45.96:4191,linkerd-proxy,teastore,,teastore-auth-5c8f77dbb8-sx8wp,,1,,,,,teastore-auth,,linkerd,outbound,,5c8f77dbb8,201,true,teastore,teastore-registry.teastore.svc.cluster.local:8080,,linkerd,teastore-registry,teastore,teastore-registry-c8b58678f-bf8xh,c8b58678f,default,default.teastore.serviceaccount.identity.linkerd.cluster.local,teastore,teastore-registry,teastore-auth
1615588092.789,response_latency_ms_count,,,10.1.45.98:4191,linkerd-proxy,teastore,,teastore-image-77b5d74b7d-vt6qj,,2163,,,,,teastore-image,,linkerd,outbound,,77b5d74b7d,200,true,teastore,teastore-registry.teastore.svc.cluster.local:8080,,linkerd,teastore-registry,teastore,teastore-registry-c8b58678f-bf8xh,c8b58678f,default,default.teastore.serviceaccount.identity.linkerd.cluster.local,teastore,teastore-registry,teastore-image
1615588102.789,response_latency_ms_count,,,10.1.45.98:4191,linkerd-proxy,teastore,,teastore-image-77b5d74b7d-vt6qj,,2171,,,,,teastore-image,,linkerd,outbound,,77b5d74b7d,200,true,teastore,teastore-registry.teastore.svc.cluster.local:8080,,linkerd,teastore-registry,teastore,teastore-registry-c8b58678f-bf8xh,c8b58678f,default,default.teastore.serviceaccount.identity.linkerd.cluster.local,teastore,teastore-registry,teastore-image
1615588112.789,response_latency_ms_count,,,10.1.45.98:4191,linkerd-proxy,teastore,,teastore-image-77b5d74b7d-vt6qj,,2179,,,,,teastore-image,,linkerd,outbound,,77b5d74b7d,200,true,teastore,teastore-registry.teastore.svc.cluster.local:8080,,linkerd,teastore-registry,teastore,teastore-registry-c8b58678f-bf8xh,c8b58678f,default,default.teastore.serviceaccount.identity.linkerd.cluster.local,teastore,teastore-registry,teastore-image
1615588122.79,response_latency_ms_count,,,10.1.45.98:4191,linkerd-proxy,teastore,,teastore-image-77b5d74b7d-vt6qj,,2187,,,,,teastore-image,,linkerd,outbound,,77b5d74b7d,200,true,teastore,teastore-registry.teastore.svc.cluster.local:8080,,linkerd,teastore-registry,teastore,teastore-registry-c8b58678f-bf8xh,c8b58678f,default,default.teastore.serviceaccount.identity.linkerd.cluster.local,teastore,teastore-registry,teastore-image
1615588132.789,response_latency_ms_count,,,10.1.45.98:4191,linkerd-proxy,teastore,,teastore-image-77b5d74b7d-vt6qj,,2195,,,,,teastore-image,,linkerd,outbound,,77b5d74b7d,200,true,teastore,teastore-registry.teastore.svc.cluster.local:8080,,linkerd,teastore-registry,teastore,teastore-registry-c8b58678f-bf8xh,c8b58678f,default,default.teastore.serviceaccount.identity.linkerd.cluster.local,teastore,teastore-registry,teastore-image
1615588142.789,response_latency_ms_count,,,10.1.45.98:4191,linkerd-proxy,teastore,,teastore-image-77b5d74b7d-vt6qj,,2203,,,,,teastore-image,,linkerd,outbound,,77b5d74b7d,200,true,teastore,teastore-registry.teastore.svc.cluster.local:8080,,linkerd,teastore-registry,teastore,teastore-registry-c8b58678f-bf8xh,c8b58678f,default,default.teastore.serviceaccount.identity.linkerd.cluster.local,teastore,teastore-registry,teastore-image
1615588152.791,response_latency_ms_count,,,10.1.45.98:4191,linkerd-proxy,teastore,,teastore-image-77b5d74b7d-vt6qj,,2211,,,,,teastore-image,,linkerd,outbound,,77b5d74b7d,200,true,teastore,teastore-registry.teastore.svc.cluster.local:8080,,linkerd,teastore-registry,teastore,teastore-registry-c8b58678f-bf8xh,c8b58678f,default,default.teastore.serviceaccount.identity.linkerd.cluster.local,teastore,teastore-registry,teastore-image
1615588162.79,response_latency_ms_count,,,10.1.45.98:4191,linkerd-proxy,teastore,,teastore-image-77b5d74b7d-vt6qj,,2219,,,,,teastore-image,,linkerd,outbound,,77b5d74b7d,200,true,teastore,teastore-registry.teastore.svc.cluster.local:8080,,linkerd,teastore-registry,teastore,teastore-registry-c8b58678f-bf8xh,c8b58678f,default,default.teastore.serviceaccount.identity.linkerd.cluster.local,teastore,teastore-registry,teastore-image
1615588172.789,response_latency_ms_count,,,10.1.45.98:4191,linkerd-proxy,teastore,,teastore-image-77b5d74b7d-vt6qj,,2227,,,,,teastore-image,,linkerd,outbound,,77b5d74b7d,200,true,teastore,teastore-registry.teastore.svc.cluster.local:8080,,linkerd,teastore-registry,teastore,teastore-registry-c8b58678f-bf8xh,c8b58678f,default,default.teastore.serviceaccount.identity.linkerd.cluster.local,teastore,teastore-registry,teastore-image
1615588182.791,response_latency_ms_count,,,10.1.45.98:4191,linkerd-proxy,teastore,,teastore-image-77b5d74b7d-vt6qj,,2235,,,,,teastore-image,,linkerd,outbound,,77b5d74b7d,200,true,teastore,teastore-registry.teastore.svc.cluster.local:8080,,linkerd,teastore-registry,teastore,teastore-registry-c8b58678f-bf8xh,c8b58678f,default,default.teastore.serviceaccount.identity.linkerd.cluster.local,teastore,teastore-registry,teastore-image
1615588192.789,response_latency_ms_count,,,10.1.45.98:4191,linkerd-proxy,teastore,,teastore-image-77b5d74b7d-vt6qj,,2243,,,,,teastore-image,,linkerd,outbound,,77b5d74b7d,200,true,teastore,teastore-registry.teastore.svc.cluster.local:8080,,linkerd,teastore-registry,teastore,teastore-registry-c8b58678f-bf8xh,c8b58678f,default,default.teastore.serviceaccount.identity.linkerd.cluster.local,teastore,teastore-registry,teastore-image
1615588202.789,response_latency_ms_count,,,10.1.45.98:4191,linkerd-proxy,teastore,,teastore-image-77b5d74b7d-vt6qj,,2251,,,,,teastore-image,,linkerd,outbound,,77b5d74b7d,200,true,teastore,teastore-registry.teastore.svc.cluster.local:8080,,linkerd,teastore-registry,teastore,teastore-registry-c8b58678f-bf8xh,c8b58678f,default,default.teastore.serviceaccount.identity.linkerd.cluster.local,teastore,teastore-registry,teastore-image
1615588092.86,response_latency_ms_count,,,10.1.45.101:4191,linkerd-proxy,teastore,,teastore-registry-c8b58678f-bf8xh,,21913,,,,,teastore-registry,,linkerd,inbound,,c8b58678f,200,true,teastore,teastore-registry.teastore.svc.cluster.local:8080,default.teastore.serviceaccount.identity.linkerd.cluster.local,,,,,,,,teastore,,teastore-registry
1615588102.86,response_latency_ms_count,,,10.1.45.101:4191,linkerd-proxy,teastore,,teastore-registry-c8b58678f-bf8xh,,21985,,,,,teastore-registry,,linkerd,inbound,,c8b58678f,200,true,teastore,teastore-registry.teastore.svc.cluster.local:8080,default.teastore.serviceaccount.identity.linkerd.cluster.local,,,,,,,,teastore,,teastore-registry
1615588112.86,response_latency_ms_count,,,10.1.45.101:4191,linkerd-proxy,teastore,,teastore-registry-c8b58678f-bf8xh,,22057,,,,,teastore-registry,,linkerd,inbound,,c8b58678f,200,true,teastore,teastore-registry.teastore.svc.cluster.local:8080,default.teastore.serviceaccount.identity.linkerd.cluster.local,,,,,,,,teastore,,teastore-registry
1615588122.86,response_latency_ms_count,,,10.1.45.101:4191,linkerd-proxy,teastore,,teastore-registry-c8b58678f-bf8xh,,22129,,,,,teastore-registry,,linkerd,inbound,,c8b58678f,200,true,teastore,teastore-registry.teastore.svc.cluster.local:8080,default.teastore.serviceaccount.identity.linkerd.cluster.local,,,,,,,,teastore,,teastore-registry
1615588132.86,response_latency_ms_count,,,10.1.45.101:4191,linkerd-proxy,teastore,,teastore-registry-c8b58678f-bf8xh,,22200,,,,,teastore-registry,,linkerd,inbound,,c8b58678f,200,true,teastore,teastore-registry.teastore.svc.cluster.local:8080,default.teastore.serviceaccount.identity.linkerd.cluster.local,,,,,,,,teastore,,teastore-registry
1615588142.86,response_latency_ms_count,,,10.1.45.101:4191,linkerd-proxy,teastore,,teastore-registry-c8b58678f-bf8xh,,22272,,,,,teastore-registry,,linkerd,inbound,,c8b58678f,200,true,teastore,teastore-registry.teastore.svc.cluster.local:8080,default.teastore.serviceaccount.identity.linkerd.cluster.local,,,,,,,,teastore,,teastore-registry
1615588152.86,response_latency_ms_count,,,10.1.45.101:4191,linkerd-proxy,teastore,,teastore-registry-c8b58678f-bf8xh,,22345,,,,,teastore-registry,,linkerd,inbound,,c8b58678f,200,true,teastore,teastore-registry.teastore.svc.cluster.local:8080,default.teastore.serviceaccount.identity.linkerd.cluster.local,,,,,,,,teastore,,teastore-registry
1615588162.86,response_latency_ms_count,,,10.1.45.101:4191,linkerd-proxy,teastore,,teastore-registry-c8b58678f-bf8xh,,22413,,,,,teastore-registry,,linkerd,inbound,,c8b58678f,200,true,teastore,teastore-registry.teastore.svc.cluster.local:8080,default.teastore.serviceaccount.identity.linkerd.cluster.local,,,,,,,,teastore,,teastore-registry
1615588172.86,response_latency_ms_count,,,10.1.45.101:4191,linkerd-proxy,teastore,,teastore-registry-c8b58678f-bf8xh,,22488,,,,,teastore-registry,,linkerd,inbound,,c8b58678f,200,true,teastore,teastore-registry.teastore.svc.cluster.local:8080,default.teastore.serviceaccount.identity.linkerd.cluster.local,,,,,,,,teastore,,teastore-registry
1615588182.86,response_latency_ms_count,,,10.1.45.101:4191,linkerd-proxy,teastore,,teastore-registry-c8b58678f-bf8xh,,22556,,,,,teastore-registry,,linkerd,inbound,,c8b58678f,200,true,teastore,teastore-registry.teastore.svc.cluster.local:8080,default.teastore.serviceaccount.identity.linkerd.cluster.local,,,,,,,,teastore,,teastore-registry
1615588192.86,response_latency_ms_count,,,10.1.45.101:4191,linkerd-proxy,teastore,,teastore-registry-c8b58678f-bf8xh,,22624,,,,,teastore-registry,,linkerd,inbound,,c8b58678f,200,true,teastore,teastore-registry.teastore.svc.cluster.local:8080,default.teastore.serviceaccount.identity.linkerd.cluster.local,,,,,,,,teastore,,teastore-registry
1615588202.86,response_latency_ms_count,,,10.1.45.101:4191,linkerd-proxy,teastore,,teastore-registry-c8b58678f-bf8xh,,22701,,,,,teastore-registry,,linkerd,inbound,,c8b58678f,200,true,teastore,teastore-registry.teastore.svc.cluster.local:8080,default.teastore.serviceaccount.identity.linkerd.cluster.local,,,,,,,,teastore,,teastore-registry
1615588092.86,response_latency_ms_count,,,10.1.45.101:4191,linkerd-proxy,teastore,,teastore-registry-c8b58678f-bf8xh,,7,,,,,teastore-registry,,linkerd,inbound,,c8b58678f,201,true,teastore,teastore-registry.teastore.svc.cluster.local:8080,default.teastore.serviceaccount.identity.linkerd.cluster.local,,,,,,,,teastore,,teastore-registry
1615588102.86,response_latency_ms_count,,,10.1.45.101:4191,linkerd-proxy,teastore,,teastore-registry-c8b58678f-bf8xh,,7,,,,,teastore-registry,,linkerd,inbound,,c8b58678f,201,true,teastore,teastore-registry.teastore.svc.cluster.local:8080,default.teastore.serviceaccount.identity.linkerd.cluster.local,,,,,,,,teastore,,teastore-registry
1615588112.86,response_latency_ms_count,,,10.1.45.101:4191,linkerd-proxy,teastore,,teastore-registry-c8b58678f-bf8xh,,7,,,,,teastore-registry,,linkerd,inbound,,c8b58678f,201,true,teastore,teastore-registry.teastore.svc.cluster.local:8080,default.teastore.serviceaccount.identity.linkerd.cluster.local,,,,,,,,teastore,,teastore-registry
1615588122.86,response_latency_ms_count,,,10.1.45.101:4191,linkerd-proxy,teastore,,teastore-registry-c8b58678f-bf8xh,,7,,,,,teastore-registry,,linkerd,inbound,,c8b58678f,201,true,teastore,teastore-registry.teastore.svc.cluster.local:8080,default.teastore.serviceaccount.identity.linkerd.cluster.local,,,,,,,,teastore,,teastore-registry
1615588132.86,response_latency_ms_count,,,10.1.45.101:4191,linkerd-proxy,teastore,,teastore-registry-c8b58678f-bf8xh,,7,,,,,teastore-registry,,linkerd,inbound,,c8b58678f,201,true,teastore,teastore-registry.teastore.svc.cluster.local:8080,default.teastore.serviceaccount.identity.linkerd.cluster.local,,,,,,,,teastore,,teastore-registry
1615588142.86,response_latency_ms_count,,,10.1.45.101:4191,linkerd-proxy,teastore,,teastore-registry-c8b58678f-bf8xh,,7,,,,,teastore-registry,,linkerd,inbound,,c8b58678f,201,true,teastore,teastore-registry.teastore.svc.cluster.local:8080,default.teastore.serviceaccount.identity.linkerd.cluster.local,,,,,,,,teastore,,teastore-registry
1615588152.86,response_latency_ms_count,,,10.1.45.101:4191,linkerd-proxy,teastore,,teastore-registry-c8b58678f-bf8xh,,7,,,,,teastore-registry,,linkerd,inbound,,c8b58678f,201,true,teastore,teastore-registry.teastore.svc.cluster.local:8080,default.teastore.serviceaccount.identity.linkerd.cluster.local,,,,,,,,teastore,,teastore-registry
1615588162.86,response_latency_ms_count,,,10.1.45.101:4191,linkerd-proxy,teastore,,teastore-registry-c8b58678f-bf8xh,,7,,,,,teastore-registry,,linkerd,inbound,,c8b58678f,201,true,teastore,teastore-registry.teastore.svc.cluster.local:8080,default.teastore.serviceaccount.identity.linkerd.cluster.local,,,,,,,,teastore,,teastore-registry
1615588172.86,response_latency_ms_count,,,10.1.45.101:4191,linkerd-proxy,teastore,,teastore-registry-c8b58678f-bf8xh,,7,,,,,teastore-registry,,linkerd,inbound,,c8b58678f,201,true,teastore,teastore-registry.teastore.svc.cluster.local:8080,default.teastore.serviceaccount.identity.linkerd.cluster.local,,,,,,,,teastore,,teastore-registry
1615588182.86,response_latency_ms_count,,,10.1.45.101:4191,linkerd-proxy,teastore,,teastore-registry-c8b58678f-bf8xh,,7,,,,,teastore-registry,,linkerd,inbound,,c8b58678f,201,true,teastore,teastore-registry.teastore.svc.cluster.local:8080,default.teastore.serviceaccount.identity.linkerd.cluster.local,,,,,,,,teastore,,teastore-registry
1615588192.86,response_latency_ms_count,,,10.1.45.101:4191,linkerd-proxy,teastore,,teastore-registry-c8b58678f-bf8xh,,7,,,,,teastore-registry,,linkerd,inbound,,c8b58678f,201,true,teastore,teastore-registry.teastore.svc.cluster.local:8080,default.teastore.serviceaccount.identity.linkerd.cluster.local,,,,,,,,teastore,,teastore-registry
1615588202.86,response_latency_ms_count,,,10.1.45.101:4191,linkerd-proxy,teastore,,teastore-registry-c8b58678f-bf8xh,,7,,,,,teastore-registry,,linkerd,inbound,,c8b58678f,201,true,teastore,teastore-registry.teastore.svc.cluster.local:8080,default.teastore.serviceaccount.identity.linkerd.cluster.local,,,,,,,,teastore,,teastore-registry
1615588093.432,response_latency_ms_count,,,10.1.45.95:4191,linkerd-proxy,teastore,,teastore-recommender-597fccb746-vtcxt,,3229,,,,,teastore-recommender,,linkerd,outbound,,597fccb746,200,true,teastore,teastore-registry.teastore.svc.cluster.local:8080,,linkerd,teastore-registry,teastore,teastore-registry-c8b58678f-bf8xh,c8b58678f,default,default.teastore.serviceaccount.identity.linkerd.cluster.local,teastore,teastore-registry,teastore-recommender
1615588103.432,response_latency_ms_count,,,10.1.45.95:4191,linkerd-proxy,teastore,,teastore-recommender-597fccb746-vtcxt,,3241,,,,,teastore-recommender,,linkerd,outbound,,597fccb746,200,true,teastore,teastore-registry.teastore.svc.cluster.local:8080,,linkerd,teastore-registry,teastore,teastore-registry-c8b58678f-bf8xh,c8b58678f,default,default.teastore.serviceaccount.identity.linkerd.cluster.local,teastore,teastore-registry,teastore-recommender
1615588113.432,response_latency_ms_count,,,10.1.45.95:4191,linkerd-proxy,teastore,,teastore-recommender-597fccb746-vtcxt,,3253,,,,,teastore-recommender,,linkerd,outbound,,597fccb746,200,true,teastore,teastore-registry.teastore.svc.cluster.local:8080,,linkerd,teastore-registry,teastore,teastore-registry-c8b58678f-bf8xh,c8b58678f,default,default.teastore.serviceaccount.identity.linkerd.cluster.local,teastore,teastore-registry,teastore-recommender
1615588123.432,response_latency_ms_count,,,10.1.45.95:4191,linkerd-proxy,teastore,,teastore-recommender-597fccb746-vtcxt,,3265,,,,,teastore-recommender,,linkerd,outbound,,597fccb746,200,true,teastore,teastore-registry.teastore.svc.cluster.local:8080,,linkerd,teastore-registry,teastore,teastore-registry-c8b58678f-bf8xh,c8b58678f,default,default.teastore.serviceaccount.identity.linkerd.cluster.local,teastore,teastore-registry,teastore-recommender
1615588133.432,response_latency_ms_count,,,10.1.45.95:4191,linkerd-proxy,teastore,,teastore-recommender-597fccb746-vtcxt,,3277,,,,,teastore-recommender,,linkerd,outbound,,597fccb746,200,true,teastore,teastore-registry.teastore.svc.cluster.local:8080,,linkerd,teastore-registry,teastore,teastore-registry-c8b58678f-bf8xh,c8b58678f,default,default.teastore.serviceaccount.identity.linkerd.cluster.local,teastore,teastore-registry,teastore-recommender
1615588143.432,response_latency_ms_count,,,10.1.45.95:4191,linkerd-proxy,teastore,,teastore-recommender-597fccb746-vtcxt,,3289,,,,,teastore-recommender,,linkerd,outbound,,597fccb746,200,true,teastore,teastore-registry.teastore.svc.cluster.local:8080,,linkerd,teastore-registry,teastore,teastore-registry-c8b58678f-bf8xh,c8b58678f,default,default.teastore.serviceaccount.identity.linkerd.cluster.local,teastore,teastore-registry,teastore-recommender
1615588153.431,response_latency_ms_count,,,10.1.45.95:4191,linkerd-proxy,teastore,,teastore-recommender-597fccb746-vtcxt,,3301,,,,,teastore-recommender,,linkerd,outbound,,597fccb746,200,true,teastore,teastore-registry.teastore.svc.cluster.local:8080,,linkerd,teastore-registry,teastore,teastore-registry-c8b58678f-bf8xh,c8b58678f,default,default.teastore.serviceaccount.identity.linkerd.cluster.local,teastore,teastore-registry,teastore-recommender
1615588163.432,response_latency_ms_count,,,10.1.45.95:4191,linkerd-proxy,teastore,,teastore-recommender-597fccb746-vtcxt,,3313,,,,,teastore-recommender,,linkerd,outbound,,597fccb746,200,true,teastore,teastore-registry.teastore.svc.cluster.local:8080,,linkerd,teastore-registry,teastore,teastore-registry-c8b58678f-bf8xh,c8b58678f,default,default.teastore.serviceaccount.identity.linkerd.cluster.local,teastore,teastore-registry,teastore-recommender
1615588173.432,response_latency_ms_count,,,10.1.45.95:4191,linkerd-proxy,teastore,,teastore-recommender-597fccb746-vtcxt,,3325,,,,,teastore-recommender,,linkerd,outbound,,597fccb746,200,true,teastore,teastore-registry.teastore.svc.cluster.local:8080,,linkerd,teastore-registry,teastore,teastore-registry-c8b58678f-bf8xh,c8b58678f,default,default.teastore.serviceaccount.identity.linkerd.cluster.local,teastore,teastore-registry,teastore-recommender
1615588183.432,response_latency_ms_count,,,10.1.45.95:4191,linkerd-proxy,teastore,,teastore-recommender-597fccb746-vtcxt,,3337,,,,,teastore-recommender,,linkerd,outbound,,597fccb746,200,true,teastore,teastore-registry.teastore.svc.cluster.local:8080,,linkerd,teastore-registry,teastore,teastore-registry-c8b58678f-bf8xh,c8b58678f,default,default.teastore.serviceaccount.identity.linkerd.cluster.local,teastore,teastore-registry,teastore-recommender
1615588193.432,response_latency_ms_count,,,10.1.45.95:4191,linkerd-proxy,teastore,,teastore-recommender-597fccb746-vtcxt,,3349,,,,,teastore-recommender,,linkerd,outbound,,597fccb746,200,true,teastore,teastore-registry.teastore.svc.cluster.local:8080,,linkerd,teastore-registry,teastore,teastore-registry-c8b58678f-bf8xh,c8b58678f,default,default.teastore.serviceaccount.identity.linkerd.cluster.local,teastore,teastore-registry,teastore-recommender
1615588203.431,response_latency_ms_count,,,10.1.45.95:4191,linkerd-proxy,teastore,,teastore-recommender-597fccb746-vtcxt,,3361,,,,,teastore-recommender,,linkerd,outbound,,597fccb746,200,true,teastore,teastore-registry.teastore.svc.cluster.local:8080,,linkerd,teastore-registry,teastore,teastore-registry-c8b58678f-bf8xh,c8b58678f,default,default.teastore.serviceaccount.identity.linkerd.cluster.local,teastore,teastore-registry,teastore-recommender
1615588091.888,response_latency_ms_count,,,10.1.45.99:4191,linkerd-proxy,teastore,,teastore-persistence-d9666cc75-l847s,,1,,,,,teastore-persistence,,linkerd,outbound,,d9666cc75,201,true,teastore,teastore-registry.teastore.svc.cluster.local:8080,,linkerd,teastore-registry,teastore,teastore-registry-c8b58678f-bf8xh,c8b58678f,default,default.teastore.serviceaccount.identity.linkerd.cluster.local,teastore,teastore-registry,teastore-persistence
1615588101.889,response_latency_ms_count,,,10.1.45.99:4191,linkerd-proxy,teastore,,teastore-persistence-d9666cc75-l847s,,1,,,,,teastore-persistence,,linkerd,outbound,,d9666cc75,201,true,teastore,teastore-registry.teastore.svc.cluster.local:8080,,linkerd,teastore-registry,teastore,teastore-registry-c8b58678f-bf8xh,c8b58678f,default,default.teastore.serviceaccount.identity.linkerd.cluster.local,teastore,teastore-registry,teastore-persistence
1615588111.89,response_latency_ms_count,,,10.1.45.99:4191,linkerd-proxy,teastore,,teastore-persistence-d9666cc75-l847s,,1,,,,,teastore-persistence,,linkerd,outbound,,d9666cc75,201,true,teastore,teastore-registry.teastore.svc.cluster.local:8080,,linkerd,teastore-registry,teastore,teastore-registry-c8b58678f-bf8xh,c8b58678f,default,default.teastore.serviceaccount.identity.linkerd.cluster.local,teastore,teastore-registry,teastore-persistence
1615588121.889,response_latency_ms_count,,,10.1.45.99:4191,linkerd-proxy,teastore,,teastore-persistence-d9666cc75-l847s,,1,,,,,teastore-persistence,,linkerd,outbound,,d9666cc75,201,true,teastore,teastore-registry.teastore.svc.cluster.local:8080,,linkerd,teastore-registry,teastore,teastore-registry-c8b58678f-bf8xh,c8b58678f,default,default.teastore.serviceaccount.identity.linkerd.cluster.local,teastore,teastore-registry,teastore-persistence
1615588131.889,response_latency_ms_count,,,10.1.45.99:4191,linkerd-proxy,teastore,,teastore-persistence-d9666cc75-l847s,,1,,,,,teastore-persistence,,linkerd,outbound,,d9666cc75,201,true,teastore,teastore-registry.teastore.svc.cluster.local:8080,,linkerd,teastore-registry,teastore,teastore-registry-c8b58678f-bf8xh,c8b58678f,default,default.teastore.serviceaccount.identity.linkerd.cluster.local,teastore,teastore-registry,teastore-persistence
1615588141.889,response_latency_ms_count,,,10.1.45.99:4191,linkerd-proxy,teastore,,teastore-persistence-d9666cc75-l847s,,1,,,,,teastore-persistence,,linkerd,outbound,,d9666cc75,201,true,teastore,teastore-registry.teastore.svc.cluster.local:8080,,linkerd,teastore-registry,teastore,teastore-registry-c8b58678f-bf8xh,c8b58678f,default,default.teastore.serviceaccount.identity.linkerd.cluster.local,teastore,teastore-registry,teastore-persistence
1615588151.889,response_latency_ms_count,,,10.1.45.99:4191,linkerd-proxy,teastore,,teastore-persistence-d9666cc75-l847s,,1,,,,,teastore-persistence,,linkerd,outbound,,d9666cc75,201,true,teastore,teastore-registry.teastore.svc.cluster.local:8080,,linkerd,teastore-registry,teastore,teastore-registry-c8b58678f-bf8xh,c8b58678f,default,default.teastore.serviceaccount.identity.linkerd.cluster.local,teastore,teastore-registry,teastore-persistence
1615588161.888,response_latency_ms_count,,,10.1.45.99:4191,linkerd-proxy,teastore,,teastore-persistence-d9666cc75-l847s,,1,,,,,teastore-persistence,,linkerd,outbound,,d9666cc75,201,true,teastore,teastore-registry.teastore.svc.cluster.local:8080,,linkerd,teastore-registry,teastore,teastore-registry-c8b58678f-bf8xh,c8b58678f,default,default.teastore.serviceaccount.identity.linkerd.cluster.local,teastore,teastore-registry,teastore-persistence
1615588171.889,response_latency_ms_count,,,10.1.45.99:4191,linkerd-proxy,teastore,,teastore-persistence-d9666cc75-l847s,,1,,,,,teastore-persistence,,linkerd,outbound,,d9666cc75,201,true,teastore,teastore-registry.teastore.svc.cluster.local:8080,,linkerd,teastore-registry,teastore,teastore-registry-c8b58678f-bf8xh,c8b58678f,default,default.teastore.serviceaccount.identity.linkerd.cluster.local,teastore,teastore-registry,teastore-persistence
1615588181.888,response_latency_ms_count,,,10.1.45.99:4191,linkerd-proxy,teastore,,teastore-persistence-d9666cc75-l847s,,1,,,,,teastore-persistence,,linkerd,outbound,,d9666cc75,201,true,teastore,teastore-registry.teastore.svc.cluster.local:8080,,linkerd,teastore-registry,teastore,teastore-registry-c8b58678f-bf8xh,c8b58678f,default,default.teastore.serviceaccount.identity.linkerd.cluster.local,teastore,teastore-registry,teastore-persistence
1615588191.89,response_latency_ms_count,,,10.1.45.99:4191,linkerd-proxy,teastore,,teastore-persistence-d9666cc75-l847s,,1,,,,,teastore-persistence,,linkerd,outbound,,d9666cc75,201,true,teastore,teastore-registry.teastore.svc.cluster.local:8080,,linkerd,teastore-registry,teastore,teastore-registry-c8b58678f-bf8xh,c8b58678f,default,default.teastore.serviceaccount.identity.linkerd.cluster.local,teastore,teastore-registry,teastore-persistence
1615588201.888,response_latency_ms_count,,,10.1.45.99:4191,linkerd-proxy,teastore,,teastore-persistence-d9666cc75-l847s,,1,,,,,teastore-persistence,,linkerd,outbound,,d9666cc75,201,true,teastore,teastore-registry.teastore.svc.cluster.local:8080,,linkerd,teastore-registry,teastore,teastore-registry-c8b58678f-bf8xh,c8b58678f,default,default.teastore.serviceaccount.identity.linkerd.cluster.local,teastore,teastore-registry,teastore-persistence
1615588091.888,response_latency_ms_count,,,10.1.45.99:4191,linkerd-proxy,teastore,,teastore-persistence-d9666cc75-l847s,,1066,,,,,teastore-persistence,,linkerd,outbound,,d9666cc75,200,true,teastore,teastore-registry.teastore.svc.cluster.local:8080,,linkerd,teastore-registry,teastore,teastore-registry-c8b58678f-bf8xh,c8b58678f,default,default.teastore.serviceaccount.identity.linkerd.cluster.local,teastore,teastore-registry,teastore-persistence
1615588101.889,response_latency_ms_count,,,10.1.45.99:4191,linkerd-proxy,teastore,,teastore-persistence-d9666cc75-l847s,,1070,,,,,teastore-persistence,,linkerd,outbound,,d9666cc75,200,true,teastore,teastore-registry.teastore.svc.cluster.local:8080,,linkerd,teastore-registry,teastore,teastore-registry-c8b58678f-bf8xh,c8b58678f,default,default.teastore.serviceaccount.identity.linkerd.cluster.local,teastore,teastore-registry,teastore-persistence
1615588111.89,response_latency_ms_count,,,10.1.45.99:4191,linkerd-proxy,teastore,,teastore-persistence-d9666cc75-l847s,,1074,,,,,teastore-persistence,,linkerd,outbound,,d9666cc75,200,true,teastore,teastore-registry.teastore.svc.cluster.local:8080,,linkerd,teastore-registry,teastore,teastore-registry-c8b58678f-bf8xh,c8b58678f,default,default.teastore.serviceaccount.identity.linkerd.cluster.local,teastore,teastore-registry,teastore-persistence
1615588121.889,response_latency_ms_count,,,10.1.45.99:4191,linkerd-proxy,teastore,,teastore-persistence-d9666cc75-l847s,,1078,,,,,teastore-persistence,,linkerd,outbound,,d9666cc75,200,true,teastore,teastore-registry.teastore.svc.cluster.local:8080,,linkerd,teastore-registry,teastore,teastore-registry-c8b58678f-bf8xh,c8b58678f,default,default.teastore.serviceaccount.identity.linkerd.cluster.local,teastore,teastore-registry,teastore-persistence
1615588131.889,response_latency_ms_count,,,10.1.45.99:4191,linkerd-proxy,teastore,,teastore-persistence-d9666cc75-l847s,,1082,,,,,teastore-persistence,,linkerd,outbound,,d9666cc75,200,true,teastore,teastore-registry.teastore.svc.cluster.local:8080,,linkerd,teastore-registry,teastore,teastore-registry-c8b58678f-bf8xh,c8b58678f,default,default.teastore.serviceaccount.identity.linkerd.cluster.local,teastore,teastore-registry,teastore-persistence
1615588141.889,response_latency_ms_count,,,10.1.45.99:4191,linkerd-proxy,teastore,,teastore-persistence-d9666cc75-l847s,,1086,,,,,teastore-persistence,,linkerd,outbound,,d9666cc75,200,true,teastore,teastore-registry.teastore.svc.cluster.local:8080,,linkerd,teastore-registry,teastore,teastore-registry-c8b58678f-bf8xh,c8b58678f,default,default.teastore.serviceaccount.identity.linkerd.cluster.local,teastore,teastore-registry,teastore-persistence
1615588151.889,response_latency_ms_count,,,10.1.45.99:4191,linkerd-proxy,teastore,,teastore-persistence-d9666cc75-l847s,,1090,,,,,teastore-persistence,,linkerd,outbound,,d9666cc75,200,true,teastore,teastore-registry.teastore.svc.cluster.local:8080,,linkerd,teastore-registry,teastore,teastore-registry-c8b58678f-bf8xh,c8b58678f,default,default.teastore.serviceaccount.identity.linkerd.cluster.local,teastore,teastore-registry,teastore-persistence
1615588161.888,response_latency_ms_count,,,10.1.45.99:4191,linkerd-proxy,teastore,,teastore-persistence-d9666cc75-l847s,,1094,,,,,teastore-persistence,,linkerd,outbound,,d9666cc75,200,true,teastore,teastore-registry.teastore.svc.cluster.local:8080,,linkerd,teastore-registry,teastore,teastore-registry-c8b58678f-bf8xh,c8b58678f,default,default.teastore.serviceaccount.identity.linkerd.cluster.local,teastore,teastore-registry,teastore-persistence
1615588171.889,response_latency_ms_count,,,10.1.45.99:4191,linkerd-proxy,teastore,,teastore-persistence-d9666cc75-l847s,,1098,,,,,teastore-persistence,,linkerd,outbound,,d9666cc75,200,true,teastore,teastore-registry.teastore.svc.cluster.local:8080,,linkerd,teastore-registry,teastore,teastore-registry-c8b58678f-bf8xh,c8b58678f,default,default.teastore.serviceaccount.identity.linkerd.cluster.local,teastore,teastore-registry,teastore-persistence
1615588181.888,response_latency_ms_count,,,10.1.45.99:4191,linkerd-proxy,teastore,,teastore-persistence-d9666cc75-l847s,,1102,,,,,teastore-persistence,,linkerd,outbound,,d9666cc75,200,true,teastore,teastore-registry.teastore.svc.cluster.local:8080,,linkerd,teastore-registry,teastore,teastore-registry-c8b58678f-bf8xh,c8b58678f,default,default.teastore.serviceaccount.identity.linkerd.cluster.local,teastore,teastore-registry,teastore-persistence
1615588191.89,response_latency_ms_count,,,10.1.45.99:4191,linkerd-proxy,teastore,,teastore-persistence-d9666cc75-l847s,,1106,,,,,teastore-persistence,,linkerd,outbound,,d9666cc75,200,true,teastore,teastore-registry.teastore.svc.cluster.local:8080,,linkerd,teastore-registry,teastore,teastore-registry-c8b58678f-bf8xh,c8b58678f,default,default.teastore.serviceaccount.identity.linkerd.cluster.local,teastore,teastore-registry,teastore-persistence
1615588201.888,response_latency_ms_count,,,10.1.45.99:4191,linkerd-proxy,teastore,,teastore-persistence-d9666cc75-l847s,,1110,,,,,teastore-persistence,,linkerd,outbound,,d9666cc75,200,true,teastore,teastore-registry.teastore.svc.cluster.local:8080,,linkerd,teastore-registry,teastore,teastore-registry-c8b58678f-bf8xh,c8b58678f,default,default.teastore.serviceaccount.identity.linkerd.cluster.local,teastore,teastore-registry,teastore-persistence
1615588091.888,response_latency_ms_count,,,10.1.45.99:4191,linkerd-proxy,teastore,,teastore-persistence-d9666cc75-l847s,,197067,,,,,teastore-persistence,,linkerd,inbound,,d9666cc75,200,true,teastore,teastore-persistence.teastore.svc.cluster.local:8080,default.teastore.serviceaccount.identity.linkerd.cluster.local,,,,,,,,teastore,,teastore-persistence
1615588101.889,response_latency_ms_count,,,10.1.45.99:4191,linkerd-proxy,teastore,,teastore-persistence-d9666cc75-l847s,,197461,,,,,teastore-persistence,,linkerd,inbound,,d9666cc75,200,true,teastore,teastore-persistence.teastore.svc.cluster.local:8080,default.teastore.serviceaccount.identity.linkerd.cluster.local,,,,,,,,teastore,,teastore-persistence
1615588111.89,response_latency_ms_count,,,10.1.45.99:4191,linkerd-proxy,teastore,,teastore-persistence-d9666cc75-l847s,,197984,,,,,teastore-persistence,,linkerd,inbound,,d9666cc75,200,true,teastore,teastore-persistence.teastore.svc.cluster.local:8080,default.teastore.serviceaccount.identity.linkerd.cluster.local,,,,,,,,teastore,,teastore-persistence
1615588121.889,response_latency_ms_count,,,10.1.45.99:4191,linkerd-proxy,teastore,,teastore-persistence-d9666cc75-l847s,,198677,,,,,teastore-persistence,,linkerd,inbound,,d9666cc75,200,true,teastore,teastore-persistence.teastore.svc.cluster.local:8080,default.teastore.serviceaccount.identity.linkerd.cluster.local,,,,,,,,teastore,,teastore-persistence
1615588131.889,response_latency_ms_count,,,10.1.45.99:4191,linkerd-proxy,teastore,,teastore-persistence-d9666cc75-l847s,,199504,,,,,teastore-persistence,,linkerd,inbound,,d9666cc75,200,true,teastore,teastore-persistence.teastore.svc.cluster.local:8080,default.teastore.serviceaccount.identity.linkerd.cluster.local,,,,,,,,teastore,,teastore-persistence
1615588141.889,response_latency_ms_count,,,10.1.45.99:4191,linkerd-proxy,teastore,,teastore-persistence-d9666cc75-l847s,,200488,,,,,teastore-persistence,,linkerd,inbound,,d9666cc75,200,true,teastore,teastore-persistence.teastore.svc.cluster.local:8080,default.teastore.serviceaccount.identity.linkerd.cluster.local,,,,,,,,teastore,,teastore-persistence
1615588151.889,response_latency_ms_count,,,10.1.45.99:4191,linkerd-proxy,teastore,,teastore-persistence-d9666cc75-l847s,,201572,,,,,teastore-persistence,,linkerd,inbound,,d9666cc75,200,true,teastore,teastore-persistence.teastore.svc.cluster.local:8080,default.teastore.serviceaccount.identity.linkerd.cluster.local,,,,,,,,teastore,,teastore-persistence
1615588161.888,response_latency_ms_count,,,10.1.45.99:4191,linkerd-proxy,teastore,,teastore-persistence-d9666cc75-l847s,,202739,,,,,teastore-persistence,,linkerd,inbound,,d9666cc75,200,true,teastore,teastore-persistence.teastore.svc.cluster.local:8080,default.teastore.serviceaccount.identity.linkerd.cluster.local,,,,,,,,teastore,,teastore-persistence
1615588171.889,response_latency_ms_count,,,10.1.45.99:4191,linkerd-proxy,teastore,,teastore-persistence-d9666cc75-l847s,,204417,,,,,teastore-persistence,,linkerd,inbound,,d9666cc75,200,true,teastore,teastore-persistence.teastore.svc.cluster.local:8080,default.teastore.serviceaccount.identity.linkerd.cluster.local,,,,,,,,teastore,,teastore-persistence
1615588181.888,response_latency_ms_count,,,10.1.45.99:4191,linkerd-proxy,teastore,,teastore-persistence-d9666cc75-l847s,,205604,,,,,teastore-persistence,,linkerd,inbound,,d9666cc75,200,true,teastore,teastore-persistence.teastore.svc.cluster.local:8080,default.teastore.serviceaccount.identity.linkerd.cluster.local,,,,,,,,teastore,,teastore-persistence
1615588191.89,response_latency_ms_count,,,10.1.45.99:4191,linkerd-proxy,teastore,,teastore-persistence-d9666cc75-l847s,,207489,,,,,teastore-persistence,,linkerd,inbound,,d9666cc75,200,true,teastore,teastore-persistence.teastore.svc.cluster.local:8080,default.teastore.serviceaccount.identity.linkerd.cluster.local,,,,,,,,teastore,,teastore-persistence
1615588201.888,response_latency_ms_count,,,10.1.45.99:4191,linkerd-proxy,teastore,,teastore-persistence-d9666cc75-l847s,,209281,,,,,teastore-persistence,,linkerd,inbound,,d9666cc75,200,true,teastore,teastore-persistence.teastore.svc.cluster.local:8080,default.teastore.serviceaccount.identity.linkerd.cluster.local,,,,,,,,teastore,,teastore-persistence
1615588092.789,response_latency_ms_count,,,10.1.45.98:4191,linkerd-proxy,teastore,,teastore-image-77b5d74b7d-vt6qj,,1,,,,,teastore-image,,linkerd,outbound,,77b5d74b7d,201,true,teastore,teastore-registry.teastore.svc.cluster.local:8080,,linkerd,teastore-registry,teastore,teastore-registry-c8b58678f-bf8xh,c8b58678f,default,default.teastore.serviceaccount.identity.linkerd.cluster.local,teastore,teastore-registry,teastore-image
1615588102.789,response_latency_ms_count,,,10.1.45.98:4191,linkerd-proxy,teastore,,teastore-image-77b5d74b7d-vt6qj,,1,,,,,teastore-image,,linkerd,outbound,,77b5d74b7d,201,true,teastore,teastore-registry.teastore.svc.cluster.local:8080,,linkerd,teastore-registry,teastore,teastore-registry-c8b58678f-bf8xh,c8b58678f,default,default.teastore.serviceaccount.identity.linkerd.cluster.local,teastore,teastore-registry,teastore-image
1615588112.789,response_latency_ms_count,,,10.1.45.98:4191,linkerd-proxy,teastore,,teastore-image-77b5d74b7d-vt6qj,,1,,,,,teastore-image,,linkerd,outbound,,77b5d74b7d,201,true,teastore,teastore-registry.teastore.svc.cluster.local:8080,,linkerd,teastore-registry,teastore,teastore-registry-c8b58678f-bf8xh,c8b58678f,default,default.teastore.serviceaccount.identity.linkerd.cluster.local,teastore,teastore-registry,teastore-image
1615588122.79,response_latency_ms_count,,,10.1.45.98:4191,linkerd-proxy,teastore,,teastore-image-77b5d74b7d-vt6qj,,1,,,,,teastore-image,,linkerd,outbound,,77b5d74b7d,201,true,teastore,teastore-registry.teastore.svc.cluster.local:8080,,linkerd,teastore-registry,teastore,teastore-registry-c8b58678f-bf8xh,c8b58678f,default,default.teastore.serviceaccount.identity.linkerd.cluster.local,teastore,teastore-registry,teastore-image
1615588132.789,response_latency_ms_count,,,10.1.45.98:4191,linkerd-proxy,teastore,,teastore-image-77b5d74b7d-vt6qj,,1,,,,,teastore-image,,linkerd,outbound,,77b5d74b7d,201,true,teastore,teastore-registry.teastore.svc.cluster.local:8080,,linkerd,teastore-registry,teastore,teastore-registry-c8b58678f-bf8xh,c8b58678f,default,default.teastore.serviceaccount.identity.linkerd.cluster.local,teastore,teastore-registry,teastore-image
1615588142.789,response_latency_ms_count,,,10.1.45.98:4191,linkerd-proxy,teastore,,teastore-image-77b5d74b7d-vt6qj,,1,,,,,teastore-image,,linkerd,outbound,,77b5d74b7d,201,true,teastore,teastore-registry.teastore.svc.cluster.local:8080,,linkerd,teastore-registry,teastore,teastore-registry-c8b58678f-bf8xh,c8b58678f,default,default.teastore.serviceaccount.identity.linkerd.cluster.local,teastore,teastore-registry,teastore-image
1615588152.791,response_latency_ms_count,,,10.1.45.98:4191,linkerd-proxy,teastore,,teastore-image-77b5d74b7d-vt6qj,,1,,,,,teastore-image,,linkerd,outbound,,77b5d74b7d,201,true,teastore,teastore-registry.teastore.svc.cluster.local:8080,,linkerd,teastore-registry,teastore,teastore-registry-c8b58678f-bf8xh,c8b58678f,default,default.teastore.serviceaccount.identity.linkerd.cluster.local,teastore,teastore-registry,teastore-image
1615588162.79,response_latency_ms_count,,,10.1.45.98:4191,linkerd-proxy,teastore,,teastore-image-77b5d74b7d-vt6qj,,1,,,,,teastore-image,,linkerd,outbound,,77b5d74b7d,201,true,teastore,teastore-registry.teastore.svc.cluster.local:8080,,linkerd,teastore-registry,teastore,teastore-registry-c8b58678f-bf8xh,c8b58678f,default,default.teastore.serviceaccount.identity.linkerd.cluster.local,teastore,teastore-registry,teastore-image
1615588172.789,response_latency_ms_count,,,10.1.45.98:4191,linkerd-proxy,teastore,,teastore-image-77b5d74b7d-vt6qj,,1,,,,,teastore-image,,linkerd,outbound,,77b5d74b7d,201,true,teastore,teastore-registry.teastore.svc.cluster.local:8080,,linkerd,teastore-registry,teastore,teastore-registry-c8b58678f-bf8xh,c8b58678f,default,default.teastore.serviceaccount.identity.linkerd.cluster.local,teastore,teastore-registry,teastore-image
1615588182.791,response_latency_ms_count,,,10.1.45.98:4191,linkerd-proxy,teastore,,teastore-image-77b5d74b7d-vt6qj,,1,,,,,teastore-image,,linkerd,outbound,,77b5d74b7d,201,true,teastore,teastore-registry.teastore.svc.cluster.local:8080,,linkerd,teastore-registry,teastore,teastore-registry-c8b58678f-bf8xh,c8b58678f,default,default.teastore.serviceaccount.identity.linkerd.cluster.local,teastore,teastore-registry,teastore-image
1615588192.789,response_latency_ms_count,,,10.1.45.98:4191,linkerd-proxy,teastore,,teastore-image-77b5d74b7d-vt6qj,,1,,,,,teastore-image,,linkerd,outbound,,77b5d74b7d,201,true,teastore,teastore-registry.teastore.svc.cluster.local:8080,,linkerd,teastore-registry,teastore,teastore-registry-c8b58678f-bf8xh,c8b58678f,default,default.teastore.serviceaccount.identity.linkerd.cluster.local,teastore,teastore-registry,teastore-image
1615588202.789,response_latency_ms_count,,,10.1.45.98:4191,linkerd-proxy,teastore,,teastore-image-77b5d74b7d-vt6qj,,1,,,,,teastore-image,,linkerd,outbound,,77b5d74b7d,201,true,teastore,teastore-registry.teastore.svc.cluster.local:8080,,linkerd,teastore-registry,teastore,teastore-registry-c8b58678f-bf8xh,c8b58678f,default,default.teastore.serviceaccount.identity.linkerd.cluster.local,teastore,teastore-registry,teastore-image
1615588093.432,response_latency_ms_count,,,10.1.45.95:4191,linkerd-proxy,teastore,,teastore-recommender-597fccb746-vtcxt,,1,,,,,teastore-recommender,,linkerd,outbound,,597fccb746,201,true,teastore,teastore-registry.teastore.svc.cluster.local:8080,,linkerd,teastore-registry,teastore,teastore-registry-c8b58678f-bf8xh,c8b58678f,default,default.teastore.serviceaccount.identity.linkerd.cluster.local,teastore,teastore-registry,teastore-recommender
1615588103.432,response_latency_ms_count,,,10.1.45.95:4191,linkerd-proxy,teastore,,teastore-recommender-597fccb746-vtcxt,,1,,,,,teastore-recommender,,linkerd,outbound,,597fccb746,201,true,teastore,teastore-registry.teastore.svc.cluster.local:8080,,linkerd,teastore-registry,teastore,teastore-registry-c8b58678f-bf8xh,c8b58678f,default,default.teastore.serviceaccount.identity.linkerd.cluster.local,teastore,teastore-registry,teastore-recommender
1615588113.432,response_latency_ms_count,,,10.1.45.95:4191,linkerd-proxy,teastore,,teastore-recommender-597fccb746-vtcxt,,1,,,,,teastore-recommender,,linkerd,outbound,,597fccb746,201,true,teastore,teastore-registry.teastore.svc.cluster.local:8080,,linkerd,teastore-registry,teastore,teastore-registry-c8b58678f-bf8xh,c8b58678f,default,default.teastore.serviceaccount.identity.linkerd.cluster.local,teastore,teastore-registry,teastore-recommender
1615588123.432,response_latency_ms_count,,,10.1.45.95:4191,linkerd-proxy,teastore,,teastore-recommender-597fccb746-vtcxt,,1,,,,,teastore-recommender,,linkerd,outbound,,597fccb746,201,true,teastore,teastore-registry.teastore.svc.cluster.local:8080,,linkerd,teastore-registry,teastore,teastore-registry-c8b58678f-bf8xh,c8b58678f,default,default.teastore.serviceaccount.identity.linkerd.cluster.local,teastore,teastore-registry,teastore-recommender
1615588133.432,response_latency_ms_count,,,10.1.45.95:4191,linkerd-proxy,teastore,,teastore-recommender-597fccb746-vtcxt,,1,,,,,teastore-recommender,,linkerd,outbound,,597fccb746,201,true,teastore,teastore-registry.teastore.svc.cluster.local:8080,,linkerd,teastore-registry,teastore,teastore-registry-c8b58678f-bf8xh,c8b58678f,default,default.teastore.serviceaccount.identity.linkerd.cluster.local,teastore,teastore-registry,teastore-recommender
1615588143.432,response_latency_ms_count,,,10.1.45.95:4191,linkerd-proxy,teastore,,teastore-recommender-597fccb746-vtcxt,,1,,,,,teastore-recommender,,linkerd,outbound,,597fccb746,201,true,teastore,teastore-registry.teastore.svc.cluster.local:8080,,linkerd,teastore-registry,teastore,teastore-registry-c8b58678f-bf8xh,c8b58678f,default,default.teastore.serviceaccount.identity.linkerd.cluster.local,teastore,teastore-registry,teastore-recommender
1615588153.431,response_latency_ms_count,,,10.1.45.95:4191,linkerd-proxy,teastore,,teastore-recommender-597fccb746-vtcxt,,1,,,,,teastore-recommender,,linkerd,outbound,,597fccb746,201,true,teastore,teastore-registry.teastore.svc.cluster.local:8080,,linkerd,teastore-registry,teastore,teastore-registry-c8b58678f-bf8xh,c8b58678f,default,default.teastore.serviceaccount.identity.linkerd.cluster.local,teastore,teastore-registry,teastore-recommender
1615588163.432,response_latency_ms_count,,,10.1.45.95:4191,linkerd-proxy,teastore,,teastore-recommender-597fccb746-vtcxt,,1,,,,,teastore-recommender,,linkerd,outbound,,597fccb746,201,true,teastore,teastore-registry.teastore.svc.cluster.local:8080,,linkerd,teastore-registry,teastore,teastore-registry-c8b58678f-bf8xh,c8b58678f,default,default.teastore.serviceaccount.identity.linkerd.cluster.local,teastore,teastore-registry,teastore-recommender
1615588173.432,response_latency_ms_count,,,10.1.45.95:4191,linkerd-proxy,teastore,,teastore-recommender-597fccb746-vtcxt,,1,,,,,teastore-recommender,,linkerd,outbound,,597fccb746,201,true,teastore,teastore-registry.teastore.svc.cluster.local:8080,,linkerd,teastore-registry,teastore,teastore-registry-c8b58678f-bf8xh,c8b58678f,default,default.teastore.serviceaccount.identity.linkerd.cluster.local,teastore,teastore-registry,teastore-recommender
1615588183.432,response_latency_ms_count,,,10.1.45.95:4191,linkerd-proxy,teastore,,teastore-recommender-597fccb746-vtcxt,,1,,,,,teastore-recommender,,linkerd,outbound,,597fccb746,201,true,teastore,teastore-registry.teastore.svc.cluster.local:8080,,linkerd,teastore-registry,teastore,teastore-registry-c8b58678f-bf8xh,c8b58678f,default,default.teastore.serviceaccount.identity.linkerd.cluster.local,teastore,teastore-registry,teastore-recommender
1615588193.432,response_latency_ms_count,,,10.1.45.95:4191,linkerd-proxy,teastore,,teastore-recommender-597fccb746-vtcxt,,1,,,,,teastore-recommender,,linkerd,outbound,,597fccb746,201,true,teastore,teastore-registry.teastore.svc.cluster.local:8080,,linkerd,teastore-registry,teastore,teastore-registry-c8b58678f-bf8xh,c8b58678f,default,default.teastore.serviceaccount.identity.linkerd.cluster.local,teastore,teastore-registry,teastore-recommender
1615588203.431,response_latency_ms_count,,,10.1.45.95:4191,linkerd-proxy,teastore,,teastore-recommender-597fccb746-vtcxt,,1,,,,,teastore-recommender,,linkerd,outbound,,597fccb746,201,true,teastore,teastore-registry.teastore.svc.cluster.local:8080,,linkerd,teastore-registry,teastore,teastore-registry-c8b58678f-bf8xh,c8b58678f,default,default.teastore.serviceaccount.identity.linkerd.cluster.local,teastore,teastore-registry,teastore-recommender
1615588092.013,response_latency_ms_count,,,10.1.45.96:4191,linkerd-proxy,teastore,,teastore-auth-5c8f77dbb8-sx8wp,,58800,,,,,teastore-auth,,linkerd,inbound,,5c8f77dbb8,200,true,teastore,teastore-auth.teastore.svc.cluster.local:8080,default.teastore.serviceaccount.identity.linkerd.cluster.local,,,,,,,,teastore,,teastore-auth
1615588102.013,response_latency_ms_count,,,10.1.45.96:4191,linkerd-proxy,teastore,,teastore-auth-5c8f77dbb8-sx8wp,,58922,,,,,teastore-auth,,linkerd,inbound,,5c8f77dbb8,200,true,teastore,teastore-auth.teastore.svc.cluster.local:8080,default.teastore.serviceaccount.identity.linkerd.cluster.local,,,,,,,,teastore,,teastore-auth
1615588112.013,response_latency_ms_count,,,10.1.45.96:4191,linkerd-proxy,teastore,,teastore-auth-5c8f77dbb8-sx8wp,,59111,,,,,teastore-auth,,linkerd,inbound,,5c8f77dbb8,200,true,teastore,teastore-auth.teastore.svc.cluster.local:8080,default.teastore.serviceaccount.identity.linkerd.cluster.local,,,,,,,,teastore,,teastore-auth
1615588122.013,response_latency_ms_count,,,10.1.45.96:4191,linkerd-proxy,teastore,,teastore-auth-5c8f77dbb8-sx8wp,,59325,,,,,teastore-auth,,linkerd,inbound,,5c8f77dbb8,200,true,teastore,teastore-auth.teastore.svc.cluster.local:8080,default.teastore.serviceaccount.identity.linkerd.cluster.local,,,,,,,,teastore,,teastore-auth
1615588132.013,response_latency_ms_count,,,10.1.45.96:4191,linkerd-proxy,teastore,,teastore-auth-5c8f77dbb8-sx8wp,,59612,,,,,teastore-auth,,linkerd,inbound,,5c8f77dbb8,200,true,teastore,teastore-auth.teastore.svc.cluster.local:8080,default.teastore.serviceaccount.identity.linkerd.cluster.local,,,,,,,,teastore,,teastore-auth
1615588142.013,response_latency_ms_count,,,10.1.45.96:4191,linkerd-proxy,teastore,,teastore-auth-5c8f77dbb8-sx8wp,,59945,,,,,teastore-auth,,linkerd,inbound,,5c8f77dbb8,200,true,teastore,teastore-auth.teastore.svc.cluster.local:8080,default.teastore.serviceaccount.identity.linkerd.cluster.local,,,,,,,,teastore,,teastore-auth
1615588152.013,response_latency_ms_count,,,10.1.45.96:4191,linkerd-proxy,teastore,,teastore-auth-5c8f77dbb8-sx8wp,,60297,,,,,teastore-auth,,linkerd,inbound,,5c8f77dbb8,200,true,teastore,teastore-auth.teastore.svc.cluster.local:8080,default.teastore.serviceaccount.identity.linkerd.cluster.local,,,,,,,,teastore,,teastore-auth
1615588162.013,response_latency_ms_count,,,10.1.45.96:4191,linkerd-proxy,teastore,,teastore-auth-5c8f77dbb8-sx8wp,,60668,,,,,teastore-auth,,linkerd,inbound,,5c8f77dbb8,200,true,teastore,teastore-auth.teastore.svc.cluster.local:8080,default.teastore.serviceaccount.identity.linkerd.cluster.local,,,,,,,,teastore,,teastore-auth
1615588172.013,response_latency_ms_count,,,10.1.45.96:4191,linkerd-proxy,teastore,,teastore-auth-5c8f77dbb8-sx8wp,,61049,,,,,teastore-auth,,linkerd,inbound,,5c8f77dbb8,200,true,teastore,teastore-auth.teastore.svc.cluster.local:8080,default.teastore.serviceaccount.identity.linkerd.cluster.local,,,,,,,,teastore,,teastore-auth
1615588182.013,response_latency_ms_count,,,10.1.45.96:4191,linkerd-proxy,teastore,,teastore-auth-5c8f77dbb8-sx8wp,,61394,,,,,teastore-auth,,linkerd,inbound,,5c8f77dbb8,200,true,teastore,teastore-auth.teastore.svc.cluster.local:8080,default.teastore.serviceaccount.identity.linkerd.cluster.local,,,,,,,,teastore,,teastore-auth
1615588192.013,response_latency_ms_count,,,10.1.45.96:4191,linkerd-proxy,teastore,,teastore-auth-5c8f77dbb8-sx8wp,,61952,,,,,teastore-auth,,linkerd,inbound,,5c8f77dbb8,200,true,teastore,teastore-auth.teastore.svc.cluster.local:8080,default.teastore.serviceaccount.identity.linkerd.cluster.local,,,,,,,,teastore,,teastore-auth
1615588202.014,response_latency_ms_count,,,10.1.45.96:4191,linkerd-proxy,teastore,,teastore-auth-5c8f77dbb8-sx8wp,,62463,,,,,teastore-auth,,linkerd,inbound,,5c8f77dbb8,200,true,teastore,teastore-auth.teastore.svc.cluster.local:8080,default.teastore.serviceaccount.identity.linkerd.cluster.local,,,,,,,,teastore,,teastore-auth
1615588092.789,response_latency_ms_count,,,10.1.45.98:4191,linkerd-proxy,teastore,,teastore-image-77b5d74b7d-vt6qj,,79230,,,,,teastore-image,,linkerd,inbound,,77b5d74b7d,200,true,teastore,teastore-image.teastore.svc.cluster.local:8080,default.teastore.serviceaccount.identity.linkerd.cluster.local,,,,,,,,teastore,,teastore-image
1615588102.789,response_latency_ms_count,,,10.1.45.98:4191,linkerd-proxy,teastore,,teastore-image-77b5d74b7d-vt6qj,,79392,,,,,teastore-image,,linkerd,inbound,,77b5d74b7d,200,true,teastore,teastore-image.teastore.svc.cluster.local:8080,default.teastore.serviceaccount.identity.linkerd.cluster.local,,,,,,,,teastore,,teastore-image
1615588112.789,response_latency_ms_count,,,10.1.45.98:4191,linkerd-proxy,teastore,,teastore-image-77b5d74b7d-vt6qj,,79623,,,,,teastore-image,,linkerd,inbound,,77b5d74b7d,200,true,teastore,teastore-image.teastore.svc.cluster.local:8080,default.teastore.serviceaccount.identity.linkerd.cluster.local,,,,,,,,teastore,,teastore-image
1615588122.79,response_latency_ms_count,,,10.1.45.98:4191,linkerd-proxy,teastore,,teastore-image-77b5d74b7d-vt6qj,,79905,,,,,teastore-image,,linkerd,inbound,,77b5d74b7d,200,true,teastore,teastore-image.teastore.svc.cluster.local:8080,default.teastore.serviceaccount.identity.linkerd.cluster.local,,,,,,,,teastore,,teastore-image
1615588132.789,response_latency_ms_count,,,10.1.45.98:4191,linkerd-proxy,teastore,,teastore-image-77b5d74b7d-vt6qj,,80256,,,,,teastore-image,,linkerd,inbound,,77b5d74b7d,200,true,teastore,teastore-image.teastore.svc.cluster.local:8080,default.teastore.serviceaccount.identity.linkerd.cluster.local,,,,,,,,teastore,,teastore-image
1615588142.789,response_latency_ms_count,,,10.1.45.98:4191,linkerd-proxy,teastore,,teastore-image-77b5d74b7d-vt6qj,,80669,,,,,teastore-image,,linkerd,inbound,,77b5d74b7d,200,true,teastore,teastore-image.teastore.svc.cluster.local:8080,default.teastore.serviceaccount.identity.linkerd.cluster.local,,,,,,,,teastore,,teastore-image
1615588152.791,response_latency_ms_count,,,10.1.45.98:4191,linkerd-proxy,teastore,,teastore-image-77b5d74b7d-vt6qj,,81145,,,,,teastore-image,,linkerd,inbound,,77b5d74b7d,200,true,teastore,teastore-image.teastore.svc.cluster.local:8080,default.teastore.serviceaccount.identity.linkerd.cluster.local,,,,,,,,teastore,,teastore-image
1615588162.79,response_latency_ms_count,,,10.1.45.98:4191,linkerd-proxy,teastore,,teastore-image-77b5d74b7d-vt6qj,,81573,,,,,teastore-image,,linkerd,inbound,,77b5d74b7d,200,true,teastore,teastore-image.teastore.svc.cluster.local:8080,default.teastore.serviceaccount.identity.linkerd.cluster.local,,,,,,,,teastore,,teastore-image
1615588172.789,response_latency_ms_count,,,10.1.45.98:4191,linkerd-proxy,teastore,,teastore-image-77b5d74b7d-vt6qj,,82197,,,,,teastore-image,,linkerd,inbound,,77b5d74b7d,200,true,teastore,teastore-image.teastore.svc.cluster.local:8080,default.teastore.serviceaccount.identity.linkerd.cluster.local,,,,,,,,teastore,,teastore-image
1615588182.791,response_latency_ms_count,,,10.1.45.98:4191,linkerd-proxy,teastore,,teastore-image-77b5d74b7d-vt6qj,,82684,,,,,teastore-image,,linkerd,inbound,,77b5d74b7d,200,true,teastore,teastore-image.teastore.svc.cluster.local:8080,default.teastore.serviceaccount.identity.linkerd.cluster.local,,,,,,,,teastore,,teastore-image
1615588192.789,response_latency_ms_count,,,10.1.45.98:4191,linkerd-proxy,teastore,,teastore-image-77b5d74b7d-vt6qj,,83380,,,,,teastore-image,,linkerd,inbound,,77b5d74b7d,200,true,teastore,teastore-image.teastore.svc.cluster.local:8080,default.teastore.serviceaccount.identity.linkerd.cluster.local,,,,,,,,teastore,,teastore-image
1615588202.789,response_latency_ms_count,,,10.1.45.98:4191,linkerd-proxy,teastore,,teastore-image-77b5d74b7d-vt6qj,,84081,,,,,teastore-image,,linkerd,inbound,,77b5d74b7d,200,true,teastore,teastore-image.teastore.svc.cluster.local:8080,default.teastore.serviceaccount.identity.linkerd.cluster.local,,,,,,,,teastore,,teastore-image
1615588091.888,response_latency_ms_count,,,10.1.45.99:4191,linkerd-proxy,teastore,,teastore-persistence-d9666cc75-l847s,,4754,,,,,teastore-persistence,,linkerd,inbound,,d9666cc75,404,true,teastore,teastore-persistence.teastore.svc.cluster.local:8080,default.teastore.serviceaccount.identity.linkerd.cluster.local,,,,,,,,teastore,,teastore-persistence
1615588101.889,response_latency_ms_count,,,10.1.45.99:4191,linkerd-proxy,teastore,,teastore-persistence-d9666cc75-l847s,,4766,,,,,teastore-persistence,,linkerd,inbound,,d9666cc75,404,true,teastore,teastore-persistence.teastore.svc.cluster.local:8080,default.teastore.serviceaccount.identity.linkerd.cluster.local,,,,,,,,teastore,,teastore-persistence
1615588111.89,response_latency_ms_count,,,10.1.45.99:4191,linkerd-proxy,teastore,,teastore-persistence-d9666cc75-l847s,,4783,,,,,teastore-persistence,,linkerd,inbound,,d9666cc75,404,true,teastore,teastore-persistence.teastore.svc.cluster.local:8080,default.teastore.serviceaccount.identity.linkerd.cluster.local,,,,,,,,teastore,,teastore-persistence
1615588121.889,response_latency_ms_count,,,10.1.45.99:4191,linkerd-proxy,teastore,,teastore-persistence-d9666cc75-l847s,,4800,,,,,teastore-persistence,,linkerd,inbound,,d9666cc75,404,true,teastore,teastore-persistence.teastore.svc.cluster.local:8080,default.teastore.serviceaccount.identity.linkerd.cluster.local,,,,,,,,teastore,,teastore-persistence
1615588131.889,response_latency_ms_count,,,10.1.45.99:4191,linkerd-proxy,teastore,,teastore-persistence-d9666cc75-l847s,,4822,,,,,teastore-persistence,,linkerd,inbound,,d9666cc75,404,true,teastore,teastore-persistence.teastore.svc.cluster.local:8080,default.teastore.serviceaccount.identity.linkerd.cluster.local,,,,,,,,teastore,,teastore-persistence
1615588141.889,response_latency_ms_count,,,10.1.45.99:4191,linkerd-proxy,teastore,,teastore-persistence-d9666cc75-l847s,,4873,,,,,teastore-persistence,,linkerd,inbound,,d9666cc75,404,true,teastore,teastore-persistence.teastore.svc.cluster.local:8080,default.teastore.serviceaccount.identity.linkerd.cluster.local,,,,,,,,teastore,,teastore-persistence
1615588151.889,response_latency_ms_count,,,10.1.45.99:4191,linkerd-proxy,teastore,,teastore-persistence-d9666cc75-l847s,,4901,,,,,teastore-persistence,,linkerd,inbound,,d9666cc75,404,true,teastore,teastore-persistence.teastore.svc.cluster.local:8080,default.teastore.serviceaccount.identity.linkerd.cluster.local,,,,,,,,teastore,,teastore-persistence
1615588161.888,response_latency_ms_count,,,10.1.45.99:4191,linkerd-proxy,teastore,,teastore-persistence-d9666cc75-l847s,,4932,,,,,teastore-persistence,,linkerd,inbound,,d9666cc75,404,true,teastore,teastore-persistence.teastore.svc.cluster.local:8080,default.teastore.serviceaccount.identity.linkerd.cluster.local,,,,,,,,teastore,,teastore-persistence
1615588171.889,response_latency_ms_count,,,10.1.45.99:4191,linkerd-proxy,teastore,,teastore-persistence-d9666cc75-l847s,,4965,,,,,teastore-persistence,,linkerd,inbound,,d9666cc75,404,true,teastore,teastore-persistence.teastore.svc.cluster.local:8080,default.teastore.serviceaccount.identity.linkerd.cluster.local,,,,,,,,teastore,,teastore-persistence
1615588181.888,response_latency_ms_count,,,10.1.45.99:4191,linkerd-proxy,teastore,,teastore-persistence-d9666cc75-l847s,,4992,,,,,teastore-persistence,,linkerd,inbound,,d9666cc75,404,true,teastore,teastore-persistence.teastore.svc.cluster.local:8080,default.teastore.serviceaccount.identity.linkerd.cluster.local,,,,,,,,teastore,,teastore-persistence
1615588191.89,response_latency_ms_count,,,10.1.45.99:4191,linkerd-proxy,teastore,,teastore-persistence-d9666cc75-l847s,,5030,,,,,teastore-persistence,,linkerd,inbound,,d9666cc75,404,true,teastore,teastore-persistence.teastore.svc.cluster.local:8080,default.teastore.serviceaccount.identity.linkerd.cluster.local,,,,,,,,teastore,,teastore-persistence
1615588201.888,response_latency_ms_count,,,10.1.45.99:4191,linkerd-proxy,teastore,,teastore-persistence-d9666cc75-l847s,,5066,,,,,teastore-persistence,,linkerd,inbound,,d9666cc75,404,true,teastore,teastore-persistence.teastore.svc.cluster.local:8080,default.teastore.serviceaccount.identity.linkerd.cluster.local,,,,,,,,teastore,,teastore-persistence
1615588092.013,response_latency_ms_count,,,10.1.45.96:4191,linkerd-proxy,teastore,,teastore-auth-5c8f77dbb8-sx8wp,,4755,,,,,teastore-auth,,linkerd,outbound,,5c8f77dbb8,404,true,teastore,teastore-persistence.teastore.svc.cluster.local:8080,,linkerd,teastore-persistence,teastore,teastore-persistence-d9666cc75-l847s,d9666cc75,default,default.teastore.serviceaccount.identity.linkerd.cluster.local,teastore,teastore-persistence,teastore-auth
1615588102.013,response_latency_ms_count,,,10.1.45.96:4191,linkerd-proxy,teastore,,teastore-auth-5c8f77dbb8-sx8wp,,4766,,,,,teastore-auth,,linkerd,outbound,,5c8f77dbb8,404,true,teastore,teastore-persistence.teastore.svc.cluster.local:8080,,linkerd,teastore-persistence,teastore,teastore-persistence-d9666cc75-l847s,d9666cc75,default,default.teastore.serviceaccount.identity.linkerd.cluster.local,teastore,teastore-persistence,teastore-auth
1615588112.013,response_latency_ms_count,,,10.1.45.96:4191,linkerd-proxy,teastore,,teastore-auth-5c8f77dbb8-sx8wp,,4783,,,,,teastore-auth,,linkerd,outbound,,5c8f77dbb8,404,true,teastore,teastore-persistence.teastore.svc.cluster.local:8080,,linkerd,teastore-persistence,teastore,teastore-persistence-d9666cc75-l847s,d9666cc75,default,default.teastore.serviceaccount.identity.linkerd.cluster.local,teastore,teastore-persistence,teastore-auth
1615588122.013,response_latency_ms_count,,,10.1.45.96:4191,linkerd-proxy,teastore,,teastore-auth-5c8f77dbb8-sx8wp,,4800,,,,,teastore-auth,,linkerd,outbound,,5c8f77dbb8,404,true,teastore,teastore-persistence.teastore.svc.cluster.local:8080,,linkerd,teastore-persistence,teastore,teastore-persistence-d9666cc75-l847s,d9666cc75,default,default.teastore.serviceaccount.identity.linkerd.cluster.local,teastore,teastore-persistence,teastore-auth
1615588132.013,response_latency_ms_count,,,10.1.45.96:4191,linkerd-proxy,teastore,,teastore-auth-5c8f77dbb8-sx8wp,,4822,,,,,teastore-auth,,linkerd,outbound,,5c8f77dbb8,404,true,teastore,teastore-persistence.teastore.svc.cluster.local:8080,,linkerd,teastore-persistence,teastore,teastore-persistence-d9666cc75-l847s,d9666cc75,default,default.teastore.serviceaccount.identity.linkerd.cluster.local,teastore,teastore-persistence,teastore-auth
1615588142.013,response_latency_ms_count,,,10.1.45.96:4191,linkerd-proxy,teastore,,teastore-auth-5c8f77dbb8-sx8wp,,4874,,,,,teastore-auth,,linkerd,outbound,,5c8f77dbb8,404,true,teastore,teastore-persistence.teastore.svc.cluster.local:8080,,linkerd,teastore-persistence,teastore,teastore-persistence-d9666cc75-l847s,d9666cc75,default,default.teastore.serviceaccount.identity.linkerd.cluster.local,teastore,teastore-persistence,teastore-auth
1615588152.013,response_latency_ms_count,,,10.1.45.96:4191,linkerd-proxy,teastore,,teastore-auth-5c8f77dbb8-sx8wp,,4902,,,,,teastore-auth,,linkerd,outbound,,5c8f77dbb8,404,true,teastore,teastore-persistence.teastore.svc.cluster.local:8080,,linkerd,teastore-persistence,teastore,teastore-persistence-d9666cc75-l847s,d9666cc75,default,default.teastore.serviceaccount.identity.linkerd.cluster.local,teastore,teastore-persistence,teastore-auth
1615588162.013,response_latency_ms_count,,,10.1.45.96:4191,linkerd-proxy,teastore,,teastore-auth-5c8f77dbb8-sx8wp,,4932,,,,,teastore-auth,,linkerd,outbound,,5c8f77dbb8,404,true,teastore,teastore-persistence.teastore.svc.cluster.local:8080,,linkerd,teastore-persistence,teastore,teastore-persistence-d9666cc75-l847s,d9666cc75,default,default.teastore.serviceaccount.identity.linkerd.cluster.local,teastore,teastore-persistence,teastore-auth
1615588172.013,response_latency_ms_count,,,10.1.45.96:4191,linkerd-proxy,teastore,,teastore-auth-5c8f77dbb8-sx8wp,,4966,,,,,teastore-auth,,linkerd,outbound,,5c8f77dbb8,404,true,teastore,teastore-persistence.teastore.svc.cluster.local:8080,,linkerd,teastore-persistence,teastore,teastore-persistence-d9666cc75-l847s,d9666cc75,default,default.teastore.serviceaccount.identity.linkerd.cluster.local,teastore,teastore-persistence,teastore-auth
1615588182.013,response_latency_ms_count,,,10.1.45.96:4191,linkerd-proxy,teastore,,teastore-auth-5c8f77dbb8-sx8wp,,4992,,,,,teastore-auth,,linkerd,outbound,,5c8f77dbb8,404,true,teastore,teastore-persistence.teastore.svc.cluster.local:8080,,linkerd,teastore-persistence,teastore,teastore-persistence-d9666cc75-l847s,d9666cc75,default,default.teastore.serviceaccount.identity.linkerd.cluster.local,teastore,teastore-persistence,teastore-auth
1615588192.013,response_latency_ms_count,,,10.1.45.96:4191,linkerd-proxy,teastore,,teastore-auth-5c8f77dbb8-sx8wp,,5031,,,,,teastore-auth,,linkerd,outbound,,5c8f77dbb8,404,true,teastore,teastore-persistence.teastore.svc.cluster.local:8080,,linkerd,teastore-persistence,teastore,teastore-persistence-d9666cc75-l847s,d9666cc75,default,default.teastore.serviceaccount.identity.linkerd.cluster.local,teastore,teastore-persistence,teastore-auth
1615588202.014,response_latency_ms_count,,,10.1.45.96:4191,linkerd-proxy,teastore,,teastore-auth-5c8f77dbb8-sx8wp,,5067,,,,,teastore-auth,,linkerd,outbound,,5c8f77dbb8,404,true,teastore,teastore-persistence.teastore.svc.cluster.local:8080,,linkerd,teastore-persistence,teastore,teastore-persistence-d9666cc75-l847s,d9666cc75,default,default.teastore.serviceaccount.identity.linkerd.cluster.local,teastore,teastore-persistence,teastore-auth
1615588093.432,response_latency_ms_count,,,10.1.45.95:4191,linkerd-proxy,teastore,,teastore-recommender-597fccb746-vtcxt,,10718,,,,,teastore-recommender,,linkerd,inbound,,597fccb746,200,true,teastore,teastore-recommender.teastore.svc.cluster.local:8080,default.teastore.serviceaccount.identity.linkerd.cluster.local,,,,,,,,teastore,,teastore-recommender
1615588103.432,response_latency_ms_count,,,10.1.45.95:4191,linkerd-proxy,teastore,,teastore-recommender-597fccb746-vtcxt,,10739,,,,,teastore-recommender,,linkerd,inbound,,597fccb746,200,true,teastore,teastore-recommender.teastore.svc.cluster.local:8080,default.teastore.serviceaccount.identity.linkerd.cluster.local,,,,,,,,teastore,,teastore-recommender
1615588113.432,response_latency_ms_count,,,10.1.45.95:4191,linkerd-proxy,teastore,,teastore-recommender-597fccb746-vtcxt,,10770,,,,,teastore-recommender,,linkerd,inbound,,597fccb746,200,true,teastore,teastore-recommender.teastore.svc.cluster.local:8080,default.teastore.serviceaccount.identity.linkerd.cluster.local,,,,,,,,teastore,,teastore-recommender
1615588123.432,response_latency_ms_count,,,10.1.45.95:4191,linkerd-proxy,teastore,,teastore-recommender-597fccb746-vtcxt,,10805,,,,,teastore-recommender,,linkerd,inbound,,597fccb746,200,true,teastore,teastore-recommender.teastore.svc.cluster.local:8080,default.teastore.serviceaccount.identity.linkerd.cluster.local,,,,,,,,teastore,,teastore-recommender
1615588133.432,response_latency_ms_count,,,10.1.45.95:4191,linkerd-proxy,teastore,,teastore-recommender-597fccb746-vtcxt,,10849,,,,,teastore-recommender,,linkerd,inbound,,597fccb746,200,true,teastore,teastore-recommender.teastore.svc.cluster.local:8080,default.teastore.serviceaccount.identity.linkerd.cluster.local,,,,,,,,teastore,,teastore-recommender
1615588143.432,response_latency_ms_count,,,10.1.45.95:4191,linkerd-proxy,teastore,,teastore-recommender-597fccb746-vtcxt,,10898,,,,,teastore-recommender,,linkerd,inbound,,597fccb746,200,true,teastore,teastore-recommender.teastore.svc.cluster.local:8080,default.teastore.serviceaccount.identity.linkerd.cluster.local,,,,,,,,teastore,,teastore-recommender
1615588153.431,response_latency_ms_count,,,10.1.45.95:4191,linkerd-proxy,teastore,,teastore-recommender-597fccb746-vtcxt,,10953,,,,,teastore-recommender,,linkerd,inbound,,597fccb746,200,true,teastore,teastore-recommender.teastore.svc.cluster.local:8080,default.teastore.serviceaccount.identity.linkerd.cluster.local,,,,,,,,teastore,,teastore-recommender
1615588163.432,response_latency_ms_count,,,10.1.45.95:4191,linkerd-proxy,teastore,,teastore-recommender-597fccb746-vtcxt,,11054,,,,,teastore-recommender,,linkerd,inbound,,597fccb746,200,true,teastore,teastore-recommender.teastore.svc.cluster.local:8080,default.teastore.serviceaccount.identity.linkerd.cluster.local,,,,,,,,teastore,,teastore-recommender
1615588173.432,response_latency_ms_count,,,10.1.45.95:4191,linkerd-proxy,teastore,,teastore-recommender-597fccb746-vtcxt,,11126,,,,,teastore-recommender,,linkerd,inbound,,597fccb746,200,true,teastore,teastore-recommender.teastore.svc.cluster.local:8080,default.teastore.serviceaccount.identity.linkerd.cluster.local,,,,,,,,teastore,,teastore-recommender
1615588183.432,response_latency_ms_count,,,10.1.45.95:4191,linkerd-proxy,teastore,,teastore-recommender-597fccb746-vtcxt,,11188,,,,,teastore-recommender,,linkerd,inbound,,597fccb746,200,true,teastore,teastore-recommender.teastore.svc.cluster.local:8080,default.teastore.serviceaccount.identity.linkerd.cluster.local,,,,,,,,teastore,,teastore-recommender
1615588193.432,response_latency_ms_count,,,10.1.45.95:4191,linkerd-proxy,teastore,,teastore-recommender-597fccb746-vtcxt,,11293,,,,,teastore-recommender,,linkerd,inbound,,597fccb746,200,true,teastore,teastore-recommender.teastore.svc.cluster.local:8080,default.teastore.serviceaccount.identity.linkerd.cluster.local,,,,,,,,teastore,,teastore-recommender
1615588203.431,response_latency_ms_count,,,10.1.45.95:4191,linkerd-proxy,teastore,,teastore-recommender-597fccb746-vtcxt,,11406,,,,,teastore-recommender,,linkerd,inbound,,597fccb746,200,true,teastore,teastore-recommender.teastore.svc.cluster.local:8080,default.teastore.serviceaccount.identity.linkerd.cluster.local,,,,,,,,teastore,,teastore-recommender
1615588093.729,response_latency_ms_count,,,10.1.45.78:4191,linkerd-proxy,linkerd,,linkerd-prometheus-5bccd64d4d-jzwmt,,22,,,,,linkerd-prometheus,prometheus,linkerd,inbound,no_tls_from_remote,5bccd64d4d,200,no_identity,linkerd,localhost:31275,,,,,,,,,,,
1615588103.729,response_latency_ms_count,,,10.1.45.78:4191,linkerd-proxy,linkerd,,linkerd-prometheus-5bccd64d4d-jzwmt,,22,,,,,linkerd-prometheus,prometheus,linkerd,inbound,no_tls_from_remote,5bccd64d4d,200,no_identity,linkerd,localhost:31275,,,,,,,,,,,
1615588113.729,response_latency_ms_count,,,10.1.45.78:4191,linkerd-proxy,linkerd,,linkerd-prometheus-5bccd64d4d-jzwmt,,22,,,,,linkerd-prometheus,prometheus,linkerd,inbound,no_tls_from_remote,5bccd64d4d,200,no_identity,linkerd,localhost:31275,,,,,,,,,,,
1615588123.729,response_latency_ms_count,,,10.1.45.78:4191,linkerd-proxy,linkerd,,linkerd-prometheus-5bccd64d4d-jzwmt,,22,,,,,linkerd-prometheus,prometheus,linkerd,inbound,no_tls_from_remote,5bccd64d4d,200,no_identity,linkerd,localhost:31275,,,,,,,,,,,
1615588133.729,response_latency_ms_count,,,10.1.45.78:4191,linkerd-proxy,linkerd,,linkerd-prometheus-5bccd64d4d-jzwmt,,22,,,,,linkerd-prometheus,prometheus,linkerd,inbound,no_tls_from_remote,5bccd64d4d,200,no_identity,linkerd,localhost:31275,,,,,,,,,,,
1615588143.729,response_latency_ms_count,,,10.1.45.78:4191,linkerd-proxy,linkerd,,linkerd-prometheus-5bccd64d4d-jzwmt,,22,,,,,linkerd-prometheus,prometheus,linkerd,inbound,no_tls_from_remote,5bccd64d4d,200,no_identity,linkerd,localhost:31275,,,,,,,,,,,
1615588153.729,response_latency_ms_count,,,10.1.45.78:4191,linkerd-proxy,linkerd,,linkerd-prometheus-5bccd64d4d-jzwmt,,22,,,,,linkerd-prometheus,prometheus,linkerd,inbound,no_tls_from_remote,5bccd64d4d,200,no_identity,linkerd,localhost:31275,,,,,,,,,,,
1615588163.729,response_latency_ms_count,,,10.1.45.78:4191,linkerd-proxy,linkerd,,linkerd-prometheus-5bccd64d4d-jzwmt,,22,,,,,linkerd-prometheus,prometheus,linkerd,inbound,no_tls_from_remote,5bccd64d4d,200,no_identity,linkerd,localhost:31275,,,,,,,,,,,
1615588173.729,response_latency_ms_count,,,10.1.45.78:4191,linkerd-proxy,linkerd,,linkerd-prometheus-5bccd64d4d-jzwmt,,22,,,,,linkerd-prometheus,prometheus,linkerd,inbound,no_tls_from_remote,5bccd64d4d,200,no_identity,linkerd,localhost:31275,,,,,,,,,,,
1615588183.729,response_latency_ms_count,,,10.1.45.78:4191,linkerd-proxy,linkerd,,linkerd-prometheus-5bccd64d4d-jzwmt,,22,,,,,linkerd-prometheus,prometheus,linkerd,inbound,no_tls_from_remote,5bccd64d4d,200,no_identity,linkerd,localhost:31275,,,,,,,,,,,
1615588193.731,response_latency_ms_count,,,10.1.45.78:4191,linkerd-proxy,linkerd,,linkerd-prometheus-5bccd64d4d-jzwmt,,22,,,,,linkerd-prometheus,prometheus,linkerd,inbound,no_tls_from_remote,5bccd64d4d,200,no_identity,linkerd,localhost:31275,,,,,,,,,,,
1615588203.729,response_latency_ms_count,,,10.1.45.78:4191,linkerd-proxy,linkerd,,linkerd-prometheus-5bccd64d4d-jzwmt,,22,,,,,linkerd-prometheus,prometheus,linkerd,inbound,no_tls_from_remote,5bccd64d4d,200,no_identity,linkerd,localhost:31275,,,,,,,,,,,
1615588093.729,response_latency_ms_count,,,10.1.45.78:4191,linkerd-proxy,linkerd,,linkerd-prometheus-5bccd64d4d-jzwmt,,107,,,,,linkerd-prometheus,prometheus,linkerd,outbound,,5bccd64d4d,200,true,linkerd,10.1.45.106:4191,,linkerd,teastore-webui,teastore,teastore-webui-6dcc468765-b8c6r,6dcc468765,default,default.teastore.serviceaccount.identity.linkerd.cluster.local,,,
1615588103.729,response_latency_ms_count,,,10.1.45.78:4191,linkerd-proxy,linkerd,,linkerd-prometheus-5bccd64d4d-jzwmt,,107,,,,,linkerd-prometheus,prometheus,linkerd,outbound,,5bccd64d4d,200,true,linkerd,10.1.45.106:4191,,linkerd,teastore-webui,teastore,teastore-webui-6dcc468765-b8c6r,6dcc468765,default,default.teastore.serviceaccount.identity.linkerd.cluster.local,,,
1615588113.729,response_latency_ms_count,,,10.1.45.78:4191,linkerd-proxy,linkerd,,linkerd-prometheus-5bccd64d4d-jzwmt,,107,,,,,linkerd-prometheus,prometheus,linkerd,outbound,,5bccd64d4d,200,true,linkerd,10.1.45.106:4191,,linkerd,teastore-webui,teastore,teastore-webui-6dcc468765-b8c6r,6dcc468765,default,default.teastore.serviceaccount.identity.linkerd.cluster.local,,,
1615588123.729,response_latency_ms_count,,,10.1.45.78:4191,linkerd-proxy,linkerd,,linkerd-prometheus-5bccd64d4d-jzwmt,,107,,,,,linkerd-prometheus,prometheus,linkerd,outbound,,5bccd64d4d,200,true,linkerd,10.1.45.106:4191,,linkerd,teastore-webui,teastore,teastore-webui-6dcc468765-b8c6r,6dcc468765,default,default.teastore.serviceaccount.identity.linkerd.cluster.local,,,
1615588133.729,response_latency_ms_count,,,10.1.45.78:4191,linkerd-proxy,linkerd,,linkerd-prometheus-5bccd64d4d-jzwmt,,107,,,,,linkerd-prometheus,prometheus,linkerd,outbound,,5bccd64d4d,200,true,linkerd,10.1.45.106:4191,,linkerd,teastore-webui,teastore,teastore-webui-6dcc468765-b8c6r,6dcc468765,default,default.teastore.serviceaccount.identity.linkerd.cluster.local,,,
1615588143.729,response_latency_ms_count,,,10.1.45.78:4191,linkerd-proxy,linkerd,,linkerd-prometheus-5bccd64d4d-jzwmt,,107,,,,,linkerd-prometheus,prometheus,linkerd,outbound,,5bccd64d4d,200,true,linkerd,10.1.45.106:4191,,linkerd,teastore-webui,teastore,teastore-webui-6dcc468765-b8c6r,6dcc468765,default,default.teastore.serviceaccount.identity.linkerd.cluster.local,,,
1615588153.729,response_latency_ms_count,,,10.1.45.78:4191,linkerd-proxy,linkerd,,linkerd-prometheus-5bccd64d4d-jzwmt,,107,,,,,linkerd-prometheus,prometheus,linkerd,outbound,,5bccd64d4d,200,true,linkerd,10.1.45.106:4191,,linkerd,teastore-webui,teastore,teastore-webui-6dcc468765-b8c6r,6dcc468765,default,default.teastore.serviceaccount.identity.linkerd.cluster.local,,,
1615588163.729,response_latency_ms_count,,,10.1.45.78:4191,linkerd-proxy,linkerd,,linkerd-prometheus-5bccd64d4d-jzwmt,,107,,,,,linkerd-prometheus,prometheus,linkerd,outbound,,5bccd64d4d,200,true,linkerd,10.1.45.106:4191,,linkerd,teastore-webui,teastore,teastore-webui-6dcc468765-b8c6r,6dcc468765,default,default.teastore.serviceaccount.identity.linkerd.cluster.local,,,
1615588173.729,response_latency_ms_count,,,10.1.45.78:4191,linkerd-proxy,linkerd,,linkerd-prometheus-5bccd64d4d-jzwmt,,107,,,,,linkerd-prometheus,prometheus,linkerd,outbound,,5bccd64d4d,200,true,linkerd,10.1.45.106:4191,,linkerd,teastore-webui,teastore,teastore-webui-6dcc468765-b8c6r,6dcc468765,default,default.teastore.serviceaccount.identity.linkerd.cluster.local,,,
1615588183.729,response_latency_ms_count,,,10.1.45.78:4191,linkerd-proxy,linkerd,,linkerd-prometheus-5bccd64d4d-jzwmt,,107,,,,,linkerd-prometheus,prometheus,linkerd,outbound,,5bccd64d4d,200,true,linkerd,10.1.45.106:4191,,linkerd,teastore-webui,teastore,teastore-webui-6dcc468765-b8c6r,6dcc468765,default,default.teastore.serviceaccount.identity.linkerd.cluster.local,,,
1615588193.731,response_latency_ms_count,,,10.1.45.78:4191,linkerd-proxy,linkerd,,linkerd-prometheus-5bccd64d4d-jzwmt,,107,,,,,linkerd-prometheus,prometheus,linkerd,outbound,,5bccd64d4d,200,true,linkerd,10.1.45.106:4191,,linkerd,teastore-webui,teastore,teastore-webui-6dcc468765-b8c6r,6dcc468765,default,default.teastore.serviceaccount.identity.linkerd.cluster.local,,,
1615588203.729,response_latency_ms_count,,,10.1.45.78:4191,linkerd-proxy,linkerd,,linkerd-prometheus-5bccd64d4d-jzwmt,,107,,,,,linkerd-prometheus,prometheus,linkerd,outbound,,5bccd64d4d,200,true,linkerd,10.1.45.106:4191,,linkerd,teastore-webui,teastore,teastore-webui-6dcc468765-b8c6r,6dcc468765,default,default.teastore.serviceaccount.identity.linkerd.cluster.local,,,
1615588093.729,response_latency_ms_count,,,10.1.45.78:4191,linkerd-proxy,linkerd,,linkerd-prometheus-5bccd64d4d-jzwmt,,84,,,,,linkerd-prometheus,prometheus,linkerd,outbound,,5bccd64d4d,200,true,linkerd,10.1.45.107:4191,,linkerd,teastore-webui,teastore,teastore-webui-6dcc468765-pwhzr,6dcc468765,default,default.teastore.serviceaccount.identity.linkerd.cluster.local,,,
1615588103.729,response_latency_ms_count,,,10.1.45.78:4191,linkerd-proxy,linkerd,,linkerd-prometheus-5bccd64d4d-jzwmt,,84,,,,,linkerd-prometheus,prometheus,linkerd,outbound,,5bccd64d4d,200,true,linkerd,10.1.45.107:4191,,linkerd,teastore-webui,teastore,teastore-webui-6dcc468765-pwhzr,6dcc468765,default,default.teastore.serviceaccount.identity.linkerd.cluster.local,,,
1615588113.729,response_latency_ms_count,,,10.1.45.78:4191,linkerd-proxy,linkerd,,linkerd-prometheus-5bccd64d4d-jzwmt,,84,,,,,linkerd-prometheus,prometheus,linkerd,outbound,,5bccd64d4d,200,true,linkerd,10.1.45.107:4191,,linkerd,teastore-webui,teastore,teastore-webui-6dcc468765-pwhzr,6dcc468765,default,default.teastore.serviceaccount.identity.linkerd.cluster.local,,,
1615588123.729,response_latency_ms_count,,,10.1.45.78:4191,linkerd-proxy,linkerd,,linkerd-prometheus-5bccd64d4d-jzwmt,,84,,,,,linkerd-prometheus,prometheus,linkerd,outbound,,5bccd64d4d,200,true,linkerd,10.1.45.107:4191,,linkerd,teastore-webui,teastore,teastore-webui-6dcc468765-pwhzr,6dcc468765,default,default.teastore.serviceaccount.identity.linkerd.cluster.local,,,
1615588133.729,response_latency_ms_count,,,10.1.45.78:4191,linkerd-proxy,linkerd,,linkerd-prometheus-5bccd64d4d-jzwmt,,84,,,,,linkerd-prometheus,prometheus,linkerd,outbound,,5bccd64d4d,200,true,linkerd,10.1.45.107:4191,,linkerd,teastore-webui,teastore,teastore-webui-6dcc468765-pwhzr,6dcc468765,default,default.teastore.serviceaccount.identity.linkerd.cluster.local,,,
1615588143.729,response_latency_ms_count,,,10.1.45.78:4191,linkerd-proxy,linkerd,,linkerd-prometheus-5bccd64d4d-jzwmt,,84,,,,,linkerd-prometheus,prometheus,linkerd,outbound,,5bccd64d4d,200,true,linkerd,10.1.45.107:4191,,linkerd,teastore-webui,teastore,teastore-webui-6dcc468765-pwhzr,6dcc468765,default,default.teastore.serviceaccount.identity.linkerd.cluster.local,,,
1615588153.729,response_latency_ms_count,,,10.1.45.78:4191,linkerd-proxy,linkerd,,linkerd-prometheus-5bccd64d4d-jzwmt,,84,,,,,linkerd-prometheus,prometheus,linkerd,outbound,,5bccd64d4d,200,true,linkerd,10.1.45.107:4191,,linkerd,teastore-webui,teastore,teastore-webui-6dcc468765-pwhzr,6dcc468765,default,default.teastore.serviceaccount.identity.linkerd.cluster.local,,,
1615588163.729,response_latency_ms_count,,,10.1.45.78:4191,linkerd-proxy,linkerd,,linkerd-prometheus-5bccd64d4d-jzwmt,,84,,,,,linkerd-prometheus,prometheus,linkerd,outbound,,5bccd64d4d,200,true,linkerd,10.1.45.107:4191,,linkerd,teastore-webui,teastore,teastore-webui-6dcc468765-pwhzr,6dcc468765,default,default.teastore.serviceaccount.identity.linkerd.cluster.local,,,
1615588173.729,response_latency_ms_count,,,10.1.45.78:4191,linkerd-proxy,linkerd,,linkerd-prometheus-5bccd64d4d-jzwmt,,84,,,,,linkerd-prometheus,prometheus,linkerd,outbound,,5bccd64d4d,200,true,linkerd,10.1.45.107:4191,,linkerd,teastore-webui,teastore,teastore-webui-6dcc468765-pwhzr,6dcc468765,default,default.teastore.serviceaccount.identity.linkerd.cluster.local,,,
1615588183.729,response_latency_ms_count,,,10.1.45.78:4191,linkerd-proxy,linkerd,,linkerd-prometheus-5bccd64d4d-jzwmt,,84,,,,,linkerd-prometheus,prometheus,linkerd,outbound,,5bccd64d4d,200,true,linkerd,10.1.45.107:4191,,linkerd,teastore-webui,teastore,teastore-webui-6dcc468765-pwhzr,6dcc468765,default,default.teastore.serviceaccount.identity.linkerd.cluster.local,,,
1615588193.731,response_latency_ms_count,,,10.1.45.78:4191,linkerd-proxy,linkerd,,linkerd-prometheus-5bccd64d4d-jzwmt,,84,,,,,linkerd-prometheus,prometheus,linkerd,outbound,,5bccd64d4d,200,true,linkerd,10.1.45.107:4191,,linkerd,teastore-webui,teastore,teastore-webui-6dcc468765-pwhzr,6dcc468765,default,default.teastore.serviceaccount.identity.linkerd.cluster.local,,,
1615588203.729,response_latency_ms_count,,,10.1.45.78:4191,linkerd-proxy,linkerd,,linkerd-prometheus-5bccd64d4d-jzwmt,,84,,,,,linkerd-prometheus,prometheus,linkerd,outbound,,5bccd64d4d,200,true,linkerd,10.1.45.107:4191,,linkerd,teastore-webui,teastore,teastore-webui-6dcc468765-pwhzr,6dcc468765,default,default.teastore.serviceaccount.identity.linkerd.cluster.local,,,
1615588093.729,response_latency_ms_count,,,10.1.45.78:4191,linkerd-proxy,linkerd,,linkerd-prometheus-5bccd64d4d-jzwmt,,63,,,,,linkerd-prometheus,prometheus,linkerd,outbound,,5bccd64d4d,200,true,linkerd,10.1.45.108:4191,,linkerd,teastore-webui,teastore,teastore-webui-6dcc468765-kmztb,6dcc468765,default,default.teastore.serviceaccount.identity.linkerd.cluster.local,,,
1615588103.729,response_latency_ms_count,,,10.1.45.78:4191,linkerd-proxy,linkerd,,linkerd-prometheus-5bccd64d4d-jzwmt,,63,,,,,linkerd-prometheus,prometheus,linkerd,outbound,,5bccd64d4d,200,true,linkerd,10.1.45.108:4191,,linkerd,teastore-webui,teastore,teastore-webui-6dcc468765-kmztb,6dcc468765,default,default.teastore.serviceaccount.identity.linkerd.cluster.local,,,
1615588113.729,response_latency_ms_count,,,10.1.45.78:4191,linkerd-proxy,linkerd,,linkerd-prometheus-5bccd64d4d-jzwmt,,63,,,,,linkerd-prometheus,prometheus,linkerd,outbound,,5bccd64d4d,200,true,linkerd,10.1.45.108:4191,,linkerd,teastore-webui,teastore,teastore-webui-6dcc468765-kmztb,6dcc468765,default,default.teastore.serviceaccount.identity.linkerd.cluster.local,,,
1615588123.729,response_latency_ms_count,,,10.1.45.78:4191,linkerd-proxy,linkerd,,linkerd-prometheus-5bccd64d4d-jzwmt,,63,,,,,linkerd-prometheus,prometheus,linkerd,outbound,,5bccd64d4d,200,true,linkerd,10.1.45.108:4191,,linkerd,teastore-webui,teastore,teastore-webui-6dcc468765-kmztb,6dcc468765,default,default.teastore.serviceaccount.identity.linkerd.cluster.local,,,
1615588133.729,response_latency_ms_count,,,10.1.45.78:4191,linkerd-proxy,linkerd,,linkerd-prometheus-5bccd64d4d-jzwmt,,63,,,,,linkerd-prometheus,prometheus,linkerd,outbound,,5bccd64d4d,200,true,linkerd,10.1.45.108:4191,,linkerd,teastore-webui,teastore,teastore-webui-6dcc468765-kmztb,6dcc468765,default,default.teastore.serviceaccount.identity.linkerd.cluster.local,,,
1615588143.729,response_latency_ms_count,,,10.1.45.78:4191,linkerd-proxy,linkerd,,linkerd-prometheus-5bccd64d4d-jzwmt,,63,,,,,linkerd-prometheus,prometheus,linkerd,outbound,,5bccd64d4d,200,true,linkerd,10.1.45.108:4191,,linkerd,teastore-webui,teastore,teastore-webui-6dcc468765-kmztb,6dcc468765,default,default.teastore.serviceaccount.identity.linkerd.cluster.local,,,
1615588153.729,response_latency_ms_count,,,10.1.45.78:4191,linkerd-proxy,linkerd,,linkerd-prometheus-5bccd64d4d-jzwmt,,63,,,,,linkerd-prometheus,prometheus,linkerd,outbound,,5bccd64d4d,200,true,linkerd,10.1.45.108:4191,,linkerd,teastore-webui,teastore,teastore-webui-6dcc468765-kmztb,6dcc468765,default,default.teastore.serviceaccount.identity.linkerd.cluster.local,,,
1615588163.729,response_latency_ms_count,,,10.1.45.78:4191,linkerd-proxy,linkerd,,linkerd-prometheus-5bccd64d4d-jzwmt,,63,,,,,linkerd-prometheus,prometheus,linkerd,outbound,,5bccd64d4d,200,true,linkerd,10.1.45.108:4191,,linkerd,teastore-webui,teastore,teastore-webui-6dcc468765-kmztb,6dcc468765,default,default.teastore.serviceaccount.identity.linkerd.cluster.local,,,
1615588173.729,response_latency_ms_count,,,10.1.45.78:4191,linkerd-proxy,linkerd,,linkerd-prometheus-5bccd64d4d-jzwmt,,63,,,,,linkerd-prometheus,prometheus,linkerd,outbound,,5bccd64d4d,200,true,linkerd,10.1.45.108:4191,,linkerd,teastore-webui,teastore,teastore-webui-6dcc468765-kmztb,6dcc468765,default,default.teastore.serviceaccount.identity.linkerd.cluster.local,,,
1615588183.729,response_latency_ms_count,,,10.1.45.78:4191,linkerd-proxy,linkerd,,linkerd-prometheus-5bccd64d4d-jzwmt,,63,,,,,linkerd-prometheus,prometheus,linkerd,outbound,,5bccd64d4d,200,true,linkerd,10.1.45.108:4191,,linkerd,teastore-webui,teastore,teastore-webui-6dcc468765-kmztb,6dcc468765,default,default.teastore.serviceaccount.identity.linkerd.cluster.local,,,
1615588193.731,response_latency_ms_count,,,10.1.45.78:4191,linkerd-proxy,linkerd,,linkerd-prometheus-5bccd64d4d-jzwmt,,63,,,,,linkerd-prometheus,prometheus,linkerd,outbound,,5bccd64d4d,200,true,linkerd,10.1.45.108:4191,,linkerd,teastore-webui,teastore,teastore-webui-6dcc468765-kmztb,6dcc468765,default,default.teastore.serviceaccount.identity.linkerd.cluster.local,,,
1615588203.729,response_latency_ms_count,,,10.1.45.78:4191,linkerd-proxy,linkerd,,linkerd-prometheus-5bccd64d4d-jzwmt,,63,,,,,linkerd-prometheus,prometheus,linkerd,outbound,,5bccd64d4d,200,true,linkerd,10.1.45.108:4191,,linkerd,teastore-webui,teastore,teastore-webui-6dcc468765-kmztb,6dcc468765,default,default.teastore.serviceaccount.identity.linkerd.cluster.local,,,
1615588093.729,response_latency_ms_count,,,10.1.45.78:4191,linkerd-proxy,linkerd,,linkerd-prometheus-5bccd64d4d-jzwmt,,42,,,,,linkerd-prometheus,prometheus,linkerd,outbound,,5bccd64d4d,200,true,linkerd,10.1.45.109:4191,,linkerd,teastore-webui,teastore,teastore-webui-6dcc468765-mrr69,6dcc468765,default,default.teastore.serviceaccount.identity.linkerd.cluster.local,,,
1615588103.729,response_latency_ms_count,,,10.1.45.78:4191,linkerd-proxy,linkerd,,linkerd-prometheus-5bccd64d4d-jzwmt,,42,,,,,linkerd-prometheus,prometheus,linkerd,outbound,,5bccd64d4d,200,true,linkerd,10.1.45.109:4191,,linkerd,teastore-webui,teastore,teastore-webui-6dcc468765-mrr69,6dcc468765,default,default.teastore.serviceaccount.identity.linkerd.cluster.local,,,
1615588113.729,response_latency_ms_count,,,10.1.45.78:4191,linkerd-proxy,linkerd,,linkerd-prometheus-5bccd64d4d-jzwmt,,42,,,,,linkerd-prometheus,prometheus,linkerd,outbound,,5bccd64d4d,200,true,linkerd,10.1.45.109:4191,,linkerd,teastore-webui,teastore,teastore-webui-6dcc468765-mrr69,6dcc468765,default,default.teastore.serviceaccount.identity.linkerd.cluster.local,,,
1615588123.729,response_latency_ms_count,,,10.1.45.78:4191,linkerd-proxy,linkerd,,linkerd-prometheus-5bccd64d4d-jzwmt,,42,,,,,linkerd-prometheus,prometheus,linkerd,outbound,,5bccd64d4d,200,true,linkerd,10.1.45.109:4191,,linkerd,teastore-webui,teastore,teastore-webui-6dcc468765-mrr69,6dcc468765,default,default.teastore.serviceaccount.identity.linkerd.cluster.local,,,
1615588133.729,response_latency_ms_count,,,10.1.45.78:4191,linkerd-proxy,linkerd,,linkerd-prometheus-5bccd64d4d-jzwmt,,42,,,,,linkerd-prometheus,prometheus,linkerd,outbound,,5bccd64d4d,200,true,linkerd,10.1.45.109:4191,,linkerd,teastore-webui,teastore,teastore-webui-6dcc468765-mrr69,6dcc468765,default,default.teastore.serviceaccount.identity.linkerd.cluster.local,,,
1615588143.729,response_latency_ms_count,,,10.1.45.78:4191,linkerd-proxy,linkerd,,linkerd-prometheus-5bccd64d4d-jzwmt,,42,,,,,linkerd-prometheus,prometheus,linkerd,outbound,,5bccd64d4d,200,true,linkerd,10.1.45.109:4191,,linkerd,teastore-webui,teastore,teastore-webui-6dcc468765-mrr69,6dcc468765,default,default.teastore.serviceaccount.identity.linkerd.cluster.local,,,
1615588153.729,response_latency_ms_count,,,10.1.45.78:4191,linkerd-proxy,linkerd,,linkerd-prometheus-5bccd64d4d-jzwmt,,42,,,,,linkerd-prometheus,prometheus,linkerd,outbound,,5bccd64d4d,200,true,linkerd,10.1.45.109:4191,,linkerd,teastore-webui,teastore,teastore-webui-6dcc468765-mrr69,6dcc468765,default,default.teastore.serviceaccount.identity.linkerd.cluster.local,,,
1615588163.729,response_latency_ms_count,,,10.1.45.78:4191,linkerd-proxy,linkerd,,linkerd-prometheus-5bccd64d4d-jzwmt,,42,,,,,linkerd-prometheus,prometheus,linkerd,outbound,,5bccd64d4d,200,true,linkerd,10.1.45.109:4191,,linkerd,teastore-webui,teastore,teastore-webui-6dcc468765-mrr69,6dcc468765,default,default.teastore.serviceaccount.identity.linkerd.cluster.local,,,
1615588173.729,response_latency_ms_count,,,10.1.45.78:4191,linkerd-proxy,linkerd,,linkerd-prometheus-5bccd64d4d-jzwmt,,42,,,,,linkerd-prometheus,prometheus,linkerd,outbound,,5bccd64d4d,200,true,linkerd,10.1.45.109:4191,,linkerd,teastore-webui,teastore,teastore-webui-6dcc468765-mrr69,6dcc468765,default,default.teastore.serviceaccount.identity.linkerd.cluster.local,,,
1615588183.729,response_latency_ms_count,,,10.1.45.78:4191,linkerd-proxy,linkerd,,linkerd-prometheus-5bccd64d4d-jzwmt,,42,,,,,linkerd-prometheus,prometheus,linkerd,outbound,,5bccd64d4d,200,true,linkerd,10.1.45.109:4191,,linkerd,teastore-webui,teastore,teastore-webui-6dcc468765-mrr69,6dcc468765,default,default.teastore.serviceaccount.identity.linkerd.cluster.local,,,
1615588193.731,response_latency_ms_count,,,10.1.45.78:4191,linkerd-proxy,linkerd,,linkerd-prometheus-5bccd64d4d-jzwmt,,42,,,,,linkerd-prometheus,prometheus,linkerd,outbound,,5bccd64d4d,200,true,linkerd,10.1.45.109:4191,,linkerd,teastore-webui,teastore,teastore-webui-6dcc468765-mrr69,6dcc468765,default,default.teastore.serviceaccount.identity.linkerd.cluster.local,,,
1615588203.729,response_latency_ms_count,,,10.1.45.78:4191,linkerd-proxy,linkerd,,linkerd-prometheus-5bccd64d4d-jzwmt,,42,,,,,linkerd-prometheus,prometheus,linkerd,outbound,,5bccd64d4d,200,true,linkerd,10.1.45.109:4191,,linkerd,teastore-webui,teastore,teastore-webui-6dcc468765-mrr69,6dcc468765,default,default.teastore.serviceaccount.identity.linkerd.cluster.local,,,
1615588093.729,response_latency_ms_count,,,10.1.45.78:4191,linkerd-proxy,linkerd,,linkerd-prometheus-5bccd64d4d-jzwmt,,21,,,,,linkerd-prometheus,prometheus,linkerd,outbound,,5bccd64d4d,200,true,linkerd,10.1.45.110:4191,,linkerd,teastore-webui,teastore,teastore-webui-6dcc468765-ctc22,6dcc468765,default,default.teastore.serviceaccount.identity.linkerd.cluster.local,,,
1615588103.729,response_latency_ms_count,,,10.1.45.78:4191,linkerd-proxy,linkerd,,linkerd-prometheus-5bccd64d4d-jzwmt,,21,,,,,linkerd-prometheus,prometheus,linkerd,outbound,,5bccd64d4d,200,true,linkerd,10.1.45.110:4191,,linkerd,teastore-webui,teastore,teastore-webui-6dcc468765-ctc22,6dcc468765,default,default.teastore.serviceaccount.identity.linkerd.cluster.local,,,
1615588113.729,response_latency_ms_count,,,10.1.45.78:4191,linkerd-proxy,linkerd,,linkerd-prometheus-5bccd64d4d-jzwmt,,21,,,,,linkerd-prometheus,prometheus,linkerd,outbound,,5bccd64d4d,200,true,linkerd,10.1.45.110:4191,,linkerd,teastore-webui,teastore,teastore-webui-6dcc468765-ctc22,6dcc468765,default,default.teastore.serviceaccount.identity.linkerd.cluster.local,,,
1615588123.729,response_latency_ms_count,,,10.1.45.78:4191,linkerd-proxy,linkerd,,linkerd-prometheus-5bccd64d4d-jzwmt,,21,,,,,linkerd-prometheus,prometheus,linkerd,outbound,,5bccd64d4d,200,true,linkerd,10.1.45.110:4191,,linkerd,teastore-webui,teastore,teastore-webui-6dcc468765-ctc22,6dcc468765,default,default.teastore.serviceaccount.identity.linkerd.cluster.local,,,
1615588133.729,response_latency_ms_count,,,10.1.45.78:4191,linkerd-proxy,linkerd,,linkerd-prometheus-5bccd64d4d-jzwmt,,21,,,,,linkerd-prometheus,prometheus,linkerd,outbound,,5bccd64d4d,200,true,linkerd,10.1.45.110:4191,,linkerd,teastore-webui,teastore,teastore-webui-6dcc468765-ctc22,6dcc468765,default,default.teastore.serviceaccount.identity.linkerd.cluster.local,,,
1615588143.729,response_latency_ms_count,,,10.1.45.78:4191,linkerd-proxy,linkerd,,linkerd-prometheus-5bccd64d4d-jzwmt,,21,,,,,linkerd-prometheus,prometheus,linkerd,outbound,,5bccd64d4d,200,true,linkerd,10.1.45.110:4191,,linkerd,teastore-webui,teastore,teastore-webui-6dcc468765-ctc22,6dcc468765,default,default.teastore.serviceaccount.identity.linkerd.cluster.local,,,
1615588153.729,response_latency_ms_count,,,10.1.45.78:4191,linkerd-proxy,linkerd,,linkerd-prometheus-5bccd64d4d-jzwmt,,21,,,,,linkerd-prometheus,prometheus,linkerd,outbound,,5bccd64d4d,200,true,linkerd,10.1.45.110:4191,,linkerd,teastore-webui,teastore,teastore-webui-6dcc468765-ctc22,6dcc468765,default,default.teastore.serviceaccount.identity.linkerd.cluster.local,,,
1615588163.729,response_latency_ms_count,,,10.1.45.78:4191,linkerd-proxy,linkerd,,linkerd-prometheus-5bccd64d4d-jzwmt,,21,,,,,linkerd-prometheus,prometheus,linkerd,outbound,,5bccd64d4d,200,true,linkerd,10.1.45.110:4191,,linkerd,teastore-webui,teastore,teastore-webui-6dcc468765-ctc22,6dcc468765,default,default.teastore.serviceaccount.identity.linkerd.cluster.local,,,
1615588173.729,response_latency_ms_count,,,10.1.45.78:4191,linkerd-proxy,linkerd,,linkerd-prometheus-5bccd64d4d-jzwmt,,21,,,,,linkerd-prometheus,prometheus,linkerd,outbound,,5bccd64d4d,200,true,linkerd,10.1.45.110:4191,,linkerd,teastore-webui,teastore,teastore-webui-6dcc468765-ctc22,6dcc468765,default,default.teastore.serviceaccount.identity.linkerd.cluster.local,,,
1615588183.729,response_latency_ms_count,,,10.1.45.78:4191,linkerd-proxy,linkerd,,linkerd-prometheus-5bccd64d4d-jzwmt,,21,,,,,linkerd-prometheus,prometheus,linkerd,outbound,,5bccd64d4d,200,true,linkerd,10.1.45.110:4191,,linkerd,teastore-webui,teastore,teastore-webui-6dcc468765-ctc22,6dcc468765,default,default.teastore.serviceaccount.identity.linkerd.cluster.local,,,
1615588193.731,response_latency_ms_count,,,10.1.45.78:4191,linkerd-proxy,linkerd,,linkerd-prometheus-5bccd64d4d-jzwmt,,21,,,,,linkerd-prometheus,prometheus,linkerd,outbound,,5bccd64d4d,200,true,linkerd,10.1.45.110:4191,,linkerd,teastore-webui,teastore,teastore-webui-6dcc468765-ctc22,6dcc468765,default,default.teastore.serviceaccount.identity.linkerd.cluster.local,,,
1615588203.729,response_latency_ms_count,,,10.1.45.78:4191,linkerd-proxy,linkerd,,linkerd-prometheus-5bccd64d4d-jzwmt,,21,,,,,linkerd-prometheus,prometheus,linkerd,outbound,,5bccd64d4d,200,true,linkerd,10.1.45.110:4191,,linkerd,teastore-webui,teastore,teastore-webui-6dcc468765-ctc22,6dcc468765,default,default.teastore.serviceaccount.identity.linkerd.cluster.local,,,
1615588093.729,response_latency_ms_count,,,10.1.45.78:4191,linkerd-proxy,linkerd,,linkerd-prometheus-5bccd64d4d-jzwmt,,31,,,,,linkerd-prometheus,prometheus,linkerd,outbound,,5bccd64d4d,200,true,linkerd,10.1.45.111:4191,,linkerd,teastore-webui,teastore,teastore-webui-5648c5dddd-248k5,5648c5dddd,default,default.teastore.serviceaccount.identity.linkerd.cluster.local,,,
1615588103.729,response_latency_ms_count,,,10.1.45.78:4191,linkerd-proxy,linkerd,,linkerd-prometheus-5bccd64d4d-jzwmt,,32,,,,,linkerd-prometheus,prometheus,linkerd,outbound,,5bccd64d4d,200,true,linkerd,10.1.45.111:4191,,linkerd,teastore-webui,teastore,teastore-webui-5648c5dddd-248k5,5648c5dddd,default,default.teastore.serviceaccount.identity.linkerd.cluster.local,,,
1615588113.729,response_latency_ms_count,,,10.1.45.78:4191,linkerd-proxy,linkerd,,linkerd-prometheus-5bccd64d4d-jzwmt,,33,,,,,linkerd-prometheus,prometheus,linkerd,outbound,,5bccd64d4d,200,true,linkerd,10.1.45.111:4191,,linkerd,teastore-webui,teastore,teastore-webui-5648c5dddd-248k5,5648c5dddd,default,default.teastore.serviceaccount.identity.linkerd.cluster.local,,,
1615588123.729,response_latency_ms_count,,,10.1.45.78:4191,linkerd-proxy,linkerd,,linkerd-prometheus-5bccd64d4d-jzwmt,,34,,,,,linkerd-prometheus,prometheus,linkerd,outbound,,5bccd64d4d,200,true,linkerd,10.1.45.111:4191,,linkerd,teastore-webui,teastore,teastore-webui-5648c5dddd-248k5,5648c5dddd,default,default.teastore.serviceaccount.identity.linkerd.cluster.local,,,
1615588133.729,response_latency_ms_count,,,10.1.45.78:4191,linkerd-proxy,linkerd,,linkerd-prometheus-5bccd64d4d-jzwmt,,35,,,,,linkerd-prometheus,prometheus,linkerd,outbound,,5bccd64d4d,200,true,linkerd,10.1.45.111:4191,,linkerd,teastore-webui,teastore,teastore-webui-5648c5dddd-248k5,5648c5dddd,default,default.teastore.serviceaccount.identity.linkerd.cluster.local,,,
1615588143.729,response_latency_ms_count,,,10.1.45.78:4191,linkerd-proxy,linkerd,,linkerd-prometheus-5bccd64d4d-jzwmt,,36,,,,,linkerd-prometheus,prometheus,linkerd,outbound,,5bccd64d4d,200,true,linkerd,10.1.45.111:4191,,linkerd,teastore-webui,teastore,teastore-webui-5648c5dddd-248k5,5648c5dddd,default,default.teastore.serviceaccount.identity.linkerd.cluster.local,,,
1615588153.729,response_latency_ms_count,,,10.1.45.78:4191,linkerd-proxy,linkerd,,linkerd-prometheus-5bccd64d4d-jzwmt,,37,,,,,linkerd-prometheus,prometheus,linkerd,outbound,,5bccd64d4d,200,true,linkerd,10.1.45.111:4191,,linkerd,teastore-webui,teastore,teastore-webui-5648c5dddd-248k5,5648c5dddd,default,default.teastore.serviceaccount.identity.linkerd.cluster.local,,,
1615588163.729,response_latency_ms_count,,,10.1.45.78:4191,linkerd-proxy,linkerd,,linkerd-prometheus-5bccd64d4d-jzwmt,,38,,,,,linkerd-prometheus,prometheus,linkerd,outbound,,5bccd64d4d,200,true,linkerd,10.1.45.111:4191,,linkerd,teastore-webui,teastore,teastore-webui-5648c5dddd-248k5,5648c5dddd,default,default.teastore.serviceaccount.identity.linkerd.cluster.local,,,
1615588173.729,response_latency_ms_count,,,10.1.45.78:4191,linkerd-proxy,linkerd,,linkerd-prometheus-5bccd64d4d-jzwmt,,39,,,,,linkerd-prometheus,prometheus,linkerd,outbound,,5bccd64d4d,200,true,linkerd,10.1.45.111:4191,,linkerd,teastore-webui,teastore,teastore-webui-5648c5dddd-248k5,5648c5dddd,default,default.teastore.serviceaccount.identity.linkerd.cluster.local,,,
1615588183.729,response_latency_ms_count,,,10.1.45.78:4191,linkerd-proxy,linkerd,,linkerd-prometheus-5bccd64d4d-jzwmt,,40,,,,,linkerd-prometheus,prometheus,linkerd,outbound,,5bccd64d4d,200,true,linkerd,10.1.45.111:4191,,linkerd,teastore-webui,teastore,teastore-webui-5648c5dddd-248k5,5648c5dddd,default,default.teastore.serviceaccount.identity.linkerd.cluster.local,,,
1615588193.731,response_latency_ms_count,,,10.1.45.78:4191,linkerd-proxy,linkerd,,linkerd-prometheus-5bccd64d4d-jzwmt,,41,,,,,linkerd-prometheus,prometheus,linkerd,outbound,,5bccd64d4d,200,true,linkerd,10.1.45.111:4191,,linkerd,teastore-webui,teastore,teastore-webui-5648c5dddd-248k5,5648c5dddd,default,default.teastore.serviceaccount.identity.linkerd.cluster.local,,,
1615588203.729,response_latency_ms_count,,,10.1.45.78:4191,linkerd-proxy,linkerd,,linkerd-prometheus-5bccd64d4d-jzwmt,,42,,,,,linkerd-prometheus,prometheus,linkerd,outbound,,5bccd64d4d,200,true,linkerd,10.1.45.111:4191,,linkerd,teastore-webui,teastore,teastore-webui-5648c5dddd-248k5,5648c5dddd,default,default.teastore.serviceaccount.identity.linkerd.cluster.local,,,
1615588092.84,response_latency_ms_count,,,10.1.45.111:4191,linkerd-proxy,teastore,,teastore-webui-5648c5dddd-248k5,,548,,,,,teastore-webui,,linkerd,outbound,,5648c5dddd,200,true,teastore,teastore-registry.teastore.svc.cluster.local:8080,,linkerd,teastore-registry,teastore,teastore-registry-c8b58678f-bf8xh,c8b58678f,default,default.teastore.serviceaccount.identity.linkerd.cluster.local,teastore,teastore-registry,teastore-webui
1615588102.841,response_latency_ms_count,,,10.1.45.111:4191,linkerd-proxy,teastore,,teastore-webui-5648c5dddd-248k5,,568,,,,,teastore-webui,,linkerd,outbound,,5648c5dddd,200,true,teastore,teastore-registry.teastore.svc.cluster.local:8080,,linkerd,teastore-registry,teastore,teastore-registry-c8b58678f-bf8xh,c8b58678f,default,default.teastore.serviceaccount.identity.linkerd.cluster.local,teastore,teastore-registry,teastore-webui
1615588112.841,response_latency_ms_count,,,10.1.45.111:4191,linkerd-proxy,teastore,,teastore-webui-5648c5dddd-248k5,,588,,,,,teastore-webui,,linkerd,outbound,,5648c5dddd,200,true,teastore,teastore-registry.teastore.svc.cluster.local:8080,,linkerd,teastore-registry,teastore,teastore-registry-c8b58678f-bf8xh,c8b58678f,default,default.teastore.serviceaccount.identity.linkerd.cluster.local,teastore,teastore-registry,teastore-webui
1615588122.841,response_latency_ms_count,,,10.1.45.111:4191,linkerd-proxy,teastore,,teastore-webui-5648c5dddd-248k5,,608,,,,,teastore-webui,,linkerd,outbound,,5648c5dddd,200,true,teastore,teastore-registry.teastore.svc.cluster.local:8080,,linkerd,teastore-registry,teastore,teastore-registry-c8b58678f-bf8xh,c8b58678f,default,default.teastore.serviceaccount.identity.linkerd.cluster.local,teastore,teastore-registry,teastore-webui
1615588132.84,response_latency_ms_count,,,10.1.45.111:4191,linkerd-proxy,teastore,,teastore-webui-5648c5dddd-248k5,,628,,,,,teastore-webui,,linkerd,outbound,,5648c5dddd,200,true,teastore,teastore-registry.teastore.svc.cluster.local:8080,,linkerd,teastore-registry,teastore,teastore-registry-c8b58678f-bf8xh,c8b58678f,default,default.teastore.serviceaccount.identity.linkerd.cluster.local,teastore,teastore-registry,teastore-webui
1615588142.841,response_latency_ms_count,,,10.1.45.111:4191,linkerd-proxy,teastore,,teastore-webui-5648c5dddd-248k5,,647,,,,,teastore-webui,,linkerd,outbound,,5648c5dddd,200,true,teastore,teastore-registry.teastore.svc.cluster.local:8080,,linkerd,teastore-registry,teastore,teastore-registry-c8b58678f-bf8xh,c8b58678f,default,default.teastore.serviceaccount.identity.linkerd.cluster.local,teastore,teastore-registry,teastore-webui
1615588152.84,response_latency_ms_count,,,10.1.45.111:4191,linkerd-proxy,teastore,,teastore-webui-5648c5dddd-248k5,,668,,,,,teastore-webui,,linkerd,outbound,,5648c5dddd,200,true,teastore,teastore-registry.teastore.svc.cluster.local:8080,,linkerd,teastore-registry,teastore,teastore-registry-c8b58678f-bf8xh,c8b58678f,default,default.teastore.serviceaccount.identity.linkerd.cluster.local,teastore,teastore-registry,teastore-webui
1615588162.84,response_latency_ms_count,,,10.1.45.111:4191,linkerd-proxy,teastore,,teastore-webui-5648c5dddd-248k5,,685,,,,,teastore-webui,,linkerd,outbound,,5648c5dddd,200,true,teastore,teastore-registry.teastore.svc.cluster.local:8080,,linkerd,teastore-registry,teastore,teastore-registry-c8b58678f-bf8xh,c8b58678f,default,default.teastore.serviceaccount.identity.linkerd.cluster.local,teastore,teastore-registry,teastore-webui
1615588172.841,response_latency_ms_count,,,10.1.45.111:4191,linkerd-proxy,teastore,,teastore-webui-5648c5dddd-248k5,,707,,,,,teastore-webui,,linkerd,outbound,,5648c5dddd,200,true,teastore,teastore-registry.teastore.svc.cluster.local:8080,,linkerd,teastore-registry,teastore,teastore-registry-c8b58678f-bf8xh,c8b58678f,default,default.teastore.serviceaccount.identity.linkerd.cluster.local,teastore,teastore-registry,teastore-webui
1615588182.84,response_latency_ms_count,,,10.1.45.111:4191,linkerd-proxy,teastore,,teastore-webui-5648c5dddd-248k5,,725,,,,,teastore-webui,,linkerd,outbound,,5648c5dddd,200,true,teastore,teastore-registry.teastore.svc.cluster.local:8080,,linkerd,teastore-registry,teastore,teastore-registry-c8b58678f-bf8xh,c8b58678f,default,default.teastore.serviceaccount.identity.linkerd.cluster.local,teastore,teastore-registry,teastore-webui
1615588192.84,response_latency_ms_count,,,10.1.45.111:4191,linkerd-proxy,teastore,,teastore-webui-5648c5dddd-248k5,,747,,,,,teastore-webui,,linkerd,outbound,,5648c5dddd,200,true,teastore,teastore-registry.teastore.svc.cluster.local:8080,,linkerd,teastore-registry,teastore,teastore-registry-c8b58678f-bf8xh,c8b58678f,default,default.teastore.serviceaccount.identity.linkerd.cluster.local,teastore,teastore-registry,teastore-webui
1615588202.84,response_latency_ms_count,,,10.1.45.111:4191,linkerd-proxy,teastore,,teastore-webui-5648c5dddd-248k5,,768,,,,,teastore-webui,,linkerd,outbound,,5648c5dddd,200,true,teastore,teastore-registry.teastore.svc.cluster.local:8080,,linkerd,teastore-registry,teastore,teastore-registry-c8b58678f-bf8xh,c8b58678f,default,default.teastore.serviceaccount.identity.linkerd.cluster.local,teastore,teastore-registry,teastore-webui
1615588092.84,response_latency_ms_count,,,10.1.45.111:4191,linkerd-proxy,teastore,,teastore-webui-5648c5dddd-248k5,,1,,,,,teastore-webui,,linkerd,outbound,,5648c5dddd,201,true,teastore,teastore-registry.teastore.svc.cluster.local:8080,,linkerd,teastore-registry,teastore,teastore-registry-c8b58678f-bf8xh,c8b58678f,default,default.teastore.serviceaccount.identity.linkerd.cluster.local,teastore,teastore-registry,teastore-webui
1615588102.841,response_latency_ms_count,,,10.1.45.111:4191,linkerd-proxy,teastore,,teastore-webui-5648c5dddd-248k5,,1,,,,,teastore-webui,,linkerd,outbound,,5648c5dddd,201,true,teastore,teastore-registry.teastore.svc.cluster.local:8080,,linkerd,teastore-registry,teastore,teastore-registry-c8b58678f-bf8xh,c8b58678f,default,default.teastore.serviceaccount.identity.linkerd.cluster.local,teastore,teastore-registry,teastore-webui
1615588112.841,response_latency_ms_count,,,10.1.45.111:4191,linkerd-proxy,teastore,,teastore-webui-5648c5dddd-248k5,,1,,,,,teastore-webui,,linkerd,outbound,,5648c5dddd,201,true,teastore,teastore-registry.teastore.svc.cluster.local:8080,,linkerd,teastore-registry,teastore,teastore-registry-c8b58678f-bf8xh,c8b58678f,default,default.teastore.serviceaccount.identity.linkerd.cluster.local,teastore,teastore-registry,teastore-webui
1615588122.841,response_latency_ms_count,,,10.1.45.111:4191,linkerd-proxy,teastore,,teastore-webui-5648c5dddd-248k5,,1,,,,,teastore-webui,,linkerd,outbound,,5648c5dddd,201,true,teastore,teastore-registry.teastore.svc.cluster.local:8080,,linkerd,teastore-registry,teastore,teastore-registry-c8b58678f-bf8xh,c8b58678f,default,default.teastore.serviceaccount.identity.linkerd.cluster.local,teastore,teastore-registry,teastore-webui
1615588132.84,response_latency_ms_count,,,10.1.45.111:4191,linkerd-proxy,teastore,,teastore-webui-5648c5dddd-248k5,,1,,,,,teastore-webui,,linkerd,outbound,,5648c5dddd,201,true,teastore,teastore-registry.teastore.svc.cluster.local:8080,,linkerd,teastore-registry,teastore,teastore-registry-c8b58678f-bf8xh,c8b58678f,default,default.teastore.serviceaccount.identity.linkerd.cluster.local,teastore,teastore-registry,teastore-webui
1615588142.841,response_latency_ms_count,,,10.1.45.111:4191,linkerd-proxy,teastore,,teastore-webui-5648c5dddd-248k5,,1,,,,,teastore-webui,,linkerd,outbound,,5648c5dddd,201,true,teastore,teastore-registry.teastore.svc.cluster.local:8080,,linkerd,teastore-registry,teastore,teastore-registry-c8b58678f-bf8xh,c8b58678f,default,default.teastore.serviceaccount.identity.linkerd.cluster.local,teastore,teastore-registry,teastore-webui
1615588152.84,response_latency_ms_count,,,10.1.45.111:4191,linkerd-proxy,teastore,,teastore-webui-5648c5dddd-248k5,,1,,,,,teastore-webui,,linkerd,outbound,,5648c5dddd,201,true,teastore,teastore-registry.teastore.svc.cluster.local:8080,,linkerd,teastore-registry,teastore,teastore-registry-c8b58678f-bf8xh,c8b58678f,default,default.teastore.serviceaccount.identity.linkerd.cluster.local,teastore,teastore-registry,teastore-webui
1615588162.84,response_latency_ms_count,,,10.1.45.111:4191,linkerd-proxy,teastore,,teastore-webui-5648c5dddd-248k5,,1,,,,,teastore-webui,,linkerd,outbound,,5648c5dddd,201,true,teastore,teastore-registry.teastore.svc.cluster.local:8080,,linkerd,teastore-registry,teastore,teastore-registry-c8b58678f-bf8xh,c8b58678f,default,default.teastore.serviceaccount.identity.linkerd.cluster.local,teastore,teastore-registry,teastore-webui
1615588172.841,response_latency_ms_count,,,10.1.45.111:4191,linkerd-proxy,teastore,,teastore-webui-5648c5dddd-248k5,,1,,,,,teastore-webui,,linkerd,outbound,,5648c5dddd,201,true,teastore,teastore-registry.teastore.svc.cluster.local:8080,,linkerd,teastore-registry,teastore,teastore-registry-c8b58678f-bf8xh,c8b58678f,default,default.teastore.serviceaccount.identity.linkerd.cluster.local,teastore,teastore-registry,teastore-webui
1615588182.84,response_latency_ms_count,,,10.1.45.111:4191,linkerd-proxy,teastore,,teastore-webui-5648c5dddd-248k5,,1,,,,,teastore-webui,,linkerd,outbound,,5648c5dddd,201,true,teastore,teastore-registry.teastore.svc.cluster.local:8080,,linkerd,teastore-registry,teastore,teastore-registry-c8b58678f-bf8xh,c8b58678f,default,default.teastore.serviceaccount.identity.linkerd.cluster.local,teastore,teastore-registry,teastore-webui
1615588192.84,response_latency_ms_count,,,10.1.45.111:4191,linkerd-proxy,teastore,,teastore-webui-5648c5dddd-248k5,,1,,,,,teastore-webui,,linkerd,outbound,,5648c5dddd,201,true,teastore,teastore-registry.teastore.svc.cluster.local:8080,,linkerd,teastore-registry,teastore,teastore-registry-c8b58678f-bf8xh,c8b58678f,default,default.teastore.serviceaccount.identity.linkerd.cluster.local,teastore,teastore-registry,teastore-webui
1615588202.84,response_latency_ms_count,,,10.1.45.111:4191,linkerd-proxy,teastore,,teastore-webui-5648c5dddd-248k5,,1,,,,,teastore-webui,,linkerd,outbound,,5648c5dddd,201,true,teastore,teastore-registry.teastore.svc.cluster.local:8080,,linkerd,teastore-registry,teastore,teastore-registry-c8b58678f-bf8xh,c8b58678f,default,default.teastore.serviceaccount.identity.linkerd.cluster.local,teastore,teastore-registry,teastore-webui
1615588092.84,response_latency_ms_count,,,10.1.45.111:4191,linkerd-proxy,teastore,,teastore-webui-5648c5dddd-248k5,,1131,,,,,teastore-webui,,linkerd,inbound,no_tls_from_remote,5648c5dddd,200,no_identity,teastore,localhost:30080,,,,,,,,,teastore,,teastore-webui
1615588102.841,response_latency_ms_count,,,10.1.45.111:4191,linkerd-proxy,teastore,,teastore-webui-5648c5dddd-248k5,,1225,,,,,teastore-webui,,linkerd,inbound,no_tls_from_remote,5648c5dddd,200,no_identity,teastore,localhost:30080,,,,,,,,,teastore,,teastore-webui
1615588112.841,response_latency_ms_count,,,10.1.45.111:4191,linkerd-proxy,teastore,,teastore-webui-5648c5dddd-248k5,,1362,,,,,teastore-webui,,linkerd,inbound,no_tls_from_remote,5648c5dddd,200,no_identity,teastore,localhost:30080,,,,,,,,,teastore,,teastore-webui
1615588122.841,response_latency_ms_count,,,10.1.45.111:4191,linkerd-proxy,teastore,,teastore-webui-5648c5dddd-248k5,,1528,,,,,teastore-webui,,linkerd,inbound,no_tls_from_remote,5648c5dddd,200,no_identity,teastore,localhost:30080,,,,,,,,,teastore,,teastore-webui
1615588132.84,response_latency_ms_count,,,10.1.45.111:4191,linkerd-proxy,teastore,,teastore-webui-5648c5dddd-248k5,,1726,,,,,teastore-webui,,linkerd,inbound,no_tls_from_remote,5648c5dddd,200,no_identity,teastore,localhost:30080,,,,,,,,,teastore,,teastore-webui
1615588142.841,response_latency_ms_count,,,10.1.45.111:4191,linkerd-proxy,teastore,,teastore-webui-5648c5dddd-248k5,,1932,,,,,teastore-webui,,linkerd,inbound,no_tls_from_remote,5648c5dddd,200,no_identity,teastore,localhost:30080,,,,,,,,,teastore,,teastore-webui
1615588152.84,response_latency_ms_count,,,10.1.45.111:4191,linkerd-proxy,teastore,,teastore-webui-5648c5dddd-248k5,,2162,,,,,teastore-webui,,linkerd,inbound,no_tls_from_remote,5648c5dddd,200,no_identity,teastore,localhost:30080,,,,,,,,,teastore,,teastore-webui
1615588162.84,response_latency_ms_count,,,10.1.45.111:4191,linkerd-proxy,teastore,,teastore-webui-5648c5dddd-248k5,,2407,,,,,teastore-webui,,linkerd,inbound,no_tls_from_remote,5648c5dddd,200,no_identity,teastore,localhost:30080,,,,,,,,,teastore,,teastore-webui
1615588172.841,response_latency_ms_count,,,10.1.45.111:4191,linkerd-proxy,teastore,,teastore-webui-5648c5dddd-248k5,,2678,,,,,teastore-webui,,linkerd,inbound,no_tls_from_remote,5648c5dddd,200,no_identity,teastore,localhost:30080,,,,,,,,,teastore,,teastore-webui
1615588182.84,response_latency_ms_count,,,10.1.45.111:4191,linkerd-proxy,teastore,,teastore-webui-5648c5dddd-248k5,,2924,,,,,teastore-webui,,linkerd,inbound,no_tls_from_remote,5648c5dddd,200,no_identity,teastore,localhost:30080,,,,,,,,,teastore,,teastore-webui
1615588192.84,response_latency_ms_count,,,10.1.45.111:4191,linkerd-proxy,teastore,,teastore-webui-5648c5dddd-248k5,,3220,,,,,teastore-webui,,linkerd,inbound,no_tls_from_remote,5648c5dddd,200,no_identity,teastore,localhost:30080,,,,,,,,,teastore,,teastore-webui
1615588202.84,response_latency_ms_count,,,10.1.45.111:4191,linkerd-proxy,teastore,,teastore-webui-5648c5dddd-248k5,,3464,,,,,teastore-webui,,linkerd,inbound,no_tls_from_remote,5648c5dddd,200,no_identity,teastore,localhost:30080,,,,,,,,,teastore,,teastore-webui
1615588092.84,response_latency_ms_count,,,10.1.45.111:4191,linkerd-proxy,teastore,,teastore-webui-5648c5dddd-248k5,,5328,,,,,teastore-webui,,linkerd,outbound,,5648c5dddd,200,true,teastore,teastore-persistence.teastore.svc.cluster.local:8080,,linkerd,teastore-persistence,teastore,teastore-persistence-d9666cc75-l847s,d9666cc75,default,default.teastore.serviceaccount.identity.linkerd.cluster.local,teastore,teastore-persistence,teastore-webui
1615588102.841,response_latency_ms_count,,,10.1.45.111:4191,linkerd-proxy,teastore,,teastore-webui-5648c5dddd-248k5,,5709,,,,,teastore-webui,,linkerd,outbound,,5648c5dddd,200,true,teastore,teastore-persistence.teastore.svc.cluster.local:8080,,linkerd,teastore-persistence,teastore,teastore-persistence-d9666cc75-l847s,d9666cc75,default,default.teastore.serviceaccount.identity.linkerd.cluster.local,teastore,teastore-persistence,teastore-webui
1615588112.841,response_latency_ms_count,,,10.1.45.111:4191,linkerd-proxy,teastore,,teastore-webui-5648c5dddd-248k5,,6253,,,,,teastore-webui,,linkerd,outbound,,5648c5dddd,200,true,teastore,teastore-persistence.teastore.svc.cluster.local:8080,,linkerd,teastore-persistence,teastore,teastore-persistence-d9666cc75-l847s,d9666cc75,default,default.teastore.serviceaccount.identity.linkerd.cluster.local,teastore,teastore-persistence,teastore-webui
1615588122.841,response_latency_ms_count,,,10.1.45.111:4191,linkerd-proxy,teastore,,teastore-webui-5648c5dddd-248k5,,6939,,,,,teastore-webui,,linkerd,outbound,,5648c5dddd,200,true,teastore,teastore-persistence.teastore.svc.cluster.local:8080,,linkerd,teastore-persistence,teastore,teastore-persistence-d9666cc75-l847s,d9666cc75,default,default.teastore.serviceaccount.identity.linkerd.cluster.local,teastore,teastore-persistence,teastore-webui
1615588132.84,response_latency_ms_count,,,10.1.45.111:4191,linkerd-proxy,teastore,,teastore-webui-5648c5dddd-248k5,,7753,,,,,teastore-webui,,linkerd,outbound,,5648c5dddd,200,true,teastore,teastore-persistence.teastore.svc.cluster.local:8080,,linkerd,teastore-persistence,teastore,teastore-persistence-d9666cc75-l847s,d9666cc75,default,default.teastore.serviceaccount.identity.linkerd.cluster.local,teastore,teastore-persistence,teastore-webui
1615588142.841,response_latency_ms_count,,,10.1.45.111:4191,linkerd-proxy,teastore,,teastore-webui-5648c5dddd-248k5,,8651,,,,,teastore-webui,,linkerd,outbound,,5648c5dddd,200,true,teastore,teastore-persistence.teastore.svc.cluster.local:8080,,linkerd,teastore-persistence,teastore,teastore-persistence-d9666cc75-l847s,d9666cc75,default,default.teastore.serviceaccount.identity.linkerd.cluster.local,teastore,teastore-persistence,teastore-webui
1615588152.84,response_latency_ms_count,,,10.1.45.111:4191,linkerd-proxy,teastore,,teastore-webui-5648c5dddd-248k5,,9647,,,,,teastore-webui,,linkerd,outbound,,5648c5dddd,200,true,teastore,teastore-persistence.teastore.svc.cluster.local:8080,,linkerd,teastore-persistence,teastore,teastore-persistence-d9666cc75-l847s,d9666cc75,default,default.teastore.serviceaccount.identity.linkerd.cluster.local,teastore,teastore-persistence,teastore-webui
1615588162.84,response_latency_ms_count,,,10.1.45.111:4191,linkerd-proxy,teastore,,teastore-webui-5648c5dddd-248k5,,10709,,,,,teastore-webui,,linkerd,outbound,,5648c5dddd,200,true,teastore,teastore-persistence.teastore.svc.cluster.local:8080,,linkerd,teastore-persistence,teastore,teastore-persistence-d9666cc75-l847s,d9666cc75,default,default.teastore.serviceaccount.identity.linkerd.cluster.local,teastore,teastore-persistence,teastore-webui
1615588172.841,response_latency_ms_count,,,10.1.45.111:4191,linkerd-proxy,teastore,,teastore-webui-5648c5dddd-248k5,,11916,,,,,teastore-webui,,linkerd,outbound,,5648c5dddd,200,true,teastore,teastore-persistence.teastore.svc.cluster.local:8080,,linkerd,teastore-persistence,teastore,teastore-persistence-d9666cc75-l847s,d9666cc75,default,default.teastore.serviceaccount.identity.linkerd.cluster.local,teastore,teastore-persistence,teastore-webui
1615588182.84,response_latency_ms_count,,,10.1.45.111:4191,linkerd-proxy,teastore,,teastore-webui-5648c5dddd-248k5,,12968,,,,,teastore-webui,,linkerd,outbound,,5648c5dddd,200,true,teastore,teastore-persistence.teastore.svc.cluster.local:8080,,linkerd,teastore-persistence,teastore,teastore-persistence-d9666cc75-l847s,d9666cc75,default,default.teastore.serviceaccount.identity.linkerd.cluster.local,teastore,teastore-persistence,teastore-webui
1615588192.84,response_latency_ms_count,,,10.1.45.111:4191,linkerd-proxy,teastore,,teastore-webui-5648c5dddd-248k5,,14246,,,,,teastore-webui,,linkerd,outbound,,5648c5dddd,200,true,teastore,teastore-persistence.teastore.svc.cluster.local:8080,,linkerd,teastore-persistence,teastore,teastore-persistence-d9666cc75-l847s,d9666cc75,default,default.teastore.serviceaccount.identity.linkerd.cluster.local,teastore,teastore-persistence,teastore-webui
1615588202.84,response_latency_ms_count,,,10.1.45.111:4191,linkerd-proxy,teastore,,teastore-webui-5648c5dddd-248k5,,15485,,,,,teastore-webui,,linkerd,outbound,,5648c5dddd,200,true,teastore,teastore-persistence.teastore.svc.cluster.local:8080,,linkerd,teastore-persistence,teastore,teastore-persistence-d9666cc75-l847s,d9666cc75,default,default.teastore.serviceaccount.identity.linkerd.cluster.local,teastore,teastore-persistence,teastore-webui
1615588092.84,response_latency_ms_count,,,10.1.45.111:4191,linkerd-proxy,teastore,,teastore-webui-5648c5dddd-248k5,,1517,,,,,teastore-webui,,linkerd,outbound,,5648c5dddd,200,true,teastore,teastore-auth.teastore.svc.cluster.local:8080,,linkerd,teastore-auth,teastore,teastore-auth-5c8f77dbb8-sx8wp,5c8f77dbb8,default,default.teastore.serviceaccount.identity.linkerd.cluster.local,teastore,teastore-auth,teastore-webui
1615588102.841,response_latency_ms_count,,,10.1.45.111:4191,linkerd-proxy,teastore,,teastore-webui-5648c5dddd-248k5,,1643,,,,,teastore-webui,,linkerd,outbound,,5648c5dddd,200,true,teastore,teastore-auth.teastore.svc.cluster.local:8080,,linkerd,teastore-auth,teastore,teastore-auth-5c8f77dbb8-sx8wp,5c8f77dbb8,default,default.teastore.serviceaccount.identity.linkerd.cluster.local,teastore,teastore-auth,teastore-webui
1615588112.841,response_latency_ms_count,,,10.1.45.111:4191,linkerd-proxy,teastore,,teastore-webui-5648c5dddd-248k5,,1824,,,,,teastore-webui,,linkerd,outbound,,5648c5dddd,200,true,teastore,teastore-auth.teastore.svc.cluster.local:8080,,linkerd,teastore-auth,teastore,teastore-auth-5c8f77dbb8-sx8wp,5c8f77dbb8,default,default.teastore.serviceaccount.identity.linkerd.cluster.local,teastore,teastore-auth,teastore-webui
1615588122.841,response_latency_ms_count,,,10.1.45.111:4191,linkerd-proxy,teastore,,teastore-webui-5648c5dddd-248k5,,2037,,,,,teastore-webui,,linkerd,outbound,,5648c5dddd,200,true,teastore,teastore-auth.teastore.svc.cluster.local:8080,,linkerd,teastore-auth,teastore,teastore-auth-5c8f77dbb8-sx8wp,5c8f77dbb8,default,default.teastore.serviceaccount.identity.linkerd.cluster.local,teastore,teastore-auth,teastore-webui
1615588132.84,response_latency_ms_count,,,10.1.45.111:4191,linkerd-proxy,teastore,,teastore-webui-5648c5dddd-248k5,,2296,,,,,teastore-webui,,linkerd,outbound,,5648c5dddd,200,true,teastore,teastore-auth.teastore.svc.cluster.local:8080,,linkerd,teastore-auth,teastore,teastore-auth-5c8f77dbb8-sx8wp,5c8f77dbb8,default,default.teastore.serviceaccount.identity.linkerd.cluster.local,teastore,teastore-auth,teastore-webui
1615588142.841,response_latency_ms_count,,,10.1.45.111:4191,linkerd-proxy,teastore,,teastore-webui-5648c5dddd-248k5,,2565,,,,,teastore-webui,,linkerd,outbound,,5648c5dddd,200,true,teastore,teastore-auth.teastore.svc.cluster.local:8080,,linkerd,teastore-auth,teastore,teastore-auth-5c8f77dbb8-sx8wp,5c8f77dbb8,default,default.teastore.serviceaccount.identity.linkerd.cluster.local,teastore,teastore-auth,teastore-webui
1615588152.84,response_latency_ms_count,,,10.1.45.111:4191,linkerd-proxy,teastore,,teastore-webui-5648c5dddd-248k5,,2857,,,,,teastore-webui,,linkerd,outbound,,5648c5dddd,200,true,teastore,teastore-auth.teastore.svc.cluster.local:8080,,linkerd,teastore-auth,teastore,teastore-auth-5c8f77dbb8-sx8wp,5c8f77dbb8,default,default.teastore.serviceaccount.identity.linkerd.cluster.local,teastore,teastore-auth,teastore-webui
1615588162.84,response_latency_ms_count,,,10.1.45.111:4191,linkerd-proxy,teastore,,teastore-webui-5648c5dddd-248k5,,3175,,,,,teastore-webui,,linkerd,outbound,,5648c5dddd,200,true,teastore,teastore-auth.teastore.svc.cluster.local:8080,,linkerd,teastore-auth,teastore,teastore-auth-5c8f77dbb8-sx8wp,5c8f77dbb8,default,default.teastore.serviceaccount.identity.linkerd.cluster.local,teastore,teastore-auth,teastore-webui
1615588172.841,response_latency_ms_count,,,10.1.45.111:4191,linkerd-proxy,teastore,,teastore-webui-5648c5dddd-248k5,,3517,,,,,teastore-webui,,linkerd,outbound,,5648c5dddd,200,true,teastore,teastore-auth.teastore.svc.cluster.local:8080,,linkerd,teastore-auth,teastore,teastore-auth-5c8f77dbb8-sx8wp,5c8f77dbb8,default,default.teastore.serviceaccount.identity.linkerd.cluster.local,teastore,teastore-auth,teastore-webui
1615588182.84,response_latency_ms_count,,,10.1.45.111:4191,linkerd-proxy,teastore,,teastore-webui-5648c5dddd-248k5,,3840,,,,,teastore-webui,,linkerd,outbound,,5648c5dddd,200,true,teastore,teastore-auth.teastore.svc.cluster.local:8080,,linkerd,teastore-auth,teastore,teastore-auth-5c8f77dbb8-sx8wp,5c8f77dbb8,default,default.teastore.serviceaccount.identity.linkerd.cluster.local,teastore,teastore-auth,teastore-webui
1615588192.84,response_latency_ms_count,,,10.1.45.111:4191,linkerd-proxy,teastore,,teastore-webui-5648c5dddd-248k5,,4225,,,,,teastore-webui,,linkerd,outbound,,5648c5dddd,200,true,teastore,teastore-auth.teastore.svc.cluster.local:8080,,linkerd,teastore-auth,teastore,teastore-auth-5c8f77dbb8-sx8wp,5c8f77dbb8,default,default.teastore.serviceaccount.identity.linkerd.cluster.local,teastore,teastore-auth,teastore-webui
1615588202.84,response_latency_ms_count,,,10.1.45.111:4191,linkerd-proxy,teastore,,teastore-webui-5648c5dddd-248k5,,4533,,,,,teastore-webui,,linkerd,outbound,,5648c5dddd,200,true,teastore,teastore-auth.teastore.svc.cluster.local:8080,,linkerd,teastore-auth,teastore,teastore-auth-5c8f77dbb8-sx8wp,5c8f77dbb8,default,default.teastore.serviceaccount.identity.linkerd.cluster.local,teastore,teastore-auth,teastore-webui
1615588092.84,response_latency_ms_count,,,10.1.45.111:4191,linkerd-proxy,teastore,,teastore-webui-5648c5dddd-248k5,,2161,,,,,teastore-webui,,linkerd,outbound,,5648c5dddd,200,true,teastore,teastore-image.teastore.svc.cluster.local:8080,,linkerd,teastore-image,teastore,teastore-image-77b5d74b7d-vt6qj,77b5d74b7d,default,default.teastore.serviceaccount.identity.linkerd.cluster.local,teastore,teastore-image,teastore-webui
1615588102.841,response_latency_ms_count,,,10.1.45.111:4191,linkerd-proxy,teastore,,teastore-webui-5648c5dddd-248k5,,2315,,,,,teastore-webui,,linkerd,outbound,,5648c5dddd,200,true,teastore,teastore-image.teastore.svc.cluster.local:8080,,linkerd,teastore-image,teastore,teastore-image-77b5d74b7d-vt6qj,77b5d74b7d,default,default.teastore.serviceaccount.identity.linkerd.cluster.local,teastore,teastore-image,teastore-webui
1615588112.841,response_latency_ms_count,,,10.1.45.111:4191,linkerd-proxy,teastore,,teastore-webui-5648c5dddd-248k5,,2539,,,,,teastore-webui,,linkerd,outbound,,5648c5dddd,200,true,teastore,teastore-image.teastore.svc.cluster.local:8080,,linkerd,teastore-image,teastore,teastore-image-77b5d74b7d-vt6qj,77b5d74b7d,default,default.teastore.serviceaccount.identity.linkerd.cluster.local,teastore,teastore-image,teastore-webui
1615588122.841,response_latency_ms_count,,,10.1.45.111:4191,linkerd-proxy,teastore,,teastore-webui-5648c5dddd-248k5,,2818,,,,,teastore-webui,,linkerd,outbound,,5648c5dddd,200,true,teastore,teastore-image.teastore.svc.cluster.local:8080,,linkerd,teastore-image,teastore,teastore-image-77b5d74b7d-vt6qj,77b5d74b7d,default,default.teastore.serviceaccount.identity.linkerd.cluster.local,teastore,teastore-image,teastore-webui
1615588132.84,response_latency_ms_count,,,10.1.45.111:4191,linkerd-proxy,teastore,,teastore-webui-5648c5dddd-248k5,,3146,,,,,teastore-webui,,linkerd,outbound,,5648c5dddd,200,true,teastore,teastore-image.teastore.svc.cluster.local:8080,,linkerd,teastore-image,teastore,teastore-image-77b5d74b7d-vt6qj,77b5d74b7d,default,default.teastore.serviceaccount.identity.linkerd.cluster.local,teastore,teastore-image,teastore-webui
1615588142.841,response_latency_ms_count,,,10.1.45.111:4191,linkerd-proxy,teastore,,teastore-webui-5648c5dddd-248k5,,3499,,,,,teastore-webui,,linkerd,outbound,,5648c5dddd,200,true,teastore,teastore-image.teastore.svc.cluster.local:8080,,linkerd,teastore-image,teastore,teastore-image-77b5d74b7d-vt6qj,77b5d74b7d,default,default.teastore.serviceaccount.identity.linkerd.cluster.local,teastore,teastore-image,teastore-webui
1615588152.84,response_latency_ms_count,,,10.1.45.111:4191,linkerd-proxy,teastore,,teastore-webui-5648c5dddd-248k5,,3893,,,,,teastore-webui,,linkerd,outbound,,5648c5dddd,200,true,teastore,teastore-image.teastore.svc.cluster.local:8080,,linkerd,teastore-image,teastore,teastore-image-77b5d74b7d-vt6qj,77b5d74b7d,default,default.teastore.serviceaccount.identity.linkerd.cluster.local,teastore,teastore-image,teastore-webui
1615588162.84,response_latency_ms_count,,,10.1.45.111:4191,linkerd-proxy,teastore,,teastore-webui-5648c5dddd-248k5,,4312,,,,,teastore-webui,,linkerd,outbound,,5648c5dddd,200,true,teastore,teastore-image.teastore.svc.cluster.local:8080,,linkerd,teastore-image,teastore,teastore-image-77b5d74b7d-vt6qj,77b5d74b7d,default,default.teastore.serviceaccount.identity.linkerd.cluster.local,teastore,teastore-image,teastore-webui
1615588172.841,response_latency_ms_count,,,10.1.45.111:4191,linkerd-proxy,teastore,,teastore-webui-5648c5dddd-248k5,,4779,,,,,teastore-webui,,linkerd,outbound,,5648c5dddd,200,true,teastore,teastore-image.teastore.svc.cluster.local:8080,,linkerd,teastore-image,teastore,teastore-image-77b5d74b7d-vt6qj,77b5d74b7d,default,default.teastore.serviceaccount.identity.linkerd.cluster.local,teastore,teastore-image,teastore-webui
1615588182.84,response_latency_ms_count,,,10.1.45.111:4191,linkerd-proxy,teastore,,teastore-webui-5648c5dddd-248k5,,5215,,,,,teastore-webui,,linkerd,outbound,,5648c5dddd,200,true,teastore,teastore-image.teastore.svc.cluster.local:8080,,linkerd,teastore-image,teastore,teastore-image-77b5d74b7d-vt6qj,77b5d74b7d,default,default.teastore.serviceaccount.identity.linkerd.cluster.local,teastore,teastore-image,teastore-webui
1615588192.84,response_latency_ms_count,,,10.1.45.111:4191,linkerd-proxy,teastore,,teastore-webui-5648c5dddd-248k5,,5711,,,,,teastore-webui,,linkerd,outbound,,5648c5dddd,200,true,teastore,teastore-image.teastore.svc.cluster.local:8080,,linkerd,teastore-image,teastore,teastore-image-77b5d74b7d-vt6qj,77b5d74b7d,default,default.teastore.serviceaccount.identity.linkerd.cluster.local,teastore,teastore-image,teastore-webui
1615588202.84,response_latency_ms_count,,,10.1.45.111:4191,linkerd-proxy,teastore,,teastore-webui-5648c5dddd-248k5,,6152,,,,,teastore-webui,,linkerd,outbound,,5648c5dddd,200,true,teastore,teastore-image.teastore.svc.cluster.local:8080,,linkerd,teastore-image,teastore,teastore-image-77b5d74b7d-vt6qj,77b5d74b7d,default,default.teastore.serviceaccount.identity.linkerd.cluster.local,teastore,teastore-image,teastore-webui
1615588092.84,response_latency_ms_count,,,10.1.45.111:4191,linkerd-proxy,teastore,,teastore-webui-5648c5dddd-248k5,,345,,,,,teastore-webui,,linkerd,inbound,no_tls_from_remote,5648c5dddd,302,no_identity,teastore,localhost:30080,,,,,,,,,teastore,,teastore-webui
1615588102.841,response_latency_ms_count,,,10.1.45.111:4191,linkerd-proxy,teastore,,teastore-webui-5648c5dddd-248k5,,376,,,,,teastore-webui,,linkerd,inbound,no_tls_from_remote,5648c5dddd,302,no_identity,teastore,localhost:30080,,,,,,,,,teastore,,teastore-webui
1615588112.841,response_latency_ms_count,,,10.1.45.111:4191,linkerd-proxy,teastore,,teastore-webui-5648c5dddd-248k5,,431,,,,,teastore-webui,,linkerd,inbound,no_tls_from_remote,5648c5dddd,302,no_identity,teastore,localhost:30080,,,,,,,,,teastore,,teastore-webui
1615588122.841,response_latency_ms_count,,,10.1.45.111:4191,linkerd-proxy,teastore,,teastore-webui-5648c5dddd-248k5,,499,,,,,teastore-webui,,linkerd,inbound,no_tls_from_remote,5648c5dddd,302,no_identity,teastore,localhost:30080,,,,,,,,,teastore,,teastore-webui
1615588132.84,response_latency_ms_count,,,10.1.45.111:4191,linkerd-proxy,teastore,,teastore-webui-5648c5dddd-248k5,,572,,,,,teastore-webui,,linkerd,inbound,no_tls_from_remote,5648c5dddd,302,no_identity,teastore,localhost:30080,,,,,,,,,teastore,,teastore-webui
1615588142.841,response_latency_ms_count,,,10.1.45.111:4191,linkerd-proxy,teastore,,teastore-webui-5648c5dddd-248k5,,644,,,,,teastore-webui,,linkerd,inbound,no_tls_from_remote,5648c5dddd,302,no_identity,teastore,localhost:30080,,,,,,,,,teastore,,teastore-webui
1615588152.84,response_latency_ms_count,,,10.1.45.111:4191,linkerd-proxy,teastore,,teastore-webui-5648c5dddd-248k5,,735,,,,,teastore-webui,,linkerd,inbound,no_tls_from_remote,5648c5dddd,302,no_identity,teastore,localhost:30080,,,,,,,,,teastore,,teastore-webui
1615588162.84,response_latency_ms_count,,,10.1.45.111:4191,linkerd-proxy,teastore,,teastore-webui-5648c5dddd-248k5,,821,,,,,teastore-webui,,linkerd,inbound,no_tls_from_remote,5648c5dddd,302,no_identity,teastore,localhost:30080,,,,,,,,,teastore,,teastore-webui
1615588172.841,response_latency_ms_count,,,10.1.45.111:4191,linkerd-proxy,teastore,,teastore-webui-5648c5dddd-248k5,,914,,,,,teastore-webui,,linkerd,inbound,no_tls_from_remote,5648c5dddd,302,no_identity,teastore,localhost:30080,,,,,,,,,teastore,,teastore-webui
1615588182.84,response_latency_ms_count,,,10.1.45.111:4191,linkerd-proxy,teastore,,teastore-webui-5648c5dddd-248k5,,1005,,,,,teastore-webui,,linkerd,inbound,no_tls_from_remote,5648c5dddd,302,no_identity,teastore,localhost:30080,,,,,,,,,teastore,,teastore-webui
1615588192.84,response_latency_ms_count,,,10.1.45.111:4191,linkerd-proxy,teastore,,teastore-webui-5648c5dddd-248k5,,1117,,,,,teastore-webui,,linkerd,inbound,no_tls_from_remote,5648c5dddd,302,no_identity,teastore,localhost:30080,,,,,,,,,teastore,,teastore-webui
1615588202.84,response_latency_ms_count,,,10.1.45.111:4191,linkerd-proxy,teastore,,teastore-webui-5648c5dddd-248k5,,1191,,,,,teastore-webui,,linkerd,inbound,no_tls_from_remote,5648c5dddd,302,no_identity,teastore,localhost:30080,,,,,,,,,teastore,,teastore-webui
1615588092.84,response_latency_ms_count,,,10.1.45.111:4191,linkerd-proxy,teastore,,teastore-webui-5648c5dddd-248k5,,242,,,,,teastore-webui,,linkerd,inbound,no_tls_from_remote,5648c5dddd,500,no_identity,teastore,localhost:30080,,,,,,,,,teastore,,teastore-webui
1615588102.841,response_latency_ms_count,,,10.1.45.111:4191,linkerd-proxy,teastore,,teastore-webui-5648c5dddd-248k5,,262,,,,,teastore-webui,,linkerd,inbound,no_tls_from_remote,5648c5dddd,500,no_identity,teastore,localhost:30080,,,,,,,,,teastore,,teastore-webui
1615588112.841,response_latency_ms_count,,,10.1.45.111:4191,linkerd-proxy,teastore,,teastore-webui-5648c5dddd-248k5,,288,,,,,teastore-webui,,linkerd,inbound,no_tls_from_remote,5648c5dddd,500,no_identity,teastore,localhost:30080,,,,,,,,,teastore,,teastore-webui
1615588122.841,response_latency_ms_count,,,10.1.45.111:4191,linkerd-proxy,teastore,,teastore-webui-5648c5dddd-248k5,,326,,,,,teastore-webui,,linkerd,inbound,no_tls_from_remote,5648c5dddd,500,no_identity,teastore,localhost:30080,,,,,,,,,teastore,,teastore-webui
1615588132.84,response_latency_ms_count,,,10.1.45.111:4191,linkerd-proxy,teastore,,teastore-webui-5648c5dddd-248k5,,367,,,,,teastore-webui,,linkerd,inbound,no_tls_from_remote,5648c5dddd,500,no_identity,teastore,localhost:30080,,,,,,,,,teastore,,teastore-webui
1615588142.841,response_latency_ms_count,,,10.1.45.111:4191,linkerd-proxy,teastore,,teastore-webui-5648c5dddd-248k5,,413,,,,,teastore-webui,,linkerd,inbound,no_tls_from_remote,5648c5dddd,500,no_identity,teastore,localhost:30080,,,,,,,,,teastore,,teastore-webui
1615588152.84,response_latency_ms_count,,,10.1.45.111:4191,linkerd-proxy,teastore,,teastore-webui-5648c5dddd-248k5,,470,,,,,teastore-webui,,linkerd,inbound,no_tls_from_remote,5648c5dddd,500,no_identity,teastore,localhost:30080,,,,,,,,,teastore,,teastore-webui
1615588162.84,response_latency_ms_count,,,10.1.45.111:4191,linkerd-proxy,teastore,,teastore-webui-5648c5dddd-248k5,,524,,,,,teastore-webui,,linkerd,inbound,no_tls_from_remote,5648c5dddd,500,no_identity,teastore,localhost:30080,,,,,,,,,teastore,,teastore-webui
1615588172.841,response_latency_ms_count,,,10.1.45.111:4191,linkerd-proxy,teastore,,teastore-webui-5648c5dddd-248k5,,585,,,,,teastore-webui,,linkerd,inbound,no_tls_from_remote,5648c5dddd,500,no_identity,teastore,localhost:30080,,,,,,,,,teastore,,teastore-webui
1615588182.84,response_latency_ms_count,,,10.1.45.111:4191,linkerd-proxy,teastore,,teastore-webui-5648c5dddd-248k5,,648,,,,,teastore-webui,,linkerd,inbound,no_tls_from_remote,5648c5dddd,500,no_identity,teastore,localhost:30080,,,,,,,,,teastore,,teastore-webui
1615588192.84,response_latency_ms_count,,,10.1.45.111:4191,linkerd-proxy,teastore,,teastore-webui-5648c5dddd-248k5,,715,,,,,teastore-webui,,linkerd,inbound,no_tls_from_remote,5648c5dddd,500,no_identity,teastore,localhost:30080,,,,,,,,,teastore,,teastore-webui
1615588202.84,response_latency_ms_count,,,10.1.45.111:4191,linkerd-proxy,teastore,,teastore-webui-5648c5dddd-248k5,,779,,,,,teastore-webui,,linkerd,inbound,no_tls_from_remote,5648c5dddd,500,no_identity,teastore,localhost:30080,,,,,,,,,teastore,,teastore-webui
1615588092.84,response_latency_ms_count,,,10.1.45.111:4191,linkerd-proxy,teastore,,teastore-webui-5648c5dddd-248k5,,289,,,,,teastore-webui,,linkerd,outbound,,5648c5dddd,200,true,teastore,teastore-recommender.teastore.svc.cluster.local:8080,,linkerd,teastore-recommender,teastore,teastore-recommender-597fccb746-vtcxt,597fccb746,default,default.teastore.serviceaccount.identity.linkerd.cluster.local,teastore,teastore-recommender,teastore-webui
1615588102.841,response_latency_ms_count,,,10.1.45.111:4191,linkerd-proxy,teastore,,teastore-webui-5648c5dddd-248k5,,311,,,,,teastore-webui,,linkerd,outbound,,5648c5dddd,200,true,teastore,teastore-recommender.teastore.svc.cluster.local:8080,,linkerd,teastore-recommender,teastore,teastore-recommender-597fccb746-vtcxt,597fccb746,default,default.teastore.serviceaccount.identity.linkerd.cluster.local,teastore,teastore-recommender,teastore-webui
1615588112.841,response_latency_ms_count,,,10.1.45.111:4191,linkerd-proxy,teastore,,teastore-webui-5648c5dddd-248k5,,342,,,,,teastore-webui,,linkerd,outbound,,5648c5dddd,200,true,teastore,teastore-recommender.teastore.svc.cluster.local:8080,,linkerd,teastore-recommender,teastore,teastore-recommender-597fccb746-vtcxt,597fccb746,default,default.teastore.serviceaccount.identity.linkerd.cluster.local,teastore,teastore-recommender,teastore-webui
1615588122.841,response_latency_ms_count,,,10.1.45.111:4191,linkerd-proxy,teastore,,teastore-webui-5648c5dddd-248k5,,375,,,,,teastore-webui,,linkerd,outbound,,5648c5dddd,200,true,teastore,teastore-recommender.teastore.svc.cluster.local:8080,,linkerd,teastore-recommender,teastore,teastore-recommender-597fccb746-vtcxt,597fccb746,default,default.teastore.serviceaccount.identity.linkerd.cluster.local,teastore,teastore-recommender,teastore-webui
1615588132.84,response_latency_ms_count,,,10.1.45.111:4191,linkerd-proxy,teastore,,teastore-webui-5648c5dddd-248k5,,419,,,,,teastore-webui,,linkerd,outbound,,5648c5dddd,200,true,teastore,teastore-recommender.teastore.svc.cluster.local:8080,,linkerd,teastore-recommender,teastore,teastore-recommender-597fccb746-vtcxt,597fccb746,default,default.teastore.serviceaccount.identity.linkerd.cluster.local,teastore,teastore-recommender,teastore-webui
1615588142.841,response_latency_ms_count,,,10.1.45.111:4191,linkerd-proxy,teastore,,teastore-webui-5648c5dddd-248k5,,468,,,,,teastore-webui,,linkerd,outbound,,5648c5dddd,200,true,teastore,teastore-recommender.teastore.svc.cluster.local:8080,,linkerd,teastore-recommender,teastore,teastore-recommender-597fccb746-vtcxt,597fccb746,default,default.teastore.serviceaccount.identity.linkerd.cluster.local,teastore,teastore-recommender,teastore-webui
1615588152.84,response_latency_ms_count,,,10.1.45.111:4191,linkerd-proxy,teastore,,teastore-webui-5648c5dddd-248k5,,523,,,,,teastore-webui,,linkerd,outbound,,5648c5dddd,200,true,teastore,teastore-recommender.teastore.svc.cluster.local:8080,,linkerd,teastore-recommender,teastore,teastore-recommender-597fccb746-vtcxt,597fccb746,default,default.teastore.serviceaccount.identity.linkerd.cluster.local,teastore,teastore-recommender,teastore-webui
1615588162.84,response_latency_ms_count,,,10.1.45.111:4191,linkerd-proxy,teastore,,teastore-webui-5648c5dddd-248k5,,584,,,,,teastore-webui,,linkerd,outbound,,5648c5dddd,200,true,teastore,teastore-recommender.teastore.svc.cluster.local:8080,,linkerd,teastore-recommender,teastore,teastore-recommender-597fccb746-vtcxt,597fccb746,default,default.teastore.serviceaccount.identity.linkerd.cluster.local,teastore,teastore-recommender,teastore-webui
1615588172.841,response_latency_ms_count,,,10.1.45.111:4191,linkerd-proxy,teastore,,teastore-webui-5648c5dddd-248k5,,651,,,,,teastore-webui,,linkerd,outbound,,5648c5dddd,200,true,teastore,teastore-recommender.teastore.svc.cluster.local:8080,,linkerd,teastore-recommender,teastore,teastore-recommender-597fccb746-vtcxt,597fccb746,default,default.teastore.serviceaccount.identity.linkerd.cluster.local,teastore,teastore-recommender,teastore-webui
1615588182.84,response_latency_ms_count,,,10.1.45.111:4191,linkerd-proxy,teastore,,teastore-webui-5648c5dddd-248k5,,706,,,,,teastore-webui,,linkerd,outbound,,5648c5dddd,200,true,teastore,teastore-recommender.teastore.svc.cluster.local:8080,,linkerd,teastore-recommender,teastore,teastore-recommender-597fccb746-vtcxt,597fccb746,default,default.teastore.serviceaccount.identity.linkerd.cluster.local,teastore,teastore-recommender,teastore-webui
1615588192.84,response_latency_ms_count,,,10.1.45.111:4191,linkerd-proxy,teastore,,teastore-webui-5648c5dddd-248k5,,778,,,,,teastore-webui,,linkerd,outbound,,5648c5dddd,200,true,teastore,teastore-recommender.teastore.svc.cluster.local:8080,,linkerd,teastore-recommender,teastore,teastore-recommender-597fccb746-vtcxt,597fccb746,default,default.teastore.serviceaccount.identity.linkerd.cluster.local,teastore,teastore-recommender,teastore-webui
1615588202.84,response_latency_ms_count,,,10.1.45.111:4191,linkerd-proxy,teastore,,teastore-webui-5648c5dddd-248k5,,848,,,,,teastore-webui,,linkerd,outbound,,5648c5dddd,200,true,teastore,teastore-recommender.teastore.svc.cluster.local:8080,,linkerd,teastore-recommender,teastore,teastore-recommender-597fccb746-vtcxt,597fccb746,default,default.teastore.serviceaccount.identity.linkerd.cluster.local,teastore,teastore-recommender,teastore-webui
1615588093.729,response_latency_ms_count,,,10.1.45.78:4191,linkerd-proxy,linkerd,,linkerd-prometheus-5bccd64d4d-jzwmt,,10,,,,,linkerd-prometheus,prometheus,linkerd,outbound,,5bccd64d4d,200,true,linkerd,10.1.45.112:4191,,linkerd,teastore-webui,teastore,teastore-webui-5648c5dddd-5xf7k,5648c5dddd,default,default.teastore.serviceaccount.identity.linkerd.cluster.local,,,
1615588103.729,response_latency_ms_count,,,10.1.45.78:4191,linkerd-proxy,linkerd,,linkerd-prometheus-5bccd64d4d-jzwmt,,11,,,,,linkerd-prometheus,prometheus,linkerd,outbound,,5bccd64d4d,200,true,linkerd,10.1.45.112:4191,,linkerd,teastore-webui,teastore,teastore-webui-5648c5dddd-5xf7k,5648c5dddd,default,default.teastore.serviceaccount.identity.linkerd.cluster.local,,,
1615588113.729,response_latency_ms_count,,,10.1.45.78:4191,linkerd-proxy,linkerd,,linkerd-prometheus-5bccd64d4d-jzwmt,,12,,,,,linkerd-prometheus,prometheus,linkerd,outbound,,5bccd64d4d,200,true,linkerd,10.1.45.112:4191,,linkerd,teastore-webui,teastore,teastore-webui-5648c5dddd-5xf7k,5648c5dddd,default,default.teastore.serviceaccount.identity.linkerd.cluster.local,,,
1615588123.729,response_latency_ms_count,,,10.1.45.78:4191,linkerd-proxy,linkerd,,linkerd-prometheus-5bccd64d4d-jzwmt,,13,,,,,linkerd-prometheus,prometheus,linkerd,outbound,,5bccd64d4d,200,true,linkerd,10.1.45.112:4191,,linkerd,teastore-webui,teastore,teastore-webui-5648c5dddd-5xf7k,5648c5dddd,default,default.teastore.serviceaccount.identity.linkerd.cluster.local,,,
1615588133.729,response_latency_ms_count,,,10.1.45.78:4191,linkerd-proxy,linkerd,,linkerd-prometheus-5bccd64d4d-jzwmt,,14,,,,,linkerd-prometheus,prometheus,linkerd,outbound,,5bccd64d4d,200,true,linkerd,10.1.45.112:4191,,linkerd,teastore-webui,teastore,teastore-webui-5648c5dddd-5xf7k,5648c5dddd,default,default.teastore.serviceaccount.identity.linkerd.cluster.local,,,
1615588143.729,response_latency_ms_count,,,10.1.45.78:4191,linkerd-proxy,linkerd,,linkerd-prometheus-5bccd64d4d-jzwmt,,15,,,,,linkerd-prometheus,prometheus,linkerd,outbound,,5bccd64d4d,200,true,linkerd,10.1.45.112:4191,,linkerd,teastore-webui,teastore,teastore-webui-5648c5dddd-5xf7k,5648c5dddd,default,default.teastore.serviceaccount.identity.linkerd.cluster.local,,,
1615588153.729,response_latency_ms_count,,,10.1.45.78:4191,linkerd-proxy,linkerd,,linkerd-prometheus-5bccd64d4d-jzwmt,,16,,,,,linkerd-prometheus,prometheus,linkerd,outbound,,5bccd64d4d,200,true,linkerd,10.1.45.112:4191,,linkerd,teastore-webui,teastore,teastore-webui-5648c5dddd-5xf7k,5648c5dddd,default,default.teastore.serviceaccount.identity.linkerd.cluster.local,,,
1615588163.729,response_latency_ms_count,,,10.1.45.78:4191,linkerd-proxy,linkerd,,linkerd-prometheus-5bccd64d4d-jzwmt,,17,,,,,linkerd-prometheus,prometheus,linkerd,outbound,,5bccd64d4d,200,true,linkerd,10.1.45.112:4191,,linkerd,teastore-webui,teastore,teastore-webui-5648c5dddd-5xf7k,5648c5dddd,default,default.teastore.serviceaccount.identity.linkerd.cluster.local,,,
1615588173.729,response_latency_ms_count,,,10.1.45.78:4191,linkerd-proxy,linkerd,,linkerd-prometheus-5bccd64d4d-jzwmt,,18,,,,,linkerd-prometheus,prometheus,linkerd,outbound,,5bccd64d4d,200,true,linkerd,10.1.45.112:4191,,linkerd,teastore-webui,teastore,teastore-webui-5648c5dddd-5xf7k,5648c5dddd,default,default.teastore.serviceaccount.identity.linkerd.cluster.local,,,
1615588183.729,response_latency_ms_count,,,10.1.45.78:4191,linkerd-proxy,linkerd,,linkerd-prometheus-5bccd64d4d-jzwmt,,19,,,,,linkerd-prometheus,prometheus,linkerd,outbound,,5bccd64d4d,200,true,linkerd,10.1.45.112:4191,,linkerd,teastore-webui,teastore,teastore-webui-5648c5dddd-5xf7k,5648c5dddd,default,default.teastore.serviceaccount.identity.linkerd.cluster.local,,,
1615588193.731,response_latency_ms_count,,,10.1.45.78:4191,linkerd-proxy,linkerd,,linkerd-prometheus-5bccd64d4d-jzwmt,,20,,,,,linkerd-prometheus,prometheus,linkerd,outbound,,5bccd64d4d,200,true,linkerd,10.1.45.112:4191,,linkerd,teastore-webui,teastore,teastore-webui-5648c5dddd-5xf7k,5648c5dddd,default,default.teastore.serviceaccount.identity.linkerd.cluster.local,,,
1615588203.729,response_latency_ms_count,,,10.1.45.78:4191,linkerd-proxy,linkerd,,linkerd-prometheus-5bccd64d4d-jzwmt,,21,,,,,linkerd-prometheus,prometheus,linkerd,outbound,,5bccd64d4d,200,true,linkerd,10.1.45.112:4191,,linkerd,teastore-webui,teastore,teastore-webui-5648c5dddd-5xf7k,5648c5dddd,default,default.teastore.serviceaccount.identity.linkerd.cluster.local,,,
1615588092.605,response_latency_ms_count,,,10.1.45.112:4191,linkerd-proxy,teastore,,teastore-webui-5648c5dddd-5xf7k,,135,,,,,teastore-webui,,linkerd,outbound,,5648c5dddd,200,true,teastore,teastore-registry.teastore.svc.cluster.local:8080,,linkerd,teastore-registry,teastore,teastore-registry-c8b58678f-bf8xh,c8b58678f,default,default.teastore.serviceaccount.identity.linkerd.cluster.local,teastore,teastore-registry,teastore-webui
1615588102.605,response_latency_ms_count,,,10.1.45.112:4191,linkerd-proxy,teastore,,teastore-webui-5648c5dddd-5xf7k,,155,,,,,teastore-webui,,linkerd,outbound,,5648c5dddd,200,true,teastore,teastore-registry.teastore.svc.cluster.local:8080,,linkerd,teastore-registry,teastore,teastore-registry-c8b58678f-bf8xh,c8b58678f,default,default.teastore.serviceaccount.identity.linkerd.cluster.local,teastore,teastore-registry,teastore-webui
1615588112.605,response_latency_ms_count,,,10.1.45.112:4191,linkerd-proxy,teastore,,teastore-webui-5648c5dddd-5xf7k,,175,,,,,teastore-webui,,linkerd,outbound,,5648c5dddd,200,true,teastore,teastore-registry.teastore.svc.cluster.local:8080,,linkerd,teastore-registry,teastore,teastore-registry-c8b58678f-bf8xh,c8b58678f,default,default.teastore.serviceaccount.identity.linkerd.cluster.local,teastore,teastore-registry,teastore-webui
1615588122.605,response_latency_ms_count,,,10.1.45.112:4191,linkerd-proxy,teastore,,teastore-webui-5648c5dddd-5xf7k,,195,,,,,teastore-webui,,linkerd,outbound,,5648c5dddd,200,true,teastore,teastore-registry.teastore.svc.cluster.local:8080,,linkerd,teastore-registry,teastore,teastore-registry-c8b58678f-bf8xh,c8b58678f,default,default.teastore.serviceaccount.identity.linkerd.cluster.local,teastore,teastore-registry,teastore-webui
1615588132.605,response_latency_ms_count,,,10.1.45.112:4191,linkerd-proxy,teastore,,teastore-webui-5648c5dddd-5xf7k,,215,,,,,teastore-webui,,linkerd,outbound,,5648c5dddd,200,true,teastore,teastore-registry.teastore.svc.cluster.local:8080,,linkerd,teastore-registry,teastore,teastore-registry-c8b58678f-bf8xh,c8b58678f,default,default.teastore.serviceaccount.identity.linkerd.cluster.local,teastore,teastore-registry,teastore-webui
1615588142.605,response_latency_ms_count,,,10.1.45.112:4191,linkerd-proxy,teastore,,teastore-webui-5648c5dddd-5xf7k,,234,,,,,teastore-webui,,linkerd,outbound,,5648c5dddd,200,true,teastore,teastore-registry.teastore.svc.cluster.local:8080,,linkerd,teastore-registry,teastore,teastore-registry-c8b58678f-bf8xh,c8b58678f,default,default.teastore.serviceaccount.identity.linkerd.cluster.local,teastore,teastore-registry,teastore-webui
1615588152.605,response_latency_ms_count,,,10.1.45.112:4191,linkerd-proxy,teastore,,teastore-webui-5648c5dddd-5xf7k,,255,,,,,teastore-webui,,linkerd,outbound,,5648c5dddd,200,true,teastore,teastore-registry.teastore.svc.cluster.local:8080,,linkerd,teastore-registry,teastore,teastore-registry-c8b58678f-bf8xh,c8b58678f,default,default.teastore.serviceaccount.identity.linkerd.cluster.local,teastore,teastore-registry,teastore-webui
1615588162.605,response_latency_ms_count,,,10.1.45.112:4191,linkerd-proxy,teastore,,teastore-webui-5648c5dddd-5xf7k,,274,,,,,teastore-webui,,linkerd,outbound,,5648c5dddd,200,true,teastore,teastore-registry.teastore.svc.cluster.local:8080,,linkerd,teastore-registry,teastore,teastore-registry-c8b58678f-bf8xh,c8b58678f,default,default.teastore.serviceaccount.identity.linkerd.cluster.local,teastore,teastore-registry,teastore-webui
1615588172.605,response_latency_ms_count,,,10.1.45.112:4191,linkerd-proxy,teastore,,teastore-webui-5648c5dddd-5xf7k,,295,,,,,teastore-webui,,linkerd,outbound,,5648c5dddd,200,true,teastore,teastore-registry.teastore.svc.cluster.local:8080,,linkerd,teastore-registry,teastore,teastore-registry-c8b58678f-bf8xh,c8b58678f,default,default.teastore.serviceaccount.identity.linkerd.cluster.local,teastore,teastore-registry,teastore-webui
1615588182.605,response_latency_ms_count,,,10.1.45.112:4191,linkerd-proxy,teastore,,teastore-webui-5648c5dddd-5xf7k,,314,,,,,teastore-webui,,linkerd,outbound,,5648c5dddd,200,true,teastore,teastore-registry.teastore.svc.cluster.local:8080,,linkerd,teastore-registry,teastore,teastore-registry-c8b58678f-bf8xh,c8b58678f,default,default.teastore.serviceaccount.identity.linkerd.cluster.local,teastore,teastore-registry,teastore-webui
1615588192.605,response_latency_ms_count,,,10.1.45.112:4191,linkerd-proxy,teastore,,teastore-webui-5648c5dddd-5xf7k,,327,,,,,teastore-webui,,linkerd,outbound,,5648c5dddd,200,true,teastore,teastore-registry.teastore.svc.cluster.local:8080,,linkerd,teastore-registry,teastore,teastore-registry-c8b58678f-bf8xh,c8b58678f,default,default.teastore.serviceaccount.identity.linkerd.cluster.local,teastore,teastore-registry,teastore-webui
1615588202.605,response_latency_ms_count,,,10.1.45.112:4191,linkerd-proxy,teastore,,teastore-webui-5648c5dddd-5xf7k,,352,,,,,teastore-webui,,linkerd,outbound,,5648c5dddd,200,true,teastore,teastore-registry.teastore.svc.cluster.local:8080,,linkerd,teastore-registry,teastore,teastore-registry-c8b58678f-bf8xh,c8b58678f,default,default.teastore.serviceaccount.identity.linkerd.cluster.local,teastore,teastore-registry,teastore-webui
1615588092.605,response_latency_ms_count,,,10.1.45.112:4191,linkerd-proxy,teastore,,teastore-webui-5648c5dddd-5xf7k,,6,,,,,teastore-webui,,linkerd,outbound,,5648c5dddd,200,true,teastore,teastore-persistence.teastore.svc.cluster.local:8080,,linkerd,teastore-persistence,teastore,teastore-persistence-d9666cc75-l847s,d9666cc75,default,default.teastore.serviceaccount.identity.linkerd.cluster.local,teastore,teastore-persistence,teastore-webui
1615588102.605,response_latency_ms_count,,,10.1.45.112:4191,linkerd-proxy,teastore,,teastore-webui-5648c5dddd-5xf7k,,10,,,,,teastore-webui,,linkerd,outbound,,5648c5dddd,200,true,teastore,teastore-persistence.teastore.svc.cluster.local:8080,,linkerd,teastore-persistence,teastore,teastore-persistence-d9666cc75-l847s,d9666cc75,default,default.teastore.serviceaccount.identity.linkerd.cluster.local,teastore,teastore-persistence,teastore-webui
1615588112.605,response_latency_ms_count,,,10.1.45.112:4191,linkerd-proxy,teastore,,teastore-webui-5648c5dddd-5xf7k,,16,,,,,teastore-webui,,linkerd,outbound,,5648c5dddd,200,true,teastore,teastore-persistence.teastore.svc.cluster.local:8080,,linkerd,teastore-persistence,teastore,teastore-persistence-d9666cc75-l847s,d9666cc75,default,default.teastore.serviceaccount.identity.linkerd.cluster.local,teastore,teastore-persistence,teastore-webui
1615588122.605,response_latency_ms_count,,,10.1.45.112:4191,linkerd-proxy,teastore,,teastore-webui-5648c5dddd-5xf7k,,21,,,,,teastore-webui,,linkerd,outbound,,5648c5dddd,200,true,teastore,teastore-persistence.teastore.svc.cluster.local:8080,,linkerd,teastore-persistence,teastore,teastore-persistence-d9666cc75-l847s,d9666cc75,default,default.teastore.serviceaccount.identity.linkerd.cluster.local,teastore,teastore-persistence,teastore-webui
1615588132.605,response_latency_ms_count,,,10.1.45.112:4191,linkerd-proxy,teastore,,teastore-webui-5648c5dddd-5xf7k,,50,,,,,teastore-webui,,linkerd,outbound,,5648c5dddd,200,true,teastore,teastore-persistence.teastore.svc.cluster.local:8080,,linkerd,teastore-persistence,teastore,teastore-persistence-d9666cc75-l847s,d9666cc75,default,default.teastore.serviceaccount.identity.linkerd.cluster.local,teastore,teastore-persistence,teastore-webui
1615588142.605,response_latency_ms_count,,,10.1.45.112:4191,linkerd-proxy,teastore,,teastore-webui-5648c5dddd-5xf7k,,168,,,,,teastore-webui,,linkerd,outbound,,5648c5dddd,200,true,teastore,teastore-persistence.teastore.svc.cluster.local:8080,,linkerd,teastore-persistence,teastore,teastore-persistence-d9666cc75-l847s,d9666cc75,default,default.teastore.serviceaccount.identity.linkerd.cluster.local,teastore,teastore-persistence,teastore-webui
1615588152.605,response_latency_ms_count,,,10.1.45.112:4191,linkerd-proxy,teastore,,teastore-webui-5648c5dddd-5xf7k,,257,,,,,teastore-webui,,linkerd,outbound,,5648c5dddd,200,true,teastore,teastore-persistence.teastore.svc.cluster.local:8080,,linkerd,teastore-persistence,teastore,teastore-persistence-d9666cc75-l847s,d9666cc75,default,default.teastore.serviceaccount.identity.linkerd.cluster.local,teastore,teastore-persistence,teastore-webui
1615588162.605,response_latency_ms_count,,,10.1.45.112:4191,linkerd-proxy,teastore,,teastore-webui-5648c5dddd-5xf7k,,352,,,,,teastore-webui,,linkerd,outbound,,5648c5dddd,200,true,teastore,teastore-persistence.teastore.svc.cluster.local:8080,,linkerd,teastore-persistence,teastore,teastore-persistence-d9666cc75-l847s,d9666cc75,default,default.teastore.serviceaccount.identity.linkerd.cluster.local,teastore,teastore-persistence,teastore-webui
1615588172.605,response_latency_ms_count,,,10.1.45.112:4191,linkerd-proxy,teastore,,teastore-webui-5648c5dddd-5xf7k,,839,,,,,teastore-webui,,linkerd,outbound,,5648c5dddd,200,true,teastore,teastore-persistence.teastore.svc.cluster.local:8080,,linkerd,teastore-persistence,teastore,teastore-persistence-d9666cc75-l847s,d9666cc75,default,default.teastore.serviceaccount.identity.linkerd.cluster.local,teastore,teastore-persistence,teastore-webui
1615588182.605,response_latency_ms_count,,,10.1.45.112:4191,linkerd-proxy,teastore,,teastore-webui-5648c5dddd-5xf7k,,950,,,,,teastore-webui,,linkerd,outbound,,5648c5dddd,200,true,teastore,teastore-persistence.teastore.svc.cluster.local:8080,,linkerd,teastore-persistence,teastore,teastore-persistence-d9666cc75-l847s,d9666cc75,default,default.teastore.serviceaccount.identity.linkerd.cluster.local,teastore,teastore-persistence,teastore-webui
1615588192.605,response_latency_ms_count,,,10.1.45.112:4191,linkerd-proxy,teastore,,teastore-webui-5648c5dddd-5xf7k,,1582,,,,,teastore-webui,,linkerd,outbound,,5648c5dddd,200,true,teastore,teastore-persistence.teastore.svc.cluster.local:8080,,linkerd,teastore-persistence,teastore,teastore-persistence-d9666cc75-l847s,d9666cc75,default,default.teastore.serviceaccount.identity.linkerd.cluster.local,teastore,teastore-persistence,teastore-webui
1615588202.605,response_latency_ms_count,,,10.1.45.112:4191,linkerd-proxy,teastore,,teastore-webui-5648c5dddd-5xf7k,,2187,,,,,teastore-webui,,linkerd,outbound,,5648c5dddd,200,true,teastore,teastore-persistence.teastore.svc.cluster.local:8080,,linkerd,teastore-persistence,teastore,teastore-persistence-d9666cc75-l847s,d9666cc75,default,default.teastore.serviceaccount.identity.linkerd.cluster.local,teastore,teastore-persistence,teastore-webui
1615588102.605,response_latency_ms_count,,,10.1.45.112:4191,linkerd-proxy,teastore,,teastore-webui-5648c5dddd-5xf7k,,8,,,,,teastore-webui,,linkerd,outbound,,5648c5dddd,200,true,teastore,teastore-auth.teastore.svc.cluster.local:8080,,linkerd,teastore-auth,teastore,teastore-auth-5c8f77dbb8-sx8wp,5c8f77dbb8,default,default.teastore.serviceaccount.identity.linkerd.cluster.local,teastore,teastore-auth,teastore-webui
1615588112.605,response_latency_ms_count,,,10.1.45.112:4191,linkerd-proxy,teastore,,teastore-webui-5648c5dddd-5xf7k,,15,,,,,teastore-webui,,linkerd,outbound,,5648c5dddd,200,true,teastore,teastore-auth.teastore.svc.cluster.local:8080,,linkerd,teastore-auth,teastore,teastore-auth-5c8f77dbb8-sx8wp,5c8f77dbb8,default,default.teastore.serviceaccount.identity.linkerd.cluster.local,teastore,teastore-auth,teastore-webui
1615588122.605,response_latency_ms_count,,,10.1.45.112:4191,linkerd-proxy,teastore,,teastore-webui-5648c5dddd-5xf7k,,20,,,,,teastore-webui,,linkerd,outbound,,5648c5dddd,200,true,teastore,teastore-auth.teastore.svc.cluster.local:8080,,linkerd,teastore-auth,teastore,teastore-auth-5c8f77dbb8-sx8wp,5c8f77dbb8,default,default.teastore.serviceaccount.identity.linkerd.cluster.local,teastore,teastore-auth,teastore-webui
1615588132.605,response_latency_ms_count,,,10.1.45.112:4191,linkerd-proxy,teastore,,teastore-webui-5648c5dddd-5xf7k,,49,,,,,teastore-webui,,linkerd,outbound,,5648c5dddd,200,true,teastore,teastore-auth.teastore.svc.cluster.local:8080,,linkerd,teastore-auth,teastore,teastore-auth-5c8f77dbb8-sx8wp,5c8f77dbb8,default,default.teastore.serviceaccount.identity.linkerd.cluster.local,teastore,teastore-auth,teastore-webui
1615588142.605,response_latency_ms_count,,,10.1.45.112:4191,linkerd-proxy,teastore,,teastore-webui-5648c5dddd-5xf7k,,112,,,,,teastore-webui,,linkerd,outbound,,5648c5dddd,200,true,teastore,teastore-auth.teastore.svc.cluster.local:8080,,linkerd,teastore-auth,teastore,teastore-auth-5c8f77dbb8-sx8wp,5c8f77dbb8,default,default.teastore.serviceaccount.identity.linkerd.cluster.local,teastore,teastore-auth,teastore-webui
1615588152.605,response_latency_ms_count,,,10.1.45.112:4191,linkerd-proxy,teastore,,teastore-webui-5648c5dddd-5xf7k,,185,,,,,teastore-webui,,linkerd,outbound,,5648c5dddd,200,true,teastore,teastore-auth.teastore.svc.cluster.local:8080,,linkerd,teastore-auth,teastore,teastore-auth-5c8f77dbb8-sx8wp,5c8f77dbb8,default,default.teastore.serviceaccount.identity.linkerd.cluster.local,teastore,teastore-auth,teastore-webui
1615588162.605,response_latency_ms_count,,,10.1.45.112:4191,linkerd-proxy,teastore,,teastore-webui-5648c5dddd-5xf7k,,234,,,,,teastore-webui,,linkerd,outbound,,5648c5dddd,200,true,teastore,teastore-auth.teastore.svc.cluster.local:8080,,linkerd,teastore-auth,teastore,teastore-auth-5c8f77dbb8-sx8wp,5c8f77dbb8,default,default.teastore.serviceaccount.identity.linkerd.cluster.local,teastore,teastore-auth,teastore-webui
1615588172.605,response_latency_ms_count,,,10.1.45.112:4191,linkerd-proxy,teastore,,teastore-webui-5648c5dddd-5xf7k,,267,,,,,teastore-webui,,linkerd,outbound,,5648c5dddd,200,true,teastore,teastore-auth.teastore.svc.cluster.local:8080,,linkerd,teastore-auth,teastore,teastore-auth-5c8f77dbb8-sx8wp,5c8f77dbb8,default,default.teastore.serviceaccount.identity.linkerd.cluster.local,teastore,teastore-auth,teastore-webui
1615588182.605,response_latency_ms_count,,,10.1.45.112:4191,linkerd-proxy,teastore,,teastore-webui-5648c5dddd-5xf7k,,299,,,,,teastore-webui,,linkerd,outbound,,5648c5dddd,200,true,teastore,teastore-auth.teastore.svc.cluster.local:8080,,linkerd,teastore-auth,teastore,teastore-auth-5c8f77dbb8-sx8wp,5c8f77dbb8,default,default.teastore.serviceaccount.identity.linkerd.cluster.local,teastore,teastore-auth,teastore-webui
1615588192.605,response_latency_ms_count,,,10.1.45.112:4191,linkerd-proxy,teastore,,teastore-webui-5648c5dddd-5xf7k,,467,,,,,teastore-webui,,linkerd,outbound,,5648c5dddd,200,true,teastore,teastore-auth.teastore.svc.cluster.local:8080,,linkerd,teastore-auth,teastore,teastore-auth-5c8f77dbb8-sx8wp,5c8f77dbb8,default,default.teastore.serviceaccount.identity.linkerd.cluster.local,teastore,teastore-auth,teastore-webui
1615588202.605,response_latency_ms_count,,,10.1.45.112:4191,linkerd-proxy,teastore,,teastore-webui-5648c5dddd-5xf7k,,683,,,,,teastore-webui,,linkerd,outbound,,5648c5dddd,200,true,teastore,teastore-auth.teastore.svc.cluster.local:8080,,linkerd,teastore-auth,teastore,teastore-auth-5c8f77dbb8-sx8wp,5c8f77dbb8,default,default.teastore.serviceaccount.identity.linkerd.cluster.local,teastore,teastore-auth,teastore-webui
1615588102.605,response_latency_ms_count,,,10.1.45.112:4191,linkerd-proxy,teastore,,teastore-webui-5648c5dddd-5xf7k,,7,,,,,teastore-webui,,linkerd,outbound,,5648c5dddd,200,true,teastore,teastore-image.teastore.svc.cluster.local:8080,,linkerd,teastore-image,teastore,teastore-image-77b5d74b7d-vt6qj,77b5d74b7d,default,default.teastore.serviceaccount.identity.linkerd.cluster.local,teastore,teastore-image,teastore-webui
1615588112.605,response_latency_ms_count,,,10.1.45.112:4191,linkerd-proxy,teastore,,teastore-webui-5648c5dddd-5xf7k,,14,,,,,teastore-webui,,linkerd,outbound,,5648c5dddd,200,true,teastore,teastore-image.teastore.svc.cluster.local:8080,,linkerd,teastore-image,teastore,teastore-image-77b5d74b7d-vt6qj,77b5d74b7d,default,default.teastore.serviceaccount.identity.linkerd.cluster.local,teastore,teastore-image,teastore-webui
1615588122.605,response_latency_ms_count,,,10.1.45.112:4191,linkerd-proxy,teastore,,teastore-webui-5648c5dddd-5xf7k,,19,,,,,teastore-webui,,linkerd,outbound,,5648c5dddd,200,true,teastore,teastore-image.teastore.svc.cluster.local:8080,,linkerd,teastore-image,teastore,teastore-image-77b5d74b7d-vt6qj,77b5d74b7d,default,default.teastore.serviceaccount.identity.linkerd.cluster.local,teastore,teastore-image,teastore-webui
1615588132.605,response_latency_ms_count,,,10.1.45.112:4191,linkerd-proxy,teastore,,teastore-webui-5648c5dddd-5xf7k,,48,,,,,teastore-webui,,linkerd,outbound,,5648c5dddd,200,true,teastore,teastore-image.teastore.svc.cluster.local:8080,,linkerd,teastore-image,teastore,teastore-image-77b5d74b7d-vt6qj,77b5d74b7d,default,default.teastore.serviceaccount.identity.linkerd.cluster.local,teastore,teastore-image,teastore-webui
1615588142.605,response_latency_ms_count,,,10.1.45.112:4191,linkerd-proxy,teastore,,teastore-webui-5648c5dddd-5xf7k,,100,,,,,teastore-webui,,linkerd,outbound,,5648c5dddd,200,true,teastore,teastore-image.teastore.svc.cluster.local:8080,,linkerd,teastore-image,teastore,teastore-image-77b5d74b7d-vt6qj,77b5d74b7d,default,default.teastore.serviceaccount.identity.linkerd.cluster.local,teastore,teastore-image,teastore-webui
1615588152.605,response_latency_ms_count,,,10.1.45.112:4191,linkerd-proxy,teastore,,teastore-webui-5648c5dddd-5xf7k,,183,,,,,teastore-webui,,linkerd,outbound,,5648c5dddd,200,true,teastore,teastore-image.teastore.svc.cluster.local:8080,,linkerd,teastore-image,teastore,teastore-image-77b5d74b7d-vt6qj,77b5d74b7d,default,default.teastore.serviceaccount.identity.linkerd.cluster.local,teastore,teastore-image,teastore-webui
1615588162.605,response_latency_ms_count,,,10.1.45.112:4191,linkerd-proxy,teastore,,teastore-webui-5648c5dddd-5xf7k,,194,,,,,teastore-webui,,linkerd,outbound,,5648c5dddd,200,true,teastore,teastore-image.teastore.svc.cluster.local:8080,,linkerd,teastore-image,teastore,teastore-image-77b5d74b7d-vt6qj,77b5d74b7d,default,default.teastore.serviceaccount.identity.linkerd.cluster.local,teastore,teastore-image,teastore-webui
1615588172.605,response_latency_ms_count,,,10.1.45.112:4191,linkerd-proxy,teastore,,teastore-webui-5648c5dddd-5xf7k,,353,,,,,teastore-webui,,linkerd,outbound,,5648c5dddd,200,true,teastore,teastore-image.teastore.svc.cluster.local:8080,,linkerd,teastore-image,teastore,teastore-image-77b5d74b7d-vt6qj,77b5d74b7d,default,default.teastore.serviceaccount.identity.linkerd.cluster.local,teastore,teastore-image,teastore-webui
1615588182.605,response_latency_ms_count,,,10.1.45.112:4191,linkerd-proxy,teastore,,teastore-webui-5648c5dddd-5xf7k,,398,,,,,teastore-webui,,linkerd,outbound,,5648c5dddd,200,true,teastore,teastore-image.teastore.svc.cluster.local:8080,,linkerd,teastore-image,teastore,teastore-image-77b5d74b7d-vt6qj,77b5d74b7d,default,default.teastore.serviceaccount.identity.linkerd.cluster.local,teastore,teastore-image,teastore-webui
1615588192.605,response_latency_ms_count,,,10.1.45.112:4191,linkerd-proxy,teastore,,teastore-webui-5648c5dddd-5xf7k,,604,,,,,teastore-webui,,linkerd,outbound,,5648c5dddd,200,true,teastore,teastore-image.teastore.svc.cluster.local:8080,,linkerd,teastore-image,teastore,teastore-image-77b5d74b7d-vt6qj,77b5d74b7d,default,default.teastore.serviceaccount.identity.linkerd.cluster.local,teastore,teastore-image,teastore-webui
1615588202.605,response_latency_ms_count,,,10.1.45.112:4191,linkerd-proxy,teastore,,teastore-webui-5648c5dddd-5xf7k,,860,,,,,teastore-webui,,linkerd,outbound,,5648c5dddd,200,true,teastore,teastore-image.teastore.svc.cluster.local:8080,,linkerd,teastore-image,teastore,teastore-image-77b5d74b7d-vt6qj,77b5d74b7d,default,default.teastore.serviceaccount.identity.linkerd.cluster.local,teastore,teastore-image,teastore-webui
1615588122.605,response_latency_ms_count,,,10.1.45.112:4191,linkerd-proxy,teastore,,teastore-webui-5648c5dddd-5xf7k,,1,,,,,teastore-webui,,linkerd,inbound,no_tls_from_remote,5648c5dddd,500,no_identity,teastore,localhost:30080,,,,,,,,,teastore,,teastore-webui
1615588132.605,response_latency_ms_count,,,10.1.45.112:4191,linkerd-proxy,teastore,,teastore-webui-5648c5dddd-5xf7k,,2,,,,,teastore-webui,,linkerd,inbound,no_tls_from_remote,5648c5dddd,500,no_identity,teastore,localhost:30080,,,,,,,,,teastore,,teastore-webui
1615588142.605,response_latency_ms_count,,,10.1.45.112:4191,linkerd-proxy,teastore,,teastore-webui-5648c5dddd-5xf7k,,2,,,,,teastore-webui,,linkerd,inbound,no_tls_from_remote,5648c5dddd,500,no_identity,teastore,localhost:30080,,,,,,,,,teastore,,teastore-webui
1615588152.605,response_latency_ms_count,,,10.1.45.112:4191,linkerd-proxy,teastore,,teastore-webui-5648c5dddd-5xf7k,,2,,,,,teastore-webui,,linkerd,inbound,no_tls_from_remote,5648c5dddd,500,no_identity,teastore,localhost:30080,,,,,,,,,teastore,,teastore-webui
1615588162.605,response_latency_ms_count,,,10.1.45.112:4191,linkerd-proxy,teastore,,teastore-webui-5648c5dddd-5xf7k,,2,,,,,teastore-webui,,linkerd,inbound,no_tls_from_remote,5648c5dddd,500,no_identity,teastore,localhost:30080,,,,,,,,,teastore,,teastore-webui
1615588172.605,response_latency_ms_count,,,10.1.45.112:4191,linkerd-proxy,teastore,,teastore-webui-5648c5dddd-5xf7k,,2,,,,,teastore-webui,,linkerd,inbound,no_tls_from_remote,5648c5dddd,500,no_identity,teastore,localhost:30080,,,,,,,,,teastore,,teastore-webui
1615588182.605,response_latency_ms_count,,,10.1.45.112:4191,linkerd-proxy,teastore,,teastore-webui-5648c5dddd-5xf7k,,16,,,,,teastore-webui,,linkerd,inbound,no_tls_from_remote,5648c5dddd,500,no_identity,teastore,localhost:30080,,,,,,,,,teastore,,teastore-webui
1615588192.605,response_latency_ms_count,,,10.1.45.112:4191,linkerd-proxy,teastore,,teastore-webui-5648c5dddd-5xf7k,,58,,,,,teastore-webui,,linkerd,inbound,no_tls_from_remote,5648c5dddd,500,no_identity,teastore,localhost:30080,,,,,,,,,teastore,,teastore-webui
1615588202.605,response_latency_ms_count,,,10.1.45.112:4191,linkerd-proxy,teastore,,teastore-webui-5648c5dddd-5xf7k,,103,,,,,teastore-webui,,linkerd,inbound,no_tls_from_remote,5648c5dddd,500,no_identity,teastore,localhost:30080,,,,,,,,,teastore,,teastore-webui
1615588132.605,response_latency_ms_count,,,10.1.45.112:4191,linkerd-proxy,teastore,,teastore-webui-5648c5dddd-5xf7k,,23,,,,,teastore-webui,,linkerd,inbound,no_tls_from_remote,5648c5dddd,200,no_identity,teastore,localhost:30080,,,,,,,,,teastore,,teastore-webui
1615588142.605,response_latency_ms_count,,,10.1.45.112:4191,linkerd-proxy,teastore,,teastore-webui-5648c5dddd-5xf7k,,82,,,,,teastore-webui,,linkerd,inbound,no_tls_from_remote,5648c5dddd,200,no_identity,teastore,localhost:30080,,,,,,,,,teastore,,teastore-webui
1615588152.605,response_latency_ms_count,,,10.1.45.112:4191,linkerd-proxy,teastore,,teastore-webui-5648c5dddd-5xf7k,,110,,,,,teastore-webui,,linkerd,inbound,no_tls_from_remote,5648c5dddd,200,no_identity,teastore,localhost:30080,,,,,,,,,teastore,,teastore-webui
1615588162.605,response_latency_ms_count,,,10.1.45.112:4191,linkerd-proxy,teastore,,teastore-webui-5648c5dddd-5xf7k,,155,,,,,teastore-webui,,linkerd,inbound,no_tls_from_remote,5648c5dddd,200,no_identity,teastore,localhost:30080,,,,,,,,,teastore,,teastore-webui
1615588172.605,response_latency_ms_count,,,10.1.45.112:4191,linkerd-proxy,teastore,,teastore-webui-5648c5dddd-5xf7k,,176,,,,,teastore-webui,,linkerd,inbound,no_tls_from_remote,5648c5dddd,200,no_identity,teastore,localhost:30080,,,,,,,,,teastore,,teastore-webui
1615588182.605,response_latency_ms_count,,,10.1.45.112:4191,linkerd-proxy,teastore,,teastore-webui-5648c5dddd-5xf7k,,247,,,,,teastore-webui,,linkerd,inbound,no_tls_from_remote,5648c5dddd,200,no_identity,teastore,localhost:30080,,,,,,,,,teastore,,teastore-webui
1615588192.605,response_latency_ms_count,,,10.1.45.112:4191,linkerd-proxy,teastore,,teastore-webui-5648c5dddd-5xf7k,,350,,,,,teastore-webui,,linkerd,inbound,no_tls_from_remote,5648c5dddd,200,no_identity,teastore,localhost:30080,,,,,,,,,teastore,,teastore-webui
1615588202.605,response_latency_ms_count,,,10.1.45.112:4191,linkerd-proxy,teastore,,teastore-webui-5648c5dddd-5xf7k,,514,,,,,teastore-webui,,linkerd,inbound,no_tls_from_remote,5648c5dddd,200,no_identity,teastore,localhost:30080,,,,,,,,,teastore,,teastore-webui
1615588142.605,response_latency_ms_count,,,10.1.45.112:4191,linkerd-proxy,teastore,,teastore-webui-5648c5dddd-5xf7k,,28,,,,,teastore-webui,,linkerd,inbound,no_tls_from_remote,5648c5dddd,302,no_identity,teastore,localhost:30080,,,,,,,,,teastore,,teastore-webui
1615588152.605,response_latency_ms_count,,,10.1.45.112:4191,linkerd-proxy,teastore,,teastore-webui-5648c5dddd-5xf7k,,37,,,,,teastore-webui,,linkerd,inbound,no_tls_from_remote,5648c5dddd,302,no_identity,teastore,localhost:30080,,,,,,,,,teastore,,teastore-webui
1615588162.605,response_latency_ms_count,,,10.1.45.112:4191,linkerd-proxy,teastore,,teastore-webui-5648c5dddd-5xf7k,,39,,,,,teastore-webui,,linkerd,inbound,no_tls_from_remote,5648c5dddd,302,no_identity,teastore,localhost:30080,,,,,,,,,teastore,,teastore-webui
1615588172.605,response_latency_ms_count,,,10.1.45.112:4191,linkerd-proxy,teastore,,teastore-webui-5648c5dddd-5xf7k,,45,,,,,teastore-webui,,linkerd,inbound,no_tls_from_remote,5648c5dddd,302,no_identity,teastore,localhost:30080,,,,,,,,,teastore,,teastore-webui
1615588182.605,response_latency_ms_count,,,10.1.45.112:4191,linkerd-proxy,teastore,,teastore-webui-5648c5dddd-5xf7k,,50,,,,,teastore-webui,,linkerd,inbound,no_tls_from_remote,5648c5dddd,302,no_identity,teastore,localhost:30080,,,,,,,,,teastore,,teastore-webui
1615588192.605,response_latency_ms_count,,,10.1.45.112:4191,linkerd-proxy,teastore,,teastore-webui-5648c5dddd-5xf7k,,97,,,,,teastore-webui,,linkerd,inbound,no_tls_from_remote,5648c5dddd,302,no_identity,teastore,localhost:30080,,,,,,,,,teastore,,teastore-webui
1615588202.605,response_latency_ms_count,,,10.1.45.112:4191,linkerd-proxy,teastore,,teastore-webui-5648c5dddd-5xf7k,,168,,,,,teastore-webui,,linkerd,inbound,no_tls_from_remote,5648c5dddd,302,no_identity,teastore,localhost:30080,,,,,,,,,teastore,,teastore-webui
1615588162.605,response_latency_ms_count,,,10.1.45.112:4191,linkerd-proxy,teastore,,teastore-webui-5648c5dddd-5xf7k,,21,,,,,teastore-webui,,linkerd,outbound,,5648c5dddd,200,true,teastore,teastore-recommender.teastore.svc.cluster.local:8080,,linkerd,teastore-recommender,teastore,teastore-recommender-597fccb746-vtcxt,597fccb746,default,default.teastore.serviceaccount.identity.linkerd.cluster.local,teastore,teastore-recommender,teastore-webui
1615588172.605,response_latency_ms_count,,,10.1.45.112:4191,linkerd-proxy,teastore,,teastore-webui-5648c5dddd-5xf7k,,44,,,,,teastore-webui,,linkerd,outbound,,5648c5dddd,200,true,teastore,teastore-recommender.teastore.svc.cluster.local:8080,,linkerd,teastore-recommender,teastore,teastore-recommender-597fccb746-vtcxt,597fccb746,default,default.teastore.serviceaccount.identity.linkerd.cluster.local,teastore,teastore-recommender,teastore-webui
1615588182.605,response_latency_ms_count,,,10.1.45.112:4191,linkerd-proxy,teastore,,teastore-webui-5648c5dddd-5xf7k,,50,,,,,teastore-webui,,linkerd,outbound,,5648c5dddd,200,true,teastore,teastore-recommender.teastore.svc.cluster.local:8080,,linkerd,teastore-recommender,teastore,teastore-recommender-597fccb746-vtcxt,597fccb746,default,default.teastore.serviceaccount.identity.linkerd.cluster.local,teastore,teastore-recommender,teastore-webui
1615588192.605,response_latency_ms_count,,,10.1.45.112:4191,linkerd-proxy,teastore,,teastore-webui-5648c5dddd-5xf7k,,85,,,,,teastore-webui,,linkerd,outbound,,5648c5dddd,200,true,teastore,teastore-recommender.teastore.svc.cluster.local:8080,,linkerd,teastore-recommender,teastore,teastore-recommender-597fccb746-vtcxt,597fccb746,default,default.teastore.serviceaccount.identity.linkerd.cluster.local,teastore,teastore-recommender,teastore-webui
1615588202.605,response_latency_ms_count,,,10.1.45.112:4191,linkerd-proxy,teastore,,teastore-webui-5648c5dddd-5xf7k,,124,,,,,teastore-webui,,linkerd,outbound,,5648c5dddd,200,true,teastore,teastore-recommender.teastore.svc.cluster.local:8080,,linkerd,teastore-recommender,teastore,teastore-recommender-597fccb746-vtcxt,597fccb746,default,default.teastore.serviceaccount.identity.linkerd.cluster.local,teastore,teastore-recommender,teastore-webui
