timestamp,__name__,cpu,endpoint,id,instance,job,metrics_path,node,service,value,namespace,pod,container,image,name
1609947153.765,container_cpu_usage_seconds_total,total,https-metrics,/,192.168.65.3:10250,kubelet,/metrics/cadvisor,docker-desktop,prometheus-prometheus-oper-kubelet,44835.244181778,,,,,
1609947183.96,container_cpu_usage_seconds_total,total,https-metrics,/,192.168.65.3:10250,kubelet,/metrics/cadvisor,docker-desktop,prometheus-prometheus-oper-kubelet,44845.447735392,,,,,
1609947214.117,container_cpu_usage_seconds_total,total,https-metrics,/,192.168.65.3:10250,kubelet,/metrics/cadvisor,docker-desktop,prometheus-prometheus-oper-kubelet,44855.21841073,,,,,
1609947244.296,container_cpu_usage_seconds_total,total,https-metrics,/,192.168.65.3:10250,kubelet,/metrics/cadvisor,docker-desktop,prometheus-prometheus-oper-kubelet,44865.468017913,,,,,
1609947274.485,container_cpu_usage_seconds_total,total,https-metrics,/,192.168.65.3:10250,kubelet,/metrics/cadvisor,docker-desktop,prometheus-prometheus-oper-kubelet,44876.728317634,,,,,
1609947304.658,container_cpu_usage_seconds_total,total,https-metrics,/,192.168.65.3:10250,kubelet,/metrics/cadvisor,docker-desktop,prometheus-prometheus-oper-kubelet,44886.894851383,,,,,
1609947334.918,container_cpu_usage_seconds_total,total,https-metrics,/,192.168.65.3:10250,kubelet,/metrics/cadvisor,docker-desktop,prometheus-prometheus-oper-kubelet,44968.111204569,,,,,
1609947355.371,container_cpu_usage_seconds_total,total,https-metrics,/,192.168.65.3:10250,kubelet,/metrics/cadvisor,docker-desktop,prometheus-prometheus-oper-kubelet,45069.041013824,,,,,
1609947385.579,container_cpu_usage_seconds_total,total,https-metrics,/,192.168.65.3:10250,kubelet,/metrics/cadvisor,docker-desktop,prometheus-prometheus-oper-kubelet,45124.137502978,,,,,
1609947415.713,container_cpu_usage_seconds_total,total,https-metrics,/,192.168.65.3:10250,kubelet,/metrics/cadvisor,docker-desktop,prometheus-prometheus-oper-kubelet,45132.740932347,,,,,
1609947175.479,container_cpu_usage_seconds_total,total,https-metrics,/000-metadata,192.168.65.3:10250,kubelet,/metrics/cadvisor,docker-desktop,prometheus-prometheus-oper-kubelet,0.365112241,,,,,
1609947211.909,container_cpu_usage_seconds_total,total,https-metrics,/000-metadata,192.168.65.3:10250,kubelet,/metrics/cadvisor,docker-desktop,prometheus-prometheus-oper-kubelet,0.365112241,,,,,
1609947238.444,container_cpu_usage_seconds_total,total,https-metrics,/000-metadata,192.168.65.3:10250,kubelet,/metrics/cadvisor,docker-desktop,prometheus-prometheus-oper-kubelet,0.365112241,,,,,
1609947249.786,container_cpu_usage_seconds_total,total,https-metrics,/000-metadata,192.168.65.3:10250,kubelet,/metrics/cadvisor,docker-desktop,prometheus-prometheus-oper-kubelet,0.365112241,,,,,
1609947296.486,container_cpu_usage_seconds_total,total,https-metrics,/000-metadata,192.168.65.3:10250,kubelet,/metrics/cadvisor,docker-desktop,prometheus-prometheus-oper-kubelet,0.365112241,,,,,
1609947333.004,container_cpu_usage_seconds_total,total,https-metrics,/000-metadata,192.168.65.3:10250,kubelet,/metrics/cadvisor,docker-desktop,prometheus-prometheus-oper-kubelet,0.365112241,,,,,
1609947355.557,container_cpu_usage_seconds_total,total,https-metrics,/000-metadata,192.168.65.3:10250,kubelet,/metrics/cadvisor,docker-desktop,prometheus-prometheus-oper-kubelet,0.365112241,,,,,
1609947392.127,container_cpu_usage_seconds_total,total,https-metrics,/000-metadata,192.168.65.3:10250,kubelet,/metrics/cadvisor,docker-desktop,prometheus-prometheus-oper-kubelet,0.365112241,,,,,
1609947407.831,container_cpu_usage_seconds_total,total,https-metrics,/000-metadata,192.168.65.3:10250,kubelet,/metrics/cadvisor,docker-desktop,prometheus-prometheus-oper-kubelet,0.365112241,,,,,
1609947144.671,container_cpu_usage_seconds_total,total,https-metrics,/001-binfmt,192.168.65.3:10250,kubelet,/metrics/cadvisor,docker-desktop,prometheus-prometheus-oper-kubelet,0.163018141,,,,,
1609947161.015,container_cpu_usage_seconds_total,total,https-metrics,/001-binfmt,192.168.65.3:10250,kubelet,/metrics/cadvisor,docker-desktop,prometheus-prometheus-oper-kubelet,0.163018141,,,,,
1609947198.858,container_cpu_usage_seconds_total,total,https-metrics,/001-binfmt,192.168.65.3:10250,kubelet,/metrics/cadvisor,docker-desktop,prometheus-prometheus-oper-kubelet,0.163018141,,,,,
1609947234.881,container_cpu_usage_seconds_total,total,https-metrics,/001-binfmt,192.168.65.3:10250,kubelet,/metrics/cadvisor,docker-desktop,prometheus-prometheus-oper-kubelet,0.163018141,,,,,
1609947264.459,container_cpu_usage_seconds_total,total,https-metrics,/001-binfmt,192.168.65.3:10250,kubelet,/metrics/cadvisor,docker-desktop,prometheus-prometheus-oper-kubelet,0.163018141,,,,,
1609947303.304,container_cpu_usage_seconds_total,total,https-metrics,/001-binfmt,192.168.65.3:10250,kubelet,/metrics/cadvisor,docker-desktop,prometheus-prometheus-oper-kubelet,0.163018141,,,,,
1609947334.253,container_cpu_usage_seconds_total,total,https-metrics,/001-binfmt,192.168.65.3:10250,kubelet,/metrics/cadvisor,docker-desktop,prometheus-prometheus-oper-kubelet,0.163018141,,,,,
1609947349.518,container_cpu_usage_seconds_total,total,https-metrics,/001-binfmt,192.168.65.3:10250,kubelet,/metrics/cadvisor,docker-desktop,prometheus-prometheus-oper-kubelet,0.163018141,,,,,
1609947385.225,container_cpu_usage_seconds_total,total,https-metrics,/001-binfmt,192.168.65.3:10250,kubelet,/metrics/cadvisor,docker-desktop,prometheus-prometheus-oper-kubelet,0.163018141,,,,,
1609947412.974,container_cpu_usage_seconds_total,total,https-metrics,/001-binfmt,192.168.65.3:10250,kubelet,/metrics/cadvisor,docker-desktop,prometheus-prometheus-oper-kubelet,0.163018141,,,,,
1609947185.181,container_cpu_usage_seconds_total,total,https-metrics,/002-bridge,192.168.65.3:10250,kubelet,/metrics/cadvisor,docker-desktop,prometheus-prometheus-oper-kubelet,0.179531817,,,,,
1609947197.029,container_cpu_usage_seconds_total,total,https-metrics,/002-bridge,192.168.65.3:10250,kubelet,/metrics/cadvisor,docker-desktop,prometheus-prometheus-oper-kubelet,0.179531817,,,,,
1609947234.596,container_cpu_usage_seconds_total,total,https-metrics,/002-bridge,192.168.65.3:10250,kubelet,/metrics/cadvisor,docker-desktop,prometheus-prometheus-oper-kubelet,0.179531817,,,,,
1609947267.99,container_cpu_usage_seconds_total,total,https-metrics,/002-bridge,192.168.65.3:10250,kubelet,/metrics/cadvisor,docker-desktop,prometheus-prometheus-oper-kubelet,0.179531817,,,,,
1609947286.491,container_cpu_usage_seconds_total,total,https-metrics,/002-bridge,192.168.65.3:10250,kubelet,/metrics/cadvisor,docker-desktop,prometheus-prometheus-oper-kubelet,0.179531817,,,,,
1609947333.529,container_cpu_usage_seconds_total,total,https-metrics,/002-bridge,192.168.65.3:10250,kubelet,/metrics/cadvisor,docker-desktop,prometheus-prometheus-oper-kubelet,0.179531817,,,,,
1609947349.033,container_cpu_usage_seconds_total,total,https-metrics,/002-bridge,192.168.65.3:10250,kubelet,/metrics/cadvisor,docker-desktop,prometheus-prometheus-oper-kubelet,0.179531817,,,,,
1609947380.8,container_cpu_usage_seconds_total,total,https-metrics,/002-bridge,192.168.65.3:10250,kubelet,/metrics/cadvisor,docker-desktop,prometheus-prometheus-oper-kubelet,0.179531817,,,,,
1609947417.173,container_cpu_usage_seconds_total,total,https-metrics,/002-bridge,192.168.65.3:10250,kubelet,/metrics/cadvisor,docker-desktop,prometheus-prometheus-oper-kubelet,0.179531817,,,,,
1609947150.059,container_cpu_usage_seconds_total,total,https-metrics,/docker,192.168.65.3:10250,kubelet,/metrics/cadvisor,docker-desktop,prometheus-prometheus-oper-kubelet,206.127510964,,,,,
1609947180.327,container_cpu_usage_seconds_total,total,https-metrics,/docker,192.168.65.3:10250,kubelet,/metrics/cadvisor,docker-desktop,prometheus-prometheus-oper-kubelet,206.127510964,,,,,
1609947209.912,container_cpu_usage_seconds_total,total,https-metrics,/docker,192.168.65.3:10250,kubelet,/metrics/cadvisor,docker-desktop,prometheus-prometheus-oper-kubelet,206.127510964,,,,,
1609947220.541,container_cpu_usage_seconds_total,total,https-metrics,/docker,192.168.65.3:10250,kubelet,/metrics/cadvisor,docker-desktop,prometheus-prometheus-oper-kubelet,206.127510964,,,,,
1609947267.022,container_cpu_usage_seconds_total,total,https-metrics,/docker,192.168.65.3:10250,kubelet,/metrics/cadvisor,docker-desktop,prometheus-prometheus-oper-kubelet,206.127510964,,,,,
1609947305.213,container_cpu_usage_seconds_total,total,https-metrics,/docker,192.168.65.3:10250,kubelet,/metrics/cadvisor,docker-desktop,prometheus-prometheus-oper-kubelet,206.127510964,,,,,
1609947330.552,container_cpu_usage_seconds_total,total,https-metrics,/docker,192.168.65.3:10250,kubelet,/metrics/cadvisor,docker-desktop,prometheus-prometheus-oper-kubelet,206.127510964,,,,,
1609947344.472,container_cpu_usage_seconds_total,total,https-metrics,/docker,192.168.65.3:10250,kubelet,/metrics/cadvisor,docker-desktop,prometheus-prometheus-oper-kubelet,206.127510964,,,,,
1609947387.51,container_cpu_usage_seconds_total,total,https-metrics,/docker,192.168.65.3:10250,kubelet,/metrics/cadvisor,docker-desktop,prometheus-prometheus-oper-kubelet,206.127510964,,,,,
1609947419.382,container_cpu_usage_seconds_total,total,https-metrics,/docker,192.168.65.3:10250,kubelet,/metrics/cadvisor,docker-desktop,prometheus-prometheus-oper-kubelet,206.127510964,,,,,
1609947148.245,container_cpu_usage_seconds_total,total,https-metrics,/kmsg,192.168.65.3:10250,kubelet,/metrics/cadvisor,docker-desktop,prometheus-prometheus-oper-kubelet,16.539968128,,,,,
1609947180.631,container_cpu_usage_seconds_total,total,https-metrics,/kmsg,192.168.65.3:10250,kubelet,/metrics/cadvisor,docker-desktop,prometheus-prometheus-oper-kubelet,16.548135252,,,,,
1609947215.011,container_cpu_usage_seconds_total,total,https-metrics,/kmsg,192.168.65.3:10250,kubelet,/metrics/cadvisor,docker-desktop,prometheus-prometheus-oper-kubelet,16.55661272,,,,,
1609947230.843,container_cpu_usage_seconds_total,total,https-metrics,/kmsg,192.168.65.3:10250,kubelet,/metrics/cadvisor,docker-desktop,prometheus-prometheus-oper-kubelet,16.562442044,,,,,
1609947260.435,container_cpu_usage_seconds_total,total,https-metrics,/kmsg,192.168.65.3:10250,kubelet,/metrics/cadvisor,docker-desktop,prometheus-prometheus-oper-kubelet,16.57029201,,,,,
1609947301.972,container_cpu_usage_seconds_total,total,https-metrics,/kmsg,192.168.65.3:10250,kubelet,/metrics/cadvisor,docker-desktop,prometheus-prometheus-oper-kubelet,16.579841961,,,,,
1609947325.771,container_cpu_usage_seconds_total,total,https-metrics,/kmsg,192.168.65.3:10250,kubelet,/metrics/cadvisor,docker-desktop,prometheus-prometheus-oper-kubelet,16.588303643,,,,,
1609947350.507,container_cpu_usage_seconds_total,total,https-metrics,/kmsg,192.168.65.3:10250,kubelet,/metrics/cadvisor,docker-desktop,prometheus-prometheus-oper-kubelet,16.605800019,,,,,
1609947386.22,container_cpu_usage_seconds_total,total,https-metrics,/kmsg,192.168.65.3:10250,kubelet,/metrics/cadvisor,docker-desktop,prometheus-prometheus-oper-kubelet,16.620502368,,,,,
1609947417.562,container_cpu_usage_seconds_total,total,https-metrics,/kmsg,192.168.65.3:10250,kubelet,/metrics/cadvisor,docker-desktop,prometheus-prometheus-oper-kubelet,16.627923615,,,,,
1609947154.015,container_cpu_usage_seconds_total,total,https-metrics,/kubepods,192.168.65.3:10250,kubelet,/metrics/cadvisor,docker-desktop,prometheus-prometheus-oper-kubelet,17210.621501579,,,,,
1609947182.892,container_cpu_usage_seconds_total,total,https-metrics,/kubepods,192.168.65.3:10250,kubelet,/metrics/cadvisor,docker-desktop,prometheus-prometheus-oper-kubelet,17216.167178267,,,,,
1609947202.401,container_cpu_usage_seconds_total,total,https-metrics,/kubepods,192.168.65.3:10250,kubelet,/metrics/cadvisor,docker-desktop,prometheus-prometheus-oper-kubelet,17220.20223353,,,,,
1609947234.918,container_cpu_usage_seconds_total,total,https-metrics,/kubepods,192.168.65.3:10250,kubelet,/metrics/cadvisor,docker-desktop,prometheus-prometheus-oper-kubelet,17225.865352233,,,,,
1609947271.227,container_cpu_usage_seconds_total,total,https-metrics,/kubepods,192.168.65.3:10250,kubelet,/metrics/cadvisor,docker-desktop,prometheus-prometheus-oper-kubelet,17233.93759709,,,,,
1609947304.272,container_cpu_usage_seconds_total,total,https-metrics,/kubepods,192.168.65.3:10250,kubelet,/metrics/cadvisor,docker-desktop,prometheus-prometheus-oper-kubelet,17239.963712774,,,,,
1609947323.121,container_cpu_usage_seconds_total,total,https-metrics,/kubepods,192.168.65.3:10250,kubelet,/metrics/cadvisor,docker-desktop,prometheus-prometheus-oper-kubelet,17247.905602804,,,,,
1609947358.794,container_cpu_usage_seconds_total,total,https-metrics,/kubepods,192.168.65.3:10250,kubelet,/metrics/cadvisor,docker-desktop,prometheus-prometheus-oper-kubelet,17295.695926291,,,,,
1609947383.159,container_cpu_usage_seconds_total,total,https-metrics,/kubepods,192.168.65.3:10250,kubelet,/metrics/cadvisor,docker-desktop,prometheus-prometheus-oper-kubelet,17307.582885595,,,,,
1609947419.577,container_cpu_usage_seconds_total,total,https-metrics,/kubepods,192.168.65.3:10250,kubelet,/metrics/cadvisor,docker-desktop,prometheus-prometheus-oper-kubelet,17313.38095704,,,,,
1609947153.83,container_cpu_usage_seconds_total,total,https-metrics,/kubepods/kubepods,192.168.65.3:10250,kubelet,/metrics/cadvisor,docker-desktop,prometheus-prometheus-oper-kubelet,17210.588300158,,,,,
1609947184.019,container_cpu_usage_seconds_total,total,https-metrics,/kubepods/kubepods,192.168.65.3:10250,kubelet,/metrics/cadvisor,docker-desktop,prometheus-prometheus-oper-kubelet,17216.274190648,,,,,
1609947214.168,container_cpu_usage_seconds_total,total,https-metrics,/kubepods/kubepods,192.168.65.3:10250,kubelet,/metrics/cadvisor,docker-desktop,prometheus-prometheus-oper-kubelet,17221.910425191,,,,,
1609947244.356,container_cpu_usage_seconds_total,total,https-metrics,/kubepods/kubepods,192.168.65.3:10250,kubelet,/metrics/cadvisor,docker-desktop,prometheus-prometheus-oper-kubelet,17227.589987865,,,,,
1609947274.543,container_cpu_usage_seconds_total,total,https-metrics,/kubepods/kubepods,192.168.65.3:10250,kubelet,/metrics/cadvisor,docker-desktop,prometheus-prometheus-oper-kubelet,17234.358080414,,,,,
1609947304.709,container_cpu_usage_seconds_total,total,https-metrics,/kubepods/kubepods,192.168.65.3:10250,kubelet,/metrics/cadvisor,docker-desktop,prometheus-prometheus-oper-kubelet,17240.00422536,,,,,
1609947335.057,container_cpu_usage_seconds_total,total,https-metrics,/kubepods/kubepods,192.168.65.3:10250,kubelet,/metrics/cadvisor,docker-desktop,prometheus-prometheus-oper-kubelet,17262.669367956,,,,,
1609947355.51,container_cpu_usage_seconds_total,total,https-metrics,/kubepods/kubepods,192.168.65.3:10250,kubelet,/metrics/cadvisor,docker-desktop,prometheus-prometheus-oper-kubelet,17291.358920418,,,,,
1609947385.648,container_cpu_usage_seconds_total,total,https-metrics,/kubepods/kubepods,192.168.65.3:10250,kubelet,/metrics/cadvisor,docker-desktop,prometheus-prometheus-oper-kubelet,17307.925016301,,,,,
1609947415.756,container_cpu_usage_seconds_total,total,https-metrics,/kubepods/kubepods,192.168.65.3:10250,kubelet,/metrics/cadvisor,docker-desktop,prometheus-prometheus-oper-kubelet,17312.870037352,,,,,
1609947144.813,container_cpu_usage_seconds_total,total,https-metrics,/kubepods/kubepods/besteffort,192.168.65.3:10250,kubelet,/metrics/cadvisor,docker-desktop,prometheus-prometheus-oper-kubelet,4184.424778889,,,,,
1609947173.706,container_cpu_usage_seconds_total,total,https-metrics,/kubepods/kubepods/besteffort,192.168.65.3:10250,kubelet,/metrics/cadvisor,docker-desktop,prometheus-prometheus-oper-kubelet,4186.215507627,,,,,
1609947206.952,container_cpu_usage_seconds_total,total,https-metrics,/kubepods/kubepods/besteffort,192.168.65.3:10250,kubelet,/metrics/cadvisor,docker-desktop,prometheus-prometheus-oper-kubelet,4188.23279594,,,,,
1609947245.141,container_cpu_usage_seconds_total,total,https-metrics,/kubepods/kubepods/besteffort,192.168.65.3:10250,kubelet,/metrics/cadvisor,docker-desktop,prometheus-prometheus-oper-kubelet,4190.694729986,,,,,
1609947272.937,container_cpu_usage_seconds_total,total,https-metrics,/kubepods/kubepods/besteffort,192.168.65.3:10250,kubelet,/metrics/cadvisor,docker-desktop,prometheus-prometheus-oper-kubelet,4192.510808313,,,,,
1609947298.865,container_cpu_usage_seconds_total,total,https-metrics,/kubepods/kubepods/besteffort,192.168.65.3:10250,kubelet,/metrics/cadvisor,docker-desktop,prometheus-prometheus-oper-kubelet,4193.974458642,,,,,
1609947323.692,container_cpu_usage_seconds_total,total,https-metrics,/kubepods/kubepods/besteffort,192.168.65.3:10250,kubelet,/metrics/cadvisor,docker-desktop,prometheus-prometheus-oper-kubelet,4195.908377748,,,,,
1609947356.464,container_cpu_usage_seconds_total,total,https-metrics,/kubepods/kubepods/besteffort,192.168.65.3:10250,kubelet,/metrics/cadvisor,docker-desktop,prometheus-prometheus-oper-kubelet,4200.232293946,,,,,
1609947387.576,container_cpu_usage_seconds_total,total,https-metrics,/kubepods/kubepods/besteffort,192.168.65.3:10250,kubelet,/metrics/cadvisor,docker-desktop,prometheus-prometheus-oper-kubelet,4202.666316934,,,,,
1609947414.389,container_cpu_usage_seconds_total,total,https-metrics,/kubepods/kubepods/besteffort,192.168.65.3:10250,kubelet,/metrics/cadvisor,docker-desktop,prometheus-prometheus-oper-kubelet,4204.089646506,,,,,
1609947147.228,container_cpu_usage_seconds_total,total,https-metrics,/kubepods/kubepods/besteffort/pod128b5e68-7a5a-48d5-a2c1-153040781fc0,192.168.65.3:10250,kubelet,/metrics/cadvisor,docker-desktop,prometheus-prometheus-oper-kubelet,224.203641249,prometheus,prometheus-prometheus-node-exporter-g46t6,,,
1609947177.053,container_cpu_usage_seconds_total,total,https-metrics,/kubepods/kubepods/besteffort/pod128b5e68-7a5a-48d5-a2c1-153040781fc0,192.168.65.3:10250,kubelet,/metrics/cadvisor,docker-desktop,prometheus-prometheus-oper-kubelet,224.355785964,prometheus,prometheus-prometheus-node-exporter-g46t6,,,
1609947212.291,container_cpu_usage_seconds_total,total,https-metrics,/kubepods/kubepods/besteffort/pod128b5e68-7a5a-48d5-a2c1-153040781fc0,192.168.65.3:10250,kubelet,/metrics/cadvisor,docker-desktop,prometheus-prometheus-oper-kubelet,224.507508167,prometheus,prometheus-prometheus-node-exporter-g46t6,,,
1609947240.385,container_cpu_usage_seconds_total,total,https-metrics,/kubepods/kubepods/besteffort/pod128b5e68-7a5a-48d5-a2c1-153040781fc0,192.168.65.3:10250,kubelet,/metrics/cadvisor,docker-desktop,prometheus-prometheus-oper-kubelet,224.630161473,prometheus,prometheus-prometheus-node-exporter-g46t6,,,
1609947272.504,container_cpu_usage_seconds_total,total,https-metrics,/kubepods/kubepods/besteffort/pod128b5e68-7a5a-48d5-a2c1-153040781fc0,192.168.65.3:10250,kubelet,/metrics/cadvisor,docker-desktop,prometheus-prometheus-oper-kubelet,224.778210642,prometheus,prometheus-prometheus-node-exporter-g46t6,,,
1609947301.073,container_cpu_usage_seconds_total,total,https-metrics,/kubepods/kubepods/besteffort/pod128b5e68-7a5a-48d5-a2c1-153040781fc0,192.168.65.3:10250,kubelet,/metrics/cadvisor,docker-desktop,prometheus-prometheus-oper-kubelet,224.935635938,prometheus,prometheus-prometheus-node-exporter-g46t6,,,
1609947329.806,container_cpu_usage_seconds_total,total,https-metrics,/kubepods/kubepods/besteffort/pod128b5e68-7a5a-48d5-a2c1-153040781fc0,192.168.65.3:10250,kubelet,/metrics/cadvisor,docker-desktop,prometheus-prometheus-oper-kubelet,225.0110865,prometheus,prometheus-prometheus-node-exporter-g46t6,,,
1609947361.693,container_cpu_usage_seconds_total,total,https-metrics,/kubepods/kubepods/besteffort/pod128b5e68-7a5a-48d5-a2c1-153040781fc0,192.168.65.3:10250,kubelet,/metrics/cadvisor,docker-desktop,prometheus-prometheus-oper-kubelet,225.389492273,prometheus,prometheus-prometheus-node-exporter-g46t6,,,
1609947390.109,container_cpu_usage_seconds_total,total,https-metrics,/kubepods/kubepods/besteffort/pod128b5e68-7a5a-48d5-a2c1-153040781fc0,192.168.65.3:10250,kubelet,/metrics/cadvisor,docker-desktop,prometheus-prometheus-oper-kubelet,225.520529573,prometheus,prometheus-prometheus-node-exporter-g46t6,,,
1609947418.621,container_cpu_usage_seconds_total,total,https-metrics,/kubepods/kubepods/besteffort/pod128b5e68-7a5a-48d5-a2c1-153040781fc0,192.168.65.3:10250,kubelet,/metrics/cadvisor,docker-desktop,prometheus-prometheus-oper-kubelet,225.62627749,prometheus,prometheus-prometheus-node-exporter-g46t6,,,
1609947177.364,container_cpu_usage_seconds_total,total,https-metrics,/kubepods/kubepods/besteffort/pod128b5e68-7a5a-48d5-a2c1-153040781fc0/28211d8b1243966107689af143c0e3f693313284927c946c49707891c79082c1,192.168.65.3:10250,kubelet,/metrics/cadvisor,docker-desktop,prometheus-prometheus-oper-kubelet,102.991216462,,,,,
1609947214.897,container_cpu_usage_seconds_total,total,https-metrics,/kubepods/kubepods/besteffort/pod128b5e68-7a5a-48d5-a2c1-153040781fc0/28211d8b1243966107689af143c0e3f693313284927c946c49707891c79082c1,192.168.65.3:10250,kubelet,/metrics/cadvisor,docker-desktop,prometheus-prometheus-oper-kubelet,102.991216462,,,,,
1609947237.464,container_cpu_usage_seconds_total,total,https-metrics,/kubepods/kubepods/besteffort/pod128b5e68-7a5a-48d5-a2c1-153040781fc0/28211d8b1243966107689af143c0e3f693313284927c946c49707891c79082c1,192.168.65.3:10250,kubelet,/metrics/cadvisor,docker-desktop,prometheus-prometheus-oper-kubelet,102.991216462,,,,,
1609947274.836,container_cpu_usage_seconds_total,total,https-metrics,/kubepods/kubepods/besteffort/pod128b5e68-7a5a-48d5-a2c1-153040781fc0/28211d8b1243966107689af143c0e3f693313284927c946c49707891c79082c1,192.168.65.3:10250,kubelet,/metrics/cadvisor,docker-desktop,prometheus-prometheus-oper-kubelet,102.991216462,,,,,
1609947292.372,container_cpu_usage_seconds_total,total,https-metrics,/kubepods/kubepods/besteffort/pod128b5e68-7a5a-48d5-a2c1-153040781fc0/28211d8b1243966107689af143c0e3f693313284927c946c49707891c79082c1,192.168.65.3:10250,kubelet,/metrics/cadvisor,docker-desktop,prometheus-prometheus-oper-kubelet,102.991216462,,,,,
1609947326.664,container_cpu_usage_seconds_total,total,https-metrics,/kubepods/kubepods/besteffort/pod128b5e68-7a5a-48d5-a2c1-153040781fc0/28211d8b1243966107689af143c0e3f693313284927c946c49707891c79082c1,192.168.65.3:10250,kubelet,/metrics/cadvisor,docker-desktop,prometheus-prometheus-oper-kubelet,102.991216462,,,,,
1609947360.402,container_cpu_usage_seconds_total,total,https-metrics,/kubepods/kubepods/besteffort/pod128b5e68-7a5a-48d5-a2c1-153040781fc0/28211d8b1243966107689af143c0e3f693313284927c946c49707891c79082c1,192.168.65.3:10250,kubelet,/metrics/cadvisor,docker-desktop,prometheus-prometheus-oper-kubelet,102.991216462,,,,,
1609947386.68,container_cpu_usage_seconds_total,total,https-metrics,/kubepods/kubepods/besteffort/pod128b5e68-7a5a-48d5-a2c1-153040781fc0/28211d8b1243966107689af143c0e3f693313284927c946c49707891c79082c1,192.168.65.3:10250,kubelet,/metrics/cadvisor,docker-desktop,prometheus-prometheus-oper-kubelet,102.991216462,,,,,
1609947411.785,container_cpu_usage_seconds_total,total,https-metrics,/kubepods/kubepods/besteffort/pod128b5e68-7a5a-48d5-a2c1-153040781fc0/28211d8b1243966107689af143c0e3f693313284927c946c49707891c79082c1,192.168.65.3:10250,kubelet,/metrics/cadvisor,docker-desktop,prometheus-prometheus-oper-kubelet,102.991216462,,,,,
1609947150.153,container_cpu_usage_seconds_total,total,https-metrics,/kubepods/kubepods/besteffort/pod128b5e68-7a5a-48d5-a2c1-153040781fc0/3f1df4459678f371288deed63fd2bafb55a6164e4c78bba608baae6a79068176,192.168.65.3:10250,kubelet,/metrics/cadvisor,docker-desktop,prometheus-prometheus-oper-kubelet,0.04808655,,,,,
1609947180.229,container_cpu_usage_seconds_total,total,https-metrics,/kubepods/kubepods/besteffort/pod128b5e68-7a5a-48d5-a2c1-153040781fc0/3f1df4459678f371288deed63fd2bafb55a6164e4c78bba608baae6a79068176,192.168.65.3:10250,kubelet,/metrics/cadvisor,docker-desktop,prometheus-prometheus-oper-kubelet,0.04808655,,,,,
1609947209.265,container_cpu_usage_seconds_total,total,https-metrics,/kubepods/kubepods/besteffort/pod128b5e68-7a5a-48d5-a2c1-153040781fc0/3f1df4459678f371288deed63fd2bafb55a6164e4c78bba608baae6a79068176,192.168.65.3:10250,kubelet,/metrics/cadvisor,docker-desktop,prometheus-prometheus-oper-kubelet,0.04808655,,,,,
1609947221.829,container_cpu_usage_seconds_total,total,https-metrics,/kubepods/kubepods/besteffort/pod128b5e68-7a5a-48d5-a2c1-153040781fc0/3f1df4459678f371288deed63fd2bafb55a6164e4c78bba608baae6a79068176,192.168.65.3:10250,kubelet,/metrics/cadvisor,docker-desktop,prometheus-prometheus-oper-kubelet,0.04808655,,,,,
1609947266.375,container_cpu_usage_seconds_total,total,https-metrics,/kubepods/kubepods/besteffort/pod128b5e68-7a5a-48d5-a2c1-153040781fc0/3f1df4459678f371288deed63fd2bafb55a6164e4c78bba608baae6a79068176,192.168.65.3:10250,kubelet,/metrics/cadvisor,docker-desktop,prometheus-prometheus-oper-kubelet,0.04808655,,,,,
1609947295.496,container_cpu_usage_seconds_total,total,https-metrics,/kubepods/kubepods/besteffort/pod128b5e68-7a5a-48d5-a2c1-153040781fc0/3f1df4459678f371288deed63fd2bafb55a6164e4c78bba608baae6a79068176,192.168.65.3:10250,kubelet,/metrics/cadvisor,docker-desktop,prometheus-prometheus-oper-kubelet,0.04808655,,,,,
1609947320.17,container_cpu_usage_seconds_total,total,https-metrics,/kubepods/kubepods/besteffort/pod128b5e68-7a5a-48d5-a2c1-153040781fc0/3f1df4459678f371288deed63fd2bafb55a6164e4c78bba608baae6a79068176,192.168.65.3:10250,kubelet,/metrics/cadvisor,docker-desktop,prometheus-prometheus-oper-kubelet,0.04808655,,,,,
1609947354.155,container_cpu_usage_seconds_total,total,https-metrics,/kubepods/kubepods/besteffort/pod128b5e68-7a5a-48d5-a2c1-153040781fc0/3f1df4459678f371288deed63fd2bafb55a6164e4c78bba608baae6a79068176,192.168.65.3:10250,kubelet,/metrics/cadvisor,docker-desktop,prometheus-prometheus-oper-kubelet,0.04808655,,,,,
1609947393.777,container_cpu_usage_seconds_total,total,https-metrics,/kubepods/kubepods/besteffort/pod128b5e68-7a5a-48d5-a2c1-153040781fc0/3f1df4459678f371288deed63fd2bafb55a6164e4c78bba608baae6a79068176,192.168.65.3:10250,kubelet,/metrics/cadvisor,docker-desktop,prometheus-prometheus-oper-kubelet,0.04808655,,,,,
1609947405.148,container_cpu_usage_seconds_total,total,https-metrics,/kubepods/kubepods/besteffort/pod128b5e68-7a5a-48d5-a2c1-153040781fc0/3f1df4459678f371288deed63fd2bafb55a6164e4c78bba608baae6a79068176,192.168.65.3:10250,kubelet,/metrics/cadvisor,docker-desktop,prometheus-prometheus-oper-kubelet,0.04808655,,,,,
1609947147.401,container_cpu_usage_seconds_total,total,https-metrics,/kubepods/kubepods/besteffort/pod315fbf6f-4394-4dbe-b455-2022e0434bf4,192.168.65.3:10250,kubelet,/metrics/cadvisor,docker-desktop,prometheus-prometheus-oper-kubelet,101.944088529,kube-system,storage-provisioner,,,
1609947184.682,container_cpu_usage_seconds_total,total,https-metrics,/kubepods/kubepods/besteffort/pod315fbf6f-4394-4dbe-b455-2022e0434bf4,192.168.65.3:10250,kubelet,/metrics/cadvisor,docker-desktop,prometheus-prometheus-oper-kubelet,102.038684643,kube-system,storage-provisioner,,,
1609947201.113,container_cpu_usage_seconds_total,total,https-metrics,/kubepods/kubepods/besteffort/pod315fbf6f-4394-4dbe-b455-2022e0434bf4,192.168.65.3:10250,kubelet,/metrics/cadvisor,docker-desktop,prometheus-prometheus-oper-kubelet,102.066388292,kube-system,storage-provisioner,,,
1609947235.046,container_cpu_usage_seconds_total,total,https-metrics,/kubepods/kubepods/besteffort/pod315fbf6f-4394-4dbe-b455-2022e0434bf4,192.168.65.3:10250,kubelet,/metrics/cadvisor,docker-desktop,prometheus-prometheus-oper-kubelet,102.122116556,kube-system,storage-provisioner,,,
1609947268.633,container_cpu_usage_seconds_total,total,https-metrics,/kubepods/kubepods/besteffort/pod315fbf6f-4394-4dbe-b455-2022e0434bf4,192.168.65.3:10250,kubelet,/metrics/cadvisor,docker-desktop,prometheus-prometheus-oper-kubelet,102.204347633,kube-system,storage-provisioner,,,
1609947287.219,container_cpu_usage_seconds_total,total,https-metrics,/kubepods/kubepods/besteffort/pod315fbf6f-4394-4dbe-b455-2022e0434bf4,192.168.65.3:10250,kubelet,/metrics/cadvisor,docker-desktop,prometheus-prometheus-oper-kubelet,102.237163793,kube-system,storage-provisioner,,,
1609947318.155,container_cpu_usage_seconds_total,total,https-metrics,/kubepods/kubepods/besteffort/pod315fbf6f-4394-4dbe-b455-2022e0434bf4,192.168.65.3:10250,kubelet,/metrics/cadvisor,docker-desktop,prometheus-prometheus-oper-kubelet,102.288484611,kube-system,storage-provisioner,,,
1609947355.431,container_cpu_usage_seconds_total,total,https-metrics,/kubepods/kubepods/besteffort/pod315fbf6f-4394-4dbe-b455-2022e0434bf4,192.168.65.3:10250,kubelet,/metrics/cadvisor,docker-desktop,prometheus-prometheus-oper-kubelet,102.431714797,kube-system,storage-provisioner,,,
1609947389.338,container_cpu_usage_seconds_total,total,https-metrics,/kubepods/kubepods/besteffort/pod315fbf6f-4394-4dbe-b455-2022e0434bf4,192.168.65.3:10250,kubelet,/metrics/cadvisor,docker-desktop,prometheus-prometheus-oper-kubelet,102.553974891,kube-system,storage-provisioner,,,
1609947420.454,container_cpu_usage_seconds_total,total,https-metrics,/kubepods/kubepods/besteffort/pod315fbf6f-4394-4dbe-b455-2022e0434bf4,192.168.65.3:10250,kubelet,/metrics/cadvisor,docker-desktop,prometheus-prometheus-oper-kubelet,102.60451684,kube-system,storage-provisioner,,,
1609947180.133,container_cpu_usage_seconds_total,total,https-metrics,/kubepods/kubepods/besteffort/pod315fbf6f-4394-4dbe-b455-2022e0434bf4/6ce2b0178577a13cce79776274ff6aa9bdcb184c8e1134a8666657a5bbb5ae4b,192.168.65.3:10250,kubelet,/metrics/cadvisor,docker-desktop,prometheus-prometheus-oper-kubelet,0.02873756,,,,,
1609947198.158,container_cpu_usage_seconds_total,total,https-metrics,/kubepods/kubepods/besteffort/pod315fbf6f-4394-4dbe-b455-2022e0434bf4/6ce2b0178577a13cce79776274ff6aa9bdcb184c8e1134a8666657a5bbb5ae4b,192.168.65.3:10250,kubelet,/metrics/cadvisor,docker-desktop,prometheus-prometheus-oper-kubelet,0.02873756,,,,,
1609947235.963,container_cpu_usage_seconds_total,total,https-metrics,/kubepods/kubepods/besteffort/pod315fbf6f-4394-4dbe-b455-2022e0434bf4/6ce2b0178577a13cce79776274ff6aa9bdcb184c8e1134a8666657a5bbb5ae4b,192.168.65.3:10250,kubelet,/metrics/cadvisor,docker-desktop,prometheus-prometheus-oper-kubelet,0.02873756,,,,,
1609947266.474,container_cpu_usage_seconds_total,total,https-metrics,/kubepods/kubepods/besteffort/pod315fbf6f-4394-4dbe-b455-2022e0434bf4/6ce2b0178577a13cce79776274ff6aa9bdcb184c8e1134a8666657a5bbb5ae4b,192.168.65.3:10250,kubelet,/metrics/cadvisor,docker-desktop,prometheus-prometheus-oper-kubelet,0.02873756,,,,,
1609947291.849,container_cpu_usage_seconds_total,total,https-metrics,/kubepods/kubepods/besteffort/pod315fbf6f-4394-4dbe-b455-2022e0434bf4/6ce2b0178577a13cce79776274ff6aa9bdcb184c8e1134a8666657a5bbb5ae4b,192.168.65.3:10250,kubelet,/metrics/cadvisor,docker-desktop,prometheus-prometheus-oper-kubelet,0.02873756,,,,,
1609947330.89,container_cpu_usage_seconds_total,total,https-metrics,/kubepods/kubepods/besteffort/pod315fbf6f-4394-4dbe-b455-2022e0434bf4/6ce2b0178577a13cce79776274ff6aa9bdcb184c8e1134a8666657a5bbb5ae4b,192.168.65.3:10250,kubelet,/metrics/cadvisor,docker-desktop,prometheus-prometheus-oper-kubelet,0.02873756,,,,,
1609947361.876,container_cpu_usage_seconds_total,total,https-metrics,/kubepods/kubepods/besteffort/pod315fbf6f-4394-4dbe-b455-2022e0434bf4/6ce2b0178577a13cce79776274ff6aa9bdcb184c8e1134a8666657a5bbb5ae4b,192.168.65.3:10250,kubelet,/metrics/cadvisor,docker-desktop,prometheus-prometheus-oper-kubelet,0.02873756,,,,,
1609947380.872,container_cpu_usage_seconds_total,total,https-metrics,/kubepods/kubepods/besteffort/pod315fbf6f-4394-4dbe-b455-2022e0434bf4/6ce2b0178577a13cce79776274ff6aa9bdcb184c8e1134a8666657a5bbb5ae4b,192.168.65.3:10250,kubelet,/metrics/cadvisor,docker-desktop,prometheus-prometheus-oper-kubelet,0.02873756,,,,,
1609947415.407,container_cpu_usage_seconds_total,total,https-metrics,/kubepods/kubepods/besteffort/pod315fbf6f-4394-4dbe-b455-2022e0434bf4/6ce2b0178577a13cce79776274ff6aa9bdcb184c8e1134a8666657a5bbb5ae4b,192.168.65.3:10250,kubelet,/metrics/cadvisor,docker-desktop,prometheus-prometheus-oper-kubelet,0.02873756,,,,,
1609947145.097,container_cpu_usage_seconds_total,total,https-metrics,/kubepods/kubepods/besteffort/pod315fbf6f-4394-4dbe-b455-2022e0434bf4/88f93cb9246377c10f07bb2a6b4d1e120b8b9e7d10eaf4b8084afb86331f1737,192.168.65.3:10250,kubelet,/metrics/cadvisor,docker-desktop,prometheus-prometheus-oper-kubelet,50.488960315,,,,,
1609947182.873,container_cpu_usage_seconds_total,total,https-metrics,/kubepods/kubepods/besteffort/pod315fbf6f-4394-4dbe-b455-2022e0434bf4/88f93cb9246377c10f07bb2a6b4d1e120b8b9e7d10eaf4b8084afb86331f1737,192.168.65.3:10250,kubelet,/metrics/cadvisor,docker-desktop,prometheus-prometheus-oper-kubelet,50.488960315,,,,,
1609947214.427,container_cpu_usage_seconds_total,total,https-metrics,/kubepods/kubepods/besteffort/pod315fbf6f-4394-4dbe-b455-2022e0434bf4/88f93cb9246377c10f07bb2a6b4d1e120b8b9e7d10eaf4b8084afb86331f1737,192.168.65.3:10250,kubelet,/metrics/cadvisor,docker-desktop,prometheus-prometheus-oper-kubelet,50.488960315,,,,,
1609947226.887,container_cpu_usage_seconds_total,total,https-metrics,/kubepods/kubepods/besteffort/pod315fbf6f-4394-4dbe-b455-2022e0434bf4/88f93cb9246377c10f07bb2a6b4d1e120b8b9e7d10eaf4b8084afb86331f1737,192.168.65.3:10250,kubelet,/metrics/cadvisor,docker-desktop,prometheus-prometheus-oper-kubelet,50.488960315,,,,,
1609947268.077,container_cpu_usage_seconds_total,total,https-metrics,/kubepods/kubepods/besteffort/pod315fbf6f-4394-4dbe-b455-2022e0434bf4/88f93cb9246377c10f07bb2a6b4d1e120b8b9e7d10eaf4b8084afb86331f1737,192.168.65.3:10250,kubelet,/metrics/cadvisor,docker-desktop,prometheus-prometheus-oper-kubelet,50.488960315,,,,,
1609947296.701,container_cpu_usage_seconds_total,total,https-metrics,/kubepods/kubepods/besteffort/pod315fbf6f-4394-4dbe-b455-2022e0434bf4/88f93cb9246377c10f07bb2a6b4d1e120b8b9e7d10eaf4b8084afb86331f1737,192.168.65.3:10250,kubelet,/metrics/cadvisor,docker-desktop,prometheus-prometheus-oper-kubelet,50.488960315,,,,,
1609947326.54,container_cpu_usage_seconds_total,total,https-metrics,/kubepods/kubepods/besteffort/pod315fbf6f-4394-4dbe-b455-2022e0434bf4/88f93cb9246377c10f07bb2a6b4d1e120b8b9e7d10eaf4b8084afb86331f1737,192.168.65.3:10250,kubelet,/metrics/cadvisor,docker-desktop,prometheus-prometheus-oper-kubelet,50.488960315,,,,,
1609947352.466,container_cpu_usage_seconds_total,total,https-metrics,/kubepods/kubepods/besteffort/pod315fbf6f-4394-4dbe-b455-2022e0434bf4/88f93cb9246377c10f07bb2a6b4d1e120b8b9e7d10eaf4b8084afb86331f1737,192.168.65.3:10250,kubelet,/metrics/cadvisor,docker-desktop,prometheus-prometheus-oper-kubelet,50.488960315,,,,,
1609947392.942,container_cpu_usage_seconds_total,total,https-metrics,/kubepods/kubepods/besteffort/pod315fbf6f-4394-4dbe-b455-2022e0434bf4/88f93cb9246377c10f07bb2a6b4d1e120b8b9e7d10eaf4b8084afb86331f1737,192.168.65.3:10250,kubelet,/metrics/cadvisor,docker-desktop,prometheus-prometheus-oper-kubelet,50.488960315,,,,,
1609947406.626,container_cpu_usage_seconds_total,total,https-metrics,/kubepods/kubepods/besteffort/pod315fbf6f-4394-4dbe-b455-2022e0434bf4/88f93cb9246377c10f07bb2a6b4d1e120b8b9e7d10eaf4b8084afb86331f1737,192.168.65.3:10250,kubelet,/metrics/cadvisor,docker-desktop,prometheus-prometheus-oper-kubelet,50.488960315,,,,,
1609947180.094,container_cpu_usage_seconds_total,total,https-metrics,/kubepods/kubepods/besteffort/pod32c047c5-e2ba-40f6-b844-aae8b4fb10d6,192.168.65.3:10250,kubelet,/metrics/cadvisor,docker-desktop,prometheus-prometheus-oper-kubelet,198.782036581,prometheus,prometheus-prometheus-oper-operator-6d9c4bdb9f-dwpxg,,,
1609947208.887,container_cpu_usage_seconds_total,total,https-metrics,/kubepods/kubepods/besteffort/pod32c047c5-e2ba-40f6-b844-aae8b4fb10d6,192.168.65.3:10250,kubelet,/metrics/cadvisor,docker-desktop,prometheus-prometheus-oper-kubelet,198.902326793,prometheus,prometheus-prometheus-oper-operator-6d9c4bdb9f-dwpxg,,,
1609947238.625,container_cpu_usage_seconds_total,total,https-metrics,/kubepods/kubepods/besteffort/pod32c047c5-e2ba-40f6-b844-aae8b4fb10d6,192.168.65.3:10250,kubelet,/metrics/cadvisor,docker-desktop,prometheus-prometheus-oper-kubelet,199.007731286,prometheus,prometheus-prometheus-oper-operator-6d9c4bdb9f-dwpxg,,,
1609947268.031,container_cpu_usage_seconds_total,total,https-metrics,/kubepods/kubepods/besteffort/pod32c047c5-e2ba-40f6-b844-aae8b4fb10d6,192.168.65.3:10250,kubelet,/metrics/cadvisor,docker-desktop,prometheus-prometheus-oper-kubelet,199.094931263,prometheus,prometheus-prometheus-oper-operator-6d9c4bdb9f-dwpxg,,,
1609947299.272,container_cpu_usage_seconds_total,total,https-metrics,/kubepods/kubepods/besteffort/pod32c047c5-e2ba-40f6-b844-aae8b4fb10d6,192.168.65.3:10250,kubelet,/metrics/cadvisor,docker-desktop,prometheus-prometheus-oper-kubelet,199.187692388,prometheus,prometheus-prometheus-oper-operator-6d9c4bdb9f-dwpxg,,,
1609947329.486,container_cpu_usage_seconds_total,total,https-metrics,/kubepods/kubepods/besteffort/pod32c047c5-e2ba-40f6-b844-aae8b4fb10d6,192.168.65.3:10250,kubelet,/metrics/cadvisor,docker-desktop,prometheus-prometheus-oper-kubelet,199.303097407,prometheus,prometheus-prometheus-oper-operator-6d9c4bdb9f-dwpxg,,,
1609947358.108,container_cpu_usage_seconds_total,total,https-metrics,/kubepods/kubepods/besteffort/pod32c047c5-e2ba-40f6-b844-aae8b4fb10d6,192.168.65.3:10250,kubelet,/metrics/cadvisor,docker-desktop,prometheus-prometheus-oper-kubelet,199.437515112,prometheus,prometheus-prometheus-oper-operator-6d9c4bdb9f-dwpxg,,,
1609947386.71,container_cpu_usage_seconds_total,total,https-metrics,/kubepods/kubepods/besteffort/pod32c047c5-e2ba-40f6-b844-aae8b4fb10d6,192.168.65.3:10250,kubelet,/metrics/cadvisor,docker-desktop,prometheus-prometheus-oper-kubelet,199.536511939,prometheus,prometheus-prometheus-oper-operator-6d9c4bdb9f-dwpxg,,,
1609947414.327,container_cpu_usage_seconds_total,total,https-metrics,/kubepods/kubepods/besteffort/pod32c047c5-e2ba-40f6-b844-aae8b4fb10d6,192.168.65.3:10250,kubelet,/metrics/cadvisor,docker-desktop,prometheus-prometheus-oper-kubelet,199.607695525,prometheus,prometheus-prometheus-oper-operator-6d9c4bdb9f-dwpxg,,,
1609947154.987,container_cpu_usage_seconds_total,total,https-metrics,/kubepods/kubepods/besteffort/pod32c047c5-e2ba-40f6-b844-aae8b4fb10d6/2dd17c6a3ddd36609ca688c72452124660bf6465cde2016b781be8326845d944,192.168.65.3:10250,kubelet,/metrics/cadvisor,docker-desktop,prometheus-prometheus-oper-kubelet,13.033559836,,,,,
1609947168.765,container_cpu_usage_seconds_total,total,https-metrics,/kubepods/kubepods/besteffort/pod32c047c5-e2ba-40f6-b844-aae8b4fb10d6/2dd17c6a3ddd36609ca688c72452124660bf6465cde2016b781be8326845d944,192.168.65.3:10250,kubelet,/metrics/cadvisor,docker-desktop,prometheus-prometheus-oper-kubelet,13.033559836,,,,,
1609947203.791,container_cpu_usage_seconds_total,total,https-metrics,/kubepods/kubepods/besteffort/pod32c047c5-e2ba-40f6-b844-aae8b4fb10d6/2dd17c6a3ddd36609ca688c72452124660bf6465cde2016b781be8326845d944,192.168.65.3:10250,kubelet,/metrics/cadvisor,docker-desktop,prometheus-prometheus-oper-kubelet,13.033559836,,,,,
1609947239.644,container_cpu_usage_seconds_total,total,https-metrics,/kubepods/kubepods/besteffort/pod32c047c5-e2ba-40f6-b844-aae8b4fb10d6/2dd17c6a3ddd36609ca688c72452124660bf6465cde2016b781be8326845d944,192.168.65.3:10250,kubelet,/metrics/cadvisor,docker-desktop,prometheus-prometheus-oper-kubelet,13.033559836,,,,,
1609947262.889,container_cpu_usage_seconds_total,total,https-metrics,/kubepods/kubepods/besteffort/pod32c047c5-e2ba-40f6-b844-aae8b4fb10d6/2dd17c6a3ddd36609ca688c72452124660bf6465cde2016b781be8326845d944,192.168.65.3:10250,kubelet,/metrics/cadvisor,docker-desktop,prometheus-prometheus-oper-kubelet,13.033559836,,,,,
1609947293.41,container_cpu_usage_seconds_total,total,https-metrics,/kubepods/kubepods/besteffort/pod32c047c5-e2ba-40f6-b844-aae8b4fb10d6/2dd17c6a3ddd36609ca688c72452124660bf6465cde2016b781be8326845d944,192.168.65.3:10250,kubelet,/metrics/cadvisor,docker-desktop,prometheus-prometheus-oper-kubelet,13.033559836,,,,,
1609947312.286,container_cpu_usage_seconds_total,total,https-metrics,/kubepods/kubepods/besteffort/pod32c047c5-e2ba-40f6-b844-aae8b4fb10d6/2dd17c6a3ddd36609ca688c72452124660bf6465cde2016b781be8326845d944,192.168.65.3:10250,kubelet,/metrics/cadvisor,docker-desktop,prometheus-prometheus-oper-kubelet,13.033559836,,,,,
1609947350.847,container_cpu_usage_seconds_total,total,https-metrics,/kubepods/kubepods/besteffort/pod32c047c5-e2ba-40f6-b844-aae8b4fb10d6/2dd17c6a3ddd36609ca688c72452124660bf6465cde2016b781be8326845d944,192.168.65.3:10250,kubelet,/metrics/cadvisor,docker-desktop,prometheus-prometheus-oper-kubelet,13.033559836,,,,,
1609947392.841,container_cpu_usage_seconds_total,total,https-metrics,/kubepods/kubepods/besteffort/pod32c047c5-e2ba-40f6-b844-aae8b4fb10d6/2dd17c6a3ddd36609ca688c72452124660bf6465cde2016b781be8326845d944,192.168.65.3:10250,kubelet,/metrics/cadvisor,docker-desktop,prometheus-prometheus-oper-kubelet,13.033559836,,,,,
1609947425.116,container_cpu_usage_seconds_total,total,https-metrics,/kubepods/kubepods/besteffort/pod32c047c5-e2ba-40f6-b844-aae8b4fb10d6/2dd17c6a3ddd36609ca688c72452124660bf6465cde2016b781be8326845d944,192.168.65.3:10250,kubelet,/metrics/cadvisor,docker-desktop,prometheus-prometheus-oper-kubelet,13.033559836,,,,,
1609947144.978,container_cpu_usage_seconds_total,total,https-metrics,/kubepods/kubepods/besteffort/pod32c047c5-e2ba-40f6-b844-aae8b4fb10d6/c9923bb470fdcb9aa18867f39ecbd73b239f714e9aca992a11b4a25bfafffe80,192.168.65.3:10250,kubelet,/metrics/cadvisor,docker-desktop,prometheus-prometheus-oper-kubelet,0.051831066,,,,,
1609947174.773,container_cpu_usage_seconds_total,total,https-metrics,/kubepods/kubepods/besteffort/pod32c047c5-e2ba-40f6-b844-aae8b4fb10d6/c9923bb470fdcb9aa18867f39ecbd73b239f714e9aca992a11b4a25bfafffe80,192.168.65.3:10250,kubelet,/metrics/cadvisor,docker-desktop,prometheus-prometheus-oper-kubelet,0.051831066,,,,,
1609947210.197,container_cpu_usage_seconds_total,total,https-metrics,/kubepods/kubepods/besteffort/pod32c047c5-e2ba-40f6-b844-aae8b4fb10d6/c9923bb470fdcb9aa18867f39ecbd73b239f714e9aca992a11b4a25bfafffe80,192.168.65.3:10250,kubelet,/metrics/cadvisor,docker-desktop,prometheus-prometheus-oper-kubelet,0.051831066,,,,,
1609947234.851,container_cpu_usage_seconds_total,total,https-metrics,/kubepods/kubepods/besteffort/pod32c047c5-e2ba-40f6-b844-aae8b4fb10d6/c9923bb470fdcb9aa18867f39ecbd73b239f714e9aca992a11b4a25bfafffe80,192.168.65.3:10250,kubelet,/metrics/cadvisor,docker-desktop,prometheus-prometheus-oper-kubelet,0.051831066,,,,,
1609947248.88,container_cpu_usage_seconds_total,total,https-metrics,/kubepods/kubepods/besteffort/pod32c047c5-e2ba-40f6-b844-aae8b4fb10d6/c9923bb470fdcb9aa18867f39ecbd73b239f714e9aca992a11b4a25bfafffe80,192.168.65.3:10250,kubelet,/metrics/cadvisor,docker-desktop,prometheus-prometheus-oper-kubelet,0.051831066,,,,,
1609947292.628,container_cpu_usage_seconds_total,total,https-metrics,/kubepods/kubepods/besteffort/pod32c047c5-e2ba-40f6-b844-aae8b4fb10d6/c9923bb470fdcb9aa18867f39ecbd73b239f714e9aca992a11b4a25bfafffe80,192.168.65.3:10250,kubelet,/metrics/cadvisor,docker-desktop,prometheus-prometheus-oper-kubelet,0.051831066,,,,,
1609947325.329,container_cpu_usage_seconds_total,total,https-metrics,/kubepods/kubepods/besteffort/pod32c047c5-e2ba-40f6-b844-aae8b4fb10d6/c9923bb470fdcb9aa18867f39ecbd73b239f714e9aca992a11b4a25bfafffe80,192.168.65.3:10250,kubelet,/metrics/cadvisor,docker-desktop,prometheus-prometheus-oper-kubelet,0.051831066,,,,,
1609947360.254,container_cpu_usage_seconds_total,total,https-metrics,/kubepods/kubepods/besteffort/pod32c047c5-e2ba-40f6-b844-aae8b4fb10d6/c9923bb470fdcb9aa18867f39ecbd73b239f714e9aca992a11b4a25bfafffe80,192.168.65.3:10250,kubelet,/metrics/cadvisor,docker-desktop,prometheus-prometheus-oper-kubelet,0.051831066,,,,,
1609947380.622,container_cpu_usage_seconds_total,total,https-metrics,/kubepods/kubepods/besteffort/pod32c047c5-e2ba-40f6-b844-aae8b4fb10d6/c9923bb470fdcb9aa18867f39ecbd73b239f714e9aca992a11b4a25bfafffe80,192.168.65.3:10250,kubelet,/metrics/cadvisor,docker-desktop,prometheus-prometheus-oper-kubelet,0.051831066,,,,,
1609947418.524,container_cpu_usage_seconds_total,total,https-metrics,/kubepods/kubepods/besteffort/pod32c047c5-e2ba-40f6-b844-aae8b4fb10d6/c9923bb470fdcb9aa18867f39ecbd73b239f714e9aca992a11b4a25bfafffe80,192.168.65.3:10250,kubelet,/metrics/cadvisor,docker-desktop,prometheus-prometheus-oper-kubelet,0.051831066,,,,,
1609947148.098,container_cpu_usage_seconds_total,total,https-metrics,/kubepods/kubepods/besteffort/pod32c047c5-e2ba-40f6-b844-aae8b4fb10d6/f08466111cc12d0b9335d2e49379f783e9666f7050112158b33ba7e5c18fb422,192.168.65.3:10250,kubelet,/metrics/cadvisor,docker-desktop,prometheus-prometheus-oper-kubelet,77.913222208,,,,,
1609947178.083,container_cpu_usage_seconds_total,total,https-metrics,/kubepods/kubepods/besteffort/pod32c047c5-e2ba-40f6-b844-aae8b4fb10d6/f08466111cc12d0b9335d2e49379f783e9666f7050112158b33ba7e5c18fb422,192.168.65.3:10250,kubelet,/metrics/cadvisor,docker-desktop,prometheus-prometheus-oper-kubelet,77.913222208,,,,,
1609947197.041,container_cpu_usage_seconds_total,total,https-metrics,/kubepods/kubepods/besteffort/pod32c047c5-e2ba-40f6-b844-aae8b4fb10d6/f08466111cc12d0b9335d2e49379f783e9666f7050112158b33ba7e5c18fb422,192.168.65.3:10250,kubelet,/metrics/cadvisor,docker-desktop,prometheus-prometheus-oper-kubelet,77.913222208,,,,,
1609947239.269,container_cpu_usage_seconds_total,total,https-metrics,/kubepods/kubepods/besteffort/pod32c047c5-e2ba-40f6-b844-aae8b4fb10d6/f08466111cc12d0b9335d2e49379f783e9666f7050112158b33ba7e5c18fb422,192.168.65.3:10250,kubelet,/metrics/cadvisor,docker-desktop,prometheus-prometheus-oper-kubelet,77.913222208,,,,,
1609947265.62,container_cpu_usage_seconds_total,total,https-metrics,/kubepods/kubepods/besteffort/pod32c047c5-e2ba-40f6-b844-aae8b4fb10d6/f08466111cc12d0b9335d2e49379f783e9666f7050112158b33ba7e5c18fb422,192.168.65.3:10250,kubelet,/metrics/cadvisor,docker-desktop,prometheus-prometheus-oper-kubelet,77.913222208,,,,,
1609947280.848,container_cpu_usage_seconds_total,total,https-metrics,/kubepods/kubepods/besteffort/pod32c047c5-e2ba-40f6-b844-aae8b4fb10d6/f08466111cc12d0b9335d2e49379f783e9666f7050112158b33ba7e5c18fb422,192.168.65.3:10250,kubelet,/metrics/cadvisor,docker-desktop,prometheus-prometheus-oper-kubelet,77.913222208,,,,,
1609947320.502,container_cpu_usage_seconds_total,total,https-metrics,/kubepods/kubepods/besteffort/pod32c047c5-e2ba-40f6-b844-aae8b4fb10d6/f08466111cc12d0b9335d2e49379f783e9666f7050112158b33ba7e5c18fb422,192.168.65.3:10250,kubelet,/metrics/cadvisor,docker-desktop,prometheus-prometheus-oper-kubelet,77.913222208,,,,,
1609947349.622,container_cpu_usage_seconds_total,total,https-metrics,/kubepods/kubepods/besteffort/pod32c047c5-e2ba-40f6-b844-aae8b4fb10d6/f08466111cc12d0b9335d2e49379f783e9666f7050112158b33ba7e5c18fb422,192.168.65.3:10250,kubelet,/metrics/cadvisor,docker-desktop,prometheus-prometheus-oper-kubelet,77.913222208,,,,,
1609947391.32,container_cpu_usage_seconds_total,total,https-metrics,/kubepods/kubepods/besteffort/pod32c047c5-e2ba-40f6-b844-aae8b4fb10d6/f08466111cc12d0b9335d2e49379f783e9666f7050112158b33ba7e5c18fb422,192.168.65.3:10250,kubelet,/metrics/cadvisor,docker-desktop,prometheus-prometheus-oper-kubelet,77.913222208,,,,,
1609947410.523,container_cpu_usage_seconds_total,total,https-metrics,/kubepods/kubepods/besteffort/pod32c047c5-e2ba-40f6-b844-aae8b4fb10d6/f08466111cc12d0b9335d2e49379f783e9666f7050112158b33ba7e5c18fb422,192.168.65.3:10250,kubelet,/metrics/cadvisor,docker-desktop,prometheus-prometheus-oper-kubelet,77.913222208,,,,,
1609947145.484,container_cpu_usage_seconds_total,total,https-metrics,/kubepods/kubepods/besteffort/pod5a838eb8-4e2d-4943-b41b-86b9d671a839,192.168.65.3:10250,kubelet,/metrics/cadvisor,docker-desktop,prometheus-prometheus-oper-kubelet,18.672938161,kube-system,kube-proxy-v47zt,,,
1609947175.185,container_cpu_usage_seconds_total,total,https-metrics,/kubepods/kubepods/besteffort/pod5a838eb8-4e2d-4943-b41b-86b9d671a839,192.168.65.3:10250,kubelet,/metrics/cadvisor,docker-desktop,prometheus-prometheus-oper-kubelet,18.686406685,kube-system,kube-proxy-v47zt,,,
1609947203.064,container_cpu_usage_seconds_total,total,https-metrics,/kubepods/kubepods/besteffort/pod5a838eb8-4e2d-4943-b41b-86b9d671a839,192.168.65.3:10250,kubelet,/metrics/cadvisor,docker-desktop,prometheus-prometheus-oper-kubelet,18.692354311,kube-system,kube-proxy-v47zt,,,
1609947229.969,container_cpu_usage_seconds_total,total,https-metrics,/kubepods/kubepods/besteffort/pod5a838eb8-4e2d-4943-b41b-86b9d671a839,192.168.65.3:10250,kubelet,/metrics/cadvisor,docker-desktop,prometheus-prometheus-oper-kubelet,18.697798129,kube-system,kube-proxy-v47zt,,,
1609947267.747,container_cpu_usage_seconds_total,total,https-metrics,/kubepods/kubepods/besteffort/pod5a838eb8-4e2d-4943-b41b-86b9d671a839,192.168.65.3:10250,kubelet,/metrics/cadvisor,docker-desktop,prometheus-prometheus-oper-kubelet,18.705191561,kube-system,kube-proxy-v47zt,,,
1609947298.595,container_cpu_usage_seconds_total,total,https-metrics,/kubepods/kubepods/besteffort/pod5a838eb8-4e2d-4943-b41b-86b9d671a839,192.168.65.3:10250,kubelet,/metrics/cadvisor,docker-desktop,prometheus-prometheus-oper-kubelet,18.71998617,kube-system,kube-proxy-v47zt,,,
1609947333.304,container_cpu_usage_seconds_total,total,https-metrics,/kubepods/kubepods/besteffort/pod5a838eb8-4e2d-4943-b41b-86b9d671a839,192.168.65.3:10250,kubelet,/metrics/cadvisor,docker-desktop,prometheus-prometheus-oper-kubelet,18.72801299,kube-system,kube-proxy-v47zt,,,
1609947364.495,container_cpu_usage_seconds_total,total,https-metrics,/kubepods/kubepods/besteffort/pod5a838eb8-4e2d-4943-b41b-86b9d671a839,192.168.65.3:10250,kubelet,/metrics/cadvisor,docker-desktop,prometheus-prometheus-oper-kubelet,18.740834687,kube-system,kube-proxy-v47zt,,,
1609947394.107,container_cpu_usage_seconds_total,total,https-metrics,/kubepods/kubepods/besteffort/pod5a838eb8-4e2d-4943-b41b-86b9d671a839,192.168.65.3:10250,kubelet,/metrics/cadvisor,docker-desktop,prometheus-prometheus-oper-kubelet,18.746404132,kube-system,kube-proxy-v47zt,,,
1609947420.936,container_cpu_usage_seconds_total,total,https-metrics,/kubepods/kubepods/besteffort/pod5a838eb8-4e2d-4943-b41b-86b9d671a839,192.168.65.3:10250,kubelet,/metrics/cadvisor,docker-desktop,prometheus-prometheus-oper-kubelet,18.760071895,kube-system,kube-proxy-v47zt,,,
1609947183.185,container_cpu_usage_seconds_total,total,https-metrics,/kubepods/kubepods/besteffort/pod5a838eb8-4e2d-4943-b41b-86b9d671a839/f1fc02c4e539ba902b1e23dd7c604654e76ffa9ee2a70378db528b9cb51c30f6,192.168.65.3:10250,kubelet,/metrics/cadvisor,docker-desktop,prometheus-prometheus-oper-kubelet,8.986828254,,,,,
1609947197.652,container_cpu_usage_seconds_total,total,https-metrics,/kubepods/kubepods/besteffort/pod5a838eb8-4e2d-4943-b41b-86b9d671a839/f1fc02c4e539ba902b1e23dd7c604654e76ffa9ee2a70378db528b9cb51c30f6,192.168.65.3:10250,kubelet,/metrics/cadvisor,docker-desktop,prometheus-prometheus-oper-kubelet,8.986828254,,,,,
1609947233.098,container_cpu_usage_seconds_total,total,https-metrics,/kubepods/kubepods/besteffort/pod5a838eb8-4e2d-4943-b41b-86b9d671a839/f1fc02c4e539ba902b1e23dd7c604654e76ffa9ee2a70378db528b9cb51c30f6,192.168.65.3:10250,kubelet,/metrics/cadvisor,docker-desktop,prometheus-prometheus-oper-kubelet,8.986828254,,,,,
1609947258.971,container_cpu_usage_seconds_total,total,https-metrics,/kubepods/kubepods/besteffort/pod5a838eb8-4e2d-4943-b41b-86b9d671a839/f1fc02c4e539ba902b1e23dd7c604654e76ffa9ee2a70378db528b9cb51c30f6,192.168.65.3:10250,kubelet,/metrics/cadvisor,docker-desktop,prometheus-prometheus-oper-kubelet,8.986828254,,,,,
1609947294.508,container_cpu_usage_seconds_total,total,https-metrics,/kubepods/kubepods/besteffort/pod5a838eb8-4e2d-4943-b41b-86b9d671a839/f1fc02c4e539ba902b1e23dd7c604654e76ffa9ee2a70378db528b9cb51c30f6,192.168.65.3:10250,kubelet,/metrics/cadvisor,docker-desktop,prometheus-prometheus-oper-kubelet,8.986828254,,,,,
1609947310.859,container_cpu_usage_seconds_total,total,https-metrics,/kubepods/kubepods/besteffort/pod5a838eb8-4e2d-4943-b41b-86b9d671a839/f1fc02c4e539ba902b1e23dd7c604654e76ffa9ee2a70378db528b9cb51c30f6,192.168.65.3:10250,kubelet,/metrics/cadvisor,docker-desktop,prometheus-prometheus-oper-kubelet,8.986828254,,,,,
1609947356.018,container_cpu_usage_seconds_total,total,https-metrics,/kubepods/kubepods/besteffort/pod5a838eb8-4e2d-4943-b41b-86b9d671a839/f1fc02c4e539ba902b1e23dd7c604654e76ffa9ee2a70378db528b9cb51c30f6,192.168.65.3:10250,kubelet,/metrics/cadvisor,docker-desktop,prometheus-prometheus-oper-kubelet,8.986828254,,,,,
1609947390.447,container_cpu_usage_seconds_total,total,https-metrics,/kubepods/kubepods/besteffort/pod5a838eb8-4e2d-4943-b41b-86b9d671a839/f1fc02c4e539ba902b1e23dd7c604654e76ffa9ee2a70378db528b9cb51c30f6,192.168.65.3:10250,kubelet,/metrics/cadvisor,docker-desktop,prometheus-prometheus-oper-kubelet,8.986828254,,,,,
1609947408.847,container_cpu_usage_seconds_total,total,https-metrics,/kubepods/kubepods/besteffort/pod5a838eb8-4e2d-4943-b41b-86b9d671a839/f1fc02c4e539ba902b1e23dd7c604654e76ffa9ee2a70378db528b9cb51c30f6,192.168.65.3:10250,kubelet,/metrics/cadvisor,docker-desktop,prometheus-prometheus-oper-kubelet,8.986828254,,,,,
1609947181.827,container_cpu_usage_seconds_total,total,https-metrics,/kubepods/kubepods/besteffort/pod5a838eb8-4e2d-4943-b41b-86b9d671a839/f4b7dcb64fd565f2fe5cbcf53399b20c10cc60585c7b7cf9c1d837827276a827,192.168.65.3:10250,kubelet,/metrics/cadvisor,docker-desktop,prometheus-prometheus-oper-kubelet,0.038621006,,,,,
1609947214.856,container_cpu_usage_seconds_total,total,https-metrics,/kubepods/kubepods/besteffort/pod5a838eb8-4e2d-4943-b41b-86b9d671a839/f4b7dcb64fd565f2fe5cbcf53399b20c10cc60585c7b7cf9c1d837827276a827,192.168.65.3:10250,kubelet,/metrics/cadvisor,docker-desktop,prometheus-prometheus-oper-kubelet,0.038621006,,,,,
1609947232.095,container_cpu_usage_seconds_total,total,https-metrics,/kubepods/kubepods/besteffort/pod5a838eb8-4e2d-4943-b41b-86b9d671a839/f4b7dcb64fd565f2fe5cbcf53399b20c10cc60585c7b7cf9c1d837827276a827,192.168.65.3:10250,kubelet,/metrics/cadvisor,docker-desktop,prometheus-prometheus-oper-kubelet,0.038621006,,,,,
1609947265.792,container_cpu_usage_seconds_total,total,https-metrics,/kubepods/kubepods/besteffort/pod5a838eb8-4e2d-4943-b41b-86b9d671a839/f4b7dcb64fd565f2fe5cbcf53399b20c10cc60585c7b7cf9c1d837827276a827,192.168.65.3:10250,kubelet,/metrics/cadvisor,docker-desktop,prometheus-prometheus-oper-kubelet,0.038621006,,,,,
1609947299.172,container_cpu_usage_seconds_total,total,https-metrics,/kubepods/kubepods/besteffort/pod5a838eb8-4e2d-4943-b41b-86b9d671a839/f4b7dcb64fd565f2fe5cbcf53399b20c10cc60585c7b7cf9c1d837827276a827,192.168.65.3:10250,kubelet,/metrics/cadvisor,docker-desktop,prometheus-prometheus-oper-kubelet,0.038621006,,,,,
1609947327.016,container_cpu_usage_seconds_total,total,https-metrics,/kubepods/kubepods/besteffort/pod5a838eb8-4e2d-4943-b41b-86b9d671a839/f4b7dcb64fd565f2fe5cbcf53399b20c10cc60585c7b7cf9c1d837827276a827,192.168.65.3:10250,kubelet,/metrics/cadvisor,docker-desktop,prometheus-prometheus-oper-kubelet,0.038621006,,,,,
1609947363.532,container_cpu_usage_seconds_total,total,https-metrics,/kubepods/kubepods/besteffort/pod5a838eb8-4e2d-4943-b41b-86b9d671a839/f4b7dcb64fd565f2fe5cbcf53399b20c10cc60585c7b7cf9c1d837827276a827,192.168.65.3:10250,kubelet,/metrics/cadvisor,docker-desktop,prometheus-prometheus-oper-kubelet,0.038621006,,,,,
1609947393.145,container_cpu_usage_seconds_total,total,https-metrics,/kubepods/kubepods/besteffort/pod5a838eb8-4e2d-4943-b41b-86b9d671a839/f4b7dcb64fd565f2fe5cbcf53399b20c10cc60585c7b7cf9c1d837827276a827,192.168.65.3:10250,kubelet,/metrics/cadvisor,docker-desktop,prometheus-prometheus-oper-kubelet,0.038621006,,,,,
1609947406.057,container_cpu_usage_seconds_total,total,https-metrics,/kubepods/kubepods/besteffort/pod5a838eb8-4e2d-4943-b41b-86b9d671a839/f4b7dcb64fd565f2fe5cbcf53399b20c10cc60585c7b7cf9c1d837827276a827,192.168.65.3:10250,kubelet,/metrics/cadvisor,docker-desktop,prometheus-prometheus-oper-kubelet,0.038621006,,,,,
1609947172.47,container_cpu_usage_seconds_total,total,https-metrics,/kubepods/kubepods/besteffort/pod5bd726a8-a1a6-4775-b348-c8899c4d6dc7,192.168.65.3:10250,kubelet,/metrics/cadvisor,docker-desktop,prometheus-prometheus-oper-kubelet,384.493290714,prometheus,prometheus-grafana-5bf8fbbf6d-9cznp,,,
1609947205.175,container_cpu_usage_seconds_total,total,https-metrics,/kubepods/kubepods/besteffort/pod5bd726a8-a1a6-4775-b348-c8899c4d6dc7,192.168.65.3:10250,kubelet,/metrics/cadvisor,docker-desktop,prometheus-prometheus-oper-kubelet,384.761679256,prometheus,prometheus-grafana-5bf8fbbf6d-9cznp,,,
1609947228.324,container_cpu_usage_seconds_total,total,https-metrics,/kubepods/kubepods/besteffort/pod5bd726a8-a1a6-4775-b348-c8899c4d6dc7,192.168.65.3:10250,kubelet,/metrics/cadvisor,docker-desktop,prometheus-prometheus-oper-kubelet,384.94683276,prometheus,prometheus-grafana-5bf8fbbf6d-9cznp,,,
1609947273.764,container_cpu_usage_seconds_total,total,https-metrics,/kubepods/kubepods/besteffort/pod5bd726a8-a1a6-4775-b348-c8899c4d6dc7,192.168.65.3:10250,kubelet,/metrics/cadvisor,docker-desktop,prometheus-prometheus-oper-kubelet,385.401105784,prometheus,prometheus-grafana-5bf8fbbf6d-9cznp,,,
1609947292.764,container_cpu_usage_seconds_total,total,https-metrics,/kubepods/kubepods/besteffort/pod5bd726a8-a1a6-4775-b348-c8899c4d6dc7,192.168.65.3:10250,kubelet,/metrics/cadvisor,docker-desktop,prometheus-prometheus-oper-kubelet,385.53625006,prometheus,prometheus-grafana-5bf8fbbf6d-9cznp,,,
1609947326.13,container_cpu_usage_seconds_total,total,https-metrics,/kubepods/kubepods/besteffort/pod5bd726a8-a1a6-4775-b348-c8899c4d6dc7,192.168.65.3:10250,kubelet,/metrics/cadvisor,docker-desktop,prometheus-prometheus-oper-kubelet,386.083164784,prometheus,prometheus-grafana-5bf8fbbf6d-9cznp,,,
1609947360.523,container_cpu_usage_seconds_total,total,https-metrics,/kubepods/kubepods/besteffort/pod5bd726a8-a1a6-4775-b348-c8899c4d6dc7,192.168.65.3:10250,kubelet,/metrics/cadvisor,docker-desktop,prometheus-prometheus-oper-kubelet,387.024969189,prometheus,prometheus-grafana-5bf8fbbf6d-9cznp,,,
1609947392.767,container_cpu_usage_seconds_total,total,https-metrics,/kubepods/kubepods/besteffort/pod5bd726a8-a1a6-4775-b348-c8899c4d6dc7,192.168.65.3:10250,kubelet,/metrics/cadvisor,docker-desktop,prometheus-prometheus-oper-kubelet,387.312493154,prometheus,prometheus-grafana-5bf8fbbf6d-9cznp,,,
1609947409.598,container_cpu_usage_seconds_total,total,https-metrics,/kubepods/kubepods/besteffort/pod5bd726a8-a1a6-4775-b348-c8899c4d6dc7,192.168.65.3:10250,kubelet,/metrics/cadvisor,docker-desktop,prometheus-prometheus-oper-kubelet,387.362521728,prometheus,prometheus-grafana-5bf8fbbf6d-9cznp,,,
1609947150.506,container_cpu_usage_seconds_total,total,https-metrics,/kubepods/kubepods/besteffort/pod5bd726a8-a1a6-4775-b348-c8899c4d6dc7/05d3d5a4410cd577ce39a96123cf4dcb73dabf09eecd525625d7fc2e4cc66381,192.168.65.3:10250,kubelet,/metrics/cadvisor,docker-desktop,prometheus-prometheus-oper-kubelet,161.519174065,,,,,
1609947184.015,container_cpu_usage_seconds_total,total,https-metrics,/kubepods/kubepods/besteffort/pod5bd726a8-a1a6-4775-b348-c8899c4d6dc7/05d3d5a4410cd577ce39a96123cf4dcb73dabf09eecd525625d7fc2e4cc66381,192.168.65.3:10250,kubelet,/metrics/cadvisor,docker-desktop,prometheus-prometheus-oper-kubelet,161.519174065,,,,,
1609947200.112,container_cpu_usage_seconds_total,total,https-metrics,/kubepods/kubepods/besteffort/pod5bd726a8-a1a6-4775-b348-c8899c4d6dc7/05d3d5a4410cd577ce39a96123cf4dcb73dabf09eecd525625d7fc2e4cc66381,192.168.65.3:10250,kubelet,/metrics/cadvisor,docker-desktop,prometheus-prometheus-oper-kubelet,161.519174065,,,,,
1609947239.582,container_cpu_usage_seconds_total,total,https-metrics,/kubepods/kubepods/besteffort/pod5bd726a8-a1a6-4775-b348-c8899c4d6dc7/05d3d5a4410cd577ce39a96123cf4dcb73dabf09eecd525625d7fc2e4cc66381,192.168.65.3:10250,kubelet,/metrics/cadvisor,docker-desktop,prometheus-prometheus-oper-kubelet,161.519174065,,,,,
1609947264.879,container_cpu_usage_seconds_total,total,https-metrics,/kubepods/kubepods/besteffort/pod5bd726a8-a1a6-4775-b348-c8899c4d6dc7/05d3d5a4410cd577ce39a96123cf4dcb73dabf09eecd525625d7fc2e4cc66381,192.168.65.3:10250,kubelet,/metrics/cadvisor,docker-desktop,prometheus-prometheus-oper-kubelet,161.519174065,,,,,
1609947301.687,container_cpu_usage_seconds_total,total,https-metrics,/kubepods/kubepods/besteffort/pod5bd726a8-a1a6-4775-b348-c8899c4d6dc7/05d3d5a4410cd577ce39a96123cf4dcb73dabf09eecd525625d7fc2e4cc66381,192.168.65.3:10250,kubelet,/metrics/cadvisor,docker-desktop,prometheus-prometheus-oper-kubelet,161.519174065,,,,,
1609947320.27,container_cpu_usage_seconds_total,total,https-metrics,/kubepods/kubepods/besteffort/pod5bd726a8-a1a6-4775-b348-c8899c4d6dc7/05d3d5a4410cd577ce39a96123cf4dcb73dabf09eecd525625d7fc2e4cc66381,192.168.65.3:10250,kubelet,/metrics/cadvisor,docker-desktop,prometheus-prometheus-oper-kubelet,161.519174065,,,,,
1609947361.4,container_cpu_usage_seconds_total,total,https-metrics,/kubepods/kubepods/besteffort/pod5bd726a8-a1a6-4775-b348-c8899c4d6dc7/05d3d5a4410cd577ce39a96123cf4dcb73dabf09eecd525625d7fc2e4cc66381,192.168.65.3:10250,kubelet,/metrics/cadvisor,docker-desktop,prometheus-prometheus-oper-kubelet,161.519174065,,,,,
1609947387.981,container_cpu_usage_seconds_total,total,https-metrics,/kubepods/kubepods/besteffort/pod5bd726a8-a1a6-4775-b348-c8899c4d6dc7/05d3d5a4410cd577ce39a96123cf4dcb73dabf09eecd525625d7fc2e4cc66381,192.168.65.3:10250,kubelet,/metrics/cadvisor,docker-desktop,prometheus-prometheus-oper-kubelet,161.519174065,,,,,
1609947402.29,container_cpu_usage_seconds_total,total,https-metrics,/kubepods/kubepods/besteffort/pod5bd726a8-a1a6-4775-b348-c8899c4d6dc7/05d3d5a4410cd577ce39a96123cf4dcb73dabf09eecd525625d7fc2e4cc66381,192.168.65.3:10250,kubelet,/metrics/cadvisor,docker-desktop,prometheus-prometheus-oper-kubelet,161.519174065,,,,,
1609947150.369,container_cpu_usage_seconds_total,total,https-metrics,/kubepods/kubepods/besteffort/pod5bd726a8-a1a6-4775-b348-c8899c4d6dc7/2610f7d5cf52eaa6fa6c5eba49ae194488ffa938816045e31e4ca297a78ceff6,192.168.65.3:10250,kubelet,/metrics/cadvisor,docker-desktop,prometheus-prometheus-oper-kubelet,0.07331938,,,,,
1609947178.038,container_cpu_usage_seconds_total,total,https-metrics,/kubepods/kubepods/besteffort/pod5bd726a8-a1a6-4775-b348-c8899c4d6dc7/2610f7d5cf52eaa6fa6c5eba49ae194488ffa938816045e31e4ca297a78ceff6,192.168.65.3:10250,kubelet,/metrics/cadvisor,docker-desktop,prometheus-prometheus-oper-kubelet,0.07331938,,,,,
1609947191.051,container_cpu_usage_seconds_total,total,https-metrics,/kubepods/kubepods/besteffort/pod5bd726a8-a1a6-4775-b348-c8899c4d6dc7/2610f7d5cf52eaa6fa6c5eba49ae194488ffa938816045e31e4ca297a78ceff6,192.168.65.3:10250,kubelet,/metrics/cadvisor,docker-desktop,prometheus-prometheus-oper-kubelet,0.07331938,,,,,
1609947237.255,container_cpu_usage_seconds_total,total,https-metrics,/kubepods/kubepods/besteffort/pod5bd726a8-a1a6-4775-b348-c8899c4d6dc7/2610f7d5cf52eaa6fa6c5eba49ae194488ffa938816045e31e4ca297a78ceff6,192.168.65.3:10250,kubelet,/metrics/cadvisor,docker-desktop,prometheus-prometheus-oper-kubelet,0.07331938,,,,,
1609947269.85,container_cpu_usage_seconds_total,total,https-metrics,/kubepods/kubepods/besteffort/pod5bd726a8-a1a6-4775-b348-c8899c4d6dc7/2610f7d5cf52eaa6fa6c5eba49ae194488ffa938816045e31e4ca297a78ceff6,192.168.65.3:10250,kubelet,/metrics/cadvisor,docker-desktop,prometheus-prometheus-oper-kubelet,0.07331938,,,,,
1609947297.428,container_cpu_usage_seconds_total,total,https-metrics,/kubepods/kubepods/besteffort/pod5bd726a8-a1a6-4775-b348-c8899c4d6dc7/2610f7d5cf52eaa6fa6c5eba49ae194488ffa938816045e31e4ca297a78ceff6,192.168.65.3:10250,kubelet,/metrics/cadvisor,docker-desktop,prometheus-prometheus-oper-kubelet,0.07331938,,,,,
1609947313.513,container_cpu_usage_seconds_total,total,https-metrics,/kubepods/kubepods/besteffort/pod5bd726a8-a1a6-4775-b348-c8899c4d6dc7/2610f7d5cf52eaa6fa6c5eba49ae194488ffa938816045e31e4ca297a78ceff6,192.168.65.3:10250,kubelet,/metrics/cadvisor,docker-desktop,prometheus-prometheus-oper-kubelet,0.07331938,,,,,
1609947350.175,container_cpu_usage_seconds_total,total,https-metrics,/kubepods/kubepods/besteffort/pod5bd726a8-a1a6-4775-b348-c8899c4d6dc7/2610f7d5cf52eaa6fa6c5eba49ae194488ffa938816045e31e4ca297a78ceff6,192.168.65.3:10250,kubelet,/metrics/cadvisor,docker-desktop,prometheus-prometheus-oper-kubelet,0.07331938,,,,,
1609947387.625,container_cpu_usage_seconds_total,total,https-metrics,/kubepods/kubepods/besteffort/pod5bd726a8-a1a6-4775-b348-c8899c4d6dc7/2610f7d5cf52eaa6fa6c5eba49ae194488ffa938816045e31e4ca297a78ceff6,192.168.65.3:10250,kubelet,/metrics/cadvisor,docker-desktop,prometheus-prometheus-oper-kubelet,0.07331938,,,,,
1609947422.41,container_cpu_usage_seconds_total,total,https-metrics,/kubepods/kubepods/besteffort/pod5bd726a8-a1a6-4775-b348-c8899c4d6dc7/2610f7d5cf52eaa6fa6c5eba49ae194488ffa938816045e31e4ca297a78ceff6,192.168.65.3:10250,kubelet,/metrics/cadvisor,docker-desktop,prometheus-prometheus-oper-kubelet,0.07331938,,,,,
1609947179.224,container_cpu_usage_seconds_total,total,https-metrics,/kubepods/kubepods/besteffort/pod5bd726a8-a1a6-4775-b348-c8899c4d6dc7/b26c71ae6ac13d5277a8263150d95d02e77cc164e686e862449d5010e0448444,192.168.65.3:10250,kubelet,/metrics/cadvisor,docker-desktop,prometheus-prometheus-oper-kubelet,1.738499598,,,,,
1609947212.353,container_cpu_usage_seconds_total,total,https-metrics,/kubepods/kubepods/besteffort/pod5bd726a8-a1a6-4775-b348-c8899c4d6dc7/b26c71ae6ac13d5277a8263150d95d02e77cc164e686e862449d5010e0448444,192.168.65.3:10250,kubelet,/metrics/cadvisor,docker-desktop,prometheus-prometheus-oper-kubelet,1.738499598,,,,,
1609947241.793,container_cpu_usage_seconds_total,total,https-metrics,/kubepods/kubepods/besteffort/pod5bd726a8-a1a6-4775-b348-c8899c4d6dc7/b26c71ae6ac13d5277a8263150d95d02e77cc164e686e862449d5010e0448444,192.168.65.3:10250,kubelet,/metrics/cadvisor,docker-desktop,prometheus-prometheus-oper-kubelet,1.738499598,,,,,
1609947269.587,container_cpu_usage_seconds_total,total,https-metrics,/kubepods/kubepods/besteffort/pod5bd726a8-a1a6-4775-b348-c8899c4d6dc7/b26c71ae6ac13d5277a8263150d95d02e77cc164e686e862449d5010e0448444,192.168.65.3:10250,kubelet,/metrics/cadvisor,docker-desktop,prometheus-prometheus-oper-kubelet,1.738499598,,,,,
1609947288.991,container_cpu_usage_seconds_total,total,https-metrics,/kubepods/kubepods/besteffort/pod5bd726a8-a1a6-4775-b348-c8899c4d6dc7/b26c71ae6ac13d5277a8263150d95d02e77cc164e686e862449d5010e0448444,192.168.65.3:10250,kubelet,/metrics/cadvisor,docker-desktop,prometheus-prometheus-oper-kubelet,1.738499598,,,,,
1609947317.593,container_cpu_usage_seconds_total,total,https-metrics,/kubepods/kubepods/besteffort/pod5bd726a8-a1a6-4775-b348-c8899c4d6dc7/b26c71ae6ac13d5277a8263150d95d02e77cc164e686e862449d5010e0448444,192.168.65.3:10250,kubelet,/metrics/cadvisor,docker-desktop,prometheus-prometheus-oper-kubelet,1.738499598,,,,,
1609947363.28,container_cpu_usage_seconds_total,total,https-metrics,/kubepods/kubepods/besteffort/pod5bd726a8-a1a6-4775-b348-c8899c4d6dc7/b26c71ae6ac13d5277a8263150d95d02e77cc164e686e862449d5010e0448444,192.168.65.3:10250,kubelet,/metrics/cadvisor,docker-desktop,prometheus-prometheus-oper-kubelet,1.738499598,,,,,
1609947393.911,container_cpu_usage_seconds_total,total,https-metrics,/kubepods/kubepods/besteffort/pod5bd726a8-a1a6-4775-b348-c8899c4d6dc7/b26c71ae6ac13d5277a8263150d95d02e77cc164e686e862449d5010e0448444,192.168.65.3:10250,kubelet,/metrics/cadvisor,docker-desktop,prometheus-prometheus-oper-kubelet,1.738499598,,,,,
1609947409.595,container_cpu_usage_seconds_total,total,https-metrics,/kubepods/kubepods/besteffort/pod5bd726a8-a1a6-4775-b348-c8899c4d6dc7/b26c71ae6ac13d5277a8263150d95d02e77cc164e686e862449d5010e0448444,192.168.65.3:10250,kubelet,/metrics/cadvisor,docker-desktop,prometheus-prometheus-oper-kubelet,1.738499598,,,,,
1609947177.072,container_cpu_usage_seconds_total,total,https-metrics,/kubepods/kubepods/besteffort/pod86d7220a-a114-41f2-8bcd-bdc720d5c3a9,192.168.65.3:10250,kubelet,/metrics/cadvisor,docker-desktop,prometheus-prometheus-oper-kubelet,18.99707221,kube-system,vpnkit-controller,,,
1609947212.743,container_cpu_usage_seconds_total,total,https-metrics,/kubepods/kubepods/besteffort/pod86d7220a-a114-41f2-8bcd-bdc720d5c3a9,192.168.65.3:10250,kubelet,/metrics/cadvisor,docker-desktop,prometheus-prometheus-oper-kubelet,19.007983831,kube-system,vpnkit-controller,,,
1609947230.526,container_cpu_usage_seconds_total,total,https-metrics,/kubepods/kubepods/besteffort/pod86d7220a-a114-41f2-8bcd-bdc720d5c3a9,192.168.65.3:10250,kubelet,/metrics/cadvisor,docker-desktop,prometheus-prometheus-oper-kubelet,19.016436684,kube-system,vpnkit-controller,,,
1609947269.712,container_cpu_usage_seconds_total,total,https-metrics,/kubepods/kubepods/besteffort/pod86d7220a-a114-41f2-8bcd-bdc720d5c3a9,192.168.65.3:10250,kubelet,/metrics/cadvisor,docker-desktop,prometheus-prometheus-oper-kubelet,19.032950706,kube-system,vpnkit-controller,,,
1609947289.606,container_cpu_usage_seconds_total,total,https-metrics,/kubepods/kubepods/besteffort/pod86d7220a-a114-41f2-8bcd-bdc720d5c3a9,192.168.65.3:10250,kubelet,/metrics/cadvisor,docker-desktop,prometheus-prometheus-oper-kubelet,19.043369571,kube-system,vpnkit-controller,,,
1609947329.992,container_cpu_usage_seconds_total,total,https-metrics,/kubepods/kubepods/besteffort/pod86d7220a-a114-41f2-8bcd-bdc720d5c3a9,192.168.65.3:10250,kubelet,/metrics/cadvisor,docker-desktop,prometheus-prometheus-oper-kubelet,19.051498652,kube-system,vpnkit-controller,,,
1609947363.735,container_cpu_usage_seconds_total,total,https-metrics,/kubepods/kubepods/besteffort/pod86d7220a-a114-41f2-8bcd-bdc720d5c3a9,192.168.65.3:10250,kubelet,/metrics/cadvisor,docker-desktop,prometheus-prometheus-oper-kubelet,19.079760579,kube-system,vpnkit-controller,,,
1609947386.923,container_cpu_usage_seconds_total,total,https-metrics,/kubepods/kubepods/besteffort/pod86d7220a-a114-41f2-8bcd-bdc720d5c3a9,192.168.65.3:10250,kubelet,/metrics/cadvisor,docker-desktop,prometheus-prometheus-oper-kubelet,19.093181461,kube-system,vpnkit-controller,,,
1609947417.933,container_cpu_usage_seconds_total,total,https-metrics,/kubepods/kubepods/besteffort/pod86d7220a-a114-41f2-8bcd-bdc720d5c3a9,192.168.65.3:10250,kubelet,/metrics/cadvisor,docker-desktop,prometheus-prometheus-oper-kubelet,19.100341794,kube-system,vpnkit-controller,,,
1609947147.393,container_cpu_usage_seconds_total,total,https-metrics,/kubepods/kubepods/besteffort/pod86d7220a-a114-41f2-8bcd-bdc720d5c3a9/7495f7ba7d1a98f99fae293c748fbcd61405e84af19171d0da83c5d40be6d4fa,192.168.65.3:10250,kubelet,/metrics/cadvisor,docker-desktop,prometheus-prometheus-oper-kubelet,9.354788753,,,,,
1609947173.221,container_cpu_usage_seconds_total,total,https-metrics,/kubepods/kubepods/besteffort/pod86d7220a-a114-41f2-8bcd-bdc720d5c3a9/7495f7ba7d1a98f99fae293c748fbcd61405e84af19171d0da83c5d40be6d4fa,192.168.65.3:10250,kubelet,/metrics/cadvisor,docker-desktop,prometheus-prometheus-oper-kubelet,9.354788753,,,,,
1609947208.782,container_cpu_usage_seconds_total,total,https-metrics,/kubepods/kubepods/besteffort/pod86d7220a-a114-41f2-8bcd-bdc720d5c3a9/7495f7ba7d1a98f99fae293c748fbcd61405e84af19171d0da83c5d40be6d4fa,192.168.65.3:10250,kubelet,/metrics/cadvisor,docker-desktop,prometheus-prometheus-oper-kubelet,9.354788753,,,,,
1609947242.765,container_cpu_usage_seconds_total,total,https-metrics,/kubepods/kubepods/besteffort/pod86d7220a-a114-41f2-8bcd-bdc720d5c3a9/7495f7ba7d1a98f99fae293c748fbcd61405e84af19171d0da83c5d40be6d4fa,192.168.65.3:10250,kubelet,/metrics/cadvisor,docker-desktop,prometheus-prometheus-oper-kubelet,9.354788753,,,,,
1609947254.07,container_cpu_usage_seconds_total,total,https-metrics,/kubepods/kubepods/besteffort/pod86d7220a-a114-41f2-8bcd-bdc720d5c3a9/7495f7ba7d1a98f99fae293c748fbcd61405e84af19171d0da83c5d40be6d4fa,192.168.65.3:10250,kubelet,/metrics/cadvisor,docker-desktop,prometheus-prometheus-oper-kubelet,9.354788753,,,,,
1609947296.764,container_cpu_usage_seconds_total,total,https-metrics,/kubepods/kubepods/besteffort/pod86d7220a-a114-41f2-8bcd-bdc720d5c3a9/7495f7ba7d1a98f99fae293c748fbcd61405e84af19171d0da83c5d40be6d4fa,192.168.65.3:10250,kubelet,/metrics/cadvisor,docker-desktop,prometheus-prometheus-oper-kubelet,9.354788753,,,,,
1609947335.049,container_cpu_usage_seconds_total,total,https-metrics,/kubepods/kubepods/besteffort/pod86d7220a-a114-41f2-8bcd-bdc720d5c3a9/7495f7ba7d1a98f99fae293c748fbcd61405e84af19171d0da83c5d40be6d4fa,192.168.65.3:10250,kubelet,/metrics/cadvisor,docker-desktop,prometheus-prometheus-oper-kubelet,9.354788753,,,,,
1609947352.376,container_cpu_usage_seconds_total,total,https-metrics,/kubepods/kubepods/besteffort/pod86d7220a-a114-41f2-8bcd-bdc720d5c3a9/7495f7ba7d1a98f99fae293c748fbcd61405e84af19171d0da83c5d40be6d4fa,192.168.65.3:10250,kubelet,/metrics/cadvisor,docker-desktop,prometheus-prometheus-oper-kubelet,9.354788753,,,,,
1609947389.797,container_cpu_usage_seconds_total,total,https-metrics,/kubepods/kubepods/besteffort/pod86d7220a-a114-41f2-8bcd-bdc720d5c3a9/7495f7ba7d1a98f99fae293c748fbcd61405e84af19171d0da83c5d40be6d4fa,192.168.65.3:10250,kubelet,/metrics/cadvisor,docker-desktop,prometheus-prometheus-oper-kubelet,9.354788753,,,,,
1609947425.112,container_cpu_usage_seconds_total,total,https-metrics,/kubepods/kubepods/besteffort/pod86d7220a-a114-41f2-8bcd-bdc720d5c3a9/7495f7ba7d1a98f99fae293c748fbcd61405e84af19171d0da83c5d40be6d4fa,192.168.65.3:10250,kubelet,/metrics/cadvisor,docker-desktop,prometheus-prometheus-oper-kubelet,9.354788753,,,,,
1609947145.523,container_cpu_usage_seconds_total,total,https-metrics,/kubepods/kubepods/besteffort/pod86d7220a-a114-41f2-8bcd-bdc720d5c3a9/ecc31cfc02f0165edef30ef0b2d1a9ca35df44f595be51360cce60bd0d700872,192.168.65.3:10250,kubelet,/metrics/cadvisor,docker-desktop,prometheus-prometheus-oper-kubelet,0.028834225,,,,,
1609947168.303,container_cpu_usage_seconds_total,total,https-metrics,/kubepods/kubepods/besteffort/pod86d7220a-a114-41f2-8bcd-bdc720d5c3a9/ecc31cfc02f0165edef30ef0b2d1a9ca35df44f595be51360cce60bd0d700872,192.168.65.3:10250,kubelet,/metrics/cadvisor,docker-desktop,prometheus-prometheus-oper-kubelet,0.028834225,,,,,
1609947205.045,container_cpu_usage_seconds_total,total,https-metrics,/kubepods/kubepods/besteffort/pod86d7220a-a114-41f2-8bcd-bdc720d5c3a9/ecc31cfc02f0165edef30ef0b2d1a9ca35df44f595be51360cce60bd0d700872,192.168.65.3:10250,kubelet,/metrics/cadvisor,docker-desktop,prometheus-prometheus-oper-kubelet,0.028834225,,,,,
1609947238.071,container_cpu_usage_seconds_total,total,https-metrics,/kubepods/kubepods/besteffort/pod86d7220a-a114-41f2-8bcd-bdc720d5c3a9/ecc31cfc02f0165edef30ef0b2d1a9ca35df44f595be51360cce60bd0d700872,192.168.65.3:10250,kubelet,/metrics/cadvisor,docker-desktop,prometheus-prometheus-oper-kubelet,0.028834225,,,,,
1609947274.763,container_cpu_usage_seconds_total,total,https-metrics,/kubepods/kubepods/besteffort/pod86d7220a-a114-41f2-8bcd-bdc720d5c3a9/ecc31cfc02f0165edef30ef0b2d1a9ca35df44f595be51360cce60bd0d700872,192.168.65.3:10250,kubelet,/metrics/cadvisor,docker-desktop,prometheus-prometheus-oper-kubelet,0.028834225,,,,,
1609947286.076,container_cpu_usage_seconds_total,total,https-metrics,/kubepods/kubepods/besteffort/pod86d7220a-a114-41f2-8bcd-bdc720d5c3a9/ecc31cfc02f0165edef30ef0b2d1a9ca35df44f595be51360cce60bd0d700872,192.168.65.3:10250,kubelet,/metrics/cadvisor,docker-desktop,prometheus-prometheus-oper-kubelet,0.028834225,,,,,
1609947322.88,container_cpu_usage_seconds_total,total,https-metrics,/kubepods/kubepods/besteffort/pod86d7220a-a114-41f2-8bcd-bdc720d5c3a9/ecc31cfc02f0165edef30ef0b2d1a9ca35df44f595be51360cce60bd0d700872,192.168.65.3:10250,kubelet,/metrics/cadvisor,docker-desktop,prometheus-prometheus-oper-kubelet,0.028834225,,,,,
1609947352.689,container_cpu_usage_seconds_total,total,https-metrics,/kubepods/kubepods/besteffort/pod86d7220a-a114-41f2-8bcd-bdc720d5c3a9/ecc31cfc02f0165edef30ef0b2d1a9ca35df44f595be51360cce60bd0d700872,192.168.65.3:10250,kubelet,/metrics/cadvisor,docker-desktop,prometheus-prometheus-oper-kubelet,0.028834225,,,,,
1609947386.561,container_cpu_usage_seconds_total,total,https-metrics,/kubepods/kubepods/besteffort/pod86d7220a-a114-41f2-8bcd-bdc720d5c3a9/ecc31cfc02f0165edef30ef0b2d1a9ca35df44f595be51360cce60bd0d700872,192.168.65.3:10250,kubelet,/metrics/cadvisor,docker-desktop,prometheus-prometheus-oper-kubelet,0.028834225,,,,,
1609947411.612,container_cpu_usage_seconds_total,total,https-metrics,/kubepods/kubepods/besteffort/pod86d7220a-a114-41f2-8bcd-bdc720d5c3a9/ecc31cfc02f0165edef30ef0b2d1a9ca35df44f595be51360cce60bd0d700872,192.168.65.3:10250,kubelet,/metrics/cadvisor,docker-desktop,prometheus-prometheus-oper-kubelet,0.028834225,,,,,
1609947148.659,container_cpu_usage_seconds_total,total,https-metrics,/kubepods/kubepods/besteffort/podb20a4566-cda2-4ca2-8914-ff2b1f6eb9d0,192.168.65.3:10250,kubelet,/metrics/cadvisor,docker-desktop,prometheus-prometheus-oper-kubelet,71.876043882,prometheus,prometheus-kube-state-metrics-95d956569-lql96,,,
1609947183.742,container_cpu_usage_seconds_total,total,https-metrics,/kubepods/kubepods/besteffort/podb20a4566-cda2-4ca2-8914-ff2b1f6eb9d0,192.168.65.3:10250,kubelet,/metrics/cadvisor,docker-desktop,prometheus-prometheus-oper-kubelet,71.907735617,prometheus,prometheus-kube-state-metrics-95d956569-lql96,,,
1609947212.851,container_cpu_usage_seconds_total,total,https-metrics,/kubepods/kubepods/besteffort/podb20a4566-cda2-4ca2-8914-ff2b1f6eb9d0,192.168.65.3:10250,kubelet,/metrics/cadvisor,docker-desktop,prometheus-prometheus-oper-kubelet,71.931209879,prometheus,prometheus-kube-state-metrics-95d956569-lql96,,,
1609947245.068,container_cpu_usage_seconds_total,total,https-metrics,/kubepods/kubepods/besteffort/podb20a4566-cda2-4ca2-8914-ff2b1f6eb9d0,192.168.65.3:10250,kubelet,/metrics/cadvisor,docker-desktop,prometheus-prometheus-oper-kubelet,72.183330973,prometheus,prometheus-kube-state-metrics-95d956569-lql96,,,
1609947273.859,container_cpu_usage_seconds_total,total,https-metrics,/kubepods/kubepods/besteffort/podb20a4566-cda2-4ca2-8914-ff2b1f6eb9d0,192.168.65.3:10250,kubelet,/metrics/cadvisor,docker-desktop,prometheus-prometheus-oper-kubelet,72.210037286,prometheus,prometheus-kube-state-metrics-95d956569-lql96,,,
1609947295.267,container_cpu_usage_seconds_total,total,https-metrics,/kubepods/kubepods/besteffort/podb20a4566-cda2-4ca2-8914-ff2b1f6eb9d0,192.168.65.3:10250,kubelet,/metrics/cadvisor,docker-desktop,prometheus-prometheus-oper-kubelet,72.224468076,prometheus,prometheus-kube-state-metrics-95d956569-lql96,,,
1609947329.364,container_cpu_usage_seconds_total,total,https-metrics,/kubepods/kubepods/besteffort/podb20a4566-cda2-4ca2-8914-ff2b1f6eb9d0,192.168.65.3:10250,kubelet,/metrics/cadvisor,docker-desktop,prometheus-prometheus-oper-kubelet,72.265148206,prometheus,prometheus-kube-state-metrics-95d956569-lql96,,,
1609947349.086,container_cpu_usage_seconds_total,total,https-metrics,/kubepods/kubepods/besteffort/podb20a4566-cda2-4ca2-8914-ff2b1f6eb9d0,192.168.65.3:10250,kubelet,/metrics/cadvisor,docker-desktop,prometheus-prometheus-oper-kubelet,72.355724526,prometheus,prometheus-kube-state-metrics-95d956569-lql96,,,
1609947386.986,container_cpu_usage_seconds_total,total,https-metrics,/kubepods/kubepods/besteffort/podb20a4566-cda2-4ca2-8914-ff2b1f6eb9d0,192.168.65.3:10250,kubelet,/metrics/cadvisor,docker-desktop,prometheus-prometheus-oper-kubelet,72.54094882,prometheus,prometheus-kube-state-metrics-95d956569-lql96,,,
1609947422.081,container_cpu_usage_seconds_total,total,https-metrics,/kubepods/kubepods/besteffort/podb20a4566-cda2-4ca2-8914-ff2b1f6eb9d0,192.168.65.3:10250,kubelet,/metrics/cadvisor,docker-desktop,prometheus-prometheus-oper-kubelet,72.619906036,prometheus,prometheus-kube-state-metrics-95d956569-lql96,,,
1609947144.813,container_cpu_usage_seconds_total,total,https-metrics,/kubepods/kubepods/besteffort/podb20a4566-cda2-4ca2-8914-ff2b1f6eb9d0/48612bc32671e36c53d1b81c4dbe8aacab5fd6093ee671d29e84f527cd625e4b,192.168.65.3:10250,kubelet,/metrics/cadvisor,docker-desktop,prometheus-prometheus-oper-kubelet,32.920108247,,,,,
1609947180.972,container_cpu_usage_seconds_total,total,https-metrics,/kubepods/kubepods/besteffort/podb20a4566-cda2-4ca2-8914-ff2b1f6eb9d0/48612bc32671e36c53d1b81c4dbe8aacab5fd6093ee671d29e84f527cd625e4b,192.168.65.3:10250,kubelet,/metrics/cadvisor,docker-desktop,prometheus-prometheus-oper-kubelet,32.920108247,,,,,
1609947196.961,container_cpu_usage_seconds_total,total,https-metrics,/kubepods/kubepods/besteffort/podb20a4566-cda2-4ca2-8914-ff2b1f6eb9d0/48612bc32671e36c53d1b81c4dbe8aacab5fd6093ee671d29e84f527cd625e4b,192.168.65.3:10250,kubelet,/metrics/cadvisor,docker-desktop,prometheus-prometheus-oper-kubelet,32.920108247,,,,,
1609947236.898,container_cpu_usage_seconds_total,total,https-metrics,/kubepods/kubepods/besteffort/podb20a4566-cda2-4ca2-8914-ff2b1f6eb9d0/48612bc32671e36c53d1b81c4dbe8aacab5fd6093ee671d29e84f527cd625e4b,192.168.65.3:10250,kubelet,/metrics/cadvisor,docker-desktop,prometheus-prometheus-oper-kubelet,32.920108247,,,,,
1609947264.441,container_cpu_usage_seconds_total,total,https-metrics,/kubepods/kubepods/besteffort/podb20a4566-cda2-4ca2-8914-ff2b1f6eb9d0/48612bc32671e36c53d1b81c4dbe8aacab5fd6093ee671d29e84f527cd625e4b,192.168.65.3:10250,kubelet,/metrics/cadvisor,docker-desktop,prometheus-prometheus-oper-kubelet,32.920108247,,,,,
1609947292.032,container_cpu_usage_seconds_total,total,https-metrics,/kubepods/kubepods/besteffort/podb20a4566-cda2-4ca2-8914-ff2b1f6eb9d0/48612bc32671e36c53d1b81c4dbe8aacab5fd6093ee671d29e84f527cd625e4b,192.168.65.3:10250,kubelet,/metrics/cadvisor,docker-desktop,prometheus-prometheus-oper-kubelet,32.920108247,,,,,
1609947311.126,container_cpu_usage_seconds_total,total,https-metrics,/kubepods/kubepods/besteffort/podb20a4566-cda2-4ca2-8914-ff2b1f6eb9d0/48612bc32671e36c53d1b81c4dbe8aacab5fd6093ee671d29e84f527cd625e4b,192.168.65.3:10250,kubelet,/metrics/cadvisor,docker-desktop,prometheus-prometheus-oper-kubelet,32.920108247,,,,,
1609947348.573,container_cpu_usage_seconds_total,total,https-metrics,/kubepods/kubepods/besteffort/podb20a4566-cda2-4ca2-8914-ff2b1f6eb9d0/48612bc32671e36c53d1b81c4dbe8aacab5fd6093ee671d29e84f527cd625e4b,192.168.65.3:10250,kubelet,/metrics/cadvisor,docker-desktop,prometheus-prometheus-oper-kubelet,32.920108247,,,,,
1609947384.197,container_cpu_usage_seconds_total,total,https-metrics,/kubepods/kubepods/besteffort/podb20a4566-cda2-4ca2-8914-ff2b1f6eb9d0/48612bc32671e36c53d1b81c4dbe8aacab5fd6093ee671d29e84f527cd625e4b,192.168.65.3:10250,kubelet,/metrics/cadvisor,docker-desktop,prometheus-prometheus-oper-kubelet,32.920108247,,,,,
1609947417.702,container_cpu_usage_seconds_total,total,https-metrics,/kubepods/kubepods/besteffort/podb20a4566-cda2-4ca2-8914-ff2b1f6eb9d0/48612bc32671e36c53d1b81c4dbe8aacab5fd6093ee671d29e84f527cd625e4b,192.168.65.3:10250,kubelet,/metrics/cadvisor,docker-desktop,prometheus-prometheus-oper-kubelet,32.920108247,,,,,
1609947145.488,container_cpu_usage_seconds_total,total,https-metrics,/kubepods/kubepods/besteffort/podb20a4566-cda2-4ca2-8914-ff2b1f6eb9d0/e00c174560a9424549f99ba79e4bef099a2472511c166e5afbea0b4c2f467061,192.168.65.3:10250,kubelet,/metrics/cadvisor,docker-desktop,prometheus-prometheus-oper-kubelet,0.07560713,,,,,
1609947174.168,container_cpu_usage_seconds_total,total,https-metrics,/kubepods/kubepods/besteffort/podb20a4566-cda2-4ca2-8914-ff2b1f6eb9d0/e00c174560a9424549f99ba79e4bef099a2472511c166e5afbea0b4c2f467061,192.168.65.3:10250,kubelet,/metrics/cadvisor,docker-desktop,prometheus-prometheus-oper-kubelet,0.07560713,,,,,
1609947204.203,container_cpu_usage_seconds_total,total,https-metrics,/kubepods/kubepods/besteffort/podb20a4566-cda2-4ca2-8914-ff2b1f6eb9d0/e00c174560a9424549f99ba79e4bef099a2472511c166e5afbea0b4c2f467061,192.168.65.3:10250,kubelet,/metrics/cadvisor,docker-desktop,prometheus-prometheus-oper-kubelet,0.07560713,,,,,
1609947221.676,container_cpu_usage_seconds_total,total,https-metrics,/kubepods/kubepods/besteffort/podb20a4566-cda2-4ca2-8914-ff2b1f6eb9d0/e00c174560a9424549f99ba79e4bef099a2472511c166e5afbea0b4c2f467061,192.168.65.3:10250,kubelet,/metrics/cadvisor,docker-desktop,prometheus-prometheus-oper-kubelet,0.07560713,,,,,
1609947263.178,container_cpu_usage_seconds_total,total,https-metrics,/kubepods/kubepods/besteffort/podb20a4566-cda2-4ca2-8914-ff2b1f6eb9d0/e00c174560a9424549f99ba79e4bef099a2472511c166e5afbea0b4c2f467061,192.168.65.3:10250,kubelet,/metrics/cadvisor,docker-desktop,prometheus-prometheus-oper-kubelet,0.07560713,,,,,
1609947300.985,container_cpu_usage_seconds_total,total,https-metrics,/kubepods/kubepods/besteffort/podb20a4566-cda2-4ca2-8914-ff2b1f6eb9d0/e00c174560a9424549f99ba79e4bef099a2472511c166e5afbea0b4c2f467061,192.168.65.3:10250,kubelet,/metrics/cadvisor,docker-desktop,prometheus-prometheus-oper-kubelet,0.07560713,,,,,
1609947321.771,container_cpu_usage_seconds_total,total,https-metrics,/kubepods/kubepods/besteffort/podb20a4566-cda2-4ca2-8914-ff2b1f6eb9d0/e00c174560a9424549f99ba79e4bef099a2472511c166e5afbea0b4c2f467061,192.168.65.3:10250,kubelet,/metrics/cadvisor,docker-desktop,prometheus-prometheus-oper-kubelet,0.07560713,,,,,
1609947359.778,container_cpu_usage_seconds_total,total,https-metrics,/kubepods/kubepods/besteffort/podb20a4566-cda2-4ca2-8914-ff2b1f6eb9d0/e00c174560a9424549f99ba79e4bef099a2472511c166e5afbea0b4c2f467061,192.168.65.3:10250,kubelet,/metrics/cadvisor,docker-desktop,prometheus-prometheus-oper-kubelet,0.07560713,,,,,
1609947376.571,container_cpu_usage_seconds_total,total,https-metrics,/kubepods/kubepods/besteffort/podb20a4566-cda2-4ca2-8914-ff2b1f6eb9d0/e00c174560a9424549f99ba79e4bef099a2472511c166e5afbea0b4c2f467061,192.168.65.3:10250,kubelet,/metrics/cadvisor,docker-desktop,prometheus-prometheus-oper-kubelet,0.07560713,,,,,
1609947410.542,container_cpu_usage_seconds_total,total,https-metrics,/kubepods/kubepods/besteffort/podb20a4566-cda2-4ca2-8914-ff2b1f6eb9d0/e00c174560a9424549f99ba79e4bef099a2472511c166e5afbea0b4c2f467061,192.168.65.3:10250,kubelet,/metrics/cadvisor,docker-desktop,prometheus-prometheus-oper-kubelet,0.07560713,,,,,
1609947149.719,container_cpu_usage_seconds_total,total,https-metrics,/kubepods/kubepods/besteffort/podc7cc6a3c3118f127f5fd469ef69477e0,192.168.65.3:10250,kubelet,/metrics/cadvisor,docker-desktop,prometheus-prometheus-oper-kubelet,3081.85369794,kube-system,etcd-docker-desktop,,,
1609947175.677,container_cpu_usage_seconds_total,total,https-metrics,/kubepods/kubepods/besteffort/podc7cc6a3c3118f127f5fd469ef69477e0,192.168.65.3:10250,kubelet,/metrics/cadvisor,docker-desktop,prometheus-prometheus-oper-kubelet,3082.856992883,kube-system,etcd-docker-desktop,,,
1609947209.807,container_cpu_usage_seconds_total,total,https-metrics,/kubepods/kubepods/besteffort/podc7cc6a3c3118f127f5fd469ef69477e0,192.168.65.3:10250,kubelet,/metrics/cadvisor,docker-desktop,prometheus-prometheus-oper-kubelet,3084.231016249,kube-system,etcd-docker-desktop,,,
1609947240.334,container_cpu_usage_seconds_total,total,https-metrics,/kubepods/kubepods/besteffort/podc7cc6a3c3118f127f5fd469ef69477e0,192.168.65.3:10250,kubelet,/metrics/cadvisor,docker-desktop,prometheus-prometheus-oper-kubelet,3085.524379269,kube-system,etcd-docker-desktop,,,
1609947271.231,container_cpu_usage_seconds_total,total,https-metrics,/kubepods/kubepods/besteffort/podc7cc6a3c3118f127f5fd469ef69477e0,192.168.65.3:10250,kubelet,/metrics/cadvisor,docker-desktop,prometheus-prometheus-oper-kubelet,3086.794334256,kube-system,etcd-docker-desktop,,,
1609947297.934,container_cpu_usage_seconds_total,total,https-metrics,/kubepods/kubepods/besteffort/podc7cc6a3c3118f127f5fd469ef69477e0,192.168.65.3:10250,kubelet,/metrics/cadvisor,docker-desktop,prometheus-prometheus-oper-kubelet,3087.830002507,kube-system,etcd-docker-desktop,,,
1609947325.409,container_cpu_usage_seconds_total,total,https-metrics,/kubepods/kubepods/besteffort/podc7cc6a3c3118f127f5fd469ef69477e0,192.168.65.3:10250,kubelet,/metrics/cadvisor,docker-desktop,prometheus-prometheus-oper-kubelet,3089.136906233,kube-system,etcd-docker-desktop,,,
1609947354.496,container_cpu_usage_seconds_total,total,https-metrics,/kubepods/kubepods/besteffort/podc7cc6a3c3118f127f5fd469ef69477e0,192.168.65.3:10250,kubelet,/metrics/cadvisor,docker-desktop,prometheus-prometheus-oper-kubelet,3091.518049538,kube-system,etcd-docker-desktop,,,
1609947384.926,container_cpu_usage_seconds_total,total,https-metrics,/kubepods/kubepods/besteffort/podc7cc6a3c3118f127f5fd469ef69477e0,192.168.65.3:10250,kubelet,/metrics/cadvisor,docker-desktop,prometheus-prometheus-oper-kubelet,3093.08864088,kube-system,etcd-docker-desktop,,,
1609947422.968,container_cpu_usage_seconds_total,total,https-metrics,/kubepods/kubepods/besteffort/podc7cc6a3c3118f127f5fd469ef69477e0,192.168.65.3:10250,kubelet,/metrics/cadvisor,docker-desktop,prometheus-prometheus-oper-kubelet,3094.502130702,kube-system,etcd-docker-desktop,,,
1609947144.866,container_cpu_usage_seconds_total,total,https-metrics,/kubepods/kubepods/besteffort/podc7cc6a3c3118f127f5fd469ef69477e0/2c3dffcb98a515d14ea3dd21fd7e2efd422d05fa21354854d6d79cdb0533701a,192.168.65.3:10250,kubelet,/metrics/cadvisor,docker-desktop,prometheus-prometheus-oper-kubelet,0.068538903,,,,,
1609947164.556,container_cpu_usage_seconds_total,total,https-metrics,/kubepods/kubepods/besteffort/podc7cc6a3c3118f127f5fd469ef69477e0/2c3dffcb98a515d14ea3dd21fd7e2efd422d05fa21354854d6d79cdb0533701a,192.168.65.3:10250,kubelet,/metrics/cadvisor,docker-desktop,prometheus-prometheus-oper-kubelet,0.068538903,,,,,
1609947199.387,container_cpu_usage_seconds_total,total,https-metrics,/kubepods/kubepods/besteffort/podc7cc6a3c3118f127f5fd469ef69477e0/2c3dffcb98a515d14ea3dd21fd7e2efd422d05fa21354854d6d79cdb0533701a,192.168.65.3:10250,kubelet,/metrics/cadvisor,docker-desktop,prometheus-prometheus-oper-kubelet,0.068538903,,,,,
1609947241.387,container_cpu_usage_seconds_total,total,https-metrics,/kubepods/kubepods/besteffort/podc7cc6a3c3118f127f5fd469ef69477e0/2c3dffcb98a515d14ea3dd21fd7e2efd422d05fa21354854d6d79cdb0533701a,192.168.65.3:10250,kubelet,/metrics/cadvisor,docker-desktop,prometheus-prometheus-oper-kubelet,0.068538903,,,,,
1609947264.498,container_cpu_usage_seconds_total,total,https-metrics,/kubepods/kubepods/besteffort/podc7cc6a3c3118f127f5fd469ef69477e0/2c3dffcb98a515d14ea3dd21fd7e2efd422d05fa21354854d6d79cdb0533701a,192.168.65.3:10250,kubelet,/metrics/cadvisor,docker-desktop,prometheus-prometheus-oper-kubelet,0.068538903,,,,,
1609947295.241,container_cpu_usage_seconds_total,total,https-metrics,/kubepods/kubepods/besteffort/podc7cc6a3c3118f127f5fd469ef69477e0/2c3dffcb98a515d14ea3dd21fd7e2efd422d05fa21354854d6d79cdb0533701a,192.168.65.3:10250,kubelet,/metrics/cadvisor,docker-desktop,prometheus-prometheus-oper-kubelet,0.068538903,,,,,
1609947331.232,container_cpu_usage_seconds_total,total,https-metrics,/kubepods/kubepods/besteffort/podc7cc6a3c3118f127f5fd469ef69477e0/2c3dffcb98a515d14ea3dd21fd7e2efd422d05fa21354854d6d79cdb0533701a,192.168.65.3:10250,kubelet,/metrics/cadvisor,docker-desktop,prometheus-prometheus-oper-kubelet,0.068538903,,,,,
1609947346.62,container_cpu_usage_seconds_total,total,https-metrics,/kubepods/kubepods/besteffort/podc7cc6a3c3118f127f5fd469ef69477e0/2c3dffcb98a515d14ea3dd21fd7e2efd422d05fa21354854d6d79cdb0533701a,192.168.65.3:10250,kubelet,/metrics/cadvisor,docker-desktop,prometheus-prometheus-oper-kubelet,0.068538903,,,,,
1609947391.297,container_cpu_usage_seconds_total,total,https-metrics,/kubepods/kubepods/besteffort/podc7cc6a3c3118f127f5fd469ef69477e0/2c3dffcb98a515d14ea3dd21fd7e2efd422d05fa21354854d6d79cdb0533701a,192.168.65.3:10250,kubelet,/metrics/cadvisor,docker-desktop,prometheus-prometheus-oper-kubelet,0.068538903,,,,,
1609947420.733,container_cpu_usage_seconds_total,total,https-metrics,/kubepods/kubepods/besteffort/podc7cc6a3c3118f127f5fd469ef69477e0/2c3dffcb98a515d14ea3dd21fd7e2efd422d05fa21354854d6d79cdb0533701a,192.168.65.3:10250,kubelet,/metrics/cadvisor,docker-desktop,prometheus-prometheus-oper-kubelet,0.068538903,,,,,
1609947144.426,container_cpu_usage_seconds_total,total,https-metrics,/kubepods/kubepods/besteffort/podc7cc6a3c3118f127f5fd469ef69477e0/64f975017d21b74d58adf6bf03c7029bd701959e322d8134366b27797937a5fb,192.168.65.3:10250,kubelet,/metrics/cadvisor,docker-desktop,prometheus-prometheus-oper-kubelet,969.27285141,,,,,
1609947171.059,container_cpu_usage_seconds_total,total,https-metrics,/kubepods/kubepods/besteffort/podc7cc6a3c3118f127f5fd469ef69477e0/64f975017d21b74d58adf6bf03c7029bd701959e322d8134366b27797937a5fb,192.168.65.3:10250,kubelet,/metrics/cadvisor,docker-desktop,prometheus-prometheus-oper-kubelet,969.27285141,,,,,
1609947198.595,container_cpu_usage_seconds_total,total,https-metrics,/kubepods/kubepods/besteffort/podc7cc6a3c3118f127f5fd469ef69477e0/64f975017d21b74d58adf6bf03c7029bd701959e322d8134366b27797937a5fb,192.168.65.3:10250,kubelet,/metrics/cadvisor,docker-desktop,prometheus-prometheus-oper-kubelet,969.27285141,,,,,
1609947245.091,container_cpu_usage_seconds_total,total,https-metrics,/kubepods/kubepods/besteffort/podc7cc6a3c3118f127f5fd469ef69477e0/64f975017d21b74d58adf6bf03c7029bd701959e322d8134366b27797937a5fb,192.168.65.3:10250,kubelet,/metrics/cadvisor,docker-desktop,prometheus-prometheus-oper-kubelet,969.27285141,,,,,
1609947273.436,container_cpu_usage_seconds_total,total,https-metrics,/kubepods/kubepods/besteffort/podc7cc6a3c3118f127f5fd469ef69477e0/64f975017d21b74d58adf6bf03c7029bd701959e322d8134366b27797937a5fb,192.168.65.3:10250,kubelet,/metrics/cadvisor,docker-desktop,prometheus-prometheus-oper-kubelet,969.27285141,,,,,
1609947302.786,container_cpu_usage_seconds_total,total,https-metrics,/kubepods/kubepods/besteffort/podc7cc6a3c3118f127f5fd469ef69477e0/64f975017d21b74d58adf6bf03c7029bd701959e322d8134366b27797937a5fb,192.168.65.3:10250,kubelet,/metrics/cadvisor,docker-desktop,prometheus-prometheus-oper-kubelet,969.27285141,,,,,
1609947318.592,container_cpu_usage_seconds_total,total,https-metrics,/kubepods/kubepods/besteffort/podc7cc6a3c3118f127f5fd469ef69477e0/64f975017d21b74d58adf6bf03c7029bd701959e322d8134366b27797937a5fb,192.168.65.3:10250,kubelet,/metrics/cadvisor,docker-desktop,prometheus-prometheus-oper-kubelet,969.27285141,,,,,
1609947355.531,container_cpu_usage_seconds_total,total,https-metrics,/kubepods/kubepods/besteffort/podc7cc6a3c3118f127f5fd469ef69477e0/64f975017d21b74d58adf6bf03c7029bd701959e322d8134366b27797937a5fb,192.168.65.3:10250,kubelet,/metrics/cadvisor,docker-desktop,prometheus-prometheus-oper-kubelet,969.27285141,,,,,
1609947378.744,container_cpu_usage_seconds_total,total,https-metrics,/kubepods/kubepods/besteffort/podc7cc6a3c3118f127f5fd469ef69477e0/64f975017d21b74d58adf6bf03c7029bd701959e322d8134366b27797937a5fb,192.168.65.3:10250,kubelet,/metrics/cadvisor,docker-desktop,prometheus-prometheus-oper-kubelet,969.27285141,,,,,
1609947417.897,container_cpu_usage_seconds_total,total,https-metrics,/kubepods/kubepods/besteffort/podc7cc6a3c3118f127f5fd469ef69477e0/64f975017d21b74d58adf6bf03c7029bd701959e322d8134366b27797937a5fb,192.168.65.3:10250,kubelet,/metrics/cadvisor,docker-desktop,prometheus-prometheus-oper-kubelet,969.27285141,,,,,
1609947151.209,container_cpu_usage_seconds_total,total,https-metrics,/kubepods/kubepods/besteffort/podc7cc6a3c3118f127f5fd469ef69477e0/c643c2db97cd6f9a92aca8641e5fad93b71411ee430aab1789409442af25c5fb,192.168.65.3:10250,kubelet,/metrics/cadvisor,docker-desktop,prometheus-prometheus-oper-kubelet,907.354016517,,,,,
1609947180.846,container_cpu_usage_seconds_total,total,https-metrics,/kubepods/kubepods/besteffort/podc7cc6a3c3118f127f5fd469ef69477e0/c643c2db97cd6f9a92aca8641e5fad93b71411ee430aab1789409442af25c5fb,192.168.65.3:10250,kubelet,/metrics/cadvisor,docker-desktop,prometheus-prometheus-oper-kubelet,907.354016517,,,,,
1609947206.982,container_cpu_usage_seconds_total,total,https-metrics,/kubepods/kubepods/besteffort/podc7cc6a3c3118f127f5fd469ef69477e0/c643c2db97cd6f9a92aca8641e5fad93b71411ee430aab1789409442af25c5fb,192.168.65.3:10250,kubelet,/metrics/cadvisor,docker-desktop,prometheus-prometheus-oper-kubelet,907.354016517,,,,,
1609947236.522,container_cpu_usage_seconds_total,total,https-metrics,/kubepods/kubepods/besteffort/podc7cc6a3c3118f127f5fd469ef69477e0/c643c2db97cd6f9a92aca8641e5fad93b71411ee430aab1789409442af25c5fb,192.168.65.3:10250,kubelet,/metrics/cadvisor,docker-desktop,prometheus-prometheus-oper-kubelet,907.354016517,,,,,
1609947254.487,container_cpu_usage_seconds_total,total,https-metrics,/kubepods/kubepods/besteffort/podc7cc6a3c3118f127f5fd469ef69477e0/c643c2db97cd6f9a92aca8641e5fad93b71411ee430aab1789409442af25c5fb,192.168.65.3:10250,kubelet,/metrics/cadvisor,docker-desktop,prometheus-prometheus-oper-kubelet,907.354016517,,,,,
1609947300.849,container_cpu_usage_seconds_total,total,https-metrics,/kubepods/kubepods/besteffort/podc7cc6a3c3118f127f5fd469ef69477e0/c643c2db97cd6f9a92aca8641e5fad93b71411ee430aab1789409442af25c5fb,192.168.65.3:10250,kubelet,/metrics/cadvisor,docker-desktop,prometheus-prometheus-oper-kubelet,907.354016517,,,,,
1609947329.191,container_cpu_usage_seconds_total,total,https-metrics,/kubepods/kubepods/besteffort/podc7cc6a3c3118f127f5fd469ef69477e0/c643c2db97cd6f9a92aca8641e5fad93b71411ee430aab1789409442af25c5fb,192.168.65.3:10250,kubelet,/metrics/cadvisor,docker-desktop,prometheus-prometheus-oper-kubelet,907.354016517,,,,,
1609947342.434,container_cpu_usage_seconds_total,total,https-metrics,/kubepods/kubepods/besteffort/podc7cc6a3c3118f127f5fd469ef69477e0/c643c2db97cd6f9a92aca8641e5fad93b71411ee430aab1789409442af25c5fb,192.168.65.3:10250,kubelet,/metrics/cadvisor,docker-desktop,prometheus-prometheus-oper-kubelet,907.354016517,,,,,
1609947384.756,container_cpu_usage_seconds_total,total,https-metrics,/kubepods/kubepods/besteffort/podc7cc6a3c3118f127f5fd469ef69477e0/c643c2db97cd6f9a92aca8641e5fad93b71411ee430aab1789409442af25c5fb,192.168.65.3:10250,kubelet,/metrics/cadvisor,docker-desktop,prometheus-prometheus-oper-kubelet,907.354016517,,,,,
1609947410.894,container_cpu_usage_seconds_total,total,https-metrics,/kubepods/kubepods/besteffort/podc7cc6a3c3118f127f5fd469ef69477e0/c643c2db97cd6f9a92aca8641e5fad93b71411ee430aab1789409442af25c5fb,192.168.65.3:10250,kubelet,/metrics/cadvisor,docker-desktop,prometheus-prometheus-oper-kubelet,907.354016517,,,,,
1609947155.049,container_cpu_usage_seconds_total,total,https-metrics,/kubepods/kubepods/besteffort/podc7cc6a3c3118f127f5fd469ef69477e0/db21284c97bf1798cdfc5f958bf8f09989c57363f42710c14b4b693d7a4e212d,192.168.65.3:10250,kubelet,/metrics/cadvisor,docker-desktop,prometheus-prometheus-oper-kubelet,0.058694608,,,,,
1609947183.033,container_cpu_usage_seconds_total,total,https-metrics,/kubepods/kubepods/besteffort/podc7cc6a3c3118f127f5fd469ef69477e0/db21284c97bf1798cdfc5f958bf8f09989c57363f42710c14b4b693d7a4e212d,192.168.65.3:10250,kubelet,/metrics/cadvisor,docker-desktop,prometheus-prometheus-oper-kubelet,0.058694608,,,,,
1609947200.482,container_cpu_usage_seconds_total,total,https-metrics,/kubepods/kubepods/besteffort/podc7cc6a3c3118f127f5fd469ef69477e0/db21284c97bf1798cdfc5f958bf8f09989c57363f42710c14b4b693d7a4e212d,192.168.65.3:10250,kubelet,/metrics/cadvisor,docker-desktop,prometheus-prometheus-oper-kubelet,0.058694608,,,,,
1609947236.126,container_cpu_usage_seconds_total,total,https-metrics,/kubepods/kubepods/besteffort/podc7cc6a3c3118f127f5fd469ef69477e0/db21284c97bf1798cdfc5f958bf8f09989c57363f42710c14b4b693d7a4e212d,192.168.65.3:10250,kubelet,/metrics/cadvisor,docker-desktop,prometheus-prometheus-oper-kubelet,0.058694608,,,,,
1609947264.388,container_cpu_usage_seconds_total,total,https-metrics,/kubepods/kubepods/besteffort/podc7cc6a3c3118f127f5fd469ef69477e0/db21284c97bf1798cdfc5f958bf8f09989c57363f42710c14b4b693d7a4e212d,192.168.65.3:10250,kubelet,/metrics/cadvisor,docker-desktop,prometheus-prometheus-oper-kubelet,0.058694608,,,,,
1609947296.913,container_cpu_usage_seconds_total,total,https-metrics,/kubepods/kubepods/besteffort/podc7cc6a3c3118f127f5fd469ef69477e0/db21284c97bf1798cdfc5f958bf8f09989c57363f42710c14b4b693d7a4e212d,192.168.65.3:10250,kubelet,/metrics/cadvisor,docker-desktop,prometheus-prometheus-oper-kubelet,0.058694608,,,,,
1609947327.227,container_cpu_usage_seconds_total,total,https-metrics,/kubepods/kubepods/besteffort/podc7cc6a3c3118f127f5fd469ef69477e0/db21284c97bf1798cdfc5f958bf8f09989c57363f42710c14b4b693d7a4e212d,192.168.65.3:10250,kubelet,/metrics/cadvisor,docker-desktop,prometheus-prometheus-oper-kubelet,0.058694608,,,,,
1609947360.175,container_cpu_usage_seconds_total,total,https-metrics,/kubepods/kubepods/besteffort/podc7cc6a3c3118f127f5fd469ef69477e0/db21284c97bf1798cdfc5f958bf8f09989c57363f42710c14b4b693d7a4e212d,192.168.65.3:10250,kubelet,/metrics/cadvisor,docker-desktop,prometheus-prometheus-oper-kubelet,0.058694608,,,,,
1609947389.0,container_cpu_usage_seconds_total,total,https-metrics,/kubepods/kubepods/besteffort/podc7cc6a3c3118f127f5fd469ef69477e0/db21284c97bf1798cdfc5f958bf8f09989c57363f42710c14b4b693d7a4e212d,192.168.65.3:10250,kubelet,/metrics/cadvisor,docker-desktop,prometheus-prometheus-oper-kubelet,0.058694608,,,,,
1609947402.976,container_cpu_usage_seconds_total,total,https-metrics,/kubepods/kubepods/besteffort/podc7cc6a3c3118f127f5fd469ef69477e0/db21284c97bf1798cdfc5f958bf8f09989c57363f42710c14b4b693d7a4e212d,192.168.65.3:10250,kubelet,/metrics/cadvisor,docker-desktop,prometheus-prometheus-oper-kubelet,0.058694608,,,,,
1609947170.277,container_cpu_usage_seconds_total,total,https-metrics,/kubepods/kubepods/burstable,192.168.65.3:10250,kubelet,/metrics/cadvisor,docker-desktop,prometheus-prometheus-oper-kubelet,13027.876014767,,,,,
1609947200.012,container_cpu_usage_seconds_total,total,https-metrics,/kubepods/kubepods/burstable,192.168.65.3:10250,kubelet,/metrics/cadvisor,docker-desktop,prometheus-prometheus-oper-kubelet,13031.989135864,,,,,
1609947232.034,container_cpu_usage_seconds_total,total,https-metrics,/kubepods/kubepods/burstable,192.168.65.3:10250,kubelet,/metrics/cadvisor,docker-desktop,prometheus-prometheus-oper-kubelet,13035.536887482,,,,,
1609947271.24,container_cpu_usage_seconds_total,total,https-metrics,/kubepods/kubepods/burstable,192.168.65.3:10250,kubelet,/metrics/cadvisor,docker-desktop,prometheus-prometheus-oper-kubelet,13041.492001222,,,,,
1609947294.37,container_cpu_usage_seconds_total,total,https-metrics,/kubepods/kubepods/burstable,192.168.65.3:10250,kubelet,/metrics/cadvisor,docker-desktop,prometheus-prometheus-oper-kubelet,13044.625812803,,,,,
1609947327.518,container_cpu_usage_seconds_total,total,https-metrics,/kubepods/kubepods/burstable,192.168.65.3:10250,kubelet,/metrics/cadvisor,docker-desktop,prometheus-prometheus-oper-kubelet,13057.077711356,,,,,
1609947357.9,container_cpu_usage_seconds_total,total,https-metrics,/kubepods/kubepods/burstable,192.168.65.3:10250,kubelet,/metrics/cadvisor,docker-desktop,prometheus-prometheus-oper-kubelet,13093.857063995,,,,,
1609947388.961,container_cpu_usage_seconds_total,total,https-metrics,/kubepods/kubepods/burstable,192.168.65.3:10250,kubelet,/metrics/cadvisor,docker-desktop,prometheus-prometheus-oper-kubelet,13105.756118167,,,,,
1609947416.339,container_cpu_usage_seconds_total,total,https-metrics,/kubepods/kubepods/burstable,192.168.65.3:10250,kubelet,/metrics/cadvisor,docker-desktop,prometheus-prometheus-oper-kubelet,13108.754540195,,,,,
1609947154.425,container_cpu_usage_seconds_total,total,https-metrics,/kubepods/kubepods/burstable/pod07d42b7bf3823b30f57219558fcb55e2,192.168.65.3:10250,kubelet,/metrics/cadvisor,docker-desktop,prometheus-prometheus-oper-kubelet,1869.847549464,kube-system,kube-controller-manager-docker-desktop,,,
1609947170.325,container_cpu_usage_seconds_total,total,https-metrics,/kubepods/kubepods/burstable/pod07d42b7bf3823b30f57219558fcb55e2,192.168.65.3:10250,kubelet,/metrics/cadvisor,docker-desktop,prometheus-prometheus-oper-kubelet,1870.216608435,kube-system,kube-controller-manager-docker-desktop,,,
1609947200.012,container_cpu_usage_seconds_total,total,https-metrics,/kubepods/kubepods/burstable/pod07d42b7bf3823b30f57219558fcb55e2,192.168.65.3:10250,kubelet,/metrics/cadvisor,docker-desktop,prometheus-prometheus-oper-kubelet,1871.017060818,kube-system,kube-controller-manager-docker-desktop,,,
1609947235.454,container_cpu_usage_seconds_total,total,https-metrics,/kubepods/kubepods/burstable/pod07d42b7bf3823b30f57219558fcb55e2,192.168.65.3:10250,kubelet,/metrics/cadvisor,docker-desktop,prometheus-prometheus-oper-kubelet,1871.879158984,kube-system,kube-controller-manager-docker-desktop,,,
1609947270.332,container_cpu_usage_seconds_total,total,https-metrics,/kubepods/kubepods/burstable/pod07d42b7bf3823b30f57219558fcb55e2,192.168.65.3:10250,kubelet,/metrics/cadvisor,docker-desktop,prometheus-prometheus-oper-kubelet,1872.812819915,kube-system,kube-controller-manager-docker-desktop,,,
1609947299.426,container_cpu_usage_seconds_total,total,https-metrics,/kubepods/kubepods/burstable/pod07d42b7bf3823b30f57219558fcb55e2,192.168.65.3:10250,kubelet,/metrics/cadvisor,docker-desktop,prometheus-prometheus-oper-kubelet,1873.581010678,kube-system,kube-controller-manager-docker-desktop,,,
1609947319.246,container_cpu_usage_seconds_total,total,https-metrics,/kubepods/kubepods/burstable/pod07d42b7bf3823b30f57219558fcb55e2,192.168.65.3:10250,kubelet,/metrics/cadvisor,docker-desktop,prometheus-prometheus-oper-kubelet,1874.022076085,kube-system,kube-controller-manager-docker-desktop,,,
1609947364.101,container_cpu_usage_seconds_total,total,https-metrics,/kubepods/kubepods/burstable/pod07d42b7bf3823b30f57219558fcb55e2,192.168.65.3:10250,kubelet,/metrics/cadvisor,docker-desktop,prometheus-prometheus-oper-kubelet,1876.553894376,kube-system,kube-controller-manager-docker-desktop,,,
1609947393.001,container_cpu_usage_seconds_total,total,https-metrics,/kubepods/kubepods/burstable/pod07d42b7bf3823b30f57219558fcb55e2,192.168.65.3:10250,kubelet,/metrics/cadvisor,docker-desktop,prometheus-prometheus-oper-kubelet,1877.31677476,kube-system,kube-controller-manager-docker-desktop,,,
1609947423.903,container_cpu_usage_seconds_total,total,https-metrics,/kubepods/kubepods/burstable/pod07d42b7bf3823b30f57219558fcb55e2,192.168.65.3:10250,kubelet,/metrics/cadvisor,docker-desktop,prometheus-prometheus-oper-kubelet,1878.10639233,kube-system,kube-controller-manager-docker-desktop,,,
1609947178.306,container_cpu_usage_seconds_total,total,https-metrics,/kubepods/kubepods/burstable/pod07d42b7bf3823b30f57219558fcb55e2/50458c0696b597da3bf65202ddde93e4732d9441bc1432156e4266ba1a6b79d0,192.168.65.3:10250,kubelet,/metrics/cadvisor,docker-desktop,prometheus-prometheus-oper-kubelet,537.56300792,,,,,
1609947207.174,container_cpu_usage_seconds_total,total,https-metrics,/kubepods/kubepods/burstable/pod07d42b7bf3823b30f57219558fcb55e2/50458c0696b597da3bf65202ddde93e4732d9441bc1432156e4266ba1a6b79d0,192.168.65.3:10250,kubelet,/metrics/cadvisor,docker-desktop,prometheus-prometheus-oper-kubelet,537.56300792,,,,,
1609947243.046,container_cpu_usage_seconds_total,total,https-metrics,/kubepods/kubepods/burstable/pod07d42b7bf3823b30f57219558fcb55e2/50458c0696b597da3bf65202ddde93e4732d9441bc1432156e4266ba1a6b79d0,192.168.65.3:10250,kubelet,/metrics/cadvisor,docker-desktop,prometheus-prometheus-oper-kubelet,537.56300792,,,,,
1609947255.553,container_cpu_usage_seconds_total,total,https-metrics,/kubepods/kubepods/burstable/pod07d42b7bf3823b30f57219558fcb55e2/50458c0696b597da3bf65202ddde93e4732d9441bc1432156e4266ba1a6b79d0,192.168.65.3:10250,kubelet,/metrics/cadvisor,docker-desktop,prometheus-prometheus-oper-kubelet,537.56300792,,,,,
1609947300.649,container_cpu_usage_seconds_total,total,https-metrics,/kubepods/kubepods/burstable/pod07d42b7bf3823b30f57219558fcb55e2/50458c0696b597da3bf65202ddde93e4732d9441bc1432156e4266ba1a6b79d0,192.168.65.3:10250,kubelet,/metrics/cadvisor,docker-desktop,prometheus-prometheus-oper-kubelet,537.56300792,,,,,
1609947317.495,container_cpu_usage_seconds_total,total,https-metrics,/kubepods/kubepods/burstable/pod07d42b7bf3823b30f57219558fcb55e2/50458c0696b597da3bf65202ddde93e4732d9441bc1432156e4266ba1a6b79d0,192.168.65.3:10250,kubelet,/metrics/cadvisor,docker-desktop,prometheus-prometheus-oper-kubelet,537.56300792,,,,,
1609947362.006,container_cpu_usage_seconds_total,total,https-metrics,/kubepods/kubepods/burstable/pod07d42b7bf3823b30f57219558fcb55e2/50458c0696b597da3bf65202ddde93e4732d9441bc1432156e4266ba1a6b79d0,192.168.65.3:10250,kubelet,/metrics/cadvisor,docker-desktop,prometheus-prometheus-oper-kubelet,537.56300792,,,,,
1609947378.411,container_cpu_usage_seconds_total,total,https-metrics,/kubepods/kubepods/burstable/pod07d42b7bf3823b30f57219558fcb55e2/50458c0696b597da3bf65202ddde93e4732d9441bc1432156e4266ba1a6b79d0,192.168.65.3:10250,kubelet,/metrics/cadvisor,docker-desktop,prometheus-prometheus-oper-kubelet,537.56300792,,,,,
1609947417.048,container_cpu_usage_seconds_total,total,https-metrics,/kubepods/kubepods/burstable/pod07d42b7bf3823b30f57219558fcb55e2/50458c0696b597da3bf65202ddde93e4732d9441bc1432156e4266ba1a6b79d0,192.168.65.3:10250,kubelet,/metrics/cadvisor,docker-desktop,prometheus-prometheus-oper-kubelet,537.56300792,,,,,
1609947153.16,container_cpu_usage_seconds_total,total,https-metrics,/kubepods/kubepods/burstable/pod07d42b7bf3823b30f57219558fcb55e2/7db7e611208626c3731337bee7b84e083d8f3b13e526acf0f9c6fe5b7e5d1d91,192.168.65.3:10250,kubelet,/metrics/cadvisor,docker-desktop,prometheus-prometheus-oper-kubelet,0.055841959,,,,,
1609947176.247,container_cpu_usage_seconds_total,total,https-metrics,/kubepods/kubepods/burstable/pod07d42b7bf3823b30f57219558fcb55e2/7db7e611208626c3731337bee7b84e083d8f3b13e526acf0f9c6fe5b7e5d1d91,192.168.65.3:10250,kubelet,/metrics/cadvisor,docker-desktop,prometheus-prometheus-oper-kubelet,0.055841959,,,,,
1609947190.388,container_cpu_usage_seconds_total,total,https-metrics,/kubepods/kubepods/burstable/pod07d42b7bf3823b30f57219558fcb55e2/7db7e611208626c3731337bee7b84e083d8f3b13e526acf0f9c6fe5b7e5d1d91,192.168.65.3:10250,kubelet,/metrics/cadvisor,docker-desktop,prometheus-prometheus-oper-kubelet,0.055841959,,,,,
1609947234.869,container_cpu_usage_seconds_total,total,https-metrics,/kubepods/kubepods/burstable/pod07d42b7bf3823b30f57219558fcb55e2/7db7e611208626c3731337bee7b84e083d8f3b13e526acf0f9c6fe5b7e5d1d91,192.168.65.3:10250,kubelet,/metrics/cadvisor,docker-desktop,prometheus-prometheus-oper-kubelet,0.055841959,,,,,
1609947267.285,container_cpu_usage_seconds_total,total,https-metrics,/kubepods/kubepods/burstable/pod07d42b7bf3823b30f57219558fcb55e2/7db7e611208626c3731337bee7b84e083d8f3b13e526acf0f9c6fe5b7e5d1d91,192.168.65.3:10250,kubelet,/metrics/cadvisor,docker-desktop,prometheus-prometheus-oper-kubelet,0.055841959,,,,,
1609947303.358,container_cpu_usage_seconds_total,total,https-metrics,/kubepods/kubepods/burstable/pod07d42b7bf3823b30f57219558fcb55e2/7db7e611208626c3731337bee7b84e083d8f3b13e526acf0f9c6fe5b7e5d1d91,192.168.65.3:10250,kubelet,/metrics/cadvisor,docker-desktop,prometheus-prometheus-oper-kubelet,0.055841959,,,,,
1609947319.978,container_cpu_usage_seconds_total,total,https-metrics,/kubepods/kubepods/burstable/pod07d42b7bf3823b30f57219558fcb55e2/7db7e611208626c3731337bee7b84e083d8f3b13e526acf0f9c6fe5b7e5d1d91,192.168.65.3:10250,kubelet,/metrics/cadvisor,docker-desktop,prometheus-prometheus-oper-kubelet,0.055841959,,,,,
1609947354.472,container_cpu_usage_seconds_total,total,https-metrics,/kubepods/kubepods/burstable/pod07d42b7bf3823b30f57219558fcb55e2/7db7e611208626c3731337bee7b84e083d8f3b13e526acf0f9c6fe5b7e5d1d91,192.168.65.3:10250,kubelet,/metrics/cadvisor,docker-desktop,prometheus-prometheus-oper-kubelet,0.055841959,,,,,
1609947387.006,container_cpu_usage_seconds_total,total,https-metrics,/kubepods/kubepods/burstable/pod07d42b7bf3823b30f57219558fcb55e2/7db7e611208626c3731337bee7b84e083d8f3b13e526acf0f9c6fe5b7e5d1d91,192.168.65.3:10250,kubelet,/metrics/cadvisor,docker-desktop,prometheus-prometheus-oper-kubelet,0.055841959,,,,,
1609947402.631,container_cpu_usage_seconds_total,total,https-metrics,/kubepods/kubepods/burstable/pod07d42b7bf3823b30f57219558fcb55e2/7db7e611208626c3731337bee7b84e083d8f3b13e526acf0f9c6fe5b7e5d1d91,192.168.65.3:10250,kubelet,/metrics/cadvisor,docker-desktop,prometheus-prometheus-oper-kubelet,0.055841959,,,,,
1609947151.827,container_cpu_usage_seconds_total,total,https-metrics,/kubepods/kubepods/burstable/pod07d42b7bf3823b30f57219558fcb55e2/a43ef56b934b10a522a1098c32b1caf8746e7f6075f30fcdf6da09e3db0521bd,192.168.65.3:10250,kubelet,/metrics/cadvisor,docker-desktop,prometheus-prometheus-oper-kubelet,0.060724949,,,,,
1609947169.027,container_cpu_usage_seconds_total,total,https-metrics,/kubepods/kubepods/burstable/pod07d42b7bf3823b30f57219558fcb55e2/a43ef56b934b10a522a1098c32b1caf8746e7f6075f30fcdf6da09e3db0521bd,192.168.65.3:10250,kubelet,/metrics/cadvisor,docker-desktop,prometheus-prometheus-oper-kubelet,0.060724949,,,,,
1609947207.99,container_cpu_usage_seconds_total,total,https-metrics,/kubepods/kubepods/burstable/pod07d42b7bf3823b30f57219558fcb55e2/a43ef56b934b10a522a1098c32b1caf8746e7f6075f30fcdf6da09e3db0521bd,192.168.65.3:10250,kubelet,/metrics/cadvisor,docker-desktop,prometheus-prometheus-oper-kubelet,0.060724949,,,,,
1609947243.345,container_cpu_usage_seconds_total,total,https-metrics,/kubepods/kubepods/burstable/pod07d42b7bf3823b30f57219558fcb55e2/a43ef56b934b10a522a1098c32b1caf8746e7f6075f30fcdf6da09e3db0521bd,192.168.65.3:10250,kubelet,/metrics/cadvisor,docker-desktop,prometheus-prometheus-oper-kubelet,0.060724949,,,,,
1609947262.704,container_cpu_usage_seconds_total,total,https-metrics,/kubepods/kubepods/burstable/pod07d42b7bf3823b30f57219558fcb55e2/a43ef56b934b10a522a1098c32b1caf8746e7f6075f30fcdf6da09e3db0521bd,192.168.65.3:10250,kubelet,/metrics/cadvisor,docker-desktop,prometheus-prometheus-oper-kubelet,0.060724949,,,,,
1609947301.197,container_cpu_usage_seconds_total,total,https-metrics,/kubepods/kubepods/burstable/pod07d42b7bf3823b30f57219558fcb55e2/a43ef56b934b10a522a1098c32b1caf8746e7f6075f30fcdf6da09e3db0521bd,192.168.65.3:10250,kubelet,/metrics/cadvisor,docker-desktop,prometheus-prometheus-oper-kubelet,0.060724949,,,,,
1609947319.007,container_cpu_usage_seconds_total,total,https-metrics,/kubepods/kubepods/burstable/pod07d42b7bf3823b30f57219558fcb55e2/a43ef56b934b10a522a1098c32b1caf8746e7f6075f30fcdf6da09e3db0521bd,192.168.65.3:10250,kubelet,/metrics/cadvisor,docker-desktop,prometheus-prometheus-oper-kubelet,0.060724949,,,,,
1609947359.054,container_cpu_usage_seconds_total,total,https-metrics,/kubepods/kubepods/burstable/pod07d42b7bf3823b30f57219558fcb55e2/a43ef56b934b10a522a1098c32b1caf8746e7f6075f30fcdf6da09e3db0521bd,192.168.65.3:10250,kubelet,/metrics/cadvisor,docker-desktop,prometheus-prometheus-oper-kubelet,0.060724949,,,,,
1609947386.499,container_cpu_usage_seconds_total,total,https-metrics,/kubepods/kubepods/burstable/pod07d42b7bf3823b30f57219558fcb55e2/a43ef56b934b10a522a1098c32b1caf8746e7f6075f30fcdf6da09e3db0521bd,192.168.65.3:10250,kubelet,/metrics/cadvisor,docker-desktop,prometheus-prometheus-oper-kubelet,0.060724949,,,,,
1609947419.011,container_cpu_usage_seconds_total,total,https-metrics,/kubepods/kubepods/burstable/pod07d42b7bf3823b30f57219558fcb55e2/a43ef56b934b10a522a1098c32b1caf8746e7f6075f30fcdf6da09e3db0521bd,192.168.65.3:10250,kubelet,/metrics/cadvisor,docker-desktop,prometheus-prometheus-oper-kubelet,0.060724949,,,,,
1609947153.615,container_cpu_usage_seconds_total,total,https-metrics,/kubepods/kubepods/burstable/pod07d42b7bf3823b30f57219558fcb55e2/aa77e0058e195b6a1adc6fdad45baf7f07d0b795a3f726f068da17f11e932d7f,192.168.65.3:10250,kubelet,/metrics/cadvisor,docker-desktop,prometheus-prometheus-oper-kubelet,536.394154648,,,,,
1609947169.861,container_cpu_usage_seconds_total,total,https-metrics,/kubepods/kubepods/burstable/pod07d42b7bf3823b30f57219558fcb55e2/aa77e0058e195b6a1adc6fdad45baf7f07d0b795a3f726f068da17f11e932d7f,192.168.65.3:10250,kubelet,/metrics/cadvisor,docker-desktop,prometheus-prometheus-oper-kubelet,536.394154648,,,,,
1609947203.212,container_cpu_usage_seconds_total,total,https-metrics,/kubepods/kubepods/burstable/pod07d42b7bf3823b30f57219558fcb55e2/aa77e0058e195b6a1adc6fdad45baf7f07d0b795a3f726f068da17f11e932d7f,192.168.65.3:10250,kubelet,/metrics/cadvisor,docker-desktop,prometheus-prometheus-oper-kubelet,536.394154648,,,,,
1609947237.985,container_cpu_usage_seconds_total,total,https-metrics,/kubepods/kubepods/burstable/pod07d42b7bf3823b30f57219558fcb55e2/aa77e0058e195b6a1adc6fdad45baf7f07d0b795a3f726f068da17f11e932d7f,192.168.65.3:10250,kubelet,/metrics/cadvisor,docker-desktop,prometheus-prometheus-oper-kubelet,536.394154648,,,,,
1609947267.205,container_cpu_usage_seconds_total,total,https-metrics,/kubepods/kubepods/burstable/pod07d42b7bf3823b30f57219558fcb55e2/aa77e0058e195b6a1adc6fdad45baf7f07d0b795a3f726f068da17f11e932d7f,192.168.65.3:10250,kubelet,/metrics/cadvisor,docker-desktop,prometheus-prometheus-oper-kubelet,536.394154648,,,,,
1609947295.382,container_cpu_usage_seconds_total,total,https-metrics,/kubepods/kubepods/burstable/pod07d42b7bf3823b30f57219558fcb55e2/aa77e0058e195b6a1adc6fdad45baf7f07d0b795a3f726f068da17f11e932d7f,192.168.65.3:10250,kubelet,/metrics/cadvisor,docker-desktop,prometheus-prometheus-oper-kubelet,536.394154648,,,,,
1609947313.899,container_cpu_usage_seconds_total,total,https-metrics,/kubepods/kubepods/burstable/pod07d42b7bf3823b30f57219558fcb55e2/aa77e0058e195b6a1adc6fdad45baf7f07d0b795a3f726f068da17f11e932d7f,192.168.65.3:10250,kubelet,/metrics/cadvisor,docker-desktop,prometheus-prometheus-oper-kubelet,536.394154648,,,,,
1609947352.305,container_cpu_usage_seconds_total,total,https-metrics,/kubepods/kubepods/burstable/pod07d42b7bf3823b30f57219558fcb55e2/aa77e0058e195b6a1adc6fdad45baf7f07d0b795a3f726f068da17f11e932d7f,192.168.65.3:10250,kubelet,/metrics/cadvisor,docker-desktop,prometheus-prometheus-oper-kubelet,536.394154648,,,,,
1609947385.803,container_cpu_usage_seconds_total,total,https-metrics,/kubepods/kubepods/burstable/pod07d42b7bf3823b30f57219558fcb55e2/aa77e0058e195b6a1adc6fdad45baf7f07d0b795a3f726f068da17f11e932d7f,192.168.65.3:10250,kubelet,/metrics/cadvisor,docker-desktop,prometheus-prometheus-oper-kubelet,536.394154648,,,,,
1609947421.095,container_cpu_usage_seconds_total,total,https-metrics,/kubepods/kubepods/burstable/pod07d42b7bf3823b30f57219558fcb55e2/aa77e0058e195b6a1adc6fdad45baf7f07d0b795a3f726f068da17f11e932d7f,192.168.65.3:10250,kubelet,/metrics/cadvisor,docker-desktop,prometheus-prometheus-oper-kubelet,536.394154648,,,,,
1609947172.675,container_cpu_usage_seconds_total,total,https-metrics,/kubepods/kubepods/burstable/pod1ff7d251-90d1-437d-b25d-017f8eef1650,192.168.65.3:10250,kubelet,/metrics/cadvisor,docker-desktop,prometheus-prometheus-oper-kubelet,1373.083918549,prometheus,prometheus-prometheus-prometheus-oper-prometheus-0,,,
1609947203.822,container_cpu_usage_seconds_total,total,https-metrics,/kubepods/kubepods/burstable/pod1ff7d251-90d1-437d-b25d-017f8eef1650,192.168.65.3:10250,kubelet,/metrics/cadvisor,docker-desktop,prometheus-prometheus-oper-kubelet,1374.308389152,prometheus,prometheus-prometheus-prometheus-oper-prometheus-0,,,
1609947235.759,container_cpu_usage_seconds_total,total,https-metrics,/kubepods/kubepods/burstable/pod1ff7d251-90d1-437d-b25d-017f8eef1650,192.168.65.3:10250,kubelet,/metrics/cadvisor,docker-desktop,prometheus-prometheus-oper-kubelet,1375.20319155,prometheus,prometheus-prometheus-prometheus-oper-prometheus-0,,,
1609947263.05,container_cpu_usage_seconds_total,total,https-metrics,/kubepods/kubepods/burstable/pod1ff7d251-90d1-437d-b25d-017f8eef1650,192.168.65.3:10250,kubelet,/metrics/cadvisor,docker-desktop,prometheus-prometheus-oper-kubelet,1376.16047815,prometheus,prometheus-prometheus-prometheus-oper-prometheus-0,,,
1609947296.021,container_cpu_usage_seconds_total,total,https-metrics,/kubepods/kubepods/burstable/pod1ff7d251-90d1-437d-b25d-017f8eef1650,192.168.65.3:10250,kubelet,/metrics/cadvisor,docker-desktop,prometheus-prometheus-oper-kubelet,1377.501154522,prometheus,prometheus-prometheus-prometheus-oper-prometheus-0,,,
1609947327.895,container_cpu_usage_seconds_total,total,https-metrics,/kubepods/kubepods/burstable/pod1ff7d251-90d1-437d-b25d-017f8eef1650,192.168.65.3:10250,kubelet,/metrics/cadvisor,docker-desktop,prometheus-prometheus-oper-kubelet,1378.589583432,prometheus,prometheus-prometheus-prometheus-oper-prometheus-0,,,
1609947357.02,container_cpu_usage_seconds_total,total,https-metrics,/kubepods/kubepods/burstable/pod1ff7d251-90d1-437d-b25d-017f8eef1650,192.168.65.3:10250,kubelet,/metrics/cadvisor,docker-desktop,prometheus-prometheus-oper-kubelet,1382.771190707,prometheus,prometheus-prometheus-prometheus-oper-prometheus-0,,,
1609947380.573,container_cpu_usage_seconds_total,total,https-metrics,/kubepods/kubepods/burstable/pod1ff7d251-90d1-437d-b25d-017f8eef1650,192.168.65.3:10250,kubelet,/metrics/cadvisor,docker-desktop,prometheus-prometheus-oper-kubelet,1383.592844927,prometheus,prometheus-prometheus-prometheus-oper-prometheus-0,,,
1609947411.591,container_cpu_usage_seconds_total,total,https-metrics,/kubepods/kubepods/burstable/pod1ff7d251-90d1-437d-b25d-017f8eef1650,192.168.65.3:10250,kubelet,/metrics/cadvisor,docker-desktop,prometheus-prometheus-oper-kubelet,1384.387560574,prometheus,prometheus-prometheus-prometheus-oper-prometheus-0,,,
1609947149.352,container_cpu_usage_seconds_total,total,https-metrics,/kubepods/kubepods/burstable/pod1ff7d251-90d1-437d-b25d-017f8eef1650/16c6f722a84c46563b0d273b68cd23dfedfbc7c76ddc37f3713787f6e8987c0e,192.168.65.3:10250,kubelet,/metrics/cadvisor,docker-desktop,prometheus-prometheus-oper-kubelet,629.84978129,,,,,
1609947175.957,container_cpu_usage_seconds_total,total,https-metrics,/kubepods/kubepods/burstable/pod1ff7d251-90d1-437d-b25d-017f8eef1650/16c6f722a84c46563b0d273b68cd23dfedfbc7c76ddc37f3713787f6e8987c0e,192.168.65.3:10250,kubelet,/metrics/cadvisor,docker-desktop,prometheus-prometheus-oper-kubelet,629.84978129,,,,,
1609947211.704,container_cpu_usage_seconds_total,total,https-metrics,/kubepods/kubepods/burstable/pod1ff7d251-90d1-437d-b25d-017f8eef1650/16c6f722a84c46563b0d273b68cd23dfedfbc7c76ddc37f3713787f6e8987c0e,192.168.65.3:10250,kubelet,/metrics/cadvisor,docker-desktop,prometheus-prometheus-oper-kubelet,629.84978129,,,,,
1609947225.673,container_cpu_usage_seconds_total,total,https-metrics,/kubepods/kubepods/burstable/pod1ff7d251-90d1-437d-b25d-017f8eef1650/16c6f722a84c46563b0d273b68cd23dfedfbc7c76ddc37f3713787f6e8987c0e,192.168.65.3:10250,kubelet,/metrics/cadvisor,docker-desktop,prometheus-prometheus-oper-kubelet,629.84978129,,,,,
1609947265.751,container_cpu_usage_seconds_total,total,https-metrics,/kubepods/kubepods/burstable/pod1ff7d251-90d1-437d-b25d-017f8eef1650/16c6f722a84c46563b0d273b68cd23dfedfbc7c76ddc37f3713787f6e8987c0e,192.168.65.3:10250,kubelet,/metrics/cadvisor,docker-desktop,prometheus-prometheus-oper-kubelet,629.84978129,,,,,
1609947292.58,container_cpu_usage_seconds_total,total,https-metrics,/kubepods/kubepods/burstable/pod1ff7d251-90d1-437d-b25d-017f8eef1650/16c6f722a84c46563b0d273b68cd23dfedfbc7c76ddc37f3713787f6e8987c0e,192.168.65.3:10250,kubelet,/metrics/cadvisor,docker-desktop,prometheus-prometheus-oper-kubelet,629.84978129,,,,,
1609947328.554,container_cpu_usage_seconds_total,total,https-metrics,/kubepods/kubepods/burstable/pod1ff7d251-90d1-437d-b25d-017f8eef1650/16c6f722a84c46563b0d273b68cd23dfedfbc7c76ddc37f3713787f6e8987c0e,192.168.65.3:10250,kubelet,/metrics/cadvisor,docker-desktop,prometheus-prometheus-oper-kubelet,629.84978129,,,,,
1609947364.342,container_cpu_usage_seconds_total,total,https-metrics,/kubepods/kubepods/burstable/pod1ff7d251-90d1-437d-b25d-017f8eef1650/16c6f722a84c46563b0d273b68cd23dfedfbc7c76ddc37f3713787f6e8987c0e,192.168.65.3:10250,kubelet,/metrics/cadvisor,docker-desktop,prometheus-prometheus-oper-kubelet,629.84978129,,,,,
1609947379.584,container_cpu_usage_seconds_total,total,https-metrics,/kubepods/kubepods/burstable/pod1ff7d251-90d1-437d-b25d-017f8eef1650/16c6f722a84c46563b0d273b68cd23dfedfbc7c76ddc37f3713787f6e8987c0e,192.168.65.3:10250,kubelet,/metrics/cadvisor,docker-desktop,prometheus-prometheus-oper-kubelet,629.84978129,,,,,
1609947420.701,container_cpu_usage_seconds_total,total,https-metrics,/kubepods/kubepods/burstable/pod1ff7d251-90d1-437d-b25d-017f8eef1650/16c6f722a84c46563b0d273b68cd23dfedfbc7c76ddc37f3713787f6e8987c0e,192.168.65.3:10250,kubelet,/metrics/cadvisor,docker-desktop,prometheus-prometheus-oper-kubelet,629.84978129,,,,,
1609947147.153,container_cpu_usage_seconds_total,total,https-metrics,/kubepods/kubepods/burstable/pod1ff7d251-90d1-437d-b25d-017f8eef1650/5ae503d2f321859a2c04b079f10e55047b059c62182bc99b4abf58e2e1467f4c,192.168.65.3:10250,kubelet,/metrics/cadvisor,docker-desktop,prometheus-prometheus-oper-kubelet,0.107712527,,,,,
1609947178.479,container_cpu_usage_seconds_total,total,https-metrics,/kubepods/kubepods/burstable/pod1ff7d251-90d1-437d-b25d-017f8eef1650/5ae503d2f321859a2c04b079f10e55047b059c62182bc99b4abf58e2e1467f4c,192.168.65.3:10250,kubelet,/metrics/cadvisor,docker-desktop,prometheus-prometheus-oper-kubelet,0.107712527,,,,,
1609947215.204,container_cpu_usage_seconds_total,total,https-metrics,/kubepods/kubepods/burstable/pod1ff7d251-90d1-437d-b25d-017f8eef1650/5ae503d2f321859a2c04b079f10e55047b059c62182bc99b4abf58e2e1467f4c,192.168.65.3:10250,kubelet,/metrics/cadvisor,docker-desktop,prometheus-prometheus-oper-kubelet,0.107712527,,,,,
1609947234.611,container_cpu_usage_seconds_total,total,https-metrics,/kubepods/kubepods/burstable/pod1ff7d251-90d1-437d-b25d-017f8eef1650/5ae503d2f321859a2c04b079f10e55047b059c62182bc99b4abf58e2e1467f4c,192.168.65.3:10250,kubelet,/metrics/cadvisor,docker-desktop,prometheus-prometheus-oper-kubelet,0.107712527,,,,,
1609947264.551,container_cpu_usage_seconds_total,total,https-metrics,/kubepods/kubepods/burstable/pod1ff7d251-90d1-437d-b25d-017f8eef1650/5ae503d2f321859a2c04b079f10e55047b059c62182bc99b4abf58e2e1467f4c,192.168.65.3:10250,kubelet,/metrics/cadvisor,docker-desktop,prometheus-prometheus-oper-kubelet,0.107712527,,,,,
1609947281.367,container_cpu_usage_seconds_total,total,https-metrics,/kubepods/kubepods/burstable/pod1ff7d251-90d1-437d-b25d-017f8eef1650/5ae503d2f321859a2c04b079f10e55047b059c62182bc99b4abf58e2e1467f4c,192.168.65.3:10250,kubelet,/metrics/cadvisor,docker-desktop,prometheus-prometheus-oper-kubelet,0.107712527,,,,,
1609947323.461,container_cpu_usage_seconds_total,total,https-metrics,/kubepods/kubepods/burstable/pod1ff7d251-90d1-437d-b25d-017f8eef1650/5ae503d2f321859a2c04b079f10e55047b059c62182bc99b4abf58e2e1467f4c,192.168.65.3:10250,kubelet,/metrics/cadvisor,docker-desktop,prometheus-prometheus-oper-kubelet,0.107712527,,,,,
1609947364.946,container_cpu_usage_seconds_total,total,https-metrics,/kubepods/kubepods/burstable/pod1ff7d251-90d1-437d-b25d-017f8eef1650/5ae503d2f321859a2c04b079f10e55047b059c62182bc99b4abf58e2e1467f4c,192.168.65.3:10250,kubelet,/metrics/cadvisor,docker-desktop,prometheus-prometheus-oper-kubelet,0.107712527,,,,,
1609947392.1,container_cpu_usage_seconds_total,total,https-metrics,/kubepods/kubepods/burstable/pod1ff7d251-90d1-437d-b25d-017f8eef1650/5ae503d2f321859a2c04b079f10e55047b059c62182bc99b4abf58e2e1467f4c,192.168.65.3:10250,kubelet,/metrics/cadvisor,docker-desktop,prometheus-prometheus-oper-kubelet,0.107712527,,,,,
1609947423.247,container_cpu_usage_seconds_total,total,https-metrics,/kubepods/kubepods/burstable/pod1ff7d251-90d1-437d-b25d-017f8eef1650/5ae503d2f321859a2c04b079f10e55047b059c62182bc99b4abf58e2e1467f4c,192.168.65.3:10250,kubelet,/metrics/cadvisor,docker-desktop,prometheus-prometheus-oper-kubelet,0.107712527,,,,,
1609947152.244,container_cpu_usage_seconds_total,total,https-metrics,/kubepods/kubepods/burstable/pod1ff7d251-90d1-437d-b25d-017f8eef1650/9ae869f72f2e4c86f1b09d0f750d35a004af694f4c7fd987a4f3d6751bf9d1cf,192.168.65.3:10250,kubelet,/metrics/cadvisor,docker-desktop,prometheus-prometheus-oper-kubelet,0.422037833,,,,,
1609947177.045,container_cpu_usage_seconds_total,total,https-metrics,/kubepods/kubepods/burstable/pod1ff7d251-90d1-437d-b25d-017f8eef1650/9ae869f72f2e4c86f1b09d0f750d35a004af694f4c7fd987a4f3d6751bf9d1cf,192.168.65.3:10250,kubelet,/metrics/cadvisor,docker-desktop,prometheus-prometheus-oper-kubelet,0.422037833,,,,,
1609947193.719,container_cpu_usage_seconds_total,total,https-metrics,/kubepods/kubepods/burstable/pod1ff7d251-90d1-437d-b25d-017f8eef1650/9ae869f72f2e4c86f1b09d0f750d35a004af694f4c7fd987a4f3d6751bf9d1cf,192.168.65.3:10250,kubelet,/metrics/cadvisor,docker-desktop,prometheus-prometheus-oper-kubelet,0.422037833,,,,,
1609947230.08,container_cpu_usage_seconds_total,total,https-metrics,/kubepods/kubepods/burstable/pod1ff7d251-90d1-437d-b25d-017f8eef1650/9ae869f72f2e4c86f1b09d0f750d35a004af694f4c7fd987a4f3d6751bf9d1cf,192.168.65.3:10250,kubelet,/metrics/cadvisor,docker-desktop,prometheus-prometheus-oper-kubelet,0.422037833,,,,,
1609947270.874,container_cpu_usage_seconds_total,total,https-metrics,/kubepods/kubepods/burstable/pod1ff7d251-90d1-437d-b25d-017f8eef1650/9ae869f72f2e4c86f1b09d0f750d35a004af694f4c7fd987a4f3d6751bf9d1cf,192.168.65.3:10250,kubelet,/metrics/cadvisor,docker-desktop,prometheus-prometheus-oper-kubelet,0.422037833,,,,,
1609947291.183,container_cpu_usage_seconds_total,total,https-metrics,/kubepods/kubepods/burstable/pod1ff7d251-90d1-437d-b25d-017f8eef1650/9ae869f72f2e4c86f1b09d0f750d35a004af694f4c7fd987a4f3d6751bf9d1cf,192.168.65.3:10250,kubelet,/metrics/cadvisor,docker-desktop,prometheus-prometheus-oper-kubelet,0.422037833,,,,,
1609947325.336,container_cpu_usage_seconds_total,total,https-metrics,/kubepods/kubepods/burstable/pod1ff7d251-90d1-437d-b25d-017f8eef1650/9ae869f72f2e4c86f1b09d0f750d35a004af694f4c7fd987a4f3d6751bf9d1cf,192.168.65.3:10250,kubelet,/metrics/cadvisor,docker-desktop,prometheus-prometheus-oper-kubelet,0.422037833,,,,,
1609947361.977,container_cpu_usage_seconds_total,total,https-metrics,/kubepods/kubepods/burstable/pod1ff7d251-90d1-437d-b25d-017f8eef1650/9ae869f72f2e4c86f1b09d0f750d35a004af694f4c7fd987a4f3d6751bf9d1cf,192.168.65.3:10250,kubelet,/metrics/cadvisor,docker-desktop,prometheus-prometheus-oper-kubelet,0.422037833,,,,,
1609947380.39,container_cpu_usage_seconds_total,total,https-metrics,/kubepods/kubepods/burstable/pod1ff7d251-90d1-437d-b25d-017f8eef1650/9ae869f72f2e4c86f1b09d0f750d35a004af694f4c7fd987a4f3d6751bf9d1cf,192.168.65.3:10250,kubelet,/metrics/cadvisor,docker-desktop,prometheus-prometheus-oper-kubelet,0.422037833,,,,,
1609947408.91,container_cpu_usage_seconds_total,total,https-metrics,/kubepods/kubepods/burstable/pod1ff7d251-90d1-437d-b25d-017f8eef1650/9ae869f72f2e4c86f1b09d0f750d35a004af694f4c7fd987a4f3d6751bf9d1cf,192.168.65.3:10250,kubelet,/metrics/cadvisor,docker-desktop,prometheus-prometheus-oper-kubelet,0.422037833,,,,,
1609947183.508,container_cpu_usage_seconds_total,total,https-metrics,/kubepods/kubepods/burstable/pod1ff7d251-90d1-437d-b25d-017f8eef1650/e429e990eb8121caaba00edaa7948abd50704466d3511882bfd6838aff77b605,192.168.65.3:10250,kubelet,/metrics/cadvisor,docker-desktop,prometheus-prometheus-oper-kubelet,1.135328919,,,,,
1609947212.323,container_cpu_usage_seconds_total,total,https-metrics,/kubepods/kubepods/burstable/pod1ff7d251-90d1-437d-b25d-017f8eef1650/e429e990eb8121caaba00edaa7948abd50704466d3511882bfd6838aff77b605,192.168.65.3:10250,kubelet,/metrics/cadvisor,docker-desktop,prometheus-prometheus-oper-kubelet,1.135328919,,,,,
1609947241.529,container_cpu_usage_seconds_total,total,https-metrics,/kubepods/kubepods/burstable/pod1ff7d251-90d1-437d-b25d-017f8eef1650/e429e990eb8121caaba00edaa7948abd50704466d3511882bfd6838aff77b605,192.168.65.3:10250,kubelet,/metrics/cadvisor,docker-desktop,prometheus-prometheus-oper-kubelet,1.135328919,,,,,
1609947268.025,container_cpu_usage_seconds_total,total,https-metrics,/kubepods/kubepods/burstable/pod1ff7d251-90d1-437d-b25d-017f8eef1650/e429e990eb8121caaba00edaa7948abd50704466d3511882bfd6838aff77b605,192.168.65.3:10250,kubelet,/metrics/cadvisor,docker-desktop,prometheus-prometheus-oper-kubelet,1.135328919,,,,,
1609947298.627,container_cpu_usage_seconds_total,total,https-metrics,/kubepods/kubepods/burstable/pod1ff7d251-90d1-437d-b25d-017f8eef1650/e429e990eb8121caaba00edaa7948abd50704466d3511882bfd6838aff77b605,192.168.65.3:10250,kubelet,/metrics/cadvisor,docker-desktop,prometheus-prometheus-oper-kubelet,1.135328919,,,,,
1609947313.393,container_cpu_usage_seconds_total,total,https-metrics,/kubepods/kubepods/burstable/pod1ff7d251-90d1-437d-b25d-017f8eef1650/e429e990eb8121caaba00edaa7948abd50704466d3511882bfd6838aff77b605,192.168.65.3:10250,kubelet,/metrics/cadvisor,docker-desktop,prometheus-prometheus-oper-kubelet,1.135328919,,,,,
1609947354.5,container_cpu_usage_seconds_total,total,https-metrics,/kubepods/kubepods/burstable/pod1ff7d251-90d1-437d-b25d-017f8eef1650/e429e990eb8121caaba00edaa7948abd50704466d3511882bfd6838aff77b605,192.168.65.3:10250,kubelet,/metrics/cadvisor,docker-desktop,prometheus-prometheus-oper-kubelet,1.135328919,,,,,
1609947395.273,container_cpu_usage_seconds_total,total,https-metrics,/kubepods/kubepods/burstable/pod1ff7d251-90d1-437d-b25d-017f8eef1650/e429e990eb8121caaba00edaa7948abd50704466d3511882bfd6838aff77b605,192.168.65.3:10250,kubelet,/metrics/cadvisor,docker-desktop,prometheus-prometheus-oper-kubelet,1.135328919,,,,,
1609947420.84,container_cpu_usage_seconds_total,total,https-metrics,/kubepods/kubepods/burstable/pod1ff7d251-90d1-437d-b25d-017f8eef1650/e429e990eb8121caaba00edaa7948abd50704466d3511882bfd6838aff77b605,192.168.65.3:10250,kubelet,/metrics/cadvisor,docker-desktop,prometheus-prometheus-oper-kubelet,1.135328919,,,,,
1609947150.992,container_cpu_usage_seconds_total,total,https-metrics,/kubepods/kubepods/burstable/pod2085f5be68201a12aeffb940f7ba4272,192.168.65.3:10250,kubelet,/metrics/cadvisor,docker-desktop,prometheus-prometheus-oper-kubelet,5746.008072854,kube-system,kube-apiserver-docker-desktop,,,
1609947180.142,container_cpu_usage_seconds_total,total,https-metrics,/kubepods/kubepods/burstable/pod2085f5be68201a12aeffb940f7ba4272,192.168.65.3:10250,kubelet,/metrics/cadvisor,docker-desktop,prometheus-prometheus-oper-kubelet,5747.328607987,kube-system,kube-apiserver-docker-desktop,,,
1609947210.681,container_cpu_usage_seconds_total,total,https-metrics,/kubepods/kubepods/burstable/pod2085f5be68201a12aeffb940f7ba4272,192.168.65.3:10250,kubelet,/metrics/cadvisor,docker-desktop,prometheus-prometheus-oper-kubelet,5748.569766564,kube-system,kube-apiserver-docker-desktop,,,
1609947242.738,container_cpu_usage_seconds_total,total,https-metrics,/kubepods/kubepods/burstable/pod2085f5be68201a12aeffb940f7ba4272,192.168.65.3:10250,kubelet,/metrics/cadvisor,docker-desktop,prometheus-prometheus-oper-kubelet,5750.054753502,kube-system,kube-apiserver-docker-desktop,,,
1609947274.217,container_cpu_usage_seconds_total,total,https-metrics,/kubepods/kubepods/burstable/pod2085f5be68201a12aeffb940f7ba4272,192.168.65.3:10250,kubelet,/metrics/cadvisor,docker-desktop,prometheus-prometheus-oper-kubelet,5752.492474728,kube-system,kube-apiserver-docker-desktop,,,
1609947300.064,container_cpu_usage_seconds_total,total,https-metrics,/kubepods/kubepods/burstable/pod2085f5be68201a12aeffb940f7ba4272,192.168.65.3:10250,kubelet,/metrics/cadvisor,docker-desktop,prometheus-prometheus-oper-kubelet,5753.58943372,kube-system,kube-apiserver-docker-desktop,,,
1609947318.496,container_cpu_usage_seconds_total,total,https-metrics,/kubepods/kubepods/burstable/pod2085f5be68201a12aeffb940f7ba4272,192.168.65.3:10250,kubelet,/metrics/cadvisor,docker-desktop,prometheus-prometheus-oper-kubelet,5754.318524313,kube-system,kube-apiserver-docker-desktop,,,
1609947364.13,container_cpu_usage_seconds_total,total,https-metrics,/kubepods/kubepods/burstable/pod2085f5be68201a12aeffb940f7ba4272,192.168.65.3:10250,kubelet,/metrics/cadvisor,docker-desktop,prometheus-prometheus-oper-kubelet,5776.544585959,kube-system,kube-apiserver-docker-desktop,,,
1609947392.074,container_cpu_usage_seconds_total,total,https-metrics,/kubepods/kubepods/burstable/pod2085f5be68201a12aeffb940f7ba4272,192.168.65.3:10250,kubelet,/metrics/cadvisor,docker-desktop,prometheus-prometheus-oper-kubelet,5778.994934097,kube-system,kube-apiserver-docker-desktop,,,
1609947410.003,container_cpu_usage_seconds_total,total,https-metrics,/kubepods/kubepods/burstable/pod2085f5be68201a12aeffb940f7ba4272,192.168.65.3:10250,kubelet,/metrics/cadvisor,docker-desktop,prometheus-prometheus-oper-kubelet,5779.651629761,kube-system,kube-apiserver-docker-desktop,,,
1609947179.431,container_cpu_usage_seconds_total,total,https-metrics,/kubepods/kubepods/burstable/pod2085f5be68201a12aeffb940f7ba4272/5b633ca00ba966f4064240f5fd5c3008dfd76c42a51786089ae7dd99de00d27d,192.168.65.3:10250,kubelet,/metrics/cadvisor,docker-desktop,prometheus-prometheus-oper-kubelet,0.057999022,,,,,
1609947210.428,container_cpu_usage_seconds_total,total,https-metrics,/kubepods/kubepods/burstable/pod2085f5be68201a12aeffb940f7ba4272/5b633ca00ba966f4064240f5fd5c3008dfd76c42a51786089ae7dd99de00d27d,192.168.65.3:10250,kubelet,/metrics/cadvisor,docker-desktop,prometheus-prometheus-oper-kubelet,0.057999022,,,,,
1609947235.681,container_cpu_usage_seconds_total,total,https-metrics,/kubepods/kubepods/burstable/pod2085f5be68201a12aeffb940f7ba4272/5b633ca00ba966f4064240f5fd5c3008dfd76c42a51786089ae7dd99de00d27d,192.168.65.3:10250,kubelet,/metrics/cadvisor,docker-desktop,prometheus-prometheus-oper-kubelet,0.057999022,,,,,
1609947264.929,container_cpu_usage_seconds_total,total,https-metrics,/kubepods/kubepods/burstable/pod2085f5be68201a12aeffb940f7ba4272/5b633ca00ba966f4064240f5fd5c3008dfd76c42a51786089ae7dd99de00d27d,192.168.65.3:10250,kubelet,/metrics/cadvisor,docker-desktop,prometheus-prometheus-oper-kubelet,0.057999022,,,,,
1609947303.733,container_cpu_usage_seconds_total,total,https-metrics,/kubepods/kubepods/burstable/pod2085f5be68201a12aeffb940f7ba4272/5b633ca00ba966f4064240f5fd5c3008dfd76c42a51786089ae7dd99de00d27d,192.168.65.3:10250,kubelet,/metrics/cadvisor,docker-desktop,prometheus-prometheus-oper-kubelet,0.057999022,,,,,
1609947331.293,container_cpu_usage_seconds_total,total,https-metrics,/kubepods/kubepods/burstable/pod2085f5be68201a12aeffb940f7ba4272/5b633ca00ba966f4064240f5fd5c3008dfd76c42a51786089ae7dd99de00d27d,192.168.65.3:10250,kubelet,/metrics/cadvisor,docker-desktop,prometheus-prometheus-oper-kubelet,0.057999022,,,,,
1609947349.54,container_cpu_usage_seconds_total,total,https-metrics,/kubepods/kubepods/burstable/pod2085f5be68201a12aeffb940f7ba4272/5b633ca00ba966f4064240f5fd5c3008dfd76c42a51786089ae7dd99de00d27d,192.168.65.3:10250,kubelet,/metrics/cadvisor,docker-desktop,prometheus-prometheus-oper-kubelet,0.057999022,,,,,
1609947388.991,container_cpu_usage_seconds_total,total,https-metrics,/kubepods/kubepods/burstable/pod2085f5be68201a12aeffb940f7ba4272/5b633ca00ba966f4064240f5fd5c3008dfd76c42a51786089ae7dd99de00d27d,192.168.65.3:10250,kubelet,/metrics/cadvisor,docker-desktop,prometheus-prometheus-oper-kubelet,0.057999022,,,,,
1609947416.685,container_cpu_usage_seconds_total,total,https-metrics,/kubepods/kubepods/burstable/pod2085f5be68201a12aeffb940f7ba4272/5b633ca00ba966f4064240f5fd5c3008dfd76c42a51786089ae7dd99de00d27d,192.168.65.3:10250,kubelet,/metrics/cadvisor,docker-desktop,prometheus-prometheus-oper-kubelet,0.057999022,,,,,
1609947176.502,container_cpu_usage_seconds_total,total,https-metrics,/kubepods/kubepods/burstable/pod2085f5be68201a12aeffb940f7ba4272/bd3b133ef16e77bc58dbce212546726be5be93db2c985970e21a62f92a830d2a,192.168.65.3:10250,kubelet,/metrics/cadvisor,docker-desktop,prometheus-prometheus-oper-kubelet,3098.165705663,,,,,
1609947201.889,container_cpu_usage_seconds_total,total,https-metrics,/kubepods/kubepods/burstable/pod2085f5be68201a12aeffb940f7ba4272/bd3b133ef16e77bc58dbce212546726be5be93db2c985970e21a62f92a830d2a,192.168.65.3:10250,kubelet,/metrics/cadvisor,docker-desktop,prometheus-prometheus-oper-kubelet,3098.165705663,,,,,
1609947233.966,container_cpu_usage_seconds_total,total,https-metrics,/kubepods/kubepods/burstable/pod2085f5be68201a12aeffb940f7ba4272/bd3b133ef16e77bc58dbce212546726be5be93db2c985970e21a62f92a830d2a,192.168.65.3:10250,kubelet,/metrics/cadvisor,docker-desktop,prometheus-prometheus-oper-kubelet,3098.165705663,,,,,
1609947252.224,container_cpu_usage_seconds_total,total,https-metrics,/kubepods/kubepods/burstable/pod2085f5be68201a12aeffb940f7ba4272/bd3b133ef16e77bc58dbce212546726be5be93db2c985970e21a62f92a830d2a,192.168.65.3:10250,kubelet,/metrics/cadvisor,docker-desktop,prometheus-prometheus-oper-kubelet,3098.165705663,,,,,
1609947292.612,container_cpu_usage_seconds_total,total,https-metrics,/kubepods/kubepods/burstable/pod2085f5be68201a12aeffb940f7ba4272/bd3b133ef16e77bc58dbce212546726be5be93db2c985970e21a62f92a830d2a,192.168.65.3:10250,kubelet,/metrics/cadvisor,docker-desktop,prometheus-prometheus-oper-kubelet,3098.165705663,,,,,
1609947329.336,container_cpu_usage_seconds_total,total,https-metrics,/kubepods/kubepods/burstable/pod2085f5be68201a12aeffb940f7ba4272/bd3b133ef16e77bc58dbce212546726be5be93db2c985970e21a62f92a830d2a,192.168.65.3:10250,kubelet,/metrics/cadvisor,docker-desktop,prometheus-prometheus-oper-kubelet,3098.165705663,,,,,
1609947364.159,container_cpu_usage_seconds_total,total,https-metrics,/kubepods/kubepods/burstable/pod2085f5be68201a12aeffb940f7ba4272/bd3b133ef16e77bc58dbce212546726be5be93db2c985970e21a62f92a830d2a,192.168.65.3:10250,kubelet,/metrics/cadvisor,docker-desktop,prometheus-prometheus-oper-kubelet,3098.165705663,,,,,
1609947392.588,container_cpu_usage_seconds_total,total,https-metrics,/kubepods/kubepods/burstable/pod2085f5be68201a12aeffb940f7ba4272/bd3b133ef16e77bc58dbce212546726be5be93db2c985970e21a62f92a830d2a,192.168.65.3:10250,kubelet,/metrics/cadvisor,docker-desktop,prometheus-prometheus-oper-kubelet,3098.165705663,,,,,
1609947404.797,container_cpu_usage_seconds_total,total,https-metrics,/kubepods/kubepods/burstable/pod2085f5be68201a12aeffb940f7ba4272/bd3b133ef16e77bc58dbce212546726be5be93db2c985970e21a62f92a830d2a,192.168.65.3:10250,kubelet,/metrics/cadvisor,docker-desktop,prometheus-prometheus-oper-kubelet,3098.165705663,,,,,
1609947180.778,container_cpu_usage_seconds_total,total,https-metrics,/kubepods/kubepods/burstable/pod2085f5be68201a12aeffb940f7ba4272/d8df76b63be10786cf483855f0ce1207fc88c1bfbbf3b2915130369fe81262b9,192.168.65.3:10250,kubelet,/metrics/cadvisor,docker-desktop,prometheus-prometheus-oper-kubelet,1203.717752904,,,,,
1609947209.431,container_cpu_usage_seconds_total,total,https-metrics,/kubepods/kubepods/burstable/pod2085f5be68201a12aeffb940f7ba4272/d8df76b63be10786cf483855f0ce1207fc88c1bfbbf3b2915130369fe81262b9,192.168.65.3:10250,kubelet,/metrics/cadvisor,docker-desktop,prometheus-prometheus-oper-kubelet,1203.717752904,,,,,
1609947220.649,container_cpu_usage_seconds_total,total,https-metrics,/kubepods/kubepods/burstable/pod2085f5be68201a12aeffb940f7ba4272/d8df76b63be10786cf483855f0ce1207fc88c1bfbbf3b2915130369fe81262b9,192.168.65.3:10250,kubelet,/metrics/cadvisor,docker-desktop,prometheus-prometheus-oper-kubelet,1203.717752904,,,,,
1609947267.133,container_cpu_usage_seconds_total,total,https-metrics,/kubepods/kubepods/burstable/pod2085f5be68201a12aeffb940f7ba4272/d8df76b63be10786cf483855f0ce1207fc88c1bfbbf3b2915130369fe81262b9,192.168.65.3:10250,kubelet,/metrics/cadvisor,docker-desktop,prometheus-prometheus-oper-kubelet,1203.717752904,,,,,
1609947300.686,container_cpu_usage_seconds_total,total,https-metrics,/kubepods/kubepods/burstable/pod2085f5be68201a12aeffb940f7ba4272/d8df76b63be10786cf483855f0ce1207fc88c1bfbbf3b2915130369fe81262b9,192.168.65.3:10250,kubelet,/metrics/cadvisor,docker-desktop,prometheus-prometheus-oper-kubelet,1203.717752904,,,,,
1609947325.626,container_cpu_usage_seconds_total,total,https-metrics,/kubepods/kubepods/burstable/pod2085f5be68201a12aeffb940f7ba4272/d8df76b63be10786cf483855f0ce1207fc88c1bfbbf3b2915130369fe81262b9,192.168.65.3:10250,kubelet,/metrics/cadvisor,docker-desktop,prometheus-prometheus-oper-kubelet,1203.717752904,,,,,
1609947341.114,container_cpu_usage_seconds_total,total,https-metrics,/kubepods/kubepods/burstable/pod2085f5be68201a12aeffb940f7ba4272/d8df76b63be10786cf483855f0ce1207fc88c1bfbbf3b2915130369fe81262b9,192.168.65.3:10250,kubelet,/metrics/cadvisor,docker-desktop,prometheus-prometheus-oper-kubelet,1203.717752904,,,,,
1609947387.979,container_cpu_usage_seconds_total,total,https-metrics,/kubepods/kubepods/burstable/pod2085f5be68201a12aeffb940f7ba4272/d8df76b63be10786cf483855f0ce1207fc88c1bfbbf3b2915130369fe81262b9,192.168.65.3:10250,kubelet,/metrics/cadvisor,docker-desktop,prometheus-prometheus-oper-kubelet,1203.717752904,,,,,
1609947422.58,container_cpu_usage_seconds_total,total,https-metrics,/kubepods/kubepods/burstable/pod2085f5be68201a12aeffb940f7ba4272/d8df76b63be10786cf483855f0ce1207fc88c1bfbbf3b2915130369fe81262b9,192.168.65.3:10250,kubelet,/metrics/cadvisor,docker-desktop,prometheus-prometheus-oper-kubelet,1203.717752904,,,,,
1609947154.648,container_cpu_usage_seconds_total,total,https-metrics,/kubepods/kubepods/burstable/pod2085f5be68201a12aeffb940f7ba4272/eacb5243bef363790e270f9b06313489ad6b9698a77aeae8f99bf3a6cd8bee60,192.168.65.3:10250,kubelet,/metrics/cadvisor,docker-desktop,prometheus-prometheus-oper-kubelet,0.052863149,,,,,
1609947168.136,container_cpu_usage_seconds_total,total,https-metrics,/kubepods/kubepods/burstable/pod2085f5be68201a12aeffb940f7ba4272/eacb5243bef363790e270f9b06313489ad6b9698a77aeae8f99bf3a6cd8bee60,192.168.65.3:10250,kubelet,/metrics/cadvisor,docker-desktop,prometheus-prometheus-oper-kubelet,0.052863149,,,,,
1609947213.562,container_cpu_usage_seconds_total,total,https-metrics,/kubepods/kubepods/burstable/pod2085f5be68201a12aeffb940f7ba4272/eacb5243bef363790e270f9b06313489ad6b9698a77aeae8f99bf3a6cd8bee60,192.168.65.3:10250,kubelet,/metrics/cadvisor,docker-desktop,prometheus-prometheus-oper-kubelet,0.052863149,,,,,
1609947237.318,container_cpu_usage_seconds_total,total,https-metrics,/kubepods/kubepods/burstable/pod2085f5be68201a12aeffb940f7ba4272/eacb5243bef363790e270f9b06313489ad6b9698a77aeae8f99bf3a6cd8bee60,192.168.65.3:10250,kubelet,/metrics/cadvisor,docker-desktop,prometheus-prometheus-oper-kubelet,0.052863149,,,,,
1609947267.16,container_cpu_usage_seconds_total,total,https-metrics,/kubepods/kubepods/burstable/pod2085f5be68201a12aeffb940f7ba4272/eacb5243bef363790e270f9b06313489ad6b9698a77aeae8f99bf3a6cd8bee60,192.168.65.3:10250,kubelet,/metrics/cadvisor,docker-desktop,prometheus-prometheus-oper-kubelet,0.052863149,,,,,
1609947284.004,container_cpu_usage_seconds_total,total,https-metrics,/kubepods/kubepods/burstable/pod2085f5be68201a12aeffb940f7ba4272/eacb5243bef363790e270f9b06313489ad6b9698a77aeae8f99bf3a6cd8bee60,192.168.65.3:10250,kubelet,/metrics/cadvisor,docker-desktop,prometheus-prometheus-oper-kubelet,0.052863149,,,,,
1609947330.925,container_cpu_usage_seconds_total,total,https-metrics,/kubepods/kubepods/burstable/pod2085f5be68201a12aeffb940f7ba4272/eacb5243bef363790e270f9b06313489ad6b9698a77aeae8f99bf3a6cd8bee60,192.168.65.3:10250,kubelet,/metrics/cadvisor,docker-desktop,prometheus-prometheus-oper-kubelet,0.052863149,,,,,
1609947355.602,container_cpu_usage_seconds_total,total,https-metrics,/kubepods/kubepods/burstable/pod2085f5be68201a12aeffb940f7ba4272/eacb5243bef363790e270f9b06313489ad6b9698a77aeae8f99bf3a6cd8bee60,192.168.65.3:10250,kubelet,/metrics/cadvisor,docker-desktop,prometheus-prometheus-oper-kubelet,0.052863149,,,,,
1609947389.301,container_cpu_usage_seconds_total,total,https-metrics,/kubepods/kubepods/burstable/pod2085f5be68201a12aeffb940f7ba4272/eacb5243bef363790e270f9b06313489ad6b9698a77aeae8f99bf3a6cd8bee60,192.168.65.3:10250,kubelet,/metrics/cadvisor,docker-desktop,prometheus-prometheus-oper-kubelet,0.052863149,,,,,
1609947422.707,container_cpu_usage_seconds_total,total,https-metrics,/kubepods/kubepods/burstable/pod2085f5be68201a12aeffb940f7ba4272/eacb5243bef363790e270f9b06313489ad6b9698a77aeae8f99bf3a6cd8bee60,192.168.65.3:10250,kubelet,/metrics/cadvisor,docker-desktop,prometheus-prometheus-oper-kubelet,0.052863149,,,,,
1609947152.45,container_cpu_usage_seconds_total,total,https-metrics,/kubepods/kubepods/burstable/pod63ccfa2b-a3dc-420b-8138-cb562267ad59,192.168.65.3:10250,kubelet,/metrics/cadvisor,docker-desktop,prometheus-prometheus-oper-kubelet,229.529579493,kube-system,coredns-f9fd979d6-p9xfm,,,
1609947172.144,container_cpu_usage_seconds_total,total,https-metrics,/kubepods/kubepods/burstable/pod63ccfa2b-a3dc-420b-8138-cb562267ad59,192.168.65.3:10250,kubelet,/metrics/cadvisor,docker-desktop,prometheus-prometheus-oper-kubelet,229.610489766,kube-system,coredns-f9fd979d6-p9xfm,,,
1609947202.81,container_cpu_usage_seconds_total,total,https-metrics,/kubepods/kubepods/burstable/pod63ccfa2b-a3dc-420b-8138-cb562267ad59,192.168.65.3:10250,kubelet,/metrics/cadvisor,docker-desktop,prometheus-prometheus-oper-kubelet,229.830382546,kube-system,coredns-f9fd979d6-p9xfm,,,
1609947233.045,container_cpu_usage_seconds_total,total,https-metrics,/kubepods/kubepods/burstable/pod63ccfa2b-a3dc-420b-8138-cb562267ad59,192.168.65.3:10250,kubelet,/metrics/cadvisor,docker-desktop,prometheus-prometheus-oper-kubelet,229.946562603,kube-system,coredns-f9fd979d6-p9xfm,,,
1609947270.86,container_cpu_usage_seconds_total,total,https-metrics,/kubepods/kubepods/burstable/pod63ccfa2b-a3dc-420b-8138-cb562267ad59,192.168.65.3:10250,kubelet,/metrics/cadvisor,docker-desktop,prometheus-prometheus-oper-kubelet,230.108708656,kube-system,coredns-f9fd979d6-p9xfm,,,
1609947298.883,container_cpu_usage_seconds_total,total,https-metrics,/kubepods/kubepods/burstable/pod63ccfa2b-a3dc-420b-8138-cb562267ad59,192.168.65.3:10250,kubelet,/metrics/cadvisor,docker-desktop,prometheus-prometheus-oper-kubelet,230.22591702,kube-system,coredns-f9fd979d6-p9xfm,,,
1609947324.733,container_cpu_usage_seconds_total,total,https-metrics,/kubepods/kubepods/burstable/pod63ccfa2b-a3dc-420b-8138-cb562267ad59,192.168.65.3:10250,kubelet,/metrics/cadvisor,docker-desktop,prometheus-prometheus-oper-kubelet,230.397631322,kube-system,coredns-f9fd979d6-p9xfm,,,
1609947351.966,container_cpu_usage_seconds_total,total,https-metrics,/kubepods/kubepods/burstable/pod63ccfa2b-a3dc-420b-8138-cb562267ad59,192.168.65.3:10250,kubelet,/metrics/cadvisor,docker-desktop,prometheus-prometheus-oper-kubelet,230.59969042,kube-system,coredns-f9fd979d6-p9xfm,,,
1609947385.015,container_cpu_usage_seconds_total,total,https-metrics,/kubepods/kubepods/burstable/pod63ccfa2b-a3dc-420b-8138-cb562267ad59,192.168.65.3:10250,kubelet,/metrics/cadvisor,docker-desktop,prometheus-prometheus-oper-kubelet,230.756509004,kube-system,coredns-f9fd979d6-p9xfm,,,
1609947413.635,container_cpu_usage_seconds_total,total,https-metrics,/kubepods/kubepods/burstable/pod63ccfa2b-a3dc-420b-8138-cb562267ad59,192.168.65.3:10250,kubelet,/metrics/cadvisor,docker-desktop,prometheus-prometheus-oper-kubelet,230.873732997,kube-system,coredns-f9fd979d6-p9xfm,,,
1609947150.036,container_cpu_usage_seconds_total,total,https-metrics,/kubepods/kubepods/burstable/pod63ccfa2b-a3dc-420b-8138-cb562267ad59/75b044334ac56a8e5c1ce03ad275d5c0de0bfd33dd2dd917047d75a76627798e,192.168.65.3:10250,kubelet,/metrics/cadvisor,docker-desktop,prometheus-prometheus-oper-kubelet,0.049208487,,,,,
1609947177.155,container_cpu_usage_seconds_total,total,https-metrics,/kubepods/kubepods/burstable/pod63ccfa2b-a3dc-420b-8138-cb562267ad59/75b044334ac56a8e5c1ce03ad275d5c0de0bfd33dd2dd917047d75a76627798e,192.168.65.3:10250,kubelet,/metrics/cadvisor,docker-desktop,prometheus-prometheus-oper-kubelet,0.049208487,,,,,
1609947194.745,container_cpu_usage_seconds_total,total,https-metrics,/kubepods/kubepods/burstable/pod63ccfa2b-a3dc-420b-8138-cb562267ad59/75b044334ac56a8e5c1ce03ad275d5c0de0bfd33dd2dd917047d75a76627798e,192.168.65.3:10250,kubelet,/metrics/cadvisor,docker-desktop,prometheus-prometheus-oper-kubelet,0.049208487,,,,,
1609947230.229,container_cpu_usage_seconds_total,total,https-metrics,/kubepods/kubepods/burstable/pod63ccfa2b-a3dc-420b-8138-cb562267ad59/75b044334ac56a8e5c1ce03ad275d5c0de0bfd33dd2dd917047d75a76627798e,192.168.65.3:10250,kubelet,/metrics/cadvisor,docker-desktop,prometheus-prometheus-oper-kubelet,0.049208487,,,,,
1609947259.068,container_cpu_usage_seconds_total,total,https-metrics,/kubepods/kubepods/burstable/pod63ccfa2b-a3dc-420b-8138-cb562267ad59/75b044334ac56a8e5c1ce03ad275d5c0de0bfd33dd2dd917047d75a76627798e,192.168.65.3:10250,kubelet,/metrics/cadvisor,docker-desktop,prometheus-prometheus-oper-kubelet,0.049208487,,,,,
1609947299.635,container_cpu_usage_seconds_total,total,https-metrics,/kubepods/kubepods/burstable/pod63ccfa2b-a3dc-420b-8138-cb562267ad59/75b044334ac56a8e5c1ce03ad275d5c0de0bfd33dd2dd917047d75a76627798e,192.168.65.3:10250,kubelet,/metrics/cadvisor,docker-desktop,prometheus-prometheus-oper-kubelet,0.049208487,,,,,
1609947333.208,container_cpu_usage_seconds_total,total,https-metrics,/kubepods/kubepods/burstable/pod63ccfa2b-a3dc-420b-8138-cb562267ad59/75b044334ac56a8e5c1ce03ad275d5c0de0bfd33dd2dd917047d75a76627798e,192.168.65.3:10250,kubelet,/metrics/cadvisor,docker-desktop,prometheus-prometheus-oper-kubelet,0.049208487,,,,,
1609947350.33,container_cpu_usage_seconds_total,total,https-metrics,/kubepods/kubepods/burstable/pod63ccfa2b-a3dc-420b-8138-cb562267ad59/75b044334ac56a8e5c1ce03ad275d5c0de0bfd33dd2dd917047d75a76627798e,192.168.65.3:10250,kubelet,/metrics/cadvisor,docker-desktop,prometheus-prometheus-oper-kubelet,0.049208487,,,,,
1609947393.75,container_cpu_usage_seconds_total,total,https-metrics,/kubepods/kubepods/burstable/pod63ccfa2b-a3dc-420b-8138-cb562267ad59/75b044334ac56a8e5c1ce03ad275d5c0de0bfd33dd2dd917047d75a76627798e,192.168.65.3:10250,kubelet,/metrics/cadvisor,docker-desktop,prometheus-prometheus-oper-kubelet,0.049208487,,,,,
1609947421.94,container_cpu_usage_seconds_total,total,https-metrics,/kubepods/kubepods/burstable/pod63ccfa2b-a3dc-420b-8138-cb562267ad59/75b044334ac56a8e5c1ce03ad275d5c0de0bfd33dd2dd917047d75a76627798e,192.168.65.3:10250,kubelet,/metrics/cadvisor,docker-desktop,prometheus-prometheus-oper-kubelet,0.049208487,,,,,
1609947144.844,container_cpu_usage_seconds_total,total,https-metrics,/kubepods/kubepods/burstable/pod63ccfa2b-a3dc-420b-8138-cb562267ad59/a3509d2502f9752b353edd41a39816b144f925e5b152ef58b4cb843985a48b67,192.168.65.3:10250,kubelet,/metrics/cadvisor,docker-desktop,prometheus-prometheus-oper-kubelet,110.488210497,,,,,
1609947176.215,container_cpu_usage_seconds_total,total,https-metrics,/kubepods/kubepods/burstable/pod63ccfa2b-a3dc-420b-8138-cb562267ad59/a3509d2502f9752b353edd41a39816b144f925e5b152ef58b4cb843985a48b67,192.168.65.3:10250,kubelet,/metrics/cadvisor,docker-desktop,prometheus-prometheus-oper-kubelet,110.488210497,,,,,
1609947187.856,container_cpu_usage_seconds_total,total,https-metrics,/kubepods/kubepods/burstable/pod63ccfa2b-a3dc-420b-8138-cb562267ad59/a3509d2502f9752b353edd41a39816b144f925e5b152ef58b4cb843985a48b67,192.168.65.3:10250,kubelet,/metrics/cadvisor,docker-desktop,prometheus-prometheus-oper-kubelet,110.488210497,,,,,
1609947236.138,container_cpu_usage_seconds_total,total,https-metrics,/kubepods/kubepods/burstable/pod63ccfa2b-a3dc-420b-8138-cb562267ad59/a3509d2502f9752b353edd41a39816b144f925e5b152ef58b4cb843985a48b67,192.168.65.3:10250,kubelet,/metrics/cadvisor,docker-desktop,prometheus-prometheus-oper-kubelet,110.488210497,,,,,
1609947268.982,container_cpu_usage_seconds_total,total,https-metrics,/kubepods/kubepods/burstable/pod63ccfa2b-a3dc-420b-8138-cb562267ad59/a3509d2502f9752b353edd41a39816b144f925e5b152ef58b4cb843985a48b67,192.168.65.3:10250,kubelet,/metrics/cadvisor,docker-desktop,prometheus-prometheus-oper-kubelet,110.488210497,,,,,
1609947303.349,container_cpu_usage_seconds_total,total,https-metrics,/kubepods/kubepods/burstable/pod63ccfa2b-a3dc-420b-8138-cb562267ad59/a3509d2502f9752b353edd41a39816b144f925e5b152ef58b4cb843985a48b67,192.168.65.3:10250,kubelet,/metrics/cadvisor,docker-desktop,prometheus-prometheus-oper-kubelet,110.488210497,,,,,
1609947323.687,container_cpu_usage_seconds_total,total,https-metrics,/kubepods/kubepods/burstable/pod63ccfa2b-a3dc-420b-8138-cb562267ad59/a3509d2502f9752b353edd41a39816b144f925e5b152ef58b4cb843985a48b67,192.168.65.3:10250,kubelet,/metrics/cadvisor,docker-desktop,prometheus-prometheus-oper-kubelet,110.488210497,,,,,
1609947359.848,container_cpu_usage_seconds_total,total,https-metrics,/kubepods/kubepods/burstable/pod63ccfa2b-a3dc-420b-8138-cb562267ad59/a3509d2502f9752b353edd41a39816b144f925e5b152ef58b4cb843985a48b67,192.168.65.3:10250,kubelet,/metrics/cadvisor,docker-desktop,prometheus-prometheus-oper-kubelet,110.488210497,,,,,
1609947373.492,container_cpu_usage_seconds_total,total,https-metrics,/kubepods/kubepods/burstable/pod63ccfa2b-a3dc-420b-8138-cb562267ad59/a3509d2502f9752b353edd41a39816b144f925e5b152ef58b4cb843985a48b67,192.168.65.3:10250,kubelet,/metrics/cadvisor,docker-desktop,prometheus-prometheus-oper-kubelet,110.488210497,,,,,
1609947412.103,container_cpu_usage_seconds_total,total,https-metrics,/kubepods/kubepods/burstable/pod63ccfa2b-a3dc-420b-8138-cb562267ad59/a3509d2502f9752b353edd41a39816b144f925e5b152ef58b4cb843985a48b67,192.168.65.3:10250,kubelet,/metrics/cadvisor,docker-desktop,prometheus-prometheus-oper-kubelet,110.488210497,,,,,
1609947150.434,container_cpu_usage_seconds_total,total,https-metrics,/kubepods/kubepods/burstable/pod7d04da8a-9ad4-4526-a6a2-0df980430a12,192.168.65.3:10250,kubelet,/metrics/cadvisor,docker-desktop,prometheus-prometheus-oper-kubelet,122.280854824,prometheus,alertmanager-prometheus-prometheus-oper-alertmanager-0,,,
1609947184.977,container_cpu_usage_seconds_total,total,https-metrics,/kubepods/kubepods/burstable/pod7d04da8a-9ad4-4526-a6a2-0df980430a12,192.168.65.3:10250,kubelet,/metrics/cadvisor,docker-desktop,prometheus-prometheus-oper-kubelet,122.359281203,prometheus,alertmanager-prometheus-prometheus-oper-alertmanager-0,,,
1609947214.181,container_cpu_usage_seconds_total,total,https-metrics,/kubepods/kubepods/burstable/pod7d04da8a-9ad4-4526-a6a2-0df980430a12,192.168.65.3:10250,kubelet,/metrics/cadvisor,docker-desktop,prometheus-prometheus-oper-kubelet,122.435944238,prometheus,alertmanager-prometheus-prometheus-oper-alertmanager-0,,,
1609947244.821,container_cpu_usage_seconds_total,total,https-metrics,/kubepods/kubepods/burstable/pod7d04da8a-9ad4-4526-a6a2-0df980430a12,192.168.65.3:10250,kubelet,/metrics/cadvisor,docker-desktop,prometheus-prometheus-oper-kubelet,122.500576125,prometheus,alertmanager-prometheus-prometheus-oper-alertmanager-0,,,
1609947261.327,container_cpu_usage_seconds_total,total,https-metrics,/kubepods/kubepods/burstable/pod7d04da8a-9ad4-4526-a6a2-0df980430a12,192.168.65.3:10250,kubelet,/metrics/cadvisor,docker-desktop,prometheus-prometheus-oper-kubelet,122.541107105,prometheus,alertmanager-prometheus-prometheus-oper-alertmanager-0,,,
1609947295.487,container_cpu_usage_seconds_total,total,https-metrics,/kubepods/kubepods/burstable/pod7d04da8a-9ad4-4526-a6a2-0df980430a12,192.168.65.3:10250,kubelet,/metrics/cadvisor,docker-desktop,prometheus-prometheus-oper-kubelet,122.612043293,prometheus,alertmanager-prometheus-prometheus-oper-alertmanager-0,,,
1609947326.984,container_cpu_usage_seconds_total,total,https-metrics,/kubepods/kubepods/burstable/pod7d04da8a-9ad4-4526-a6a2-0df980430a12,192.168.65.3:10250,kubelet,/metrics/cadvisor,docker-desktop,prometheus-prometheus-oper-kubelet,122.698729121,prometheus,alertmanager-prometheus-prometheus-oper-alertmanager-0,,,
1609947356.97,container_cpu_usage_seconds_total,total,https-metrics,/kubepods/kubepods/burstable/pod7d04da8a-9ad4-4526-a6a2-0df980430a12,192.168.65.3:10250,kubelet,/metrics/cadvisor,docker-desktop,prometheus-prometheus-oper-kubelet,122.838995416,prometheus,alertmanager-prometheus-prometheus-oper-alertmanager-0,,,
1609947386.403,container_cpu_usage_seconds_total,total,https-metrics,/kubepods/kubepods/burstable/pod7d04da8a-9ad4-4526-a6a2-0df980430a12,192.168.65.3:10250,kubelet,/metrics/cadvisor,docker-desktop,prometheus-prometheus-oper-kubelet,122.913017638,prometheus,alertmanager-prometheus-prometheus-oper-alertmanager-0,,,
1609947411.654,container_cpu_usage_seconds_total,total,https-metrics,/kubepods/kubepods/burstable/pod7d04da8a-9ad4-4526-a6a2-0df980430a12,192.168.65.3:10250,kubelet,/metrics/cadvisor,docker-desktop,prometheus-prometheus-oper-kubelet,122.960444051,prometheus,alertmanager-prometheus-prometheus-oper-alertmanager-0,,,
1609947171.649,container_cpu_usage_seconds_total,total,https-metrics,/kubepods/kubepods/burstable/pod7d04da8a-9ad4-4526-a6a2-0df980430a12/31df835c90a798b0389de1f47ad7bc899949db28c60f963d223ea1c45d0cb088,192.168.65.3:10250,kubelet,/metrics/cadvisor,docker-desktop,prometheus-prometheus-oper-kubelet,59.770308961,,,,,
1609947212.842,container_cpu_usage_seconds_total,total,https-metrics,/kubepods/kubepods/burstable/pod7d04da8a-9ad4-4526-a6a2-0df980430a12/31df835c90a798b0389de1f47ad7bc899949db28c60f963d223ea1c45d0cb088,192.168.65.3:10250,kubelet,/metrics/cadvisor,docker-desktop,prometheus-prometheus-oper-kubelet,59.770308961,,,,,
1609947240.657,container_cpu_usage_seconds_total,total,https-metrics,/kubepods/kubepods/burstable/pod7d04da8a-9ad4-4526-a6a2-0df980430a12/31df835c90a798b0389de1f47ad7bc899949db28c60f963d223ea1c45d0cb088,192.168.65.3:10250,kubelet,/metrics/cadvisor,docker-desktop,prometheus-prometheus-oper-kubelet,59.770308961,,,,,
1609947272.278,container_cpu_usage_seconds_total,total,https-metrics,/kubepods/kubepods/burstable/pod7d04da8a-9ad4-4526-a6a2-0df980430a12/31df835c90a798b0389de1f47ad7bc899949db28c60f963d223ea1c45d0cb088,192.168.65.3:10250,kubelet,/metrics/cadvisor,docker-desktop,prometheus-prometheus-oper-kubelet,59.770308961,,,,,
1609947287.804,container_cpu_usage_seconds_total,total,https-metrics,/kubepods/kubepods/burstable/pod7d04da8a-9ad4-4526-a6a2-0df980430a12/31df835c90a798b0389de1f47ad7bc899949db28c60f963d223ea1c45d0cb088,192.168.65.3:10250,kubelet,/metrics/cadvisor,docker-desktop,prometheus-prometheus-oper-kubelet,59.770308961,,,,,
1609947329.801,container_cpu_usage_seconds_total,total,https-metrics,/kubepods/kubepods/burstable/pod7d04da8a-9ad4-4526-a6a2-0df980430a12/31df835c90a798b0389de1f47ad7bc899949db28c60f963d223ea1c45d0cb088,192.168.65.3:10250,kubelet,/metrics/cadvisor,docker-desktop,prometheus-prometheus-oper-kubelet,59.770308961,,,,,
1609947348.33,container_cpu_usage_seconds_total,total,https-metrics,/kubepods/kubepods/burstable/pod7d04da8a-9ad4-4526-a6a2-0df980430a12/31df835c90a798b0389de1f47ad7bc899949db28c60f963d223ea1c45d0cb088,192.168.65.3:10250,kubelet,/metrics/cadvisor,docker-desktop,prometheus-prometheus-oper-kubelet,59.770308961,,,,,
1609947387.715,container_cpu_usage_seconds_total,total,https-metrics,/kubepods/kubepods/burstable/pod7d04da8a-9ad4-4526-a6a2-0df980430a12/31df835c90a798b0389de1f47ad7bc899949db28c60f963d223ea1c45d0cb088,192.168.65.3:10250,kubelet,/metrics/cadvisor,docker-desktop,prometheus-prometheus-oper-kubelet,59.770308961,,,,,
1609947405.468,container_cpu_usage_seconds_total,total,https-metrics,/kubepods/kubepods/burstable/pod7d04da8a-9ad4-4526-a6a2-0df980430a12/31df835c90a798b0389de1f47ad7bc899949db28c60f963d223ea1c45d0cb088,192.168.65.3:10250,kubelet,/metrics/cadvisor,docker-desktop,prometheus-prometheus-oper-kubelet,59.770308961,,,,,
1609947149.635,container_cpu_usage_seconds_total,total,https-metrics,/kubepods/kubepods/burstable/pod7d04da8a-9ad4-4526-a6a2-0df980430a12/4f1276747a19efc5faf75b93b5d76697a9afe94ed5e356c89cfddac6a4c82ec1,192.168.65.3:10250,kubelet,/metrics/cadvisor,docker-desktop,prometheus-prometheus-oper-kubelet,0.074172979,,,,,
1609947174.465,container_cpu_usage_seconds_total,total,https-metrics,/kubepods/kubepods/burstable/pod7d04da8a-9ad4-4526-a6a2-0df980430a12/4f1276747a19efc5faf75b93b5d76697a9afe94ed5e356c89cfddac6a4c82ec1,192.168.65.3:10250,kubelet,/metrics/cadvisor,docker-desktop,prometheus-prometheus-oper-kubelet,0.074172979,,,,,
1609947189.239,container_cpu_usage_seconds_total,total,https-metrics,/kubepods/kubepods/burstable/pod7d04da8a-9ad4-4526-a6a2-0df980430a12/4f1276747a19efc5faf75b93b5d76697a9afe94ed5e356c89cfddac6a4c82ec1,192.168.65.3:10250,kubelet,/metrics/cadvisor,docker-desktop,prometheus-prometheus-oper-kubelet,0.074172979,,,,,
1609947232.621,container_cpu_usage_seconds_total,total,https-metrics,/kubepods/kubepods/burstable/pod7d04da8a-9ad4-4526-a6a2-0df980430a12/4f1276747a19efc5faf75b93b5d76697a9afe94ed5e356c89cfddac6a4c82ec1,192.168.65.3:10250,kubelet,/metrics/cadvisor,docker-desktop,prometheus-prometheus-oper-kubelet,0.074172979,,,,,
1609947274.637,container_cpu_usage_seconds_total,total,https-metrics,/kubepods/kubepods/burstable/pod7d04da8a-9ad4-4526-a6a2-0df980430a12/4f1276747a19efc5faf75b93b5d76697a9afe94ed5e356c89cfddac6a4c82ec1,192.168.65.3:10250,kubelet,/metrics/cadvisor,docker-desktop,prometheus-prometheus-oper-kubelet,0.074172979,,,,,
1609947293.964,container_cpu_usage_seconds_total,total,https-metrics,/kubepods/kubepods/burstable/pod7d04da8a-9ad4-4526-a6a2-0df980430a12/4f1276747a19efc5faf75b93b5d76697a9afe94ed5e356c89cfddac6a4c82ec1,192.168.65.3:10250,kubelet,/metrics/cadvisor,docker-desktop,prometheus-prometheus-oper-kubelet,0.074172979,,,,,
1609947313.277,container_cpu_usage_seconds_total,total,https-metrics,/kubepods/kubepods/burstable/pod7d04da8a-9ad4-4526-a6a2-0df980430a12/4f1276747a19efc5faf75b93b5d76697a9afe94ed5e356c89cfddac6a4c82ec1,192.168.65.3:10250,kubelet,/metrics/cadvisor,docker-desktop,prometheus-prometheus-oper-kubelet,0.074172979,,,,,
1609947358.032,container_cpu_usage_seconds_total,total,https-metrics,/kubepods/kubepods/burstable/pod7d04da8a-9ad4-4526-a6a2-0df980430a12/4f1276747a19efc5faf75b93b5d76697a9afe94ed5e356c89cfddac6a4c82ec1,192.168.65.3:10250,kubelet,/metrics/cadvisor,docker-desktop,prometheus-prometheus-oper-kubelet,0.074172979,,,,,
1609947386.484,container_cpu_usage_seconds_total,total,https-metrics,/kubepods/kubepods/burstable/pod7d04da8a-9ad4-4526-a6a2-0df980430a12/4f1276747a19efc5faf75b93b5d76697a9afe94ed5e356c89cfddac6a4c82ec1,192.168.65.3:10250,kubelet,/metrics/cadvisor,docker-desktop,prometheus-prometheus-oper-kubelet,0.074172979,,,,,
1609947414.6,container_cpu_usage_seconds_total,total,https-metrics,/kubepods/kubepods/burstable/pod7d04da8a-9ad4-4526-a6a2-0df980430a12/4f1276747a19efc5faf75b93b5d76697a9afe94ed5e356c89cfddac6a4c82ec1,192.168.65.3:10250,kubelet,/metrics/cadvisor,docker-desktop,prometheus-prometheus-oper-kubelet,0.074172979,,,,,
1609947152.634,container_cpu_usage_seconds_total,total,https-metrics,/kubepods/kubepods/burstable/pod7d04da8a-9ad4-4526-a6a2-0df980430a12/81ad74c4d631c7d68e887bf79f0efb6d1f2cb0217bde6a6e6b7af53167ae0d22,192.168.65.3:10250,kubelet,/metrics/cadvisor,docker-desktop,prometheus-prometheus-oper-kubelet,0.368391473,,,,,
1609947184.14,container_cpu_usage_seconds_total,total,https-metrics,/kubepods/kubepods/burstable/pod7d04da8a-9ad4-4526-a6a2-0df980430a12/81ad74c4d631c7d68e887bf79f0efb6d1f2cb0217bde6a6e6b7af53167ae0d22,192.168.65.3:10250,kubelet,/metrics/cadvisor,docker-desktop,prometheus-prometheus-oper-kubelet,0.368391473,,,,,
1609947207.385,container_cpu_usage_seconds_total,total,https-metrics,/kubepods/kubepods/burstable/pod7d04da8a-9ad4-4526-a6a2-0df980430a12/81ad74c4d631c7d68e887bf79f0efb6d1f2cb0217bde6a6e6b7af53167ae0d22,192.168.65.3:10250,kubelet,/metrics/cadvisor,docker-desktop,prometheus-prometheus-oper-kubelet,0.368391473,,,,,
1609947244.854,container_cpu_usage_seconds_total,total,https-metrics,/kubepods/kubepods/burstable/pod7d04da8a-9ad4-4526-a6a2-0df980430a12/81ad74c4d631c7d68e887bf79f0efb6d1f2cb0217bde6a6e6b7af53167ae0d22,192.168.65.3:10250,kubelet,/metrics/cadvisor,docker-desktop,prometheus-prometheus-oper-kubelet,0.368391473,,,,,
1609947258.066,container_cpu_usage_seconds_total,total,https-metrics,/kubepods/kubepods/burstable/pod7d04da8a-9ad4-4526-a6a2-0df980430a12/81ad74c4d631c7d68e887bf79f0efb6d1f2cb0217bde6a6e6b7af53167ae0d22,192.168.65.3:10250,kubelet,/metrics/cadvisor,docker-desktop,prometheus-prometheus-oper-kubelet,0.368391473,,,,,
1609947293.04,container_cpu_usage_seconds_total,total,https-metrics,/kubepods/kubepods/burstable/pod7d04da8a-9ad4-4526-a6a2-0df980430a12/81ad74c4d631c7d68e887bf79f0efb6d1f2cb0217bde6a6e6b7af53167ae0d22,192.168.65.3:10250,kubelet,/metrics/cadvisor,docker-desktop,prometheus-prometheus-oper-kubelet,0.368391473,,,,,
1609947325.021,container_cpu_usage_seconds_total,total,https-metrics,/kubepods/kubepods/burstable/pod7d04da8a-9ad4-4526-a6a2-0df980430a12/81ad74c4d631c7d68e887bf79f0efb6d1f2cb0217bde6a6e6b7af53167ae0d22,192.168.65.3:10250,kubelet,/metrics/cadvisor,docker-desktop,prometheus-prometheus-oper-kubelet,0.368391473,,,,,
1609947361.446,container_cpu_usage_seconds_total,total,https-metrics,/kubepods/kubepods/burstable/pod7d04da8a-9ad4-4526-a6a2-0df980430a12/81ad74c4d631c7d68e887bf79f0efb6d1f2cb0217bde6a6e6b7af53167ae0d22,192.168.65.3:10250,kubelet,/metrics/cadvisor,docker-desktop,prometheus-prometheus-oper-kubelet,0.368391473,,,,,
1609947392.123,container_cpu_usage_seconds_total,total,https-metrics,/kubepods/kubepods/burstable/pod7d04da8a-9ad4-4526-a6a2-0df980430a12/81ad74c4d631c7d68e887bf79f0efb6d1f2cb0217bde6a6e6b7af53167ae0d22,192.168.65.3:10250,kubelet,/metrics/cadvisor,docker-desktop,prometheus-prometheus-oper-kubelet,0.368391473,,,,,
1609947414.267,container_cpu_usage_seconds_total,total,https-metrics,/kubepods/kubepods/burstable/pod7d04da8a-9ad4-4526-a6a2-0df980430a12/81ad74c4d631c7d68e887bf79f0efb6d1f2cb0217bde6a6e6b7af53167ae0d22,192.168.65.3:10250,kubelet,/metrics/cadvisor,docker-desktop,prometheus-prometheus-oper-kubelet,0.368391473,,,,,
1609947146.683,container_cpu_usage_seconds_total,total,https-metrics,/kubepods/kubepods/burstable/podb9ab7123-ac4e-463f-853a-c59a8a906994,192.168.65.3:10250,kubelet,/metrics/cadvisor,docker-desktop,prometheus-prometheus-oper-kubelet,229.695076123,kube-system,coredns-f9fd979d6-jn9tl,,,
1609947184.621,container_cpu_usage_seconds_total,total,https-metrics,/kubepods/kubepods/burstable/podb9ab7123-ac4e-463f-853a-c59a8a906994,192.168.65.3:10250,kubelet,/metrics/cadvisor,docker-desktop,prometheus-prometheus-oper-kubelet,229.852590703,kube-system,coredns-f9fd979d6-jn9tl,,,
1609947200.313,container_cpu_usage_seconds_total,total,https-metrics,/kubepods/kubepods/burstable/podb9ab7123-ac4e-463f-853a-c59a8a906994,192.168.65.3:10250,kubelet,/metrics/cadvisor,docker-desktop,prometheus-prometheus-oper-kubelet,229.917203119,kube-system,coredns-f9fd979d6-jn9tl,,,
1609947236.017,container_cpu_usage_seconds_total,total,https-metrics,/kubepods/kubepods/burstable/podb9ab7123-ac4e-463f-853a-c59a8a906994,192.168.65.3:10250,kubelet,/metrics/cadvisor,docker-desktop,prometheus-prometheus-oper-kubelet,230.056690076,kube-system,coredns-f9fd979d6-jn9tl,,,
1609947274.926,container_cpu_usage_seconds_total,total,https-metrics,/kubepods/kubepods/burstable/podb9ab7123-ac4e-463f-853a-c59a8a906994,192.168.65.3:10250,kubelet,/metrics/cadvisor,docker-desktop,prometheus-prometheus-oper-kubelet,230.306088576,kube-system,coredns-f9fd979d6-jn9tl,,,
1609947302.18,container_cpu_usage_seconds_total,total,https-metrics,/kubepods/kubepods/burstable/podb9ab7123-ac4e-463f-853a-c59a8a906994,192.168.65.3:10250,kubelet,/metrics/cadvisor,docker-desktop,prometheus-prometheus-oper-kubelet,230.414500991,kube-system,coredns-f9fd979d6-jn9tl,,,
1609947333.482,container_cpu_usage_seconds_total,total,https-metrics,/kubepods/kubepods/burstable/podb9ab7123-ac4e-463f-853a-c59a8a906994,192.168.65.3:10250,kubelet,/metrics/cadvisor,docker-desktop,prometheus-prometheus-oper-kubelet,230.598143179,kube-system,coredns-f9fd979d6-jn9tl,,,
1609947363.016,container_cpu_usage_seconds_total,total,https-metrics,/kubepods/kubepods/burstable/podb9ab7123-ac4e-463f-853a-c59a8a906994,192.168.65.3:10250,kubelet,/metrics/cadvisor,docker-desktop,prometheus-prometheus-oper-kubelet,230.795902874,kube-system,coredns-f9fd979d6-jn9tl,,,
1609947378.863,container_cpu_usage_seconds_total,total,https-metrics,/kubepods/kubepods/burstable/podb9ab7123-ac4e-463f-853a-c59a8a906994,192.168.65.3:10250,kubelet,/metrics/cadvisor,docker-desktop,prometheus-prometheus-oper-kubelet,230.88258004,kube-system,coredns-f9fd979d6-jn9tl,,,
1609947416.342,container_cpu_usage_seconds_total,total,https-metrics,/kubepods/kubepods/burstable/podb9ab7123-ac4e-463f-853a-c59a8a906994,192.168.65.3:10250,kubelet,/metrics/cadvisor,docker-desktop,prometheus-prometheus-oper-kubelet,231.030922814,kube-system,coredns-f9fd979d6-jn9tl,,,
1609947162.981,container_cpu_usage_seconds_total,total,https-metrics,/kubepods/kubepods/burstable/podb9ab7123-ac4e-463f-853a-c59a8a906994/cf7ee61f6bb3c9da02d5f15807cee3020728e03c478cdef43fce8345bba94fd9,192.168.65.3:10250,kubelet,/metrics/cadvisor,docker-desktop,prometheus-prometheus-oper-kubelet,0.055798038,,,,,
1609947203.375,container_cpu_usage_seconds_total,total,https-metrics,/kubepods/kubepods/burstable/podb9ab7123-ac4e-463f-853a-c59a8a906994/cf7ee61f6bb3c9da02d5f15807cee3020728e03c478cdef43fce8345bba94fd9,192.168.65.3:10250,kubelet,/metrics/cadvisor,docker-desktop,prometheus-prometheus-oper-kubelet,0.055798038,,,,,
1609947242.429,container_cpu_usage_seconds_total,total,https-metrics,/kubepods/kubepods/burstable/podb9ab7123-ac4e-463f-853a-c59a8a906994/cf7ee61f6bb3c9da02d5f15807cee3020728e03c478cdef43fce8345bba94fd9,192.168.65.3:10250,kubelet,/metrics/cadvisor,docker-desktop,prometheus-prometheus-oper-kubelet,0.055798038,,,,,
1609947264.603,container_cpu_usage_seconds_total,total,https-metrics,/kubepods/kubepods/burstable/podb9ab7123-ac4e-463f-853a-c59a8a906994/cf7ee61f6bb3c9da02d5f15807cee3020728e03c478cdef43fce8345bba94fd9,192.168.65.3:10250,kubelet,/metrics/cadvisor,docker-desktop,prometheus-prometheus-oper-kubelet,0.055798038,,,,,
1609947281.185,container_cpu_usage_seconds_total,total,https-metrics,/kubepods/kubepods/burstable/podb9ab7123-ac4e-463f-853a-c59a8a906994/cf7ee61f6bb3c9da02d5f15807cee3020728e03c478cdef43fce8345bba94fd9,192.168.65.3:10250,kubelet,/metrics/cadvisor,docker-desktop,prometheus-prometheus-oper-kubelet,0.055798038,,,,,
1609947325.808,container_cpu_usage_seconds_total,total,https-metrics,/kubepods/kubepods/burstable/podb9ab7123-ac4e-463f-853a-c59a8a906994/cf7ee61f6bb3c9da02d5f15807cee3020728e03c478cdef43fce8345bba94fd9,192.168.65.3:10250,kubelet,/metrics/cadvisor,docker-desktop,prometheus-prometheus-oper-kubelet,0.055798038,,,,,
1609947355.201,container_cpu_usage_seconds_total,total,https-metrics,/kubepods/kubepods/burstable/podb9ab7123-ac4e-463f-853a-c59a8a906994/cf7ee61f6bb3c9da02d5f15807cee3020728e03c478cdef43fce8345bba94fd9,192.168.65.3:10250,kubelet,/metrics/cadvisor,docker-desktop,prometheus-prometheus-oper-kubelet,0.055798038,,,,,
1609947388.421,container_cpu_usage_seconds_total,total,https-metrics,/kubepods/kubepods/burstable/podb9ab7123-ac4e-463f-853a-c59a8a906994/cf7ee61f6bb3c9da02d5f15807cee3020728e03c478cdef43fce8345bba94fd9,192.168.65.3:10250,kubelet,/metrics/cadvisor,docker-desktop,prometheus-prometheus-oper-kubelet,0.055798038,,,,,
1609947417.806,container_cpu_usage_seconds_total,total,https-metrics,/kubepods/kubepods/burstable/podb9ab7123-ac4e-463f-853a-c59a8a906994/cf7ee61f6bb3c9da02d5f15807cee3020728e03c478cdef43fce8345bba94fd9,192.168.65.3:10250,kubelet,/metrics/cadvisor,docker-desktop,prometheus-prometheus-oper-kubelet,0.055798038,,,,,
1609947145.91,container_cpu_usage_seconds_total,total,https-metrics,/kubepods/kubepods/burstable/podb9ab7123-ac4e-463f-853a-c59a8a906994/f41f870ee16b6d4c4c789baa476d5b9eba505fba5b8580aac72be3c40e9e16d2,192.168.65.3:10250,kubelet,/metrics/cadvisor,docker-desktop,prometheus-prometheus-oper-kubelet,107.634383114,,,,,
1609947177.909,container_cpu_usage_seconds_total,total,https-metrics,/kubepods/kubepods/burstable/podb9ab7123-ac4e-463f-853a-c59a8a906994/f41f870ee16b6d4c4c789baa476d5b9eba505fba5b8580aac72be3c40e9e16d2,192.168.65.3:10250,kubelet,/metrics/cadvisor,docker-desktop,prometheus-prometheus-oper-kubelet,107.634383114,,,,,
1609947196.206,container_cpu_usage_seconds_total,total,https-metrics,/kubepods/kubepods/burstable/podb9ab7123-ac4e-463f-853a-c59a8a906994/f41f870ee16b6d4c4c789baa476d5b9eba505fba5b8580aac72be3c40e9e16d2,192.168.65.3:10250,kubelet,/metrics/cadvisor,docker-desktop,prometheus-prometheus-oper-kubelet,107.634383114,,,,,
1609947235.029,container_cpu_usage_seconds_total,total,https-metrics,/kubepods/kubepods/burstable/podb9ab7123-ac4e-463f-853a-c59a8a906994/f41f870ee16b6d4c4c789baa476d5b9eba505fba5b8580aac72be3c40e9e16d2,192.168.65.3:10250,kubelet,/metrics/cadvisor,docker-desktop,prometheus-prometheus-oper-kubelet,107.634383114,,,,,
1609947273.489,container_cpu_usage_seconds_total,total,https-metrics,/kubepods/kubepods/burstable/podb9ab7123-ac4e-463f-853a-c59a8a906994/f41f870ee16b6d4c4c789baa476d5b9eba505fba5b8580aac72be3c40e9e16d2,192.168.65.3:10250,kubelet,/metrics/cadvisor,docker-desktop,prometheus-prometheus-oper-kubelet,107.634383114,,,,,
1609947298.186,container_cpu_usage_seconds_total,total,https-metrics,/kubepods/kubepods/burstable/podb9ab7123-ac4e-463f-853a-c59a8a906994/f41f870ee16b6d4c4c789baa476d5b9eba505fba5b8580aac72be3c40e9e16d2,192.168.65.3:10250,kubelet,/metrics/cadvisor,docker-desktop,prometheus-prometheus-oper-kubelet,107.634383114,,,,,
1609947312.78,container_cpu_usage_seconds_total,total,https-metrics,/kubepods/kubepods/burstable/podb9ab7123-ac4e-463f-853a-c59a8a906994/f41f870ee16b6d4c4c789baa476d5b9eba505fba5b8580aac72be3c40e9e16d2,192.168.65.3:10250,kubelet,/metrics/cadvisor,docker-desktop,prometheus-prometheus-oper-kubelet,107.634383114,,,,,
1609947355.076,container_cpu_usage_seconds_total,total,https-metrics,/kubepods/kubepods/burstable/podb9ab7123-ac4e-463f-853a-c59a8a906994/f41f870ee16b6d4c4c789baa476d5b9eba505fba5b8580aac72be3c40e9e16d2,192.168.65.3:10250,kubelet,/metrics/cadvisor,docker-desktop,prometheus-prometheus-oper-kubelet,107.634383114,,,,,
1609947386.482,container_cpu_usage_seconds_total,total,https-metrics,/kubepods/kubepods/burstable/podb9ab7123-ac4e-463f-853a-c59a8a906994/f41f870ee16b6d4c4c789baa476d5b9eba505fba5b8580aac72be3c40e9e16d2,192.168.65.3:10250,kubelet,/metrics/cadvisor,docker-desktop,prometheus-prometheus-oper-kubelet,107.634383114,,,,,
1609947417.603,container_cpu_usage_seconds_total,total,https-metrics,/kubepods/kubepods/burstable/podb9ab7123-ac4e-463f-853a-c59a8a906994/f41f870ee16b6d4c4c789baa476d5b9eba505fba5b8580aac72be3c40e9e16d2,192.168.65.3:10250,kubelet,/metrics/cadvisor,docker-desktop,prometheus-prometheus-oper-kubelet,107.634383114,,,,,
1609947154.142,container_cpu_usage_seconds_total,total,https-metrics,/kubepods/kubepods/burstable/podee4c94eb845abf1878fb3c4c489b1365,192.168.65.3:10250,kubelet,/metrics/cadvisor,docker-desktop,prometheus-prometheus-oper-kubelet,450.185370053,kube-system,kube-scheduler-docker-desktop,,,
1609947173.354,container_cpu_usage_seconds_total,total,https-metrics,/kubepods/kubepods/burstable/podee4c94eb845abf1878fb3c4c489b1365,192.168.65.3:10250,kubelet,/metrics/cadvisor,docker-desktop,prometheus-prometheus-oper-kubelet,450.31101102,kube-system,kube-scheduler-docker-desktop,,,
1609947214.371,container_cpu_usage_seconds_total,total,https-metrics,/kubepods/kubepods/burstable/podee4c94eb845abf1878fb3c4c489b1365,192.168.65.3:10250,kubelet,/metrics/cadvisor,docker-desktop,prometheus-prometheus-oper-kubelet,450.536560456,kube-system,kube-scheduler-docker-desktop,,,
1609947232.511,container_cpu_usage_seconds_total,total,https-metrics,/kubepods/kubepods/burstable/podee4c94eb845abf1878fb3c4c489b1365,192.168.65.3:10250,kubelet,/metrics/cadvisor,docker-desktop,prometheus-prometheus-oper-kubelet,450.673446874,kube-system,kube-scheduler-docker-desktop,,,
1609947265.966,container_cpu_usage_seconds_total,total,https-metrics,/kubepods/kubepods/burstable/podee4c94eb845abf1878fb3c4c489b1365,192.168.65.3:10250,kubelet,/metrics/cadvisor,docker-desktop,prometheus-prometheus-oper-kubelet,450.867580114,kube-system,kube-scheduler-docker-desktop,,,
1609947296.136,container_cpu_usage_seconds_total,total,https-metrics,/kubepods/kubepods/burstable/podee4c94eb845abf1878fb3c4c489b1365,192.168.65.3:10250,kubelet,/metrics/cadvisor,docker-desktop,prometheus-prometheus-oper-kubelet,451.030938063,kube-system,kube-scheduler-docker-desktop,,,
1609947320.927,container_cpu_usage_seconds_total,total,https-metrics,/kubepods/kubepods/burstable/podee4c94eb845abf1878fb3c4c489b1365,192.168.65.3:10250,kubelet,/metrics/cadvisor,docker-desktop,prometheus-prometheus-oper-kubelet,451.183694491,kube-system,kube-scheduler-docker-desktop,,,
1609947356.985,container_cpu_usage_seconds_total,total,https-metrics,/kubepods/kubepods/burstable/podee4c94eb845abf1878fb3c4c489b1365,192.168.65.3:10250,kubelet,/metrics/cadvisor,docker-desktop,prometheus-prometheus-oper-kubelet,451.675560638,kube-system,kube-scheduler-docker-desktop,,,
1609947381.285,container_cpu_usage_seconds_total,total,https-metrics,/kubepods/kubepods/burstable/podee4c94eb845abf1878fb3c4c489b1365,192.168.65.3:10250,kubelet,/metrics/cadvisor,docker-desktop,prometheus-prometheus-oper-kubelet,451.844215727,kube-system,kube-scheduler-docker-desktop,,,
1609947414.386,container_cpu_usage_seconds_total,total,https-metrics,/kubepods/kubepods/burstable/podee4c94eb845abf1878fb3c4c489b1365,192.168.65.3:10250,kubelet,/metrics/cadvisor,docker-desktop,prometheus-prometheus-oper-kubelet,452.037334804,kube-system,kube-scheduler-docker-desktop,,,
1609947147.469,container_cpu_usage_seconds_total,total,https-metrics,/kubepods/kubepods/burstable/podee4c94eb845abf1878fb3c4c489b1365/082c94f6ed08b15357f273338e8401bb8aa523157adfe4a2e757bf04008a1dde,192.168.65.3:10250,kubelet,/metrics/cadvisor,docker-desktop,prometheus-prometheus-oper-kubelet,0.060746237,,,,,
1609947164.663,container_cpu_usage_seconds_total,total,https-metrics,/kubepods/kubepods/burstable/podee4c94eb845abf1878fb3c4c489b1365/082c94f6ed08b15357f273338e8401bb8aa523157adfe4a2e757bf04008a1dde,192.168.65.3:10250,kubelet,/metrics/cadvisor,docker-desktop,prometheus-prometheus-oper-kubelet,0.060746237,,,,,
1609947204.315,container_cpu_usage_seconds_total,total,https-metrics,/kubepods/kubepods/burstable/podee4c94eb845abf1878fb3c4c489b1365/082c94f6ed08b15357f273338e8401bb8aa523157adfe4a2e757bf04008a1dde,192.168.65.3:10250,kubelet,/metrics/cadvisor,docker-desktop,prometheus-prometheus-oper-kubelet,0.060746237,,,,,
1609947231.953,container_cpu_usage_seconds_total,total,https-metrics,/kubepods/kubepods/burstable/podee4c94eb845abf1878fb3c4c489b1365/082c94f6ed08b15357f273338e8401bb8aa523157adfe4a2e757bf04008a1dde,192.168.65.3:10250,kubelet,/metrics/cadvisor,docker-desktop,prometheus-prometheus-oper-kubelet,0.060746237,,,,,
1609947274.144,container_cpu_usage_seconds_total,total,https-metrics,/kubepods/kubepods/burstable/podee4c94eb845abf1878fb3c4c489b1365/082c94f6ed08b15357f273338e8401bb8aa523157adfe4a2e757bf04008a1dde,192.168.65.3:10250,kubelet,/metrics/cadvisor,docker-desktop,prometheus-prometheus-oper-kubelet,0.060746237,,,,,
1609947292.402,container_cpu_usage_seconds_total,total,https-metrics,/kubepods/kubepods/burstable/podee4c94eb845abf1878fb3c4c489b1365/082c94f6ed08b15357f273338e8401bb8aa523157adfe4a2e757bf04008a1dde,192.168.65.3:10250,kubelet,/metrics/cadvisor,docker-desktop,prometheus-prometheus-oper-kubelet,0.060746237,,,,,
1609947331.33,container_cpu_usage_seconds_total,total,https-metrics,/kubepods/kubepods/burstable/podee4c94eb845abf1878fb3c4c489b1365/082c94f6ed08b15357f273338e8401bb8aa523157adfe4a2e757bf04008a1dde,192.168.65.3:10250,kubelet,/metrics/cadvisor,docker-desktop,prometheus-prometheus-oper-kubelet,0.060746237,,,,,
1609947363.851,container_cpu_usage_seconds_total,total,https-metrics,/kubepods/kubepods/burstable/podee4c94eb845abf1878fb3c4c489b1365/082c94f6ed08b15357f273338e8401bb8aa523157adfe4a2e757bf04008a1dde,192.168.65.3:10250,kubelet,/metrics/cadvisor,docker-desktop,prometheus-prometheus-oper-kubelet,0.060746237,,,,,
1609947387.437,container_cpu_usage_seconds_total,total,https-metrics,/kubepods/kubepods/burstable/podee4c94eb845abf1878fb3c4c489b1365/082c94f6ed08b15357f273338e8401bb8aa523157adfe4a2e757bf04008a1dde,192.168.65.3:10250,kubelet,/metrics/cadvisor,docker-desktop,prometheus-prometheus-oper-kubelet,0.060746237,,,,,
1609947418.337,container_cpu_usage_seconds_total,total,https-metrics,/kubepods/kubepods/burstable/podee4c94eb845abf1878fb3c4c489b1365/082c94f6ed08b15357f273338e8401bb8aa523157adfe4a2e757bf04008a1dde,192.168.65.3:10250,kubelet,/metrics/cadvisor,docker-desktop,prometheus-prometheus-oper-kubelet,0.060746237,,,,,
1609947149.845,container_cpu_usage_seconds_total,total,https-metrics,/kubepods/kubepods/burstable/podee4c94eb845abf1878fb3c4c489b1365/418925c58a163bef89b49ac14d360c3e3a17f8b84d9c8b005c4bf03196f0144c,192.168.65.3:10250,kubelet,/metrics/cadvisor,docker-desktop,prometheus-prometheus-oper-kubelet,0.058486487,,,,,
1609947184.844,container_cpu_usage_seconds_total,total,https-metrics,/kubepods/kubepods/burstable/podee4c94eb845abf1878fb3c4c489b1365/418925c58a163bef89b49ac14d360c3e3a17f8b84d9c8b005c4bf03196f0144c,192.168.65.3:10250,kubelet,/metrics/cadvisor,docker-desktop,prometheus-prometheus-oper-kubelet,0.058486487,,,,,
1609947214.721,container_cpu_usage_seconds_total,total,https-metrics,/kubepods/kubepods/burstable/podee4c94eb845abf1878fb3c4c489b1365/418925c58a163bef89b49ac14d360c3e3a17f8b84d9c8b005c4bf03196f0144c,192.168.65.3:10250,kubelet,/metrics/cadvisor,docker-desktop,prometheus-prometheus-oper-kubelet,0.058486487,,,,,
1609947230.025,container_cpu_usage_seconds_total,total,https-metrics,/kubepods/kubepods/burstable/podee4c94eb845abf1878fb3c4c489b1365/418925c58a163bef89b49ac14d360c3e3a17f8b84d9c8b005c4bf03196f0144c,192.168.65.3:10250,kubelet,/metrics/cadvisor,docker-desktop,prometheus-prometheus-oper-kubelet,0.058486487,,,,,
1609947272.366,container_cpu_usage_seconds_total,total,https-metrics,/kubepods/kubepods/burstable/podee4c94eb845abf1878fb3c4c489b1365/418925c58a163bef89b49ac14d360c3e3a17f8b84d9c8b005c4bf03196f0144c,192.168.65.3:10250,kubelet,/metrics/cadvisor,docker-desktop,prometheus-prometheus-oper-kubelet,0.058486487,,,,,
1609947303.437,container_cpu_usage_seconds_total,total,https-metrics,/kubepods/kubepods/burstable/podee4c94eb845abf1878fb3c4c489b1365/418925c58a163bef89b49ac14d360c3e3a17f8b84d9c8b005c4bf03196f0144c,192.168.65.3:10250,kubelet,/metrics/cadvisor,docker-desktop,prometheus-prometheus-oper-kubelet,0.058486487,,,,,
1609947319.594,container_cpu_usage_seconds_total,total,https-metrics,/kubepods/kubepods/burstable/podee4c94eb845abf1878fb3c4c489b1365/418925c58a163bef89b49ac14d360c3e3a17f8b84d9c8b005c4bf03196f0144c,192.168.65.3:10250,kubelet,/metrics/cadvisor,docker-desktop,prometheus-prometheus-oper-kubelet,0.058486487,,,,,
1609947354.059,container_cpu_usage_seconds_total,total,https-metrics,/kubepods/kubepods/burstable/podee4c94eb845abf1878fb3c4c489b1365/418925c58a163bef89b49ac14d360c3e3a17f8b84d9c8b005c4bf03196f0144c,192.168.65.3:10250,kubelet,/metrics/cadvisor,docker-desktop,prometheus-prometheus-oper-kubelet,0.058486487,,,,,
1609947389.359,container_cpu_usage_seconds_total,total,https-metrics,/kubepods/kubepods/burstable/podee4c94eb845abf1878fb3c4c489b1365/418925c58a163bef89b49ac14d360c3e3a17f8b84d9c8b005c4bf03196f0144c,192.168.65.3:10250,kubelet,/metrics/cadvisor,docker-desktop,prometheus-prometheus-oper-kubelet,0.058486487,,,,,
1609947419.931,container_cpu_usage_seconds_total,total,https-metrics,/kubepods/kubepods/burstable/podee4c94eb845abf1878fb3c4c489b1365/418925c58a163bef89b49ac14d360c3e3a17f8b84d9c8b005c4bf03196f0144c,192.168.65.3:10250,kubelet,/metrics/cadvisor,docker-desktop,prometheus-prometheus-oper-kubelet,0.058486487,,,,,
1609947157.213,container_cpu_usage_seconds_total,total,https-metrics,/kubepods/kubepods/burstable/podee4c94eb845abf1878fb3c4c489b1365/940864c1a0b881d2566000ec9c7d3e3c548309b82e55fc9c722218222ba401e2,192.168.65.3:10250,kubelet,/metrics/cadvisor,docker-desktop,prometheus-prometheus-oper-kubelet,133.045004407,,,,,
1609947204.66,container_cpu_usage_seconds_total,total,https-metrics,/kubepods/kubepods/burstable/podee4c94eb845abf1878fb3c4c489b1365/940864c1a0b881d2566000ec9c7d3e3c548309b82e55fc9c722218222ba401e2,192.168.65.3:10250,kubelet,/metrics/cadvisor,docker-desktop,prometheus-prometheus-oper-kubelet,133.045004407,,,,,
1609947243.465,container_cpu_usage_seconds_total,total,https-metrics,/kubepods/kubepods/burstable/podee4c94eb845abf1878fb3c4c489b1365/940864c1a0b881d2566000ec9c7d3e3c548309b82e55fc9c722218222ba401e2,192.168.65.3:10250,kubelet,/metrics/cadvisor,docker-desktop,prometheus-prometheus-oper-kubelet,133.045004407,,,,,
1609947261.812,container_cpu_usage_seconds_total,total,https-metrics,/kubepods/kubepods/burstable/podee4c94eb845abf1878fb3c4c489b1365/940864c1a0b881d2566000ec9c7d3e3c548309b82e55fc9c722218222ba401e2,192.168.65.3:10250,kubelet,/metrics/cadvisor,docker-desktop,prometheus-prometheus-oper-kubelet,133.045004407,,,,,
1609947299.388,container_cpu_usage_seconds_total,total,https-metrics,/kubepods/kubepods/burstable/podee4c94eb845abf1878fb3c4c489b1365/940864c1a0b881d2566000ec9c7d3e3c548309b82e55fc9c722218222ba401e2,192.168.65.3:10250,kubelet,/metrics/cadvisor,docker-desktop,prometheus-prometheus-oper-kubelet,133.045004407,,,,,
1609947332.515,container_cpu_usage_seconds_total,total,https-metrics,/kubepods/kubepods/burstable/podee4c94eb845abf1878fb3c4c489b1365/940864c1a0b881d2566000ec9c7d3e3c548309b82e55fc9c722218222ba401e2,192.168.65.3:10250,kubelet,/metrics/cadvisor,docker-desktop,prometheus-prometheus-oper-kubelet,133.045004407,,,,,
1609947342.66,container_cpu_usage_seconds_total,total,https-metrics,/kubepods/kubepods/burstable/podee4c94eb845abf1878fb3c4c489b1365/940864c1a0b881d2566000ec9c7d3e3c548309b82e55fc9c722218222ba401e2,192.168.65.3:10250,kubelet,/metrics/cadvisor,docker-desktop,prometheus-prometheus-oper-kubelet,133.045004407,,,,,
1609947382.322,container_cpu_usage_seconds_total,total,https-metrics,/kubepods/kubepods/burstable/podee4c94eb845abf1878fb3c4c489b1365/940864c1a0b881d2566000ec9c7d3e3c548309b82e55fc9c722218222ba401e2,192.168.65.3:10250,kubelet,/metrics/cadvisor,docker-desktop,prometheus-prometheus-oper-kubelet,133.045004407,,,,,
1609947412.239,container_cpu_usage_seconds_total,total,https-metrics,/kubepods/kubepods/burstable/podee4c94eb845abf1878fb3c4c489b1365/940864c1a0b881d2566000ec9c7d3e3c548309b82e55fc9c722218222ba401e2,192.168.65.3:10250,kubelet,/metrics/cadvisor,docker-desktop,prometheus-prometheus-oper-kubelet,133.045004407,,,,,
1609947150.829,container_cpu_usage_seconds_total,total,https-metrics,/kubepods/kubepods/burstable/podee4c94eb845abf1878fb3c4c489b1365/9fd872cd804f4bd6e5f006159fd1f0d0b70e1779b743971179240f904c20fb80,192.168.65.3:10250,kubelet,/metrics/cadvisor,docker-desktop,prometheus-prometheus-oper-kubelet,142.796782331,,,,,
1609947163.267,container_cpu_usage_seconds_total,total,https-metrics,/kubepods/kubepods/burstable/podee4c94eb845abf1878fb3c4c489b1365/9fd872cd804f4bd6e5f006159fd1f0d0b70e1779b743971179240f904c20fb80,192.168.65.3:10250,kubelet,/metrics/cadvisor,docker-desktop,prometheus-prometheus-oper-kubelet,142.796782331,,,,,
1609947206.256,container_cpu_usage_seconds_total,total,https-metrics,/kubepods/kubepods/burstable/podee4c94eb845abf1878fb3c4c489b1365/9fd872cd804f4bd6e5f006159fd1f0d0b70e1779b743971179240f904c20fb80,192.168.65.3:10250,kubelet,/metrics/cadvisor,docker-desktop,prometheus-prometheus-oper-kubelet,142.796782331,,,,,
1609947240.709,container_cpu_usage_seconds_total,total,https-metrics,/kubepods/kubepods/burstable/podee4c94eb845abf1878fb3c4c489b1365/9fd872cd804f4bd6e5f006159fd1f0d0b70e1779b743971179240f904c20fb80,192.168.65.3:10250,kubelet,/metrics/cadvisor,docker-desktop,prometheus-prometheus-oper-kubelet,142.796782331,,,,,
1609947269.255,container_cpu_usage_seconds_total,total,https-metrics,/kubepods/kubepods/burstable/podee4c94eb845abf1878fb3c4c489b1365/9fd872cd804f4bd6e5f006159fd1f0d0b70e1779b743971179240f904c20fb80,192.168.65.3:10250,kubelet,/metrics/cadvisor,docker-desktop,prometheus-prometheus-oper-kubelet,142.796782331,,,,,
1609947302.529,container_cpu_usage_seconds_total,total,https-metrics,/kubepods/kubepods/burstable/podee4c94eb845abf1878fb3c4c489b1365/9fd872cd804f4bd6e5f006159fd1f0d0b70e1779b743971179240f904c20fb80,192.168.65.3:10250,kubelet,/metrics/cadvisor,docker-desktop,prometheus-prometheus-oper-kubelet,142.796782331,,,,,
1609947319.241,container_cpu_usage_seconds_total,total,https-metrics,/kubepods/kubepods/burstable/podee4c94eb845abf1878fb3c4c489b1365/9fd872cd804f4bd6e5f006159fd1f0d0b70e1779b743971179240f904c20fb80,192.168.65.3:10250,kubelet,/metrics/cadvisor,docker-desktop,prometheus-prometheus-oper-kubelet,142.796782331,,,,,
1609947359.463,container_cpu_usage_seconds_total,total,https-metrics,/kubepods/kubepods/burstable/podee4c94eb845abf1878fb3c4c489b1365/9fd872cd804f4bd6e5f006159fd1f0d0b70e1779b743971179240f904c20fb80,192.168.65.3:10250,kubelet,/metrics/cadvisor,docker-desktop,prometheus-prometheus-oper-kubelet,142.796782331,,,,,
1609947394.04,container_cpu_usage_seconds_total,total,https-metrics,/kubepods/kubepods/burstable/podee4c94eb845abf1878fb3c4c489b1365/9fd872cd804f4bd6e5f006159fd1f0d0b70e1779b743971179240f904c20fb80,192.168.65.3:10250,kubelet,/metrics/cadvisor,docker-desktop,prometheus-prometheus-oper-kubelet,142.796782331,,,,,
1609947415.038,container_cpu_usage_seconds_total,total,https-metrics,/kubepods/kubepods/burstable/podee4c94eb845abf1878fb3c4c489b1365/9fd872cd804f4bd6e5f006159fd1f0d0b70e1779b743971179240f904c20fb80,192.168.65.3:10250,kubelet,/metrics/cadvisor,docker-desktop,prometheus-prometheus-oper-kubelet,142.796782331,,,,,
1609947153.584,container_cpu_usage_seconds_total,total,https-metrics,/podruntime,192.168.65.3:10250,kubelet,/metrics/cadvisor,docker-desktop,prometheus-prometheus-oper-kubelet,18439.965089464,,,,,
1609947179.53,container_cpu_usage_seconds_total,total,https-metrics,/podruntime,192.168.65.3:10250,kubelet,/metrics/cadvisor,docker-desktop,prometheus-prometheus-oper-kubelet,18443.551880182,,,,,
1609947212.653,container_cpu_usage_seconds_total,total,https-metrics,/podruntime,192.168.65.3:10250,kubelet,/metrics/cadvisor,docker-desktop,prometheus-prometheus-oper-kubelet,18447.603959497,,,,,
1609947240.6,container_cpu_usage_seconds_total,total,https-metrics,/podruntime,192.168.65.3:10250,kubelet,/metrics/cadvisor,docker-desktop,prometheus-prometheus-oper-kubelet,18451.480134886,,,,,
1609947269.629,container_cpu_usage_seconds_total,total,https-metrics,/podruntime,192.168.65.3:10250,kubelet,/metrics/cadvisor,docker-desktop,prometheus-prometheus-oper-kubelet,18455.365966179,,,,,
1609947295.724,container_cpu_usage_seconds_total,total,https-metrics,/podruntime,192.168.65.3:10250,kubelet,/metrics/cadvisor,docker-desktop,prometheus-prometheus-oper-kubelet,18458.976746493,,,,,
1609947321.251,container_cpu_usage_seconds_total,total,https-metrics,/podruntime,192.168.65.3:10250,kubelet,/metrics/cadvisor,docker-desktop,prometheus-prometheus-oper-kubelet,18466.614491206,,,,,
1609947358.355,container_cpu_usage_seconds_total,total,https-metrics,/podruntime,192.168.65.3:10250,kubelet,/metrics/cadvisor,docker-desktop,prometheus-prometheus-oper-kubelet,18546.967956102,,,,,
1609947386.139,container_cpu_usage_seconds_total,total,https-metrics,/podruntime,192.168.65.3:10250,kubelet,/metrics/cadvisor,docker-desktop,prometheus-prometheus-oper-kubelet,18564.716428031,,,,,
1609947412.534,container_cpu_usage_seconds_total,total,https-metrics,/podruntime,192.168.65.3:10250,kubelet,/metrics/cadvisor,docker-desktop,prometheus-prometheus-oper-kubelet,18567.486987224,,,,,
1609947144.359,container_cpu_usage_seconds_total,total,https-metrics,/podruntime/docker,192.168.65.3:10250,kubelet,/metrics/cadvisor,docker-desktop,prometheus-prometheus-oper-kubelet,18439.021262593,,,,,
1609947174.491,container_cpu_usage_seconds_total,total,https-metrics,/podruntime/docker,192.168.65.3:10250,kubelet,/metrics/cadvisor,docker-desktop,prometheus-prometheus-oper-kubelet,18442.977434064,,,,,
1609947212.09,container_cpu_usage_seconds_total,total,https-metrics,/podruntime/docker,192.168.65.3:10250,kubelet,/metrics/cadvisor,docker-desktop,prometheus-prometheus-oper-kubelet,18447.522217913,,,,,
1609947239.445,container_cpu_usage_seconds_total,total,https-metrics,/podruntime/docker,192.168.65.3:10250,kubelet,/metrics/cadvisor,docker-desktop,prometheus-prometheus-oper-kubelet,18451.278508488,,,,,
1609947268.4,container_cpu_usage_seconds_total,total,https-metrics,/podruntime/docker,192.168.65.3:10250,kubelet,/metrics/cadvisor,docker-desktop,prometheus-prometheus-oper-kubelet,18455.224974639,,,,,
1609947300.398,container_cpu_usage_seconds_total,total,https-metrics,/podruntime/docker,192.168.65.3:10250,kubelet,/metrics/cadvisor,docker-desktop,prometheus-prometheus-oper-kubelet,18459.495614175,,,,,
1609947335.153,container_cpu_usage_seconds_total,total,https-metrics,/podruntime/docker,192.168.65.3:10250,kubelet,/metrics/cadvisor,docker-desktop,prometheus-prometheus-oper-kubelet,18496.70729584,,,,,
1609947364.568,container_cpu_usage_seconds_total,total,https-metrics,/podruntime/docker,192.168.65.3:10250,kubelet,/metrics/cadvisor,docker-desktop,prometheus-prometheus-oper-kubelet,18560.144547423,,,,,
1609947394.327,container_cpu_usage_seconds_total,total,https-metrics,/podruntime/docker,192.168.65.3:10250,kubelet,/metrics/cadvisor,docker-desktop,prometheus-prometheus-oper-kubelet,18565.650928789,,,,,
1609947413.756,container_cpu_usage_seconds_total,total,https-metrics,/podruntime/docker,192.168.65.3:10250,kubelet,/metrics/cadvisor,docker-desktop,prometheus-prometheus-oper-kubelet,18567.669210721,,,,,
1609947152.046,container_cpu_usage_seconds_total,total,https-metrics,/systemreserved,192.168.65.3:10250,kubelet,/metrics/cadvisor,docker-desktop,prometheus-prometheus-oper-kubelet,3264.317312351,,,,,
1609947171.555,container_cpu_usage_seconds_total,total,https-metrics,/systemreserved,192.168.65.3:10250,kubelet,/metrics/cadvisor,docker-desktop,prometheus-prometheus-oper-kubelet,3264.318201852,,,,,
1609947204.145,container_cpu_usage_seconds_total,total,https-metrics,/systemreserved,192.168.65.3:10250,kubelet,/metrics/cadvisor,docker-desktop,prometheus-prometheus-oper-kubelet,3264.323226223,,,,,
1609947236.98,container_cpu_usage_seconds_total,total,https-metrics,/systemreserved,192.168.65.3:10250,kubelet,/metrics/cadvisor,docker-desktop,prometheus-prometheus-oper-kubelet,3264.331494489,,,,,
1609947265.983,container_cpu_usage_seconds_total,total,https-metrics,/systemreserved,192.168.65.3:10250,kubelet,/metrics/cadvisor,docker-desktop,prometheus-prometheus-oper-kubelet,3264.333397342,,,,,
1609947294.152,container_cpu_usage_seconds_total,total,https-metrics,/systemreserved,192.168.65.3:10250,kubelet,/metrics/cadvisor,docker-desktop,prometheus-prometheus-oper-kubelet,3264.335574975,,,,,
1609947333.283,container_cpu_usage_seconds_total,total,https-metrics,/systemreserved,192.168.65.3:10250,kubelet,/metrics/cadvisor,docker-desktop,prometheus-prometheus-oper-kubelet,3272.690297528,,,,,
1609947364.544,container_cpu_usage_seconds_total,total,https-metrics,/systemreserved,192.168.65.3:10250,kubelet,/metrics/cadvisor,docker-desktop,prometheus-prometheus-oper-kubelet,3290.615801209,,,,,
1609947392.238,container_cpu_usage_seconds_total,total,https-metrics,/systemreserved,192.168.65.3:10250,kubelet,/metrics/cadvisor,docker-desktop,prometheus-prometheus-oper-kubelet,3291.077145897,,,,,
1609947418.215,container_cpu_usage_seconds_total,total,https-metrics,/systemreserved,192.168.65.3:10250,kubelet,/metrics/cadvisor,docker-desktop,prometheus-prometheus-oper-kubelet,3291.082150107,,,,,
1609947146.811,container_cpu_usage_seconds_total,total,https-metrics,/systemreserved/diagnose,192.168.65.3:10250,kubelet,/metrics/cadvisor,docker-desktop,prometheus-prometheus-oper-kubelet,6.835862801,,,,,
1609947183.75,container_cpu_usage_seconds_total,total,https-metrics,/systemreserved/diagnose,192.168.65.3:10250,kubelet,/metrics/cadvisor,docker-desktop,prometheus-prometheus-oper-kubelet,6.837458751,,,,,
1609947197.539,container_cpu_usage_seconds_total,total,https-metrics,/systemreserved/diagnose,192.168.65.3:10250,kubelet,/metrics/cadvisor,docker-desktop,prometheus-prometheus-oper-kubelet,6.83794982,,,,,
1609947228.017,container_cpu_usage_seconds_total,total,https-metrics,/systemreserved/diagnose,192.168.65.3:10250,kubelet,/metrics/cadvisor,docker-desktop,prometheus-prometheus-oper-kubelet,6.841671185,,,,,
1609947263.673,container_cpu_usage_seconds_total,total,https-metrics,/systemreserved/diagnose,192.168.65.3:10250,kubelet,/metrics/cadvisor,docker-desktop,prometheus-prometheus-oper-kubelet,6.843521391,,,,,
1609947301.436,container_cpu_usage_seconds_total,total,https-metrics,/systemreserved/diagnose,192.168.65.3:10250,kubelet,/metrics/cadvisor,docker-desktop,prometheus-prometheus-oper-kubelet,6.845090726,,,,,
1609947335.454,container_cpu_usage_seconds_total,total,https-metrics,/systemreserved/diagnose,192.168.65.3:10250,kubelet,/metrics/cadvisor,docker-desktop,prometheus-prometheus-oper-kubelet,6.856161596,,,,,
1609947364.074,container_cpu_usage_seconds_total,total,https-metrics,/systemreserved/diagnose,192.168.65.3:10250,kubelet,/metrics/cadvisor,docker-desktop,prometheus-prometheus-oper-kubelet,6.85966913,,,,,
1609947389.046,container_cpu_usage_seconds_total,total,https-metrics,/systemreserved/diagnose,192.168.65.3:10250,kubelet,/metrics/cadvisor,docker-desktop,prometheus-prometheus-oper-kubelet,6.860819413,,,,,
1609947425.027,container_cpu_usage_seconds_total,total,https-metrics,/systemreserved/diagnose,192.168.65.3:10250,kubelet,/metrics/cadvisor,docker-desktop,prometheus-prometheus-oper-kubelet,6.862651785,,,,,
1609947178.785,container_cpu_usage_seconds_total,total,https-metrics,/systemreserved/socks,192.168.65.3:10250,kubelet,/metrics/cadvisor,docker-desktop,prometheus-prometheus-oper-kubelet,0.329382507,,,,,
1609947192.589,container_cpu_usage_seconds_total,total,https-metrics,/systemreserved/socks,192.168.65.3:10250,kubelet,/metrics/cadvisor,docker-desktop,prometheus-prometheus-oper-kubelet,0.329382507,,,,,
1609947240.703,container_cpu_usage_seconds_total,total,https-metrics,/systemreserved/socks,192.168.65.3:10250,kubelet,/metrics/cadvisor,docker-desktop,prometheus-prometheus-oper-kubelet,0.329382507,,,,,
1609947274.728,container_cpu_usage_seconds_total,total,https-metrics,/systemreserved/socks,192.168.65.3:10250,kubelet,/metrics/cadvisor,docker-desktop,prometheus-prometheus-oper-kubelet,0.329382507,,,,,
1609947303.141,container_cpu_usage_seconds_total,total,https-metrics,/systemreserved/socks,192.168.65.3:10250,kubelet,/metrics/cadvisor,docker-desktop,prometheus-prometheus-oper-kubelet,0.329382507,,,,,
1609947318.704,container_cpu_usage_seconds_total,total,https-metrics,/systemreserved/socks,192.168.65.3:10250,kubelet,/metrics/cadvisor,docker-desktop,prometheus-prometheus-oper-kubelet,0.329382507,,,,,
1609947361.233,container_cpu_usage_seconds_total,total,https-metrics,/systemreserved/socks,192.168.65.3:10250,kubelet,/metrics/cadvisor,docker-desktop,prometheus-prometheus-oper-kubelet,0.329382507,,,,,
1609947379.377,container_cpu_usage_seconds_total,total,https-metrics,/systemreserved/socks,192.168.65.3:10250,kubelet,/metrics/cadvisor,docker-desktop,prometheus-prometheus-oper-kubelet,0.329382507,,,,,
1609947416.325,container_cpu_usage_seconds_total,total,https-metrics,/systemreserved/socks,192.168.65.3:10250,kubelet,/metrics/cadvisor,docker-desktop,prometheus-prometheus-oper-kubelet,0.329382507,,,,,
1609947182.925,container_cpu_usage_seconds_total,total,https-metrics,/systemreserved/vpnkit-forwarder,192.168.65.3:10250,kubelet,/metrics/cadvisor,docker-desktop,prometheus-prometheus-oper-kubelet,3063.109495085,,,,,
1609947198.069,container_cpu_usage_seconds_total,total,https-metrics,/systemreserved/vpnkit-forwarder,192.168.65.3:10250,kubelet,/metrics/cadvisor,docker-desktop,prometheus-prometheus-oper-kubelet,3063.109495085,,,,,
1609947240.689,container_cpu_usage_seconds_total,total,https-metrics,/systemreserved/vpnkit-forwarder,192.168.65.3:10250,kubelet,/metrics/cadvisor,docker-desktop,prometheus-prometheus-oper-kubelet,3063.115191811,,,,,
1609947274.266,container_cpu_usage_seconds_total,total,https-metrics,/systemreserved/vpnkit-forwarder,192.168.65.3:10250,kubelet,/metrics/cadvisor,docker-desktop,prometheus-prometheus-oper-kubelet,3063.115191811,,,,,
1609947303.987,container_cpu_usage_seconds_total,total,https-metrics,/systemreserved/vpnkit-forwarder,192.168.65.3:10250,kubelet,/metrics/cadvisor,docker-desktop,prometheus-prometheus-oper-kubelet,3063.115227794,,,,,
1609947323.557,container_cpu_usage_seconds_total,total,https-metrics,/systemreserved/vpnkit-forwarder,192.168.65.3:10250,kubelet,/metrics/cadvisor,docker-desktop,prometheus-prometheus-oper-kubelet,3065.945334577,,,,,
1609947351.761,container_cpu_usage_seconds_total,total,https-metrics,/systemreserved/vpnkit-forwarder,192.168.65.3:10250,kubelet,/metrics/cadvisor,docker-desktop,prometheus-prometheus-oper-kubelet,3081.955944972,,,,,
1609947385.307,container_cpu_usage_seconds_total,total,https-metrics,/systemreserved/vpnkit-forwarder,192.168.65.3:10250,kubelet,/metrics/cadvisor,docker-desktop,prometheus-prometheus-oper-kubelet,3089.832069164,,,,,
1609947412.481,container_cpu_usage_seconds_total,total,https-metrics,/systemreserved/vpnkit-forwarder,192.168.65.3:10250,kubelet,/metrics/cadvisor,docker-desktop,prometheus-prometheus-oper-kubelet,3089.832069164,,,,,
1609947151.426,container_cpu_usage_seconds_total,total,https-metrics,/systemreserved/vpnkit-tap-vsockd,192.168.65.3:10250,kubelet,/metrics/cadvisor,docker-desktop,prometheus-prometheus-oper-kubelet,194.042445417,,,,,
1609947170.899,container_cpu_usage_seconds_total,total,https-metrics,/systemreserved/vpnkit-tap-vsockd,192.168.65.3:10250,kubelet,/metrics/cadvisor,docker-desktop,prometheus-prometheus-oper-kubelet,194.042445417,,,,,
1609947206.345,container_cpu_usage_seconds_total,total,https-metrics,/systemreserved/vpnkit-tap-vsockd,192.168.65.3:10250,kubelet,/metrics/cadvisor,docker-desktop,prometheus-prometheus-oper-kubelet,194.043945159,,,,,
1609947234.349,container_cpu_usage_seconds_total,total,https-metrics,/systemreserved/vpnkit-tap-vsockd,192.168.65.3:10250,kubelet,/metrics/cadvisor,docker-desktop,prometheus-prometheus-oper-kubelet,194.044205882,,,,,
1609947271.697,container_cpu_usage_seconds_total,total,https-metrics,/systemreserved/vpnkit-tap-vsockd,192.168.65.3:10250,kubelet,/metrics/cadvisor,docker-desktop,prometheus-prometheus-oper-kubelet,194.046110882,,,,,
1609947286.279,container_cpu_usage_seconds_total,total,https-metrics,/systemreserved/vpnkit-tap-vsockd,192.168.65.3:10250,kubelet,/metrics/cadvisor,docker-desktop,prometheus-prometheus-oper-kubelet,194.046110882,,,,,
1609947324.155,container_cpu_usage_seconds_total,total,https-metrics,/systemreserved/vpnkit-tap-vsockd,192.168.65.3:10250,kubelet,/metrics/cadvisor,docker-desktop,prometheus-prometheus-oper-kubelet,194.046854113,,,,,
1609947352.99,container_cpu_usage_seconds_total,total,https-metrics,/systemreserved/vpnkit-tap-vsockd,192.168.65.3:10250,kubelet,/metrics/cadvisor,docker-desktop,prometheus-prometheus-oper-kubelet,194.047891971,,,,,
1609947393.501,container_cpu_usage_seconds_total,total,https-metrics,/systemreserved/vpnkit-tap-vsockd,192.168.65.3:10250,kubelet,/metrics/cadvisor,docker-desktop,prometheus-prometheus-oper-kubelet,194.057785951,,,,,
1609947423.491,container_cpu_usage_seconds_total,total,https-metrics,/systemreserved/vpnkit-tap-vsockd,192.168.65.3:10250,kubelet,/metrics/cadvisor,docker-desktop,prometheus-prometheus-oper-kubelet,194.059006262,,,,,
1609947149.349,container_cpu_usage_seconds_total,total,https-metrics,/kubepods/kubepods/besteffort/pod128b5e68-7a5a-48d5-a2c1-153040781fc0/43b4c4dc1a69abd0b1b0c8fc121a8d74dadecf454c6056b1b3f68ab573442025,192.168.65.3:10250,kubelet,/metrics/cadvisor,docker-desktop,prometheus-prometheus-oper-kubelet,0.100865537,prometheus,prometheus-prometheus-node-exporter-g46t6,POD,k8s.gcr.io/pause:3.2,k8s_POD_prometheus-prometheus-node-exporter-g46t6_prometheus_128b5e68-7a5a-48d5-a2c1-153040781fc0_1
1609947170.821,container_cpu_usage_seconds_total,total,https-metrics,/kubepods/kubepods/besteffort/pod128b5e68-7a5a-48d5-a2c1-153040781fc0/43b4c4dc1a69abd0b1b0c8fc121a8d74dadecf454c6056b1b3f68ab573442025,192.168.65.3:10250,kubelet,/metrics/cadvisor,docker-desktop,prometheus-prometheus-oper-kubelet,0.100865537,prometheus,prometheus-prometheus-node-exporter-g46t6,POD,k8s.gcr.io/pause:3.2,k8s_POD_prometheus-prometheus-node-exporter-g46t6_prometheus_128b5e68-7a5a-48d5-a2c1-153040781fc0_1
1609947209.707,container_cpu_usage_seconds_total,total,https-metrics,/kubepods/kubepods/besteffort/pod128b5e68-7a5a-48d5-a2c1-153040781fc0/43b4c4dc1a69abd0b1b0c8fc121a8d74dadecf454c6056b1b3f68ab573442025,192.168.65.3:10250,kubelet,/metrics/cadvisor,docker-desktop,prometheus-prometheus-oper-kubelet,0.100865537,prometheus,prometheus-prometheus-node-exporter-g46t6,POD,k8s.gcr.io/pause:3.2,k8s_POD_prometheus-prometheus-node-exporter-g46t6_prometheus_128b5e68-7a5a-48d5-a2c1-153040781fc0_1
1609947238.901,container_cpu_usage_seconds_total,total,https-metrics,/kubepods/kubepods/besteffort/pod128b5e68-7a5a-48d5-a2c1-153040781fc0/43b4c4dc1a69abd0b1b0c8fc121a8d74dadecf454c6056b1b3f68ab573442025,192.168.65.3:10250,kubelet,/metrics/cadvisor,docker-desktop,prometheus-prometheus-oper-kubelet,0.100865537,prometheus,prometheus-prometheus-node-exporter-g46t6,POD,k8s.gcr.io/pause:3.2,k8s_POD_prometheus-prometheus-node-exporter-g46t6_prometheus_128b5e68-7a5a-48d5-a2c1-153040781fc0_1
1609947268.091,container_cpu_usage_seconds_total,total,https-metrics,/kubepods/kubepods/besteffort/pod128b5e68-7a5a-48d5-a2c1-153040781fc0/43b4c4dc1a69abd0b1b0c8fc121a8d74dadecf454c6056b1b3f68ab573442025,192.168.65.3:10250,kubelet,/metrics/cadvisor,docker-desktop,prometheus-prometheus-oper-kubelet,0.100865537,prometheus,prometheus-prometheus-node-exporter-g46t6,POD,k8s.gcr.io/pause:3.2,k8s_POD_prometheus-prometheus-node-exporter-g46t6_prometheus_128b5e68-7a5a-48d5-a2c1-153040781fc0_1
1609947303.086,container_cpu_usage_seconds_total,total,https-metrics,/kubepods/kubepods/besteffort/pod128b5e68-7a5a-48d5-a2c1-153040781fc0/43b4c4dc1a69abd0b1b0c8fc121a8d74dadecf454c6056b1b3f68ab573442025,192.168.65.3:10250,kubelet,/metrics/cadvisor,docker-desktop,prometheus-prometheus-oper-kubelet,0.100865537,prometheus,prometheus-prometheus-node-exporter-g46t6,POD,k8s.gcr.io/pause:3.2,k8s_POD_prometheus-prometheus-node-exporter-g46t6_prometheus_128b5e68-7a5a-48d5-a2c1-153040781fc0_1
1609947334.299,container_cpu_usage_seconds_total,total,https-metrics,/kubepods/kubepods/besteffort/pod128b5e68-7a5a-48d5-a2c1-153040781fc0/43b4c4dc1a69abd0b1b0c8fc121a8d74dadecf454c6056b1b3f68ab573442025,192.168.65.3:10250,kubelet,/metrics/cadvisor,docker-desktop,prometheus-prometheus-oper-kubelet,0.100865537,prometheus,prometheus-prometheus-node-exporter-g46t6,POD,k8s.gcr.io/pause:3.2,k8s_POD_prometheus-prometheus-node-exporter-g46t6_prometheus_128b5e68-7a5a-48d5-a2c1-153040781fc0_1
1609947350.101,container_cpu_usage_seconds_total,total,https-metrics,/kubepods/kubepods/besteffort/pod128b5e68-7a5a-48d5-a2c1-153040781fc0/43b4c4dc1a69abd0b1b0c8fc121a8d74dadecf454c6056b1b3f68ab573442025,192.168.65.3:10250,kubelet,/metrics/cadvisor,docker-desktop,prometheus-prometheus-oper-kubelet,0.100865537,prometheus,prometheus-prometheus-node-exporter-g46t6,POD,k8s.gcr.io/pause:3.2,k8s_POD_prometheus-prometheus-node-exporter-g46t6_prometheus_128b5e68-7a5a-48d5-a2c1-153040781fc0_1
1609947379.031,container_cpu_usage_seconds_total,total,https-metrics,/kubepods/kubepods/besteffort/pod128b5e68-7a5a-48d5-a2c1-153040781fc0/43b4c4dc1a69abd0b1b0c8fc121a8d74dadecf454c6056b1b3f68ab573442025,192.168.65.3:10250,kubelet,/metrics/cadvisor,docker-desktop,prometheus-prometheus-oper-kubelet,0.100865537,prometheus,prometheus-prometheus-node-exporter-g46t6,POD,k8s.gcr.io/pause:3.2,k8s_POD_prometheus-prometheus-node-exporter-g46t6_prometheus_128b5e68-7a5a-48d5-a2c1-153040781fc0_1
1609947413.322,container_cpu_usage_seconds_total,total,https-metrics,/kubepods/kubepods/besteffort/pod128b5e68-7a5a-48d5-a2c1-153040781fc0/43b4c4dc1a69abd0b1b0c8fc121a8d74dadecf454c6056b1b3f68ab573442025,192.168.65.3:10250,kubelet,/metrics/cadvisor,docker-desktop,prometheus-prometheus-oper-kubelet,0.100865537,prometheus,prometheus-prometheus-node-exporter-g46t6,POD,k8s.gcr.io/pause:3.2,k8s_POD_prometheus-prometheus-node-exporter-g46t6_prometheus_128b5e68-7a5a-48d5-a2c1-153040781fc0_1
1609947150.748,container_cpu_usage_seconds_total,total,https-metrics,/kubepods/kubepods/besteffort/pod315fbf6f-4394-4dbe-b455-2022e0434bf4/b6e55d654b8ba4075275dfb25419edd6501bc1569482042a9a9cd4e0841a8813,192.168.65.3:10250,kubelet,/metrics/cadvisor,docker-desktop,prometheus-prometheus-oper-kubelet,0.053944325,kube-system,storage-provisioner,POD,k8s.gcr.io/pause:3.2,k8s_POD_storage-provisioner_kube-system_315fbf6f-4394-4dbe-b455-2022e0434bf4_1
1609947184.295,container_cpu_usage_seconds_total,total,https-metrics,/kubepods/kubepods/besteffort/pod315fbf6f-4394-4dbe-b455-2022e0434bf4/b6e55d654b8ba4075275dfb25419edd6501bc1569482042a9a9cd4e0841a8813,192.168.65.3:10250,kubelet,/metrics/cadvisor,docker-desktop,prometheus-prometheus-oper-kubelet,0.053944325,kube-system,storage-provisioner,POD,k8s.gcr.io/pause:3.2,k8s_POD_storage-provisioner_kube-system_315fbf6f-4394-4dbe-b455-2022e0434bf4_1
1609947211.704,container_cpu_usage_seconds_total,total,https-metrics,/kubepods/kubepods/besteffort/pod315fbf6f-4394-4dbe-b455-2022e0434bf4/b6e55d654b8ba4075275dfb25419edd6501bc1569482042a9a9cd4e0841a8813,192.168.65.3:10250,kubelet,/metrics/cadvisor,docker-desktop,prometheus-prometheus-oper-kubelet,0.053944325,kube-system,storage-provisioner,POD,k8s.gcr.io/pause:3.2,k8s_POD_storage-provisioner_kube-system_315fbf6f-4394-4dbe-b455-2022e0434bf4_1
1609947241.493,container_cpu_usage_seconds_total,total,https-metrics,/kubepods/kubepods/besteffort/pod315fbf6f-4394-4dbe-b455-2022e0434bf4/b6e55d654b8ba4075275dfb25419edd6501bc1569482042a9a9cd4e0841a8813,192.168.65.3:10250,kubelet,/metrics/cadvisor,docker-desktop,prometheus-prometheus-oper-kubelet,0.053944325,kube-system,storage-provisioner,POD,k8s.gcr.io/pause:3.2,k8s_POD_storage-provisioner_kube-system_315fbf6f-4394-4dbe-b455-2022e0434bf4_1
1609947270.291,container_cpu_usage_seconds_total,total,https-metrics,/kubepods/kubepods/besteffort/pod315fbf6f-4394-4dbe-b455-2022e0434bf4/b6e55d654b8ba4075275dfb25419edd6501bc1569482042a9a9cd4e0841a8813,192.168.65.3:10250,kubelet,/metrics/cadvisor,docker-desktop,prometheus-prometheus-oper-kubelet,0.053944325,kube-system,storage-provisioner,POD,k8s.gcr.io/pause:3.2,k8s_POD_storage-provisioner_kube-system_315fbf6f-4394-4dbe-b455-2022e0434bf4_1
1609947299.693,container_cpu_usage_seconds_total,total,https-metrics,/kubepods/kubepods/besteffort/pod315fbf6f-4394-4dbe-b455-2022e0434bf4/b6e55d654b8ba4075275dfb25419edd6501bc1569482042a9a9cd4e0841a8813,192.168.65.3:10250,kubelet,/metrics/cadvisor,docker-desktop,prometheus-prometheus-oper-kubelet,0.053944325,kube-system,storage-provisioner,POD,k8s.gcr.io/pause:3.2,k8s_POD_storage-provisioner_kube-system_315fbf6f-4394-4dbe-b455-2022e0434bf4_1
1609947328.158,container_cpu_usage_seconds_total,total,https-metrics,/kubepods/kubepods/besteffort/pod315fbf6f-4394-4dbe-b455-2022e0434bf4/b6e55d654b8ba4075275dfb25419edd6501bc1569482042a9a9cd4e0841a8813,192.168.65.3:10250,kubelet,/metrics/cadvisor,docker-desktop,prometheus-prometheus-oper-kubelet,0.053944325,kube-system,storage-provisioner,POD,k8s.gcr.io/pause:3.2,k8s_POD_storage-provisioner_kube-system_315fbf6f-4394-4dbe-b455-2022e0434bf4_1
1609947346.903,container_cpu_usage_seconds_total,total,https-metrics,/kubepods/kubepods/besteffort/pod315fbf6f-4394-4dbe-b455-2022e0434bf4/b6e55d654b8ba4075275dfb25419edd6501bc1569482042a9a9cd4e0841a8813,192.168.65.3:10250,kubelet,/metrics/cadvisor,docker-desktop,prometheus-prometheus-oper-kubelet,0.053944325,kube-system,storage-provisioner,POD,k8s.gcr.io/pause:3.2,k8s_POD_storage-provisioner_kube-system_315fbf6f-4394-4dbe-b455-2022e0434bf4_1
1609947389.289,container_cpu_usage_seconds_total,total,https-metrics,/kubepods/kubepods/besteffort/pod315fbf6f-4394-4dbe-b455-2022e0434bf4/b6e55d654b8ba4075275dfb25419edd6501bc1569482042a9a9cd4e0841a8813,192.168.65.3:10250,kubelet,/metrics/cadvisor,docker-desktop,prometheus-prometheus-oper-kubelet,0.053944325,kube-system,storage-provisioner,POD,k8s.gcr.io/pause:3.2,k8s_POD_storage-provisioner_kube-system_315fbf6f-4394-4dbe-b455-2022e0434bf4_1
1609947417.982,container_cpu_usage_seconds_total,total,https-metrics,/kubepods/kubepods/besteffort/pod315fbf6f-4394-4dbe-b455-2022e0434bf4/b6e55d654b8ba4075275dfb25419edd6501bc1569482042a9a9cd4e0841a8813,192.168.65.3:10250,kubelet,/metrics/cadvisor,docker-desktop,prometheus-prometheus-oper-kubelet,0.053944325,kube-system,storage-provisioner,POD,k8s.gcr.io/pause:3.2,k8s_POD_storage-provisioner_kube-system_315fbf6f-4394-4dbe-b455-2022e0434bf4_1
1609947154.323,container_cpu_usage_seconds_total,total,https-metrics,/kubepods/kubepods/besteffort/pod32c047c5-e2ba-40f6-b844-aae8b4fb10d6/0aa795c6d0df26d84388d6306b8855ac7cd4c2ea52e9ab5da8cb1c6991a35a1a,192.168.65.3:10250,kubelet,/metrics/cadvisor,docker-desktop,prometheus-prometheus-oper-kubelet,0.086825363,prometheus,prometheus-prometheus-oper-operator-6d9c4bdb9f-dwpxg,POD,k8s.gcr.io/pause:3.2,k8s_POD_prometheus-prometheus-oper-operator-6d9c4bdb9f-dwpxg_prometheus_32c047c5-e2ba-40f6-b844-aae8b4fb10d6_1
1609947185.199,container_cpu_usage_seconds_total,total,https-metrics,/kubepods/kubepods/besteffort/pod32c047c5-e2ba-40f6-b844-aae8b4fb10d6/0aa795c6d0df26d84388d6306b8855ac7cd4c2ea52e9ab5da8cb1c6991a35a1a,192.168.65.3:10250,kubelet,/metrics/cadvisor,docker-desktop,prometheus-prometheus-oper-kubelet,0.086825363,prometheus,prometheus-prometheus-oper-operator-6d9c4bdb9f-dwpxg,POD,k8s.gcr.io/pause:3.2,k8s_POD_prometheus-prometheus-oper-operator-6d9c4bdb9f-dwpxg_prometheus_32c047c5-e2ba-40f6-b844-aae8b4fb10d6_1
1609947211.936,container_cpu_usage_seconds_total,total,https-metrics,/kubepods/kubepods/besteffort/pod32c047c5-e2ba-40f6-b844-aae8b4fb10d6/0aa795c6d0df26d84388d6306b8855ac7cd4c2ea52e9ab5da8cb1c6991a35a1a,192.168.65.3:10250,kubelet,/metrics/cadvisor,docker-desktop,prometheus-prometheus-oper-kubelet,0.086825363,prometheus,prometheus-prometheus-oper-operator-6d9c4bdb9f-dwpxg,POD,k8s.gcr.io/pause:3.2,k8s_POD_prometheus-prometheus-oper-operator-6d9c4bdb9f-dwpxg_prometheus_32c047c5-e2ba-40f6-b844-aae8b4fb10d6_1
1609947239.521,container_cpu_usage_seconds_total,total,https-metrics,/kubepods/kubepods/besteffort/pod32c047c5-e2ba-40f6-b844-aae8b4fb10d6/0aa795c6d0df26d84388d6306b8855ac7cd4c2ea52e9ab5da8cb1c6991a35a1a,192.168.65.3:10250,kubelet,/metrics/cadvisor,docker-desktop,prometheus-prometheus-oper-kubelet,0.086825363,prometheus,prometheus-prometheus-oper-operator-6d9c4bdb9f-dwpxg,POD,k8s.gcr.io/pause:3.2,k8s_POD_prometheus-prometheus-oper-operator-6d9c4bdb9f-dwpxg_prometheus_32c047c5-e2ba-40f6-b844-aae8b4fb10d6_1
1609947270.366,container_cpu_usage_seconds_total,total,https-metrics,/kubepods/kubepods/besteffort/pod32c047c5-e2ba-40f6-b844-aae8b4fb10d6/0aa795c6d0df26d84388d6306b8855ac7cd4c2ea52e9ab5da8cb1c6991a35a1a,192.168.65.3:10250,kubelet,/metrics/cadvisor,docker-desktop,prometheus-prometheus-oper-kubelet,0.086825363,prometheus,prometheus-prometheus-oper-operator-6d9c4bdb9f-dwpxg,POD,k8s.gcr.io/pause:3.2,k8s_POD_prometheus-prometheus-oper-operator-6d9c4bdb9f-dwpxg_prometheus_32c047c5-e2ba-40f6-b844-aae8b4fb10d6_1
1609947285.714,container_cpu_usage_seconds_total,total,https-metrics,/kubepods/kubepods/besteffort/pod32c047c5-e2ba-40f6-b844-aae8b4fb10d6/0aa795c6d0df26d84388d6306b8855ac7cd4c2ea52e9ab5da8cb1c6991a35a1a,192.168.65.3:10250,kubelet,/metrics/cadvisor,docker-desktop,prometheus-prometheus-oper-kubelet,0.086825363,prometheus,prometheus-prometheus-oper-operator-6d9c4bdb9f-dwpxg,POD,k8s.gcr.io/pause:3.2,k8s_POD_prometheus-prometheus-oper-operator-6d9c4bdb9f-dwpxg_prometheus_32c047c5-e2ba-40f6-b844-aae8b4fb10d6_1
1609947319.366,container_cpu_usage_seconds_total,total,https-metrics,/kubepods/kubepods/besteffort/pod32c047c5-e2ba-40f6-b844-aae8b4fb10d6/0aa795c6d0df26d84388d6306b8855ac7cd4c2ea52e9ab5da8cb1c6991a35a1a,192.168.65.3:10250,kubelet,/metrics/cadvisor,docker-desktop,prometheus-prometheus-oper-kubelet,0.086825363,prometheus,prometheus-prometheus-oper-operator-6d9c4bdb9f-dwpxg,POD,k8s.gcr.io/pause:3.2,k8s_POD_prometheus-prometheus-oper-operator-6d9c4bdb9f-dwpxg_prometheus_32c047c5-e2ba-40f6-b844-aae8b4fb10d6_1
1609947353.218,container_cpu_usage_seconds_total,total,https-metrics,/kubepods/kubepods/besteffort/pod32c047c5-e2ba-40f6-b844-aae8b4fb10d6/0aa795c6d0df26d84388d6306b8855ac7cd4c2ea52e9ab5da8cb1c6991a35a1a,192.168.65.3:10250,kubelet,/metrics/cadvisor,docker-desktop,prometheus-prometheus-oper-kubelet,0.086825363,prometheus,prometheus-prometheus-oper-operator-6d9c4bdb9f-dwpxg,POD,k8s.gcr.io/pause:3.2,k8s_POD_prometheus-prometheus-oper-operator-6d9c4bdb9f-dwpxg_prometheus_32c047c5-e2ba-40f6-b844-aae8b4fb10d6_1
1609947390.6,container_cpu_usage_seconds_total,total,https-metrics,/kubepods/kubepods/besteffort/pod32c047c5-e2ba-40f6-b844-aae8b4fb10d6/0aa795c6d0df26d84388d6306b8855ac7cd4c2ea52e9ab5da8cb1c6991a35a1a,192.168.65.3:10250,kubelet,/metrics/cadvisor,docker-desktop,prometheus-prometheus-oper-kubelet,0.086825363,prometheus,prometheus-prometheus-oper-operator-6d9c4bdb9f-dwpxg,POD,k8s.gcr.io/pause:3.2,k8s_POD_prometheus-prometheus-oper-operator-6d9c4bdb9f-dwpxg_prometheus_32c047c5-e2ba-40f6-b844-aae8b4fb10d6_1
1609947418.889,container_cpu_usage_seconds_total,total,https-metrics,/kubepods/kubepods/besteffort/pod32c047c5-e2ba-40f6-b844-aae8b4fb10d6/0aa795c6d0df26d84388d6306b8855ac7cd4c2ea52e9ab5da8cb1c6991a35a1a,192.168.65.3:10250,kubelet,/metrics/cadvisor,docker-desktop,prometheus-prometheus-oper-kubelet,0.086825363,prometheus,prometheus-prometheus-oper-operator-6d9c4bdb9f-dwpxg,POD,k8s.gcr.io/pause:3.2,k8s_POD_prometheus-prometheus-oper-operator-6d9c4bdb9f-dwpxg_prometheus_32c047c5-e2ba-40f6-b844-aae8b4fb10d6_1
1609947147.464,container_cpu_usage_seconds_total,total,https-metrics,/kubepods/kubepods/besteffort/pod5a838eb8-4e2d-4943-b41b-86b9d671a839/47f2001f762e9cbb23756ee34d26e0cdf0e89d86a86e119eb9bffb470f409c3b,192.168.65.3:10250,kubelet,/metrics/cadvisor,docker-desktop,prometheus-prometheus-oper-kubelet,0.048896843,kube-system,kube-proxy-v47zt,POD,k8s.gcr.io/pause:3.2,k8s_POD_kube-proxy-v47zt_kube-system_5a838eb8-4e2d-4943-b41b-86b9d671a839_1
1609947180.762,container_cpu_usage_seconds_total,total,https-metrics,/kubepods/kubepods/besteffort/pod5a838eb8-4e2d-4943-b41b-86b9d671a839/47f2001f762e9cbb23756ee34d26e0cdf0e89d86a86e119eb9bffb470f409c3b,192.168.65.3:10250,kubelet,/metrics/cadvisor,docker-desktop,prometheus-prometheus-oper-kubelet,0.048896843,kube-system,kube-proxy-v47zt,POD,k8s.gcr.io/pause:3.2,k8s_POD_kube-proxy-v47zt_kube-system_5a838eb8-4e2d-4943-b41b-86b9d671a839_1
1609947206.662,container_cpu_usage_seconds_total,total,https-metrics,/kubepods/kubepods/besteffort/pod5a838eb8-4e2d-4943-b41b-86b9d671a839/47f2001f762e9cbb23756ee34d26e0cdf0e89d86a86e119eb9bffb470f409c3b,192.168.65.3:10250,kubelet,/metrics/cadvisor,docker-desktop,prometheus-prometheus-oper-kubelet,0.048896843,kube-system,kube-proxy-v47zt,POD,k8s.gcr.io/pause:3.2,k8s_POD_kube-proxy-v47zt_kube-system_5a838eb8-4e2d-4943-b41b-86b9d671a839_1
1609947235.438,container_cpu_usage_seconds_total,total,https-metrics,/kubepods/kubepods/besteffort/pod5a838eb8-4e2d-4943-b41b-86b9d671a839/47f2001f762e9cbb23756ee34d26e0cdf0e89d86a86e119eb9bffb470f409c3b,192.168.65.3:10250,kubelet,/metrics/cadvisor,docker-desktop,prometheus-prometheus-oper-kubelet,0.048896843,kube-system,kube-proxy-v47zt,POD,k8s.gcr.io/pause:3.2,k8s_POD_kube-proxy-v47zt_kube-system_5a838eb8-4e2d-4943-b41b-86b9d671a839_1
1609947273.884,container_cpu_usage_seconds_total,total,https-metrics,/kubepods/kubepods/besteffort/pod5a838eb8-4e2d-4943-b41b-86b9d671a839/47f2001f762e9cbb23756ee34d26e0cdf0e89d86a86e119eb9bffb470f409c3b,192.168.65.3:10250,kubelet,/metrics/cadvisor,docker-desktop,prometheus-prometheus-oper-kubelet,0.048896843,kube-system,kube-proxy-v47zt,POD,k8s.gcr.io/pause:3.2,k8s_POD_kube-proxy-v47zt_kube-system_5a838eb8-4e2d-4943-b41b-86b9d671a839_1
1609947300.514,container_cpu_usage_seconds_total,total,https-metrics,/kubepods/kubepods/besteffort/pod5a838eb8-4e2d-4943-b41b-86b9d671a839/47f2001f762e9cbb23756ee34d26e0cdf0e89d86a86e119eb9bffb470f409c3b,192.168.65.3:10250,kubelet,/metrics/cadvisor,docker-desktop,prometheus-prometheus-oper-kubelet,0.048896843,kube-system,kube-proxy-v47zt,POD,k8s.gcr.io/pause:3.2,k8s_POD_kube-proxy-v47zt_kube-system_5a838eb8-4e2d-4943-b41b-86b9d671a839_1
1609947319.755,container_cpu_usage_seconds_total,total,https-metrics,/kubepods/kubepods/besteffort/pod5a838eb8-4e2d-4943-b41b-86b9d671a839/47f2001f762e9cbb23756ee34d26e0cdf0e89d86a86e119eb9bffb470f409c3b,192.168.65.3:10250,kubelet,/metrics/cadvisor,docker-desktop,prometheus-prometheus-oper-kubelet,0.048896843,kube-system,kube-proxy-v47zt,POD,k8s.gcr.io/pause:3.2,k8s_POD_kube-proxy-v47zt_kube-system_5a838eb8-4e2d-4943-b41b-86b9d671a839_1
1609947357.904,container_cpu_usage_seconds_total,total,https-metrics,/kubepods/kubepods/besteffort/pod5a838eb8-4e2d-4943-b41b-86b9d671a839/47f2001f762e9cbb23756ee34d26e0cdf0e89d86a86e119eb9bffb470f409c3b,192.168.65.3:10250,kubelet,/metrics/cadvisor,docker-desktop,prometheus-prometheus-oper-kubelet,0.048896843,kube-system,kube-proxy-v47zt,POD,k8s.gcr.io/pause:3.2,k8s_POD_kube-proxy-v47zt_kube-system_5a838eb8-4e2d-4943-b41b-86b9d671a839_1
1609947389.283,container_cpu_usage_seconds_total,total,https-metrics,/kubepods/kubepods/besteffort/pod5a838eb8-4e2d-4943-b41b-86b9d671a839/47f2001f762e9cbb23756ee34d26e0cdf0e89d86a86e119eb9bffb470f409c3b,192.168.65.3:10250,kubelet,/metrics/cadvisor,docker-desktop,prometheus-prometheus-oper-kubelet,0.048896843,kube-system,kube-proxy-v47zt,POD,k8s.gcr.io/pause:3.2,k8s_POD_kube-proxy-v47zt_kube-system_5a838eb8-4e2d-4943-b41b-86b9d671a839_1
1609947424.485,container_cpu_usage_seconds_total,total,https-metrics,/kubepods/kubepods/besteffort/pod5a838eb8-4e2d-4943-b41b-86b9d671a839/47f2001f762e9cbb23756ee34d26e0cdf0e89d86a86e119eb9bffb470f409c3b,192.168.65.3:10250,kubelet,/metrics/cadvisor,docker-desktop,prometheus-prometheus-oper-kubelet,0.048896843,kube-system,kube-proxy-v47zt,POD,k8s.gcr.io/pause:3.2,k8s_POD_kube-proxy-v47zt_kube-system_5a838eb8-4e2d-4943-b41b-86b9d671a839_1
1609947152.721,container_cpu_usage_seconds_total,total,https-metrics,/kubepods/kubepods/besteffort/pod5bd726a8-a1a6-4775-b348-c8899c4d6dc7/725a7acf1bdfb265d28a40d189c28f587cb3cd28d5db9b93db8a85690bf6227a,192.168.65.3:10250,kubelet,/metrics/cadvisor,docker-desktop,prometheus-prometheus-oper-kubelet,0.065985687,prometheus,prometheus-grafana-5bf8fbbf6d-9cznp,POD,k8s.gcr.io/pause:3.2,k8s_POD_prometheus-grafana-5bf8fbbf6d-9cznp_prometheus_5bd726a8-a1a6-4775-b348-c8899c4d6dc7_1
1609947179.64,container_cpu_usage_seconds_total,total,https-metrics,/kubepods/kubepods/besteffort/pod5bd726a8-a1a6-4775-b348-c8899c4d6dc7/725a7acf1bdfb265d28a40d189c28f587cb3cd28d5db9b93db8a85690bf6227a,192.168.65.3:10250,kubelet,/metrics/cadvisor,docker-desktop,prometheus-prometheus-oper-kubelet,0.065985687,prometheus,prometheus-grafana-5bf8fbbf6d-9cznp,POD,k8s.gcr.io/pause:3.2,k8s_POD_prometheus-grafana-5bf8fbbf6d-9cznp_prometheus_5bd726a8-a1a6-4775-b348-c8899c4d6dc7_1
1609947207.511,container_cpu_usage_seconds_total,total,https-metrics,/kubepods/kubepods/besteffort/pod5bd726a8-a1a6-4775-b348-c8899c4d6dc7/725a7acf1bdfb265d28a40d189c28f587cb3cd28d5db9b93db8a85690bf6227a,192.168.65.3:10250,kubelet,/metrics/cadvisor,docker-desktop,prometheus-prometheus-oper-kubelet,0.065985687,prometheus,prometheus-grafana-5bf8fbbf6d-9cznp,POD,k8s.gcr.io/pause:3.2,k8s_POD_prometheus-grafana-5bf8fbbf6d-9cznp_prometheus_5bd726a8-a1a6-4775-b348-c8899c4d6dc7_1
1609947240.741,container_cpu_usage_seconds_total,total,https-metrics,/kubepods/kubepods/besteffort/pod5bd726a8-a1a6-4775-b348-c8899c4d6dc7/725a7acf1bdfb265d28a40d189c28f587cb3cd28d5db9b93db8a85690bf6227a,192.168.65.3:10250,kubelet,/metrics/cadvisor,docker-desktop,prometheus-prometheus-oper-kubelet,0.065985687,prometheus,prometheus-grafana-5bf8fbbf6d-9cznp,POD,k8s.gcr.io/pause:3.2,k8s_POD_prometheus-grafana-5bf8fbbf6d-9cznp_prometheus_5bd726a8-a1a6-4775-b348-c8899c4d6dc7_1
1609947272.421,container_cpu_usage_seconds_total,total,https-metrics,/kubepods/kubepods/besteffort/pod5bd726a8-a1a6-4775-b348-c8899c4d6dc7/725a7acf1bdfb265d28a40d189c28f587cb3cd28d5db9b93db8a85690bf6227a,192.168.65.3:10250,kubelet,/metrics/cadvisor,docker-desktop,prometheus-prometheus-oper-kubelet,0.065985687,prometheus,prometheus-grafana-5bf8fbbf6d-9cznp,POD,k8s.gcr.io/pause:3.2,k8s_POD_prometheus-grafana-5bf8fbbf6d-9cznp_prometheus_5bd726a8-a1a6-4775-b348-c8899c4d6dc7_1
1609947290.197,container_cpu_usage_seconds_total,total,https-metrics,/kubepods/kubepods/besteffort/pod5bd726a8-a1a6-4775-b348-c8899c4d6dc7/725a7acf1bdfb265d28a40d189c28f587cb3cd28d5db9b93db8a85690bf6227a,192.168.65.3:10250,kubelet,/metrics/cadvisor,docker-desktop,prometheus-prometheus-oper-kubelet,0.065985687,prometheus,prometheus-grafana-5bf8fbbf6d-9cznp,POD,k8s.gcr.io/pause:3.2,k8s_POD_prometheus-grafana-5bf8fbbf6d-9cznp_prometheus_5bd726a8-a1a6-4775-b348-c8899c4d6dc7_1
1609947325.114,container_cpu_usage_seconds_total,total,https-metrics,/kubepods/kubepods/besteffort/pod5bd726a8-a1a6-4775-b348-c8899c4d6dc7/725a7acf1bdfb265d28a40d189c28f587cb3cd28d5db9b93db8a85690bf6227a,192.168.65.3:10250,kubelet,/metrics/cadvisor,docker-desktop,prometheus-prometheus-oper-kubelet,0.065985687,prometheus,prometheus-grafana-5bf8fbbf6d-9cznp,POD,k8s.gcr.io/pause:3.2,k8s_POD_prometheus-grafana-5bf8fbbf6d-9cznp_prometheus_5bd726a8-a1a6-4775-b348-c8899c4d6dc7_1
1609947354.04,container_cpu_usage_seconds_total,total,https-metrics,/kubepods/kubepods/besteffort/pod5bd726a8-a1a6-4775-b348-c8899c4d6dc7/725a7acf1bdfb265d28a40d189c28f587cb3cd28d5db9b93db8a85690bf6227a,192.168.65.3:10250,kubelet,/metrics/cadvisor,docker-desktop,prometheus-prometheus-oper-kubelet,0.065985687,prometheus,prometheus-grafana-5bf8fbbf6d-9cznp,POD,k8s.gcr.io/pause:3.2,k8s_POD_prometheus-grafana-5bf8fbbf6d-9cznp_prometheus_5bd726a8-a1a6-4775-b348-c8899c4d6dc7_1
1609947391.621,container_cpu_usage_seconds_total,total,https-metrics,/kubepods/kubepods/besteffort/pod5bd726a8-a1a6-4775-b348-c8899c4d6dc7/725a7acf1bdfb265d28a40d189c28f587cb3cd28d5db9b93db8a85690bf6227a,192.168.65.3:10250,kubelet,/metrics/cadvisor,docker-desktop,prometheus-prometheus-oper-kubelet,0.065985687,prometheus,prometheus-grafana-5bf8fbbf6d-9cznp,POD,k8s.gcr.io/pause:3.2,k8s_POD_prometheus-grafana-5bf8fbbf6d-9cznp_prometheus_5bd726a8-a1a6-4775-b348-c8899c4d6dc7_1
1609947421.536,container_cpu_usage_seconds_total,total,https-metrics,/kubepods/kubepods/besteffort/pod5bd726a8-a1a6-4775-b348-c8899c4d6dc7/725a7acf1bdfb265d28a40d189c28f587cb3cd28d5db9b93db8a85690bf6227a,192.168.65.3:10250,kubelet,/metrics/cadvisor,docker-desktop,prometheus-prometheus-oper-kubelet,0.065985687,prometheus,prometheus-grafana-5bf8fbbf6d-9cznp,POD,k8s.gcr.io/pause:3.2,k8s_POD_prometheus-grafana-5bf8fbbf6d-9cznp_prometheus_5bd726a8-a1a6-4775-b348-c8899c4d6dc7_1
1609947152.936,container_cpu_usage_seconds_total,total,https-metrics,/kubepods/kubepods/besteffort/pod86d7220a-a114-41f2-8bcd-bdc720d5c3a9/8f79923f86b31388518efabf21c53de2d780cad6146643099e677958fe5bf5b0,192.168.65.3:10250,kubelet,/metrics/cadvisor,docker-desktop,prometheus-prometheus-oper-kubelet,0.072133843,kube-system,vpnkit-controller,POD,k8s.gcr.io/pause:3.2,k8s_POD_vpnkit-controller_kube-system_86d7220a-a114-41f2-8bcd-bdc720d5c3a9_1
1609947185.058,container_cpu_usage_seconds_total,total,https-metrics,/kubepods/kubepods/besteffort/pod86d7220a-a114-41f2-8bcd-bdc720d5c3a9/8f79923f86b31388518efabf21c53de2d780cad6146643099e677958fe5bf5b0,192.168.65.3:10250,kubelet,/metrics/cadvisor,docker-desktop,prometheus-prometheus-oper-kubelet,0.072133843,kube-system,vpnkit-controller,POD,k8s.gcr.io/pause:3.2,k8s_POD_vpnkit-controller_kube-system_86d7220a-a114-41f2-8bcd-bdc720d5c3a9_1
1609947212.32,container_cpu_usage_seconds_total,total,https-metrics,/kubepods/kubepods/besteffort/pod86d7220a-a114-41f2-8bcd-bdc720d5c3a9/8f79923f86b31388518efabf21c53de2d780cad6146643099e677958fe5bf5b0,192.168.65.3:10250,kubelet,/metrics/cadvisor,docker-desktop,prometheus-prometheus-oper-kubelet,0.072133843,kube-system,vpnkit-controller,POD,k8s.gcr.io/pause:3.2,k8s_POD_vpnkit-controller_kube-system_86d7220a-a114-41f2-8bcd-bdc720d5c3a9_1
1609947239.37,container_cpu_usage_seconds_total,total,https-metrics,/kubepods/kubepods/besteffort/pod86d7220a-a114-41f2-8bcd-bdc720d5c3a9/8f79923f86b31388518efabf21c53de2d780cad6146643099e677958fe5bf5b0,192.168.65.3:10250,kubelet,/metrics/cadvisor,docker-desktop,prometheus-prometheus-oper-kubelet,0.072133843,kube-system,vpnkit-controller,POD,k8s.gcr.io/pause:3.2,k8s_POD_vpnkit-controller_kube-system_86d7220a-a114-41f2-8bcd-bdc720d5c3a9_1
1609947267.418,container_cpu_usage_seconds_total,total,https-metrics,/kubepods/kubepods/besteffort/pod86d7220a-a114-41f2-8bcd-bdc720d5c3a9/8f79923f86b31388518efabf21c53de2d780cad6146643099e677958fe5bf5b0,192.168.65.3:10250,kubelet,/metrics/cadvisor,docker-desktop,prometheus-prometheus-oper-kubelet,0.072133843,kube-system,vpnkit-controller,POD,k8s.gcr.io/pause:3.2,k8s_POD_vpnkit-controller_kube-system_86d7220a-a114-41f2-8bcd-bdc720d5c3a9_1
1609947300.059,container_cpu_usage_seconds_total,total,https-metrics,/kubepods/kubepods/besteffort/pod86d7220a-a114-41f2-8bcd-bdc720d5c3a9/8f79923f86b31388518efabf21c53de2d780cad6146643099e677958fe5bf5b0,192.168.65.3:10250,kubelet,/metrics/cadvisor,docker-desktop,prometheus-prometheus-oper-kubelet,0.072133843,kube-system,vpnkit-controller,POD,k8s.gcr.io/pause:3.2,k8s_POD_vpnkit-controller_kube-system_86d7220a-a114-41f2-8bcd-bdc720d5c3a9_1
1609947330.135,container_cpu_usage_seconds_total,total,https-metrics,/kubepods/kubepods/besteffort/pod86d7220a-a114-41f2-8bcd-bdc720d5c3a9/8f79923f86b31388518efabf21c53de2d780cad6146643099e677958fe5bf5b0,192.168.65.3:10250,kubelet,/metrics/cadvisor,docker-desktop,prometheus-prometheus-oper-kubelet,0.072133843,kube-system,vpnkit-controller,POD,k8s.gcr.io/pause:3.2,k8s_POD_vpnkit-controller_kube-system_86d7220a-a114-41f2-8bcd-bdc720d5c3a9_1
1609947362.5,container_cpu_usage_seconds_total,total,https-metrics,/kubepods/kubepods/besteffort/pod86d7220a-a114-41f2-8bcd-bdc720d5c3a9/8f79923f86b31388518efabf21c53de2d780cad6146643099e677958fe5bf5b0,192.168.65.3:10250,kubelet,/metrics/cadvisor,docker-desktop,prometheus-prometheus-oper-kubelet,0.072133843,kube-system,vpnkit-controller,POD,k8s.gcr.io/pause:3.2,k8s_POD_vpnkit-controller_kube-system_86d7220a-a114-41f2-8bcd-bdc720d5c3a9_1
1609947391.54,container_cpu_usage_seconds_total,total,https-metrics,/kubepods/kubepods/besteffort/pod86d7220a-a114-41f2-8bcd-bdc720d5c3a9/8f79923f86b31388518efabf21c53de2d780cad6146643099e677958fe5bf5b0,192.168.65.3:10250,kubelet,/metrics/cadvisor,docker-desktop,prometheus-prometheus-oper-kubelet,0.072133843,kube-system,vpnkit-controller,POD,k8s.gcr.io/pause:3.2,k8s_POD_vpnkit-controller_kube-system_86d7220a-a114-41f2-8bcd-bdc720d5c3a9_1
1609947424.794,container_cpu_usage_seconds_total,total,https-metrics,/kubepods/kubepods/besteffort/pod86d7220a-a114-41f2-8bcd-bdc720d5c3a9/8f79923f86b31388518efabf21c53de2d780cad6146643099e677958fe5bf5b0,192.168.65.3:10250,kubelet,/metrics/cadvisor,docker-desktop,prometheus-prometheus-oper-kubelet,0.072133843,kube-system,vpnkit-controller,POD,k8s.gcr.io/pause:3.2,k8s_POD_vpnkit-controller_kube-system_86d7220a-a114-41f2-8bcd-bdc720d5c3a9_1
1609947145.44,container_cpu_usage_seconds_total,total,https-metrics,/kubepods/kubepods/besteffort/podb20a4566-cda2-4ca2-8914-ff2b1f6eb9d0/6a84cea0593c09986776597cac337e5442f53e2579805566964ee7388eb66cc0,192.168.65.3:10250,kubelet,/metrics/cadvisor,docker-desktop,prometheus-prometheus-oper-kubelet,0.077556194,prometheus,prometheus-kube-state-metrics-95d956569-lql96,POD,k8s.gcr.io/pause:3.2,k8s_POD_prometheus-kube-state-metrics-95d956569-lql96_prometheus_b20a4566-cda2-4ca2-8914-ff2b1f6eb9d0_1
1609947183.656,container_cpu_usage_seconds_total,total,https-metrics,/kubepods/kubepods/besteffort/podb20a4566-cda2-4ca2-8914-ff2b1f6eb9d0/6a84cea0593c09986776597cac337e5442f53e2579805566964ee7388eb66cc0,192.168.65.3:10250,kubelet,/metrics/cadvisor,docker-desktop,prometheus-prometheus-oper-kubelet,0.077556194,prometheus,prometheus-kube-state-metrics-95d956569-lql96,POD,k8s.gcr.io/pause:3.2,k8s_POD_prometheus-kube-state-metrics-95d956569-lql96_prometheus_b20a4566-cda2-4ca2-8914-ff2b1f6eb9d0_1
1609947200.065,container_cpu_usage_seconds_total,total,https-metrics,/kubepods/kubepods/besteffort/podb20a4566-cda2-4ca2-8914-ff2b1f6eb9d0/6a84cea0593c09986776597cac337e5442f53e2579805566964ee7388eb66cc0,192.168.65.3:10250,kubelet,/metrics/cadvisor,docker-desktop,prometheus-prometheus-oper-kubelet,0.077556194,prometheus,prometheus-kube-state-metrics-95d956569-lql96,POD,k8s.gcr.io/pause:3.2,k8s_POD_prometheus-kube-state-metrics-95d956569-lql96_prometheus_b20a4566-cda2-4ca2-8914-ff2b1f6eb9d0_1
1609947233.627,container_cpu_usage_seconds_total,total,https-metrics,/kubepods/kubepods/besteffort/podb20a4566-cda2-4ca2-8914-ff2b1f6eb9d0/6a84cea0593c09986776597cac337e5442f53e2579805566964ee7388eb66cc0,192.168.65.3:10250,kubelet,/metrics/cadvisor,docker-desktop,prometheus-prometheus-oper-kubelet,0.077556194,prometheus,prometheus-kube-state-metrics-95d956569-lql96,POD,k8s.gcr.io/pause:3.2,k8s_POD_prometheus-kube-state-metrics-95d956569-lql96_prometheus_b20a4566-cda2-4ca2-8914-ff2b1f6eb9d0_1
1609947264.095,container_cpu_usage_seconds_total,total,https-metrics,/kubepods/kubepods/besteffort/podb20a4566-cda2-4ca2-8914-ff2b1f6eb9d0/6a84cea0593c09986776597cac337e5442f53e2579805566964ee7388eb66cc0,192.168.65.3:10250,kubelet,/metrics/cadvisor,docker-desktop,prometheus-prometheus-oper-kubelet,0.077556194,prometheus,prometheus-kube-state-metrics-95d956569-lql96,POD,k8s.gcr.io/pause:3.2,k8s_POD_prometheus-kube-state-metrics-95d956569-lql96_prometheus_b20a4566-cda2-4ca2-8914-ff2b1f6eb9d0_1
1609947291.246,container_cpu_usage_seconds_total,total,https-metrics,/kubepods/kubepods/besteffort/podb20a4566-cda2-4ca2-8914-ff2b1f6eb9d0/6a84cea0593c09986776597cac337e5442f53e2579805566964ee7388eb66cc0,192.168.65.3:10250,kubelet,/metrics/cadvisor,docker-desktop,prometheus-prometheus-oper-kubelet,0.077556194,prometheus,prometheus-kube-state-metrics-95d956569-lql96,POD,k8s.gcr.io/pause:3.2,k8s_POD_prometheus-kube-state-metrics-95d956569-lql96_prometheus_b20a4566-cda2-4ca2-8914-ff2b1f6eb9d0_1
1609947329.162,container_cpu_usage_seconds_total,total,https-metrics,/kubepods/kubepods/besteffort/podb20a4566-cda2-4ca2-8914-ff2b1f6eb9d0/6a84cea0593c09986776597cac337e5442f53e2579805566964ee7388eb66cc0,192.168.65.3:10250,kubelet,/metrics/cadvisor,docker-desktop,prometheus-prometheus-oper-kubelet,0.077556194,prometheus,prometheus-kube-state-metrics-95d956569-lql96,POD,k8s.gcr.io/pause:3.2,k8s_POD_prometheus-kube-state-metrics-95d956569-lql96_prometheus_b20a4566-cda2-4ca2-8914-ff2b1f6eb9d0_1
1609947359.649,container_cpu_usage_seconds_total,total,https-metrics,/kubepods/kubepods/besteffort/podb20a4566-cda2-4ca2-8914-ff2b1f6eb9d0/6a84cea0593c09986776597cac337e5442f53e2579805566964ee7388eb66cc0,192.168.65.3:10250,kubelet,/metrics/cadvisor,docker-desktop,prometheus-prometheus-oper-kubelet,0.077556194,prometheus,prometheus-kube-state-metrics-95d956569-lql96,POD,k8s.gcr.io/pause:3.2,k8s_POD_prometheus-kube-state-metrics-95d956569-lql96_prometheus_b20a4566-cda2-4ca2-8914-ff2b1f6eb9d0_1
1609947385.696,container_cpu_usage_seconds_total,total,https-metrics,/kubepods/kubepods/besteffort/podb20a4566-cda2-4ca2-8914-ff2b1f6eb9d0/6a84cea0593c09986776597cac337e5442f53e2579805566964ee7388eb66cc0,192.168.65.3:10250,kubelet,/metrics/cadvisor,docker-desktop,prometheus-prometheus-oper-kubelet,0.077556194,prometheus,prometheus-kube-state-metrics-95d956569-lql96,POD,k8s.gcr.io/pause:3.2,k8s_POD_prometheus-kube-state-metrics-95d956569-lql96_prometheus_b20a4566-cda2-4ca2-8914-ff2b1f6eb9d0_1
1609947415.081,container_cpu_usage_seconds_total,total,https-metrics,/kubepods/kubepods/besteffort/podb20a4566-cda2-4ca2-8914-ff2b1f6eb9d0/6a84cea0593c09986776597cac337e5442f53e2579805566964ee7388eb66cc0,192.168.65.3:10250,kubelet,/metrics/cadvisor,docker-desktop,prometheus-prometheus-oper-kubelet,0.077556194,prometheus,prometheus-kube-state-metrics-95d956569-lql96,POD,k8s.gcr.io/pause:3.2,k8s_POD_prometheus-kube-state-metrics-95d956569-lql96_prometheus_b20a4566-cda2-4ca2-8914-ff2b1f6eb9d0_1
1609947152.251,container_cpu_usage_seconds_total,total,https-metrics,/kubepods/kubepods/besteffort/podc7cc6a3c3118f127f5fd469ef69477e0/1714f9d95df4e9ba37a45a11b52d7917007a4659776689a4850f140e6a656c25,192.168.65.3:10250,kubelet,/metrics/cadvisor,docker-desktop,prometheus-prometheus-oper-kubelet,0.066760113,kube-system,etcd-docker-desktop,POD,k8s.gcr.io/pause:3.2,k8s_POD_etcd-docker-desktop_kube-system_c7cc6a3c3118f127f5fd469ef69477e0_1
1609947179.574,container_cpu_usage_seconds_total,total,https-metrics,/kubepods/kubepods/besteffort/podc7cc6a3c3118f127f5fd469ef69477e0/1714f9d95df4e9ba37a45a11b52d7917007a4659776689a4850f140e6a656c25,192.168.65.3:10250,kubelet,/metrics/cadvisor,docker-desktop,prometheus-prometheus-oper-kubelet,0.066760113,kube-system,etcd-docker-desktop,POD,k8s.gcr.io/pause:3.2,k8s_POD_etcd-docker-desktop_kube-system_c7cc6a3c3118f127f5fd469ef69477e0_1
1609947210.899,container_cpu_usage_seconds_total,total,https-metrics,/kubepods/kubepods/besteffort/podc7cc6a3c3118f127f5fd469ef69477e0/1714f9d95df4e9ba37a45a11b52d7917007a4659776689a4850f140e6a656c25,192.168.65.3:10250,kubelet,/metrics/cadvisor,docker-desktop,prometheus-prometheus-oper-kubelet,0.066760113,kube-system,etcd-docker-desktop,POD,k8s.gcr.io/pause:3.2,k8s_POD_etcd-docker-desktop_kube-system_c7cc6a3c3118f127f5fd469ef69477e0_1
1609947228.542,container_cpu_usage_seconds_total,total,https-metrics,/kubepods/kubepods/besteffort/podc7cc6a3c3118f127f5fd469ef69477e0/1714f9d95df4e9ba37a45a11b52d7917007a4659776689a4850f140e6a656c25,192.168.65.3:10250,kubelet,/metrics/cadvisor,docker-desktop,prometheus-prometheus-oper-kubelet,0.066760113,kube-system,etcd-docker-desktop,POD,k8s.gcr.io/pause:3.2,k8s_POD_etcd-docker-desktop_kube-system_c7cc6a3c3118f127f5fd469ef69477e0_1
1609947262.685,container_cpu_usage_seconds_total,total,https-metrics,/kubepods/kubepods/besteffort/podc7cc6a3c3118f127f5fd469ef69477e0/1714f9d95df4e9ba37a45a11b52d7917007a4659776689a4850f140e6a656c25,192.168.65.3:10250,kubelet,/metrics/cadvisor,docker-desktop,prometheus-prometheus-oper-kubelet,0.066760113,kube-system,etcd-docker-desktop,POD,k8s.gcr.io/pause:3.2,k8s_POD_etcd-docker-desktop_kube-system_c7cc6a3c3118f127f5fd469ef69477e0_1
1609947290.816,container_cpu_usage_seconds_total,total,https-metrics,/kubepods/kubepods/besteffort/podc7cc6a3c3118f127f5fd469ef69477e0/1714f9d95df4e9ba37a45a11b52d7917007a4659776689a4850f140e6a656c25,192.168.65.3:10250,kubelet,/metrics/cadvisor,docker-desktop,prometheus-prometheus-oper-kubelet,0.066760113,kube-system,etcd-docker-desktop,POD,k8s.gcr.io/pause:3.2,k8s_POD_etcd-docker-desktop_kube-system_c7cc6a3c3118f127f5fd469ef69477e0_1
1609947323.616,container_cpu_usage_seconds_total,total,https-metrics,/kubepods/kubepods/besteffort/podc7cc6a3c3118f127f5fd469ef69477e0/1714f9d95df4e9ba37a45a11b52d7917007a4659776689a4850f140e6a656c25,192.168.65.3:10250,kubelet,/metrics/cadvisor,docker-desktop,prometheus-prometheus-oper-kubelet,0.066760113,kube-system,etcd-docker-desktop,POD,k8s.gcr.io/pause:3.2,k8s_POD_etcd-docker-desktop_kube-system_c7cc6a3c3118f127f5fd469ef69477e0_1
1609947358.176,container_cpu_usage_seconds_total,total,https-metrics,/kubepods/kubepods/besteffort/podc7cc6a3c3118f127f5fd469ef69477e0/1714f9d95df4e9ba37a45a11b52d7917007a4659776689a4850f140e6a656c25,192.168.65.3:10250,kubelet,/metrics/cadvisor,docker-desktop,prometheus-prometheus-oper-kubelet,0.066760113,kube-system,etcd-docker-desktop,POD,k8s.gcr.io/pause:3.2,k8s_POD_etcd-docker-desktop_kube-system_c7cc6a3c3118f127f5fd469ef69477e0_1
1609947388.458,container_cpu_usage_seconds_total,total,https-metrics,/kubepods/kubepods/besteffort/podc7cc6a3c3118f127f5fd469ef69477e0/1714f9d95df4e9ba37a45a11b52d7917007a4659776689a4850f140e6a656c25,192.168.65.3:10250,kubelet,/metrics/cadvisor,docker-desktop,prometheus-prometheus-oper-kubelet,0.066760113,kube-system,etcd-docker-desktop,POD,k8s.gcr.io/pause:3.2,k8s_POD_etcd-docker-desktop_kube-system_c7cc6a3c3118f127f5fd469ef69477e0_1
1609947412.804,container_cpu_usage_seconds_total,total,https-metrics,/kubepods/kubepods/besteffort/podc7cc6a3c3118f127f5fd469ef69477e0/1714f9d95df4e9ba37a45a11b52d7917007a4659776689a4850f140e6a656c25,192.168.65.3:10250,kubelet,/metrics/cadvisor,docker-desktop,prometheus-prometheus-oper-kubelet,0.066760113,kube-system,etcd-docker-desktop,POD,k8s.gcr.io/pause:3.2,k8s_POD_etcd-docker-desktop_kube-system_c7cc6a3c3118f127f5fd469ef69477e0_1
1609947148.197,container_cpu_usage_seconds_total,total,https-metrics,/kubepods/kubepods/burstable/pod07d42b7bf3823b30f57219558fcb55e2/031d1d6a0210da281528ff802fedcba4671ef07ec00801bd94589a0ac4460c3a,192.168.65.3:10250,kubelet,/metrics/cadvisor,docker-desktop,prometheus-prometheus-oper-kubelet,0.067181206,kube-system,kube-controller-manager-docker-desktop,POD,k8s.gcr.io/pause:3.2,k8s_POD_kube-controller-manager-docker-desktop_kube-system_07d42b7bf3823b30f57219558fcb55e2_1
1609947181.895,container_cpu_usage_seconds_total,total,https-metrics,/kubepods/kubepods/burstable/pod07d42b7bf3823b30f57219558fcb55e2/031d1d6a0210da281528ff802fedcba4671ef07ec00801bd94589a0ac4460c3a,192.168.65.3:10250,kubelet,/metrics/cadvisor,docker-desktop,prometheus-prometheus-oper-kubelet,0.067181206,kube-system,kube-controller-manager-docker-desktop,POD,k8s.gcr.io/pause:3.2,k8s_POD_kube-controller-manager-docker-desktop_kube-system_07d42b7bf3823b30f57219558fcb55e2_1
1609947211.749,container_cpu_usage_seconds_total,total,https-metrics,/kubepods/kubepods/burstable/pod07d42b7bf3823b30f57219558fcb55e2/031d1d6a0210da281528ff802fedcba4671ef07ec00801bd94589a0ac4460c3a,192.168.65.3:10250,kubelet,/metrics/cadvisor,docker-desktop,prometheus-prometheus-oper-kubelet,0.067181206,kube-system,kube-controller-manager-docker-desktop,POD,k8s.gcr.io/pause:3.2,k8s_POD_kube-controller-manager-docker-desktop_kube-system_07d42b7bf3823b30f57219558fcb55e2_1
1609947231.196,container_cpu_usage_seconds_total,total,https-metrics,/kubepods/kubepods/burstable/pod07d42b7bf3823b30f57219558fcb55e2/031d1d6a0210da281528ff802fedcba4671ef07ec00801bd94589a0ac4460c3a,192.168.65.3:10250,kubelet,/metrics/cadvisor,docker-desktop,prometheus-prometheus-oper-kubelet,0.067181206,kube-system,kube-controller-manager-docker-desktop,POD,k8s.gcr.io/pause:3.2,k8s_POD_kube-controller-manager-docker-desktop_kube-system_07d42b7bf3823b30f57219558fcb55e2_1
1609947271.5,container_cpu_usage_seconds_total,total,https-metrics,/kubepods/kubepods/burstable/pod07d42b7bf3823b30f57219558fcb55e2/031d1d6a0210da281528ff802fedcba4671ef07ec00801bd94589a0ac4460c3a,192.168.65.3:10250,kubelet,/metrics/cadvisor,docker-desktop,prometheus-prometheus-oper-kubelet,0.067181206,kube-system,kube-controller-manager-docker-desktop,POD,k8s.gcr.io/pause:3.2,k8s_POD_kube-controller-manager-docker-desktop_kube-system_07d42b7bf3823b30f57219558fcb55e2_1
1609947290.796,container_cpu_usage_seconds_total,total,https-metrics,/kubepods/kubepods/burstable/pod07d42b7bf3823b30f57219558fcb55e2/031d1d6a0210da281528ff802fedcba4671ef07ec00801bd94589a0ac4460c3a,192.168.65.3:10250,kubelet,/metrics/cadvisor,docker-desktop,prometheus-prometheus-oper-kubelet,0.067181206,kube-system,kube-controller-manager-docker-desktop,POD,k8s.gcr.io/pause:3.2,k8s_POD_kube-controller-manager-docker-desktop_kube-system_07d42b7bf3823b30f57219558fcb55e2_1
1609947331.66,container_cpu_usage_seconds_total,total,https-metrics,/kubepods/kubepods/burstable/pod07d42b7bf3823b30f57219558fcb55e2/031d1d6a0210da281528ff802fedcba4671ef07ec00801bd94589a0ac4460c3a,192.168.65.3:10250,kubelet,/metrics/cadvisor,docker-desktop,prometheus-prometheus-oper-kubelet,0.067181206,kube-system,kube-controller-manager-docker-desktop,POD,k8s.gcr.io/pause:3.2,k8s_POD_kube-controller-manager-docker-desktop_kube-system_07d42b7bf3823b30f57219558fcb55e2_1
1609947347.3,container_cpu_usage_seconds_total,total,https-metrics,/kubepods/kubepods/burstable/pod07d42b7bf3823b30f57219558fcb55e2/031d1d6a0210da281528ff802fedcba4671ef07ec00801bd94589a0ac4460c3a,192.168.65.3:10250,kubelet,/metrics/cadvisor,docker-desktop,prometheus-prometheus-oper-kubelet,0.067181206,kube-system,kube-controller-manager-docker-desktop,POD,k8s.gcr.io/pause:3.2,k8s_POD_kube-controller-manager-docker-desktop_kube-system_07d42b7bf3823b30f57219558fcb55e2_1
1609947392.887,container_cpu_usage_seconds_total,total,https-metrics,/kubepods/kubepods/burstable/pod07d42b7bf3823b30f57219558fcb55e2/031d1d6a0210da281528ff802fedcba4671ef07ec00801bd94589a0ac4460c3a,192.168.65.3:10250,kubelet,/metrics/cadvisor,docker-desktop,prometheus-prometheus-oper-kubelet,0.067181206,kube-system,kube-controller-manager-docker-desktop,POD,k8s.gcr.io/pause:3.2,k8s_POD_kube-controller-manager-docker-desktop_kube-system_07d42b7bf3823b30f57219558fcb55e2_1
1609947409.882,container_cpu_usage_seconds_total,total,https-metrics,/kubepods/kubepods/burstable/pod07d42b7bf3823b30f57219558fcb55e2/031d1d6a0210da281528ff802fedcba4671ef07ec00801bd94589a0ac4460c3a,192.168.65.3:10250,kubelet,/metrics/cadvisor,docker-desktop,prometheus-prometheus-oper-kubelet,0.067181206,kube-system,kube-controller-manager-docker-desktop,POD,k8s.gcr.io/pause:3.2,k8s_POD_kube-controller-manager-docker-desktop_kube-system_07d42b7bf3823b30f57219558fcb55e2_1
1609947151.474,container_cpu_usage_seconds_total,total,https-metrics,/kubepods/kubepods/burstable/pod1ff7d251-90d1-437d-b25d-017f8eef1650/e1d2325a7db2fdbb83c84a6c51b3eec7bad612f20ecd8732a1a53a6d77a91661,192.168.65.3:10250,kubelet,/metrics/cadvisor,docker-desktop,prometheus-prometheus-oper-kubelet,0.122429243,prometheus,prometheus-prometheus-prometheus-oper-prometheus-0,POD,k8s.gcr.io/pause:3.2,k8s_POD_prometheus-prometheus-prometheus-oper-prometheus-0_prometheus_1ff7d251-90d1-437d-b25d-017f8eef1650_1
1609947175.497,container_cpu_usage_seconds_total,total,https-metrics,/kubepods/kubepods/burstable/pod1ff7d251-90d1-437d-b25d-017f8eef1650/e1d2325a7db2fdbb83c84a6c51b3eec7bad612f20ecd8732a1a53a6d77a91661,192.168.65.3:10250,kubelet,/metrics/cadvisor,docker-desktop,prometheus-prometheus-oper-kubelet,0.122429243,prometheus,prometheus-prometheus-prometheus-oper-prometheus-0,POD,k8s.gcr.io/pause:3.2,k8s_POD_prometheus-prometheus-prometheus-oper-prometheus-0_prometheus_1ff7d251-90d1-437d-b25d-017f8eef1650_1
1609947206.648,container_cpu_usage_seconds_total,total,https-metrics,/kubepods/kubepods/burstable/pod1ff7d251-90d1-437d-b25d-017f8eef1650/e1d2325a7db2fdbb83c84a6c51b3eec7bad612f20ecd8732a1a53a6d77a91661,192.168.65.3:10250,kubelet,/metrics/cadvisor,docker-desktop,prometheus-prometheus-oper-kubelet,0.122429243,prometheus,prometheus-prometheus-prometheus-oper-prometheus-0,POD,k8s.gcr.io/pause:3.2,k8s_POD_prometheus-prometheus-prometheus-oper-prometheus-0_prometheus_1ff7d251-90d1-437d-b25d-017f8eef1650_1
1609947229.463,container_cpu_usage_seconds_total,total,https-metrics,/kubepods/kubepods/burstable/pod1ff7d251-90d1-437d-b25d-017f8eef1650/e1d2325a7db2fdbb83c84a6c51b3eec7bad612f20ecd8732a1a53a6d77a91661,192.168.65.3:10250,kubelet,/metrics/cadvisor,docker-desktop,prometheus-prometheus-oper-kubelet,0.122429243,prometheus,prometheus-prometheus-prometheus-oper-prometheus-0,POD,k8s.gcr.io/pause:3.2,k8s_POD_prometheus-prometheus-prometheus-oper-prometheus-0_prometheus_1ff7d251-90d1-437d-b25d-017f8eef1650_1
1609947265.21,container_cpu_usage_seconds_total,total,https-metrics,/kubepods/kubepods/burstable/pod1ff7d251-90d1-437d-b25d-017f8eef1650/e1d2325a7db2fdbb83c84a6c51b3eec7bad612f20ecd8732a1a53a6d77a91661,192.168.65.3:10250,kubelet,/metrics/cadvisor,docker-desktop,prometheus-prometheus-oper-kubelet,0.122429243,prometheus,prometheus-prometheus-prometheus-oper-prometheus-0,POD,k8s.gcr.io/pause:3.2,k8s_POD_prometheus-prometheus-prometheus-oper-prometheus-0_prometheus_1ff7d251-90d1-437d-b25d-017f8eef1650_1
1609947302.779,container_cpu_usage_seconds_total,total,https-metrics,/kubepods/kubepods/burstable/pod1ff7d251-90d1-437d-b25d-017f8eef1650/e1d2325a7db2fdbb83c84a6c51b3eec7bad612f20ecd8732a1a53a6d77a91661,192.168.65.3:10250,kubelet,/metrics/cadvisor,docker-desktop,prometheus-prometheus-oper-kubelet,0.122429243,prometheus,prometheus-prometheus-prometheus-oper-prometheus-0,POD,k8s.gcr.io/pause:3.2,k8s_POD_prometheus-prometheus-prometheus-oper-prometheus-0_prometheus_1ff7d251-90d1-437d-b25d-017f8eef1650_1
1609947330.655,container_cpu_usage_seconds_total,total,https-metrics,/kubepods/kubepods/burstable/pod1ff7d251-90d1-437d-b25d-017f8eef1650/e1d2325a7db2fdbb83c84a6c51b3eec7bad612f20ecd8732a1a53a6d77a91661,192.168.65.3:10250,kubelet,/metrics/cadvisor,docker-desktop,prometheus-prometheus-oper-kubelet,0.122429243,prometheus,prometheus-prometheus-prometheus-oper-prometheus-0,POD,k8s.gcr.io/pause:3.2,k8s_POD_prometheus-prometheus-prometheus-oper-prometheus-0_prometheus_1ff7d251-90d1-437d-b25d-017f8eef1650_1
1609947349.026,container_cpu_usage_seconds_total,total,https-metrics,/kubepods/kubepods/burstable/pod1ff7d251-90d1-437d-b25d-017f8eef1650/e1d2325a7db2fdbb83c84a6c51b3eec7bad612f20ecd8732a1a53a6d77a91661,192.168.65.3:10250,kubelet,/metrics/cadvisor,docker-desktop,prometheus-prometheus-oper-kubelet,0.122429243,prometheus,prometheus-prometheus-prometheus-oper-prometheus-0,POD,k8s.gcr.io/pause:3.2,k8s_POD_prometheus-prometheus-prometheus-oper-prometheus-0_prometheus_1ff7d251-90d1-437d-b25d-017f8eef1650_1
1609947389.152,container_cpu_usage_seconds_total,total,https-metrics,/kubepods/kubepods/burstable/pod1ff7d251-90d1-437d-b25d-017f8eef1650/e1d2325a7db2fdbb83c84a6c51b3eec7bad612f20ecd8732a1a53a6d77a91661,192.168.65.3:10250,kubelet,/metrics/cadvisor,docker-desktop,prometheus-prometheus-oper-kubelet,0.122429243,prometheus,prometheus-prometheus-prometheus-oper-prometheus-0,POD,k8s.gcr.io/pause:3.2,k8s_POD_prometheus-prometheus-prometheus-oper-prometheus-0_prometheus_1ff7d251-90d1-437d-b25d-017f8eef1650_1
1609947407.616,container_cpu_usage_seconds_total,total,https-metrics,/kubepods/kubepods/burstable/pod1ff7d251-90d1-437d-b25d-017f8eef1650/e1d2325a7db2fdbb83c84a6c51b3eec7bad612f20ecd8732a1a53a6d77a91661,192.168.65.3:10250,kubelet,/metrics/cadvisor,docker-desktop,prometheus-prometheus-oper-kubelet,0.122429243,prometheus,prometheus-prometheus-prometheus-oper-prometheus-0,POD,k8s.gcr.io/pause:3.2,k8s_POD_prometheus-prometheus-prometheus-oper-prometheus-0_prometheus_1ff7d251-90d1-437d-b25d-017f8eef1650_1
1609947179.973,container_cpu_usage_seconds_total,total,https-metrics,/kubepods/kubepods/burstable/pod2085f5be68201a12aeffb940f7ba4272/32714ea0a0550b1d025dc279b76af4656dea11481c6495f71ddc39251d7017b0,192.168.65.3:10250,kubelet,/metrics/cadvisor,docker-desktop,prometheus-prometheus-oper-kubelet,0.062324723,kube-system,kube-apiserver-docker-desktop,POD,k8s.gcr.io/pause:3.2,k8s_POD_kube-apiserver-docker-desktop_kube-system_2085f5be68201a12aeffb940f7ba4272_1
1609947196.759,container_cpu_usage_seconds_total,total,https-metrics,/kubepods/kubepods/burstable/pod2085f5be68201a12aeffb940f7ba4272/32714ea0a0550b1d025dc279b76af4656dea11481c6495f71ddc39251d7017b0,192.168.65.3:10250,kubelet,/metrics/cadvisor,docker-desktop,prometheus-prometheus-oper-kubelet,0.062324723,kube-system,kube-apiserver-docker-desktop,POD,k8s.gcr.io/pause:3.2,k8s_POD_kube-apiserver-docker-desktop_kube-system_2085f5be68201a12aeffb940f7ba4272_1
1609947242.183,container_cpu_usage_seconds_total,total,https-metrics,/kubepods/kubepods/burstable/pod2085f5be68201a12aeffb940f7ba4272/32714ea0a0550b1d025dc279b76af4656dea11481c6495f71ddc39251d7017b0,192.168.65.3:10250,kubelet,/metrics/cadvisor,docker-desktop,prometheus-prometheus-oper-kubelet,0.062324723,kube-system,kube-apiserver-docker-desktop,POD,k8s.gcr.io/pause:3.2,k8s_POD_kube-apiserver-docker-desktop_kube-system_2085f5be68201a12aeffb940f7ba4272_1
1609947272.765,container_cpu_usage_seconds_total,total,https-metrics,/kubepods/kubepods/burstable/pod2085f5be68201a12aeffb940f7ba4272/32714ea0a0550b1d025dc279b76af4656dea11481c6495f71ddc39251d7017b0,192.168.65.3:10250,kubelet,/metrics/cadvisor,docker-desktop,prometheus-prometheus-oper-kubelet,0.062324723,kube-system,kube-apiserver-docker-desktop,POD,k8s.gcr.io/pause:3.2,k8s_POD_kube-apiserver-docker-desktop_kube-system_2085f5be68201a12aeffb940f7ba4272_1
1609947299.853,container_cpu_usage_seconds_total,total,https-metrics,/kubepods/kubepods/burstable/pod2085f5be68201a12aeffb940f7ba4272/32714ea0a0550b1d025dc279b76af4656dea11481c6495f71ddc39251d7017b0,192.168.65.3:10250,kubelet,/metrics/cadvisor,docker-desktop,prometheus-prometheus-oper-kubelet,0.062324723,kube-system,kube-apiserver-docker-desktop,POD,k8s.gcr.io/pause:3.2,k8s_POD_kube-apiserver-docker-desktop_kube-system_2085f5be68201a12aeffb940f7ba4272_1
1609947328.622,container_cpu_usage_seconds_total,total,https-metrics,/kubepods/kubepods/burstable/pod2085f5be68201a12aeffb940f7ba4272/32714ea0a0550b1d025dc279b76af4656dea11481c6495f71ddc39251d7017b0,192.168.65.3:10250,kubelet,/metrics/cadvisor,docker-desktop,prometheus-prometheus-oper-kubelet,0.062324723,kube-system,kube-apiserver-docker-desktop,POD,k8s.gcr.io/pause:3.2,k8s_POD_kube-apiserver-docker-desktop_kube-system_2085f5be68201a12aeffb940f7ba4272_1
1609947356.615,container_cpu_usage_seconds_total,total,https-metrics,/kubepods/kubepods/burstable/pod2085f5be68201a12aeffb940f7ba4272/32714ea0a0550b1d025dc279b76af4656dea11481c6495f71ddc39251d7017b0,192.168.65.3:10250,kubelet,/metrics/cadvisor,docker-desktop,prometheus-prometheus-oper-kubelet,0.062324723,kube-system,kube-apiserver-docker-desktop,POD,k8s.gcr.io/pause:3.2,k8s_POD_kube-apiserver-docker-desktop_kube-system_2085f5be68201a12aeffb940f7ba4272_1
1609947387.252,container_cpu_usage_seconds_total,total,https-metrics,/kubepods/kubepods/burstable/pod2085f5be68201a12aeffb940f7ba4272/32714ea0a0550b1d025dc279b76af4656dea11481c6495f71ddc39251d7017b0,192.168.65.3:10250,kubelet,/metrics/cadvisor,docker-desktop,prometheus-prometheus-oper-kubelet,0.062324723,kube-system,kube-apiserver-docker-desktop,POD,k8s.gcr.io/pause:3.2,k8s_POD_kube-apiserver-docker-desktop_kube-system_2085f5be68201a12aeffb940f7ba4272_1
1609947420.96,container_cpu_usage_seconds_total,total,https-metrics,/kubepods/kubepods/burstable/pod2085f5be68201a12aeffb940f7ba4272/32714ea0a0550b1d025dc279b76af4656dea11481c6495f71ddc39251d7017b0,192.168.65.3:10250,kubelet,/metrics/cadvisor,docker-desktop,prometheus-prometheus-oper-kubelet,0.062324723,kube-system,kube-apiserver-docker-desktop,POD,k8s.gcr.io/pause:3.2,k8s_POD_kube-apiserver-docker-desktop_kube-system_2085f5be68201a12aeffb940f7ba4272_1
1609947155.073,container_cpu_usage_seconds_total,total,https-metrics,/kubepods/kubepods/burstable/pod63ccfa2b-a3dc-420b-8138-cb562267ad59/e29199f40763701a2e6ddfba34923c88ea1757ccc9d9dc7eb7654091d27ef3ab,192.168.65.3:10250,kubelet,/metrics/cadvisor,docker-desktop,prometheus-prometheus-oper-kubelet,0.107002398,kube-system,coredns-f9fd979d6-p9xfm,POD,k8s.gcr.io/pause:3.2,k8s_POD_coredns-f9fd979d6-p9xfm_kube-system_63ccfa2b-a3dc-420b-8138-cb562267ad59_1
1609947174.62,container_cpu_usage_seconds_total,total,https-metrics,/kubepods/kubepods/burstable/pod63ccfa2b-a3dc-420b-8138-cb562267ad59/e29199f40763701a2e6ddfba34923c88ea1757ccc9d9dc7eb7654091d27ef3ab,192.168.65.3:10250,kubelet,/metrics/cadvisor,docker-desktop,prometheus-prometheus-oper-kubelet,0.107002398,kube-system,coredns-f9fd979d6-p9xfm,POD,k8s.gcr.io/pause:3.2,k8s_POD_coredns-f9fd979d6-p9xfm_kube-system_63ccfa2b-a3dc-420b-8138-cb562267ad59_1
1609947214.439,container_cpu_usage_seconds_total,total,https-metrics,/kubepods/kubepods/burstable/pod63ccfa2b-a3dc-420b-8138-cb562267ad59/e29199f40763701a2e6ddfba34923c88ea1757ccc9d9dc7eb7654091d27ef3ab,192.168.65.3:10250,kubelet,/metrics/cadvisor,docker-desktop,prometheus-prometheus-oper-kubelet,0.107002398,kube-system,coredns-f9fd979d6-p9xfm,POD,k8s.gcr.io/pause:3.2,k8s_POD_coredns-f9fd979d6-p9xfm_kube-system_63ccfa2b-a3dc-420b-8138-cb562267ad59_1
1609947230.281,container_cpu_usage_seconds_total,total,https-metrics,/kubepods/kubepods/burstable/pod63ccfa2b-a3dc-420b-8138-cb562267ad59/e29199f40763701a2e6ddfba34923c88ea1757ccc9d9dc7eb7654091d27ef3ab,192.168.65.3:10250,kubelet,/metrics/cadvisor,docker-desktop,prometheus-prometheus-oper-kubelet,0.107002398,kube-system,coredns-f9fd979d6-p9xfm,POD,k8s.gcr.io/pause:3.2,k8s_POD_coredns-f9fd979d6-p9xfm_kube-system_63ccfa2b-a3dc-420b-8138-cb562267ad59_1
1609947269.309,container_cpu_usage_seconds_total,total,https-metrics,/kubepods/kubepods/burstable/pod63ccfa2b-a3dc-420b-8138-cb562267ad59/e29199f40763701a2e6ddfba34923c88ea1757ccc9d9dc7eb7654091d27ef3ab,192.168.65.3:10250,kubelet,/metrics/cadvisor,docker-desktop,prometheus-prometheus-oper-kubelet,0.107002398,kube-system,coredns-f9fd979d6-p9xfm,POD,k8s.gcr.io/pause:3.2,k8s_POD_coredns-f9fd979d6-p9xfm_kube-system_63ccfa2b-a3dc-420b-8138-cb562267ad59_1
1609947288.47,container_cpu_usage_seconds_total,total,https-metrics,/kubepods/kubepods/burstable/pod63ccfa2b-a3dc-420b-8138-cb562267ad59/e29199f40763701a2e6ddfba34923c88ea1757ccc9d9dc7eb7654091d27ef3ab,192.168.65.3:10250,kubelet,/metrics/cadvisor,docker-desktop,prometheus-prometheus-oper-kubelet,0.107002398,kube-system,coredns-f9fd979d6-p9xfm,POD,k8s.gcr.io/pause:3.2,k8s_POD_coredns-f9fd979d6-p9xfm_kube-system_63ccfa2b-a3dc-420b-8138-cb562267ad59_1
1609947322.755,container_cpu_usage_seconds_total,total,https-metrics,/kubepods/kubepods/burstable/pod63ccfa2b-a3dc-420b-8138-cb562267ad59/e29199f40763701a2e6ddfba34923c88ea1757ccc9d9dc7eb7654091d27ef3ab,192.168.65.3:10250,kubelet,/metrics/cadvisor,docker-desktop,prometheus-prometheus-oper-kubelet,0.107002398,kube-system,coredns-f9fd979d6-p9xfm,POD,k8s.gcr.io/pause:3.2,k8s_POD_coredns-f9fd979d6-p9xfm_kube-system_63ccfa2b-a3dc-420b-8138-cb562267ad59_1
1609947351.242,container_cpu_usage_seconds_total,total,https-metrics,/kubepods/kubepods/burstable/pod63ccfa2b-a3dc-420b-8138-cb562267ad59/e29199f40763701a2e6ddfba34923c88ea1757ccc9d9dc7eb7654091d27ef3ab,192.168.65.3:10250,kubelet,/metrics/cadvisor,docker-desktop,prometheus-prometheus-oper-kubelet,0.107002398,kube-system,coredns-f9fd979d6-p9xfm,POD,k8s.gcr.io/pause:3.2,k8s_POD_coredns-f9fd979d6-p9xfm_kube-system_63ccfa2b-a3dc-420b-8138-cb562267ad59_1
1609947384.104,container_cpu_usage_seconds_total,total,https-metrics,/kubepods/kubepods/burstable/pod63ccfa2b-a3dc-420b-8138-cb562267ad59/e29199f40763701a2e6ddfba34923c88ea1757ccc9d9dc7eb7654091d27ef3ab,192.168.65.3:10250,kubelet,/metrics/cadvisor,docker-desktop,prometheus-prometheus-oper-kubelet,0.107002398,kube-system,coredns-f9fd979d6-p9xfm,POD,k8s.gcr.io/pause:3.2,k8s_POD_coredns-f9fd979d6-p9xfm_kube-system_63ccfa2b-a3dc-420b-8138-cb562267ad59_1
1609947425.023,container_cpu_usage_seconds_total,total,https-metrics,/kubepods/kubepods/burstable/pod63ccfa2b-a3dc-420b-8138-cb562267ad59/e29199f40763701a2e6ddfba34923c88ea1757ccc9d9dc7eb7654091d27ef3ab,192.168.65.3:10250,kubelet,/metrics/cadvisor,docker-desktop,prometheus-prometheus-oper-kubelet,0.107002398,kube-system,coredns-f9fd979d6-p9xfm,POD,k8s.gcr.io/pause:3.2,k8s_POD_coredns-f9fd979d6-p9xfm_kube-system_63ccfa2b-a3dc-420b-8138-cb562267ad59_1
1609947148.608,container_cpu_usage_seconds_total,total,https-metrics,/kubepods/kubepods/burstable/pod7d04da8a-9ad4-4526-a6a2-0df980430a12/1fcd06a352c32cf6f69ec3a4afc00b433fb3412a4977d5a6446f5d5bd316834e,192.168.65.3:10250,kubelet,/metrics/cadvisor,docker-desktop,prometheus-prometheus-oper-kubelet,0.10821421,prometheus,alertmanager-prometheus-prometheus-oper-alertmanager-0,POD,k8s.gcr.io/pause:3.2,k8s_POD_alertmanager-prometheus-prometheus-oper-alertmanager-0_prometheus_7d04da8a-9ad4-4526-a6a2-0df980430a12_1
1609947182.658,container_cpu_usage_seconds_total,total,https-metrics,/kubepods/kubepods/burstable/pod7d04da8a-9ad4-4526-a6a2-0df980430a12/1fcd06a352c32cf6f69ec3a4afc00b433fb3412a4977d5a6446f5d5bd316834e,192.168.65.3:10250,kubelet,/metrics/cadvisor,docker-desktop,prometheus-prometheus-oper-kubelet,0.10821421,prometheus,alertmanager-prometheus-prometheus-oper-alertmanager-0,POD,k8s.gcr.io/pause:3.2,k8s_POD_alertmanager-prometheus-prometheus-oper-alertmanager-0_prometheus_7d04da8a-9ad4-4526-a6a2-0df980430a12_1
1609947208.021,container_cpu_usage_seconds_total,total,https-metrics,/kubepods/kubepods/burstable/pod7d04da8a-9ad4-4526-a6a2-0df980430a12/1fcd06a352c32cf6f69ec3a4afc00b433fb3412a4977d5a6446f5d5bd316834e,192.168.65.3:10250,kubelet,/metrics/cadvisor,docker-desktop,prometheus-prometheus-oper-kubelet,0.10821421,prometheus,alertmanager-prometheus-prometheus-oper-alertmanager-0,POD,k8s.gcr.io/pause:3.2,k8s_POD_alertmanager-prometheus-prometheus-oper-alertmanager-0_prometheus_7d04da8a-9ad4-4526-a6a2-0df980430a12_1
1609947235.892,container_cpu_usage_seconds_total,total,https-metrics,/kubepods/kubepods/burstable/pod7d04da8a-9ad4-4526-a6a2-0df980430a12/1fcd06a352c32cf6f69ec3a4afc00b433fb3412a4977d5a6446f5d5bd316834e,192.168.65.3:10250,kubelet,/metrics/cadvisor,docker-desktop,prometheus-prometheus-oper-kubelet,0.10821421,prometheus,alertmanager-prometheus-prometheus-oper-alertmanager-0,POD,k8s.gcr.io/pause:3.2,k8s_POD_alertmanager-prometheus-prometheus-oper-alertmanager-0_prometheus_7d04da8a-9ad4-4526-a6a2-0df980430a12_1
1609947269.848,container_cpu_usage_seconds_total,total,https-metrics,/kubepods/kubepods/burstable/pod7d04da8a-9ad4-4526-a6a2-0df980430a12/1fcd06a352c32cf6f69ec3a4afc00b433fb3412a4977d5a6446f5d5bd316834e,192.168.65.3:10250,kubelet,/metrics/cadvisor,docker-desktop,prometheus-prometheus-oper-kubelet,0.10821421,prometheus,alertmanager-prometheus-prometheus-oper-alertmanager-0,POD,k8s.gcr.io/pause:3.2,k8s_POD_alertmanager-prometheus-prometheus-oper-alertmanager-0_prometheus_7d04da8a-9ad4-4526-a6a2-0df980430a12_1
1609947298.087,container_cpu_usage_seconds_total,total,https-metrics,/kubepods/kubepods/burstable/pod7d04da8a-9ad4-4526-a6a2-0df980430a12/1fcd06a352c32cf6f69ec3a4afc00b433fb3412a4977d5a6446f5d5bd316834e,192.168.65.3:10250,kubelet,/metrics/cadvisor,docker-desktop,prometheus-prometheus-oper-kubelet,0.10821421,prometheus,alertmanager-prometheus-prometheus-oper-alertmanager-0,POD,k8s.gcr.io/pause:3.2,k8s_POD_alertmanager-prometheus-prometheus-oper-alertmanager-0_prometheus_7d04da8a-9ad4-4526-a6a2-0df980430a12_1
1609947325.923,container_cpu_usage_seconds_total,total,https-metrics,/kubepods/kubepods/burstable/pod7d04da8a-9ad4-4526-a6a2-0df980430a12/1fcd06a352c32cf6f69ec3a4afc00b433fb3412a4977d5a6446f5d5bd316834e,192.168.65.3:10250,kubelet,/metrics/cadvisor,docker-desktop,prometheus-prometheus-oper-kubelet,0.10821421,prometheus,alertmanager-prometheus-prometheus-oper-alertmanager-0,POD,k8s.gcr.io/pause:3.2,k8s_POD_alertmanager-prometheus-prometheus-oper-alertmanager-0_prometheus_7d04da8a-9ad4-4526-a6a2-0df980430a12_1
1609947353.342,container_cpu_usage_seconds_total,total,https-metrics,/kubepods/kubepods/burstable/pod7d04da8a-9ad4-4526-a6a2-0df980430a12/1fcd06a352c32cf6f69ec3a4afc00b433fb3412a4977d5a6446f5d5bd316834e,192.168.65.3:10250,kubelet,/metrics/cadvisor,docker-desktop,prometheus-prometheus-oper-kubelet,0.10821421,prometheus,alertmanager-prometheus-prometheus-oper-alertmanager-0,POD,k8s.gcr.io/pause:3.2,k8s_POD_alertmanager-prometheus-prometheus-oper-alertmanager-0_prometheus_7d04da8a-9ad4-4526-a6a2-0df980430a12_1
1609947393.766,container_cpu_usage_seconds_total,total,https-metrics,/kubepods/kubepods/burstable/pod7d04da8a-9ad4-4526-a6a2-0df980430a12/1fcd06a352c32cf6f69ec3a4afc00b433fb3412a4977d5a6446f5d5bd316834e,192.168.65.3:10250,kubelet,/metrics/cadvisor,docker-desktop,prometheus-prometheus-oper-kubelet,0.10821421,prometheus,alertmanager-prometheus-prometheus-oper-alertmanager-0,POD,k8s.gcr.io/pause:3.2,k8s_POD_alertmanager-prometheus-prometheus-oper-alertmanager-0_prometheus_7d04da8a-9ad4-4526-a6a2-0df980430a12_1
1609947411.981,container_cpu_usage_seconds_total,total,https-metrics,/kubepods/kubepods/burstable/pod7d04da8a-9ad4-4526-a6a2-0df980430a12/1fcd06a352c32cf6f69ec3a4afc00b433fb3412a4977d5a6446f5d5bd316834e,192.168.65.3:10250,kubelet,/metrics/cadvisor,docker-desktop,prometheus-prometheus-oper-kubelet,0.10821421,prometheus,alertmanager-prometheus-prometheus-oper-alertmanager-0,POD,k8s.gcr.io/pause:3.2,k8s_POD_alertmanager-prometheus-prometheus-oper-alertmanager-0_prometheus_7d04da8a-9ad4-4526-a6a2-0df980430a12_1
1609947153.097,container_cpu_usage_seconds_total,total,https-metrics,/kubepods/kubepods/burstable/podb9ab7123-ac4e-463f-853a-c59a8a906994/7eb2d2eb3bff522d114c62def5ea7985d197d5041f9d33b7223f4a618a28a41e,192.168.65.3:10250,kubelet,/metrics/cadvisor,docker-desktop,prometheus-prometheus-oper-kubelet,0.1116366,kube-system,coredns-f9fd979d6-jn9tl,POD,k8s.gcr.io/pause:3.2,k8s_POD_coredns-f9fd979d6-jn9tl_kube-system_b9ab7123-ac4e-463f-853a-c59a8a906994_1
1609947172.984,container_cpu_usage_seconds_total,total,https-metrics,/kubepods/kubepods/burstable/podb9ab7123-ac4e-463f-853a-c59a8a906994/7eb2d2eb3bff522d114c62def5ea7985d197d5041f9d33b7223f4a618a28a41e,192.168.65.3:10250,kubelet,/metrics/cadvisor,docker-desktop,prometheus-prometheus-oper-kubelet,0.1116366,kube-system,coredns-f9fd979d6-jn9tl,POD,k8s.gcr.io/pause:3.2,k8s_POD_coredns-f9fd979d6-jn9tl_kube-system_b9ab7123-ac4e-463f-853a-c59a8a906994_1
1609947201.981,container_cpu_usage_seconds_total,total,https-metrics,/kubepods/kubepods/burstable/podb9ab7123-ac4e-463f-853a-c59a8a906994/7eb2d2eb3bff522d114c62def5ea7985d197d5041f9d33b7223f4a618a28a41e,192.168.65.3:10250,kubelet,/metrics/cadvisor,docker-desktop,prometheus-prometheus-oper-kubelet,0.1116366,kube-system,coredns-f9fd979d6-jn9tl,POD,k8s.gcr.io/pause:3.2,k8s_POD_coredns-f9fd979d6-jn9tl_kube-system_b9ab7123-ac4e-463f-853a-c59a8a906994_1
1609947235.203,container_cpu_usage_seconds_total,total,https-metrics,/kubepods/kubepods/burstable/podb9ab7123-ac4e-463f-853a-c59a8a906994/7eb2d2eb3bff522d114c62def5ea7985d197d5041f9d33b7223f4a618a28a41e,192.168.65.3:10250,kubelet,/metrics/cadvisor,docker-desktop,prometheus-prometheus-oper-kubelet,0.1116366,kube-system,coredns-f9fd979d6-jn9tl,POD,k8s.gcr.io/pause:3.2,k8s_POD_coredns-f9fd979d6-jn9tl_kube-system_b9ab7123-ac4e-463f-853a-c59a8a906994_1
1609947262.347,container_cpu_usage_seconds_total,total,https-metrics,/kubepods/kubepods/burstable/podb9ab7123-ac4e-463f-853a-c59a8a906994/7eb2d2eb3bff522d114c62def5ea7985d197d5041f9d33b7223f4a618a28a41e,192.168.65.3:10250,kubelet,/metrics/cadvisor,docker-desktop,prometheus-prometheus-oper-kubelet,0.1116366,kube-system,coredns-f9fd979d6-jn9tl,POD,k8s.gcr.io/pause:3.2,k8s_POD_coredns-f9fd979d6-jn9tl_kube-system_b9ab7123-ac4e-463f-853a-c59a8a906994_1
1609947297.104,container_cpu_usage_seconds_total,total,https-metrics,/kubepods/kubepods/burstable/podb9ab7123-ac4e-463f-853a-c59a8a906994/7eb2d2eb3bff522d114c62def5ea7985d197d5041f9d33b7223f4a618a28a41e,192.168.65.3:10250,kubelet,/metrics/cadvisor,docker-desktop,prometheus-prometheus-oper-kubelet,0.1116366,kube-system,coredns-f9fd979d6-jn9tl,POD,k8s.gcr.io/pause:3.2,k8s_POD_coredns-f9fd979d6-jn9tl_kube-system_b9ab7123-ac4e-463f-853a-c59a8a906994_1
1609947326.157,container_cpu_usage_seconds_total,total,https-metrics,/kubepods/kubepods/burstable/podb9ab7123-ac4e-463f-853a-c59a8a906994/7eb2d2eb3bff522d114c62def5ea7985d197d5041f9d33b7223f4a618a28a41e,192.168.65.3:10250,kubelet,/metrics/cadvisor,docker-desktop,prometheus-prometheus-oper-kubelet,0.1116366,kube-system,coredns-f9fd979d6-jn9tl,POD,k8s.gcr.io/pause:3.2,k8s_POD_coredns-f9fd979d6-jn9tl_kube-system_b9ab7123-ac4e-463f-853a-c59a8a906994_1
1609947364.632,container_cpu_usage_seconds_total,total,https-metrics,/kubepods/kubepods/burstable/podb9ab7123-ac4e-463f-853a-c59a8a906994/7eb2d2eb3bff522d114c62def5ea7985d197d5041f9d33b7223f4a618a28a41e,192.168.65.3:10250,kubelet,/metrics/cadvisor,docker-desktop,prometheus-prometheus-oper-kubelet,0.1116366,kube-system,coredns-f9fd979d6-jn9tl,POD,k8s.gcr.io/pause:3.2,k8s_POD_coredns-f9fd979d6-jn9tl_kube-system_b9ab7123-ac4e-463f-853a-c59a8a906994_1
1609947394.034,container_cpu_usage_seconds_total,total,https-metrics,/kubepods/kubepods/burstable/podb9ab7123-ac4e-463f-853a-c59a8a906994/7eb2d2eb3bff522d114c62def5ea7985d197d5041f9d33b7223f4a618a28a41e,192.168.65.3:10250,kubelet,/metrics/cadvisor,docker-desktop,prometheus-prometheus-oper-kubelet,0.1116366,kube-system,coredns-f9fd979d6-jn9tl,POD,k8s.gcr.io/pause:3.2,k8s_POD_coredns-f9fd979d6-jn9tl_kube-system_b9ab7123-ac4e-463f-853a-c59a8a906994_1
1609947419.818,container_cpu_usage_seconds_total,total,https-metrics,/kubepods/kubepods/burstable/podb9ab7123-ac4e-463f-853a-c59a8a906994/7eb2d2eb3bff522d114c62def5ea7985d197d5041f9d33b7223f4a618a28a41e,192.168.65.3:10250,kubelet,/metrics/cadvisor,docker-desktop,prometheus-prometheus-oper-kubelet,0.1116366,kube-system,coredns-f9fd979d6-jn9tl,POD,k8s.gcr.io/pause:3.2,k8s_POD_coredns-f9fd979d6-jn9tl_kube-system_b9ab7123-ac4e-463f-853a-c59a8a906994_1
1609947173.22,container_cpu_usage_seconds_total,total,https-metrics,/kubepods/kubepods/burstable/podee4c94eb845abf1878fb3c4c489b1365/4665e2fc40383a7511af36b29aed4f56e27819e17ba9014336e7216b685010c5,192.168.65.3:10250,kubelet,/metrics/cadvisor,docker-desktop,prometheus-prometheus-oper-kubelet,0.069173661,kube-system,kube-scheduler-docker-desktop,POD,k8s.gcr.io/pause:3.2,k8s_POD_kube-scheduler-docker-desktop_kube-system_ee4c94eb845abf1878fb3c4c489b1365_1
1609947207.421,container_cpu_usage_seconds_total,total,https-metrics,/kubepods/kubepods/burstable/podee4c94eb845abf1878fb3c4c489b1365/4665e2fc40383a7511af36b29aed4f56e27819e17ba9014336e7216b685010c5,192.168.65.3:10250,kubelet,/metrics/cadvisor,docker-desktop,prometheus-prometheus-oper-kubelet,0.069173661,kube-system,kube-scheduler-docker-desktop,POD,k8s.gcr.io/pause:3.2,k8s_POD_kube-scheduler-docker-desktop_kube-system_ee4c94eb845abf1878fb3c4c489b1365_1
1609947236.125,container_cpu_usage_seconds_total,total,https-metrics,/kubepods/kubepods/burstable/podee4c94eb845abf1878fb3c4c489b1365/4665e2fc40383a7511af36b29aed4f56e27819e17ba9014336e7216b685010c5,192.168.65.3:10250,kubelet,/metrics/cadvisor,docker-desktop,prometheus-prometheus-oper-kubelet,0.069173661,kube-system,kube-scheduler-docker-desktop,POD,k8s.gcr.io/pause:3.2,k8s_POD_kube-scheduler-docker-desktop_kube-system_ee4c94eb845abf1878fb3c4c489b1365_1
1609947265.427,container_cpu_usage_seconds_total,total,https-metrics,/kubepods/kubepods/burstable/podee4c94eb845abf1878fb3c4c489b1365/4665e2fc40383a7511af36b29aed4f56e27819e17ba9014336e7216b685010c5,192.168.65.3:10250,kubelet,/metrics/cadvisor,docker-desktop,prometheus-prometheus-oper-kubelet,0.069173661,kube-system,kube-scheduler-docker-desktop,POD,k8s.gcr.io/pause:3.2,k8s_POD_kube-scheduler-docker-desktop_kube-system_ee4c94eb845abf1878fb3c4c489b1365_1
1609947298.236,container_cpu_usage_seconds_total,total,https-metrics,/kubepods/kubepods/burstable/podee4c94eb845abf1878fb3c4c489b1365/4665e2fc40383a7511af36b29aed4f56e27819e17ba9014336e7216b685010c5,192.168.65.3:10250,kubelet,/metrics/cadvisor,docker-desktop,prometheus-prometheus-oper-kubelet,0.069173661,kube-system,kube-scheduler-docker-desktop,POD,k8s.gcr.io/pause:3.2,k8s_POD_kube-scheduler-docker-desktop_kube-system_ee4c94eb845abf1878fb3c4c489b1365_1
1609947332.876,container_cpu_usage_seconds_total,total,https-metrics,/kubepods/kubepods/burstable/podee4c94eb845abf1878fb3c4c489b1365/4665e2fc40383a7511af36b29aed4f56e27819e17ba9014336e7216b685010c5,192.168.65.3:10250,kubelet,/metrics/cadvisor,docker-desktop,prometheus-prometheus-oper-kubelet,0.069173661,kube-system,kube-scheduler-docker-desktop,POD,k8s.gcr.io/pause:3.2,k8s_POD_kube-scheduler-docker-desktop_kube-system_ee4c94eb845abf1878fb3c4c489b1365_1
1609947349.373,container_cpu_usage_seconds_total,total,https-metrics,/kubepods/kubepods/burstable/podee4c94eb845abf1878fb3c4c489b1365/4665e2fc40383a7511af36b29aed4f56e27819e17ba9014336e7216b685010c5,192.168.65.3:10250,kubelet,/metrics/cadvisor,docker-desktop,prometheus-prometheus-oper-kubelet,0.069173661,kube-system,kube-scheduler-docker-desktop,POD,k8s.gcr.io/pause:3.2,k8s_POD_kube-scheduler-docker-desktop_kube-system_ee4c94eb845abf1878fb3c4c489b1365_1
1609947383.305,container_cpu_usage_seconds_total,total,https-metrics,/kubepods/kubepods/burstable/podee4c94eb845abf1878fb3c4c489b1365/4665e2fc40383a7511af36b29aed4f56e27819e17ba9014336e7216b685010c5,192.168.65.3:10250,kubelet,/metrics/cadvisor,docker-desktop,prometheus-prometheus-oper-kubelet,0.069173661,kube-system,kube-scheduler-docker-desktop,POD,k8s.gcr.io/pause:3.2,k8s_POD_kube-scheduler-docker-desktop_kube-system_ee4c94eb845abf1878fb3c4c489b1365_1
1609947420.768,container_cpu_usage_seconds_total,total,https-metrics,/kubepods/kubepods/burstable/podee4c94eb845abf1878fb3c4c489b1365/4665e2fc40383a7511af36b29aed4f56e27819e17ba9014336e7216b685010c5,192.168.65.3:10250,kubelet,/metrics/cadvisor,docker-desktop,prometheus-prometheus-oper-kubelet,0.069173661,kube-system,kube-scheduler-docker-desktop,POD,k8s.gcr.io/pause:3.2,k8s_POD_kube-scheduler-docker-desktop_kube-system_ee4c94eb845abf1878fb3c4c489b1365_1
1609947152.173,container_cpu_usage_seconds_total,total,https-metrics,/kubepods/kubepods/burstable/pod7d04da8a-9ad4-4526-a6a2-0df980430a12/1050e2f9347beef6490e2c4303346caeffc41783bb307c8999f0036b9d7e0165,192.168.65.3:10250,kubelet,/metrics/cadvisor,docker-desktop,prometheus-prometheus-oper-kubelet,61.555843698,prometheus,alertmanager-prometheus-prometheus-oper-alertmanager-0,alertmanager,sha256:c876f5897d7b07a19836227e26de9053c4ae14c114e43635df6fdb4a4b251ba6,k8s_alertmanager_alertmanager-prometheus-prometheus-oper-alertmanager-0_prometheus_7d04da8a-9ad4-4526-a6a2-0df980430a12_1
1609947174.986,container_cpu_usage_seconds_total,total,https-metrics,/kubepods/kubepods/burstable/pod7d04da8a-9ad4-4526-a6a2-0df980430a12/1050e2f9347beef6490e2c4303346caeffc41783bb307c8999f0036b9d7e0165,192.168.65.3:10250,kubelet,/metrics/cadvisor,docker-desktop,prometheus-prometheus-oper-kubelet,61.60965393,prometheus,alertmanager-prometheus-prometheus-oper-alertmanager-0,alertmanager,sha256:c876f5897d7b07a19836227e26de9053c4ae14c114e43635df6fdb4a4b251ba6,k8s_alertmanager_alertmanager-prometheus-prometheus-oper-alertmanager-0_prometheus_7d04da8a-9ad4-4526-a6a2-0df980430a12_1
1609947197.361,container_cpu_usage_seconds_total,total,https-metrics,/kubepods/kubepods/burstable/pod7d04da8a-9ad4-4526-a6a2-0df980430a12/1050e2f9347beef6490e2c4303346caeffc41783bb307c8999f0036b9d7e0165,192.168.65.3:10250,kubelet,/metrics/cadvisor,docker-desktop,prometheus-prometheus-oper-kubelet,61.682099168,prometheus,alertmanager-prometheus-prometheus-oper-alertmanager-0,alertmanager,sha256:c876f5897d7b07a19836227e26de9053c4ae14c114e43635df6fdb4a4b251ba6,k8s_alertmanager_alertmanager-prometheus-prometheus-oper-alertmanager-0_prometheus_7d04da8a-9ad4-4526-a6a2-0df980430a12_1
1609947232.201,container_cpu_usage_seconds_total,total,https-metrics,/kubepods/kubepods/burstable/pod7d04da8a-9ad4-4526-a6a2-0df980430a12/1050e2f9347beef6490e2c4303346caeffc41783bb307c8999f0036b9d7e0165,192.168.65.3:10250,kubelet,/metrics/cadvisor,docker-desktop,prometheus-prometheus-oper-kubelet,61.745839087,prometheus,alertmanager-prometheus-prometheus-oper-alertmanager-0,alertmanager,sha256:c876f5897d7b07a19836227e26de9053c4ae14c114e43635df6fdb4a4b251ba6,k8s_alertmanager_alertmanager-prometheus-prometheus-oper-alertmanager-0_prometheus_7d04da8a-9ad4-4526-a6a2-0df980430a12_1
1609947265.827,container_cpu_usage_seconds_total,total,https-metrics,/kubepods/kubepods/burstable/pod7d04da8a-9ad4-4526-a6a2-0df980430a12/1050e2f9347beef6490e2c4303346caeffc41783bb307c8999f0036b9d7e0165,192.168.65.3:10250,kubelet,/metrics/cadvisor,docker-desktop,prometheus-prometheus-oper-kubelet,61.819525106,prometheus,alertmanager-prometheus-prometheus-oper-alertmanager-0,alertmanager,sha256:c876f5897d7b07a19836227e26de9053c4ae14c114e43635df6fdb4a4b251ba6,k8s_alertmanager_alertmanager-prometheus-prometheus-oper-alertmanager-0_prometheus_7d04da8a-9ad4-4526-a6a2-0df980430a12_1
1609947290.029,container_cpu_usage_seconds_total,total,https-metrics,/kubepods/kubepods/burstable/pod7d04da8a-9ad4-4526-a6a2-0df980430a12/1050e2f9347beef6490e2c4303346caeffc41783bb307c8999f0036b9d7e0165,192.168.65.3:10250,kubelet,/metrics/cadvisor,docker-desktop,prometheus-prometheus-oper-kubelet,61.873228517,prometheus,alertmanager-prometheus-prometheus-oper-alertmanager-0,alertmanager,sha256:c876f5897d7b07a19836227e26de9053c4ae14c114e43635df6fdb4a4b251ba6,k8s_alertmanager_alertmanager-prometheus-prometheus-oper-alertmanager-0_prometheus_7d04da8a-9ad4-4526-a6a2-0df980430a12_1
1609947321.703,container_cpu_usage_seconds_total,total,https-metrics,/kubepods/kubepods/burstable/pod7d04da8a-9ad4-4526-a6a2-0df980430a12/1050e2f9347beef6490e2c4303346caeffc41783bb307c8999f0036b9d7e0165,192.168.65.3:10250,kubelet,/metrics/cadvisor,docker-desktop,prometheus-prometheus-oper-kubelet,61.950410065,prometheus,alertmanager-prometheus-prometheus-oper-alertmanager-0,alertmanager,sha256:c876f5897d7b07a19836227e26de9053c4ae14c114e43635df6fdb4a4b251ba6,k8s_alertmanager_alertmanager-prometheus-prometheus-oper-alertmanager-0_prometheus_7d04da8a-9ad4-4526-a6a2-0df980430a12_1
1609947351.936,container_cpu_usage_seconds_total,total,https-metrics,/kubepods/kubepods/burstable/pod7d04da8a-9ad4-4526-a6a2-0df980430a12/1050e2f9347beef6490e2c4303346caeffc41783bb307c8999f0036b9d7e0165,192.168.65.3:10250,kubelet,/metrics/cadvisor,docker-desktop,prometheus-prometheus-oper-kubelet,62.085801956,prometheus,alertmanager-prometheus-prometheus-oper-alertmanager-0,alertmanager,sha256:c876f5897d7b07a19836227e26de9053c4ae14c114e43635df6fdb4a4b251ba6,k8s_alertmanager_alertmanager-prometheus-prometheus-oper-alertmanager-0_prometheus_7d04da8a-9ad4-4526-a6a2-0df980430a12_1
1609947381.344,container_cpu_usage_seconds_total,total,https-metrics,/kubepods/kubepods/burstable/pod7d04da8a-9ad4-4526-a6a2-0df980430a12/1050e2f9347beef6490e2c4303346caeffc41783bb307c8999f0036b9d7e0165,192.168.65.3:10250,kubelet,/metrics/cadvisor,docker-desktop,prometheus-prometheus-oper-kubelet,62.171063629,prometheus,alertmanager-prometheus-prometheus-oper-alertmanager-0,alertmanager,sha256:c876f5897d7b07a19836227e26de9053c4ae14c114e43635df6fdb4a4b251ba6,k8s_alertmanager_alertmanager-prometheus-prometheus-oper-alertmanager-0_prometheus_7d04da8a-9ad4-4526-a6a2-0df980430a12_1
1609947423.648,container_cpu_usage_seconds_total,total,https-metrics,/kubepods/kubepods/burstable/pod7d04da8a-9ad4-4526-a6a2-0df980430a12/1050e2f9347beef6490e2c4303346caeffc41783bb307c8999f0036b9d7e0165,192.168.65.3:10250,kubelet,/metrics/cadvisor,docker-desktop,prometheus-prometheus-oper-kubelet,62.244036597,prometheus,alertmanager-prometheus-prometheus-oper-alertmanager-0,alertmanager,sha256:c876f5897d7b07a19836227e26de9053c4ae14c114e43635df6fdb4a4b251ba6,k8s_alertmanager_alertmanager-prometheus-prometheus-oper-alertmanager-0_prometheus_7d04da8a-9ad4-4526-a6a2-0df980430a12_1
1609947147.836,container_cpu_usage_seconds_total,total,https-metrics,/kubepods/kubepods/burstable/pod7d04da8a-9ad4-4526-a6a2-0df980430a12/8e81ad51fbd3526f6cb0e20c37fea4c4434f767c2910dd42418a395b1513df33,192.168.65.3:10250,kubelet,/metrics/cadvisor,docker-desktop,prometheus-prometheus-oper-kubelet,0.406071694,prometheus,alertmanager-prometheus-prometheus-oper-alertmanager-0,config-reloader,sha256:7ec24a279487c2a51c62c42efd554a99b06916f3b91efa4591871b91ef904a35,k8s_config-reloader_alertmanager-prometheus-prometheus-oper-alertmanager-0_prometheus_7d04da8a-9ad4-4526-a6a2-0df980430a12_1
1609947174.692,container_cpu_usage_seconds_total,total,https-metrics,/kubepods/kubepods/burstable/pod7d04da8a-9ad4-4526-a6a2-0df980430a12/8e81ad51fbd3526f6cb0e20c37fea4c4434f767c2910dd42418a395b1513df33,192.168.65.3:10250,kubelet,/metrics/cadvisor,docker-desktop,prometheus-prometheus-oper-kubelet,0.406071694,prometheus,alertmanager-prometheus-prometheus-oper-alertmanager-0,config-reloader,sha256:7ec24a279487c2a51c62c42efd554a99b06916f3b91efa4591871b91ef904a35,k8s_config-reloader_alertmanager-prometheus-prometheus-oper-alertmanager-0_prometheus_7d04da8a-9ad4-4526-a6a2-0df980430a12_1
1609947211.393,container_cpu_usage_seconds_total,total,https-metrics,/kubepods/kubepods/burstable/pod7d04da8a-9ad4-4526-a6a2-0df980430a12/8e81ad51fbd3526f6cb0e20c37fea4c4434f767c2910dd42418a395b1513df33,192.168.65.3:10250,kubelet,/metrics/cadvisor,docker-desktop,prometheus-prometheus-oper-kubelet,0.406856472,prometheus,alertmanager-prometheus-prometheus-oper-alertmanager-0,config-reloader,sha256:7ec24a279487c2a51c62c42efd554a99b06916f3b91efa4591871b91ef904a35,k8s_config-reloader_alertmanager-prometheus-prometheus-oper-alertmanager-0_prometheus_7d04da8a-9ad4-4526-a6a2-0df980430a12_1
1609947242.187,container_cpu_usage_seconds_total,total,https-metrics,/kubepods/kubepods/burstable/pod7d04da8a-9ad4-4526-a6a2-0df980430a12/8e81ad51fbd3526f6cb0e20c37fea4c4434f767c2910dd42418a395b1513df33,192.168.65.3:10250,kubelet,/metrics/cadvisor,docker-desktop,prometheus-prometheus-oper-kubelet,0.406856472,prometheus,alertmanager-prometheus-prometheus-oper-alertmanager-0,config-reloader,sha256:7ec24a279487c2a51c62c42efd554a99b06916f3b91efa4591871b91ef904a35,k8s_config-reloader_alertmanager-prometheus-prometheus-oper-alertmanager-0_prometheus_7d04da8a-9ad4-4526-a6a2-0df980430a12_1
1609947275.218,container_cpu_usage_seconds_total,total,https-metrics,/kubepods/kubepods/burstable/pod7d04da8a-9ad4-4526-a6a2-0df980430a12/8e81ad51fbd3526f6cb0e20c37fea4c4434f767c2910dd42418a395b1513df33,192.168.65.3:10250,kubelet,/metrics/cadvisor,docker-desktop,prometheus-prometheus-oper-kubelet,0.408170023,prometheus,alertmanager-prometheus-prometheus-oper-alertmanager-0,config-reloader,sha256:7ec24a279487c2a51c62c42efd554a99b06916f3b91efa4591871b91ef904a35,k8s_config-reloader_alertmanager-prometheus-prometheus-oper-alertmanager-0_prometheus_7d04da8a-9ad4-4526-a6a2-0df980430a12_1
1609947289.986,container_cpu_usage_seconds_total,total,https-metrics,/kubepods/kubepods/burstable/pod7d04da8a-9ad4-4526-a6a2-0df980430a12/8e81ad51fbd3526f6cb0e20c37fea4c4434f767c2910dd42418a395b1513df33,192.168.65.3:10250,kubelet,/metrics/cadvisor,docker-desktop,prometheus-prometheus-oper-kubelet,0.408170023,prometheus,alertmanager-prometheus-prometheus-oper-alertmanager-0,config-reloader,sha256:7ec24a279487c2a51c62c42efd554a99b06916f3b91efa4591871b91ef904a35,k8s_config-reloader_alertmanager-prometheus-prometheus-oper-alertmanager-0_prometheus_7d04da8a-9ad4-4526-a6a2-0df980430a12_1
1609947328.58,container_cpu_usage_seconds_total,total,https-metrics,/kubepods/kubepods/burstable/pod7d04da8a-9ad4-4526-a6a2-0df980430a12/8e81ad51fbd3526f6cb0e20c37fea4c4434f767c2910dd42418a395b1513df33,192.168.65.3:10250,kubelet,/metrics/cadvisor,docker-desktop,prometheus-prometheus-oper-kubelet,0.408210295,prometheus,alertmanager-prometheus-prometheus-oper-alertmanager-0,config-reloader,sha256:7ec24a279487c2a51c62c42efd554a99b06916f3b91efa4591871b91ef904a35,k8s_config-reloader_alertmanager-prometheus-prometheus-oper-alertmanager-0_prometheus_7d04da8a-9ad4-4526-a6a2-0df980430a12_1
1609947365.424,container_cpu_usage_seconds_total,total,https-metrics,/kubepods/kubepods/burstable/pod7d04da8a-9ad4-4526-a6a2-0df980430a12/8e81ad51fbd3526f6cb0e20c37fea4c4434f767c2910dd42418a395b1513df33,192.168.65.3:10250,kubelet,/metrics/cadvisor,docker-desktop,prometheus-prometheus-oper-kubelet,0.412532232,prometheus,alertmanager-prometheus-prometheus-oper-alertmanager-0,config-reloader,sha256:7ec24a279487c2a51c62c42efd554a99b06916f3b91efa4591871b91ef904a35,k8s_config-reloader_alertmanager-prometheus-prometheus-oper-alertmanager-0_prometheus_7d04da8a-9ad4-4526-a6a2-0df980430a12_1
1609947380.965,container_cpu_usage_seconds_total,total,https-metrics,/kubepods/kubepods/burstable/pod7d04da8a-9ad4-4526-a6a2-0df980430a12/8e81ad51fbd3526f6cb0e20c37fea4c4434f767c2910dd42418a395b1513df33,192.168.65.3:10250,kubelet,/metrics/cadvisor,docker-desktop,prometheus-prometheus-oper-kubelet,0.412532232,prometheus,alertmanager-prometheus-prometheus-oper-alertmanager-0,config-reloader,sha256:7ec24a279487c2a51c62c42efd554a99b06916f3b91efa4591871b91ef904a35,k8s_config-reloader_alertmanager-prometheus-prometheus-oper-alertmanager-0_prometheus_7d04da8a-9ad4-4526-a6a2-0df980430a12_1
1609947416.979,container_cpu_usage_seconds_total,total,https-metrics,/kubepods/kubepods/burstable/pod7d04da8a-9ad4-4526-a6a2-0df980430a12/8e81ad51fbd3526f6cb0e20c37fea4c4434f767c2910dd42418a395b1513df33,192.168.65.3:10250,kubelet,/metrics/cadvisor,docker-desktop,prometheus-prometheus-oper-kubelet,0.412555773,prometheus,alertmanager-prometheus-prometheus-oper-alertmanager-0,config-reloader,sha256:7ec24a279487c2a51c62c42efd554a99b06916f3b91efa4591871b91ef904a35,k8s_config-reloader_alertmanager-prometheus-prometheus-oper-alertmanager-0_prometheus_7d04da8a-9ad4-4526-a6a2-0df980430a12_1
1609947154.415,container_cpu_usage_seconds_total,total,https-metrics,/kubepods/kubepods/burstable/pod63ccfa2b-a3dc-420b-8138-cb562267ad59/082bf70e6e005f96d1d845722163b52f9a117a1e2030558a4f354350df4a5c00,192.168.65.3:10250,kubelet,/metrics/cadvisor,docker-desktop,prometheus-prometheus-oper-kubelet,118.89521045,kube-system,coredns-f9fd979d6-p9xfm,coredns,sha256:bfe3a36ebd2528b454be6aebece806db5b40407b833e2af9617bf39afaff8c16,k8s_coredns_coredns-f9fd979d6-p9xfm_kube-system_63ccfa2b-a3dc-420b-8138-cb562267ad59_1
1609947173.419,container_cpu_usage_seconds_total,total,https-metrics,/kubepods/kubepods/burstable/pod63ccfa2b-a3dc-420b-8138-cb562267ad59/082bf70e6e005f96d1d845722163b52f9a117a1e2030558a4f354350df4a5c00,192.168.65.3:10250,kubelet,/metrics/cadvisor,docker-desktop,prometheus-prometheus-oper-kubelet,118.97079766,kube-system,coredns-f9fd979d6-p9xfm,coredns,sha256:bfe3a36ebd2528b454be6aebece806db5b40407b833e2af9617bf39afaff8c16,k8s_coredns_coredns-f9fd979d6-p9xfm_kube-system_63ccfa2b-a3dc-420b-8138-cb562267ad59_1
1609947205.213,container_cpu_usage_seconds_total,total,https-metrics,/kubepods/kubepods/burstable/pod63ccfa2b-a3dc-420b-8138-cb562267ad59/082bf70e6e005f96d1d845722163b52f9a117a1e2030558a4f354350df4a5c00,192.168.65.3:10250,kubelet,/metrics/cadvisor,docker-desktop,prometheus-prometheus-oper-kubelet,119.193897871,kube-system,coredns-f9fd979d6-p9xfm,coredns,sha256:bfe3a36ebd2528b454be6aebece806db5b40407b833e2af9617bf39afaff8c16,k8s_coredns_coredns-f9fd979d6-p9xfm_kube-system_63ccfa2b-a3dc-420b-8138-cb562267ad59_1
1609947235.722,container_cpu_usage_seconds_total,total,https-metrics,/kubepods/kubepods/burstable/pod63ccfa2b-a3dc-420b-8138-cb562267ad59/082bf70e6e005f96d1d845722163b52f9a117a1e2030558a4f354350df4a5c00,192.168.65.3:10250,kubelet,/metrics/cadvisor,docker-desktop,prometheus-prometheus-oper-kubelet,119.314996983,kube-system,coredns-f9fd979d6-p9xfm,coredns,sha256:bfe3a36ebd2528b454be6aebece806db5b40407b833e2af9617bf39afaff8c16,k8s_coredns_coredns-f9fd979d6-p9xfm_kube-system_63ccfa2b-a3dc-420b-8138-cb562267ad59_1
1609947258.347,container_cpu_usage_seconds_total,total,https-metrics,/kubepods/kubepods/burstable/pod63ccfa2b-a3dc-420b-8138-cb562267ad59/082bf70e6e005f96d1d845722163b52f9a117a1e2030558a4f354350df4a5c00,192.168.65.3:10250,kubelet,/metrics/cadvisor,docker-desktop,prometheus-prometheus-oper-kubelet,119.409723737,kube-system,coredns-f9fd979d6-p9xfm,coredns,sha256:bfe3a36ebd2528b454be6aebece806db5b40407b833e2af9617bf39afaff8c16,k8s_coredns_coredns-f9fd979d6-p9xfm_kube-system_63ccfa2b-a3dc-420b-8138-cb562267ad59_1
1609947292.054,container_cpu_usage_seconds_total,total,https-metrics,/kubepods/kubepods/burstable/pod63ccfa2b-a3dc-420b-8138-cb562267ad59/082bf70e6e005f96d1d845722163b52f9a117a1e2030558a4f354350df4a5c00,192.168.65.3:10250,kubelet,/metrics/cadvisor,docker-desktop,prometheus-prometheus-oper-kubelet,119.557187947,kube-system,coredns-f9fd979d6-p9xfm,coredns,sha256:bfe3a36ebd2528b454be6aebece806db5b40407b833e2af9617bf39afaff8c16,k8s_coredns_coredns-f9fd979d6-p9xfm_kube-system_63ccfa2b-a3dc-420b-8138-cb562267ad59_1
1609947324.798,container_cpu_usage_seconds_total,total,https-metrics,/kubepods/kubepods/burstable/pod63ccfa2b-a3dc-420b-8138-cb562267ad59/082bf70e6e005f96d1d845722163b52f9a117a1e2030558a4f354350df4a5c00,192.168.65.3:10250,kubelet,/metrics/cadvisor,docker-desktop,prometheus-prometheus-oper-kubelet,119.753555088,kube-system,coredns-f9fd979d6-p9xfm,coredns,sha256:bfe3a36ebd2528b454be6aebece806db5b40407b833e2af9617bf39afaff8c16,k8s_coredns_coredns-f9fd979d6-p9xfm_kube-system_63ccfa2b-a3dc-420b-8138-cb562267ad59_1
1609947362.126,container_cpu_usage_seconds_total,total,https-metrics,/kubepods/kubepods/burstable/pod63ccfa2b-a3dc-420b-8138-cb562267ad59/082bf70e6e005f96d1d845722163b52f9a117a1e2030558a4f354350df4a5c00,192.168.65.3:10250,kubelet,/metrics/cadvisor,docker-desktop,prometheus-prometheus-oper-kubelet,120.011481882,kube-system,coredns-f9fd979d6-p9xfm,coredns,sha256:bfe3a36ebd2528b454be6aebece806db5b40407b833e2af9617bf39afaff8c16,k8s_coredns_coredns-f9fd979d6-p9xfm_kube-system_63ccfa2b-a3dc-420b-8138-cb562267ad59_1
1609947389.39,container_cpu_usage_seconds_total,total,https-metrics,/kubepods/kubepods/burstable/pod63ccfa2b-a3dc-420b-8138-cb562267ad59/082bf70e6e005f96d1d845722163b52f9a117a1e2030558a4f354350df4a5c00,192.168.65.3:10250,kubelet,/metrics/cadvisor,docker-desktop,prometheus-prometheus-oper-kubelet,120.126075115,kube-system,coredns-f9fd979d6-p9xfm,coredns,sha256:bfe3a36ebd2528b454be6aebece806db5b40407b833e2af9617bf39afaff8c16,k8s_coredns_coredns-f9fd979d6-p9xfm_kube-system_63ccfa2b-a3dc-420b-8138-cb562267ad59_1
1609947421.614,container_cpu_usage_seconds_total,total,https-metrics,/kubepods/kubepods/burstable/pod63ccfa2b-a3dc-420b-8138-cb562267ad59/082bf70e6e005f96d1d845722163b52f9a117a1e2030558a4f354350df4a5c00,192.168.65.3:10250,kubelet,/metrics/cadvisor,docker-desktop,prometheus-prometheus-oper-kubelet,120.255353191,kube-system,coredns-f9fd979d6-p9xfm,coredns,sha256:bfe3a36ebd2528b454be6aebece806db5b40407b833e2af9617bf39afaff8c16,k8s_coredns_coredns-f9fd979d6-p9xfm_kube-system_63ccfa2b-a3dc-420b-8138-cb562267ad59_1
1609947152.331,container_cpu_usage_seconds_total,total,https-metrics,/kubepods/kubepods/burstable/podb9ab7123-ac4e-463f-853a-c59a8a906994/247fde5aacbd633ac36c40302e665d2ff2def3e310ceaf527c7c31c4ec3ed290,192.168.65.3:10250,kubelet,/metrics/cadvisor,docker-desktop,prometheus-prometheus-oper-kubelet,121.9162724,kube-system,coredns-f9fd979d6-jn9tl,coredns,sha256:bfe3a36ebd2528b454be6aebece806db5b40407b833e2af9617bf39afaff8c16,k8s_coredns_coredns-f9fd979d6-jn9tl_kube-system_b9ab7123-ac4e-463f-853a-c59a8a906994_1
1609947176.64,container_cpu_usage_seconds_total,total,https-metrics,/kubepods/kubepods/burstable/podb9ab7123-ac4e-463f-853a-c59a8a906994/247fde5aacbd633ac36c40302e665d2ff2def3e310ceaf527c7c31c4ec3ed290,192.168.65.3:10250,kubelet,/metrics/cadvisor,docker-desktop,prometheus-prometheus-oper-kubelet,122.01480453,kube-system,coredns-f9fd979d6-jn9tl,coredns,sha256:bfe3a36ebd2528b454be6aebece806db5b40407b833e2af9617bf39afaff8c16,k8s_coredns_coredns-f9fd979d6-jn9tl_kube-system_b9ab7123-ac4e-463f-853a-c59a8a906994_1
1609947207.73,container_cpu_usage_seconds_total,total,https-metrics,/kubepods/kubepods/burstable/podb9ab7123-ac4e-463f-853a-c59a8a906994/247fde5aacbd633ac36c40302e665d2ff2def3e310ceaf527c7c31c4ec3ed290,192.168.65.3:10250,kubelet,/metrics/cadvisor,docker-desktop,prometheus-prometheus-oper-kubelet,122.141102328,kube-system,coredns-f9fd979d6-jn9tl,coredns,sha256:bfe3a36ebd2528b454be6aebece806db5b40407b833e2af9617bf39afaff8c16,k8s_coredns_coredns-f9fd979d6-jn9tl_kube-system_b9ab7123-ac4e-463f-853a-c59a8a906994_1
1609947236.285,container_cpu_usage_seconds_total,total,https-metrics,/kubepods/kubepods/burstable/podb9ab7123-ac4e-463f-853a-c59a8a906994/247fde5aacbd633ac36c40302e665d2ff2def3e310ceaf527c7c31c4ec3ed290,192.168.65.3:10250,kubelet,/metrics/cadvisor,docker-desktop,prometheus-prometheus-oper-kubelet,122.255182992,kube-system,coredns-f9fd979d6-jn9tl,coredns,sha256:bfe3a36ebd2528b454be6aebece806db5b40407b833e2af9617bf39afaff8c16,k8s_coredns_coredns-f9fd979d6-jn9tl_kube-system_b9ab7123-ac4e-463f-853a-c59a8a906994_1
1609947268.967,container_cpu_usage_seconds_total,total,https-metrics,/kubepods/kubepods/burstable/podb9ab7123-ac4e-463f-853a-c59a8a906994/247fde5aacbd633ac36c40302e665d2ff2def3e310ceaf527c7c31c4ec3ed290,192.168.65.3:10250,kubelet,/metrics/cadvisor,docker-desktop,prometheus-prometheus-oper-kubelet,122.477119082,kube-system,coredns-f9fd979d6-jn9tl,coredns,sha256:bfe3a36ebd2528b454be6aebece806db5b40407b833e2af9617bf39afaff8c16,k8s_coredns_coredns-f9fd979d6-jn9tl_kube-system_b9ab7123-ac4e-463f-853a-c59a8a906994_1
1609947295.294,container_cpu_usage_seconds_total,total,https-metrics,/kubepods/kubepods/burstable/podb9ab7123-ac4e-463f-853a-c59a8a906994/247fde5aacbd633ac36c40302e665d2ff2def3e310ceaf527c7c31c4ec3ed290,192.168.65.3:10250,kubelet,/metrics/cadvisor,docker-desktop,prometheus-prometheus-oper-kubelet,122.585351709,kube-system,coredns-f9fd979d6-jn9tl,coredns,sha256:bfe3a36ebd2528b454be6aebece806db5b40407b833e2af9617bf39afaff8c16,k8s_coredns_coredns-f9fd979d6-jn9tl_kube-system_b9ab7123-ac4e-463f-853a-c59a8a906994_1
1609947329.162,container_cpu_usage_seconds_total,total,https-metrics,/kubepods/kubepods/burstable/podb9ab7123-ac4e-463f-853a-c59a8a906994/247fde5aacbd633ac36c40302e665d2ff2def3e310ceaf527c7c31c4ec3ed290,192.168.65.3:10250,kubelet,/metrics/cadvisor,docker-desktop,prometheus-prometheus-oper-kubelet,122.759659205,kube-system,coredns-f9fd979d6-jn9tl,coredns,sha256:bfe3a36ebd2528b454be6aebece806db5b40407b833e2af9617bf39afaff8c16,k8s_coredns_coredns-f9fd979d6-jn9tl_kube-system_b9ab7123-ac4e-463f-853a-c59a8a906994_1
1609947361.839,container_cpu_usage_seconds_total,total,https-metrics,/kubepods/kubepods/burstable/podb9ab7123-ac4e-463f-853a-c59a8a906994/247fde5aacbd633ac36c40302e665d2ff2def3e310ceaf527c7c31c4ec3ed290,192.168.65.3:10250,kubelet,/metrics/cadvisor,docker-desktop,prometheus-prometheus-oper-kubelet,122.989629912,kube-system,coredns-f9fd979d6-jn9tl,coredns,sha256:bfe3a36ebd2528b454be6aebece806db5b40407b833e2af9617bf39afaff8c16,k8s_coredns_coredns-f9fd979d6-jn9tl_kube-system_b9ab7123-ac4e-463f-853a-c59a8a906994_1
1609947389.049,container_cpu_usage_seconds_total,total,https-metrics,/kubepods/kubepods/burstable/podb9ab7123-ac4e-463f-853a-c59a8a906994/247fde5aacbd633ac36c40302e665d2ff2def3e310ceaf527c7c31c4ec3ed290,192.168.65.3:10250,kubelet,/metrics/cadvisor,docker-desktop,prometheus-prometheus-oper-kubelet,123.120714821,kube-system,coredns-f9fd979d6-jn9tl,coredns,sha256:bfe3a36ebd2528b454be6aebece806db5b40407b833e2af9617bf39afaff8c16,k8s_coredns_coredns-f9fd979d6-jn9tl_kube-system_b9ab7123-ac4e-463f-853a-c59a8a906994_1
1609947419.315,container_cpu_usage_seconds_total,total,https-metrics,/kubepods/kubepods/burstable/podb9ab7123-ac4e-463f-853a-c59a8a906994/247fde5aacbd633ac36c40302e665d2ff2def3e310ceaf527c7c31c4ec3ed290,192.168.65.3:10250,kubelet,/metrics/cadvisor,docker-desktop,prometheus-prometheus-oper-kubelet,123.239407423,kube-system,coredns-f9fd979d6-jn9tl,coredns,sha256:bfe3a36ebd2528b454be6aebece806db5b40407b833e2af9617bf39afaff8c16,k8s_coredns_coredns-f9fd979d6-jn9tl_kube-system_b9ab7123-ac4e-463f-853a-c59a8a906994_1
1609947149.131,container_cpu_usage_seconds_total,total,https-metrics,/kubepods/kubepods/besteffort/podc7cc6a3c3118f127f5fd469ef69477e0/6e98ee25aeb3b0164618c4a0a46f4ebb38ba471861a39312fff03ca51ebc8a56,192.168.65.3:10250,kubelet,/metrics/cadvisor,docker-desktop,prometheus-prometheus-oper-kubelet,1071.581256076,kube-system,etcd-docker-desktop,etcd,sha256:0369cf4303ffdb467dc219990960a9baa8512a54b0ad9283eaf55bd6c0adb934,k8s_etcd_etcd-docker-desktop_kube-system_c7cc6a3c3118f127f5fd469ef69477e0_1
1609947177.184,container_cpu_usage_seconds_total,total,https-metrics,/kubepods/kubepods/besteffort/podc7cc6a3c3118f127f5fd469ef69477e0/6e98ee25aeb3b0164618c4a0a46f4ebb38ba471861a39312fff03ca51ebc8a56,192.168.65.3:10250,kubelet,/metrics/cadvisor,docker-desktop,prometheus-prometheus-oper-kubelet,1072.732154255,kube-system,etcd-docker-desktop,etcd,sha256:0369cf4303ffdb467dc219990960a9baa8512a54b0ad9283eaf55bd6c0adb934,k8s_etcd_etcd-docker-desktop_kube-system_c7cc6a3c3118f127f5fd469ef69477e0_1
1609947204.715,container_cpu_usage_seconds_total,total,https-metrics,/kubepods/kubepods/besteffort/podc7cc6a3c3118f127f5fd469ef69477e0/6e98ee25aeb3b0164618c4a0a46f4ebb38ba471861a39312fff03ca51ebc8a56,192.168.65.3:10250,kubelet,/metrics/cadvisor,docker-desktop,prometheus-prometheus-oper-kubelet,1073.811443106,kube-system,etcd-docker-desktop,etcd,sha256:0369cf4303ffdb467dc219990960a9baa8512a54b0ad9283eaf55bd6c0adb934,k8s_etcd_etcd-docker-desktop_kube-system_c7cc6a3c3118f127f5fd469ef69477e0_1
1609947242.246,container_cpu_usage_seconds_total,total,https-metrics,/kubepods/kubepods/besteffort/podc7cc6a3c3118f127f5fd469ef69477e0/6e98ee25aeb3b0164618c4a0a46f4ebb38ba471861a39312fff03ca51ebc8a56,192.168.65.3:10250,kubelet,/metrics/cadvisor,docker-desktop,prometheus-prometheus-oper-kubelet,1075.358261783,kube-system,etcd-docker-desktop,etcd,sha256:0369cf4303ffdb467dc219990960a9baa8512a54b0ad9283eaf55bd6c0adb934,k8s_etcd_etcd-docker-desktop_kube-system_c7cc6a3c3118f127f5fd469ef69477e0_1
1609947267.74,container_cpu_usage_seconds_total,total,https-metrics,/kubepods/kubepods/besteffort/podc7cc6a3c3118f127f5fd469ef69477e0/6e98ee25aeb3b0164618c4a0a46f4ebb38ba471861a39312fff03ca51ebc8a56,192.168.65.3:10250,kubelet,/metrics/cadvisor,docker-desktop,prometheus-prometheus-oper-kubelet,1076.439569539,kube-system,etcd-docker-desktop,etcd,sha256:0369cf4303ffdb467dc219990960a9baa8512a54b0ad9283eaf55bd6c0adb934,k8s_etcd_etcd-docker-desktop_kube-system_c7cc6a3c3118f127f5fd469ef69477e0_1
1609947302.736,container_cpu_usage_seconds_total,total,https-metrics,/kubepods/kubepods/besteffort/podc7cc6a3c3118f127f5fd469ef69477e0/6e98ee25aeb3b0164618c4a0a46f4ebb38ba471861a39312fff03ca51ebc8a56,192.168.65.3:10250,kubelet,/metrics/cadvisor,docker-desktop,prometheus-prometheus-oper-kubelet,1077.790039056,kube-system,etcd-docker-desktop,etcd,sha256:0369cf4303ffdb467dc219990960a9baa8512a54b0ad9283eaf55bd6c0adb934,k8s_etcd_etcd-docker-desktop_kube-system_c7cc6a3c3118f127f5fd469ef69477e0_1
1609947325.508,container_cpu_usage_seconds_total,total,https-metrics,/kubepods/kubepods/besteffort/podc7cc6a3c3118f127f5fd469ef69477e0/6e98ee25aeb3b0164618c4a0a46f4ebb38ba471861a39312fff03ca51ebc8a56,192.168.65.3:10250,kubelet,/metrics/cadvisor,docker-desktop,prometheus-prometheus-oper-kubelet,1078.92931638,kube-system,etcd-docker-desktop,etcd,sha256:0369cf4303ffdb467dc219990960a9baa8512a54b0ad9283eaf55bd6c0adb934,k8s_etcd_etcd-docker-desktop_kube-system_c7cc6a3c3118f127f5fd469ef69477e0_1
1609947358.528,container_cpu_usage_seconds_total,total,https-metrics,/kubepods/kubepods/besteffort/podc7cc6a3c3118f127f5fd469ef69477e0/6e98ee25aeb3b0164618c4a0a46f4ebb38ba471861a39312fff03ca51ebc8a56,192.168.65.3:10250,kubelet,/metrics/cadvisor,docker-desktop,prometheus-prometheus-oper-kubelet,1081.624777639,kube-system,etcd-docker-desktop,etcd,sha256:0369cf4303ffdb467dc219990960a9baa8512a54b0ad9283eaf55bd6c0adb934,k8s_etcd_etcd-docker-desktop_kube-system_c7cc6a3c3118f127f5fd469ef69477e0_1
1609947388.657,container_cpu_usage_seconds_total,total,https-metrics,/kubepods/kubepods/besteffort/podc7cc6a3c3118f127f5fd469ef69477e0/6e98ee25aeb3b0164618c4a0a46f4ebb38ba471861a39312fff03ca51ebc8a56,192.168.65.3:10250,kubelet,/metrics/cadvisor,docker-desktop,prometheus-prometheus-oper-kubelet,1082.992895044,kube-system,etcd-docker-desktop,etcd,sha256:0369cf4303ffdb467dc219990960a9baa8512a54b0ad9283eaf55bd6c0adb934,k8s_etcd_etcd-docker-desktop_kube-system_c7cc6a3c3118f127f5fd469ef69477e0_1
1609947421.059,container_cpu_usage_seconds_total,total,https-metrics,/kubepods/kubepods/besteffort/podc7cc6a3c3118f127f5fd469ef69477e0/6e98ee25aeb3b0164618c4a0a46f4ebb38ba471861a39312fff03ca51ebc8a56,192.168.65.3:10250,kubelet,/metrics/cadvisor,docker-desktop,prometheus-prometheus-oper-kubelet,1084.141225365,kube-system,etcd-docker-desktop,etcd,sha256:0369cf4303ffdb467dc219990960a9baa8512a54b0ad9283eaf55bd6c0adb934,k8s_etcd_etcd-docker-desktop_kube-system_c7cc6a3c3118f127f5fd469ef69477e0_1
1609947167.138,container_cpu_usage_seconds_total,total,https-metrics,/kubepods/kubepods/besteffort/pod5bd726a8-a1a6-4775-b348-c8899c4d6dc7/5a80fdd02f674ef7cd1c3342dee099a92e83a527d67f74bdcde8ba126f9a0650,192.168.65.3:10250,kubelet,/metrics/cadvisor,docker-desktop,prometheus-prometheus-oper-kubelet,216.354175806,prometheus,prometheus-grafana-5bf8fbbf6d-9cznp,grafana,sha256:89ec51554c461239f0f6287beafe066501600fc153af56f3a9dc656667153a92,k8s_grafana_prometheus-grafana-5bf8fbbf6d-9cznp_prometheus_5bd726a8-a1a6-4775-b348-c8899c4d6dc7_1
1609947209.166,container_cpu_usage_seconds_total,total,https-metrics,/kubepods/kubepods/besteffort/pod5bd726a8-a1a6-4775-b348-c8899c4d6dc7/5a80fdd02f674ef7cd1c3342dee099a92e83a527d67f74bdcde8ba126f9a0650,192.168.65.3:10250,kubelet,/metrics/cadvisor,docker-desktop,prometheus-prometheus-oper-kubelet,216.721046465,prometheus,prometheus-grafana-5bf8fbbf6d-9cznp,grafana,sha256:89ec51554c461239f0f6287beafe066501600fc153af56f3a9dc656667153a92,k8s_grafana_prometheus-grafana-5bf8fbbf6d-9cznp_prometheus_5bd726a8-a1a6-4775-b348-c8899c4d6dc7_1
1609947243.896,container_cpu_usage_seconds_total,total,https-metrics,/kubepods/kubepods/besteffort/pod5bd726a8-a1a6-4775-b348-c8899c4d6dc7/5a80fdd02f674ef7cd1c3342dee099a92e83a527d67f74bdcde8ba126f9a0650,192.168.65.3:10250,kubelet,/metrics/cadvisor,docker-desktop,prometheus-prometheus-oper-kubelet,217.024515492,prometheus,prometheus-grafana-5bf8fbbf6d-9cznp,grafana,sha256:89ec51554c461239f0f6287beafe066501600fc153af56f3a9dc656667153a92,k8s_grafana_prometheus-grafana-5bf8fbbf6d-9cznp_prometheus_5bd726a8-a1a6-4775-b348-c8899c4d6dc7_1
1609947272.207,container_cpu_usage_seconds_total,total,https-metrics,/kubepods/kubepods/besteffort/pod5bd726a8-a1a6-4775-b348-c8899c4d6dc7/5a80fdd02f674ef7cd1c3342dee099a92e83a527d67f74bdcde8ba126f9a0650,192.168.65.3:10250,kubelet,/metrics/cadvisor,docker-desktop,prometheus-prometheus-oper-kubelet,217.347485806,prometheus,prometheus-grafana-5bf8fbbf6d-9cznp,grafana,sha256:89ec51554c461239f0f6287beafe066501600fc153af56f3a9dc656667153a92,k8s_grafana_prometheus-grafana-5bf8fbbf6d-9cznp_prometheus_5bd726a8-a1a6-4775-b348-c8899c4d6dc7_1
1609947289.53,container_cpu_usage_seconds_total,total,https-metrics,/kubepods/kubepods/besteffort/pod5bd726a8-a1a6-4775-b348-c8899c4d6dc7/5a80fdd02f674ef7cd1c3342dee099a92e83a527d67f74bdcde8ba126f9a0650,192.168.65.3:10250,kubelet,/metrics/cadvisor,docker-desktop,prometheus-prometheus-oper-kubelet,217.425175149,prometheus,prometheus-grafana-5bf8fbbf6d-9cznp,grafana,sha256:89ec51554c461239f0f6287beafe066501600fc153af56f3a9dc656667153a92,k8s_grafana_prometheus-grafana-5bf8fbbf6d-9cznp_prometheus_5bd726a8-a1a6-4775-b348-c8899c4d6dc7_1
1609947332.923,container_cpu_usage_seconds_total,total,https-metrics,/kubepods/kubepods/besteffort/pod5bd726a8-a1a6-4775-b348-c8899c4d6dc7/5a80fdd02f674ef7cd1c3342dee099a92e83a527d67f74bdcde8ba126f9a0650,192.168.65.3:10250,kubelet,/metrics/cadvisor,docker-desktop,prometheus-prometheus-oper-kubelet,218.469847499,prometheus,prometheus-grafana-5bf8fbbf6d-9cznp,grafana,sha256:89ec51554c461239f0f6287beafe066501600fc153af56f3a9dc656667153a92,k8s_grafana_prometheus-grafana-5bf8fbbf6d-9cznp_prometheus_5bd726a8-a1a6-4775-b348-c8899c4d6dc7_1
1609947352.195,container_cpu_usage_seconds_total,total,https-metrics,/kubepods/kubepods/besteffort/pod5bd726a8-a1a6-4775-b348-c8899c4d6dc7/5a80fdd02f674ef7cd1c3342dee099a92e83a527d67f74bdcde8ba126f9a0650,192.168.65.3:10250,kubelet,/metrics/cadvisor,docker-desktop,prometheus-prometheus-oper-kubelet,218.814913534,prometheus,prometheus-grafana-5bf8fbbf6d-9cznp,grafana,sha256:89ec51554c461239f0f6287beafe066501600fc153af56f3a9dc656667153a92,k8s_grafana_prometheus-grafana-5bf8fbbf6d-9cznp_prometheus_5bd726a8-a1a6-4775-b348-c8899c4d6dc7_1
1609947384.919,container_cpu_usage_seconds_total,total,https-metrics,/kubepods/kubepods/besteffort/pod5bd726a8-a1a6-4775-b348-c8899c4d6dc7/5a80fdd02f674ef7cd1c3342dee099a92e83a527d67f74bdcde8ba126f9a0650,192.168.65.3:10250,kubelet,/metrics/cadvisor,docker-desktop,prometheus-prometheus-oper-kubelet,219.157061589,prometheus,prometheus-grafana-5bf8fbbf6d-9cznp,grafana,sha256:89ec51554c461239f0f6287beafe066501600fc153af56f3a9dc656667153a92,k8s_grafana_prometheus-grafana-5bf8fbbf6d-9cznp_prometheus_5bd726a8-a1a6-4775-b348-c8899c4d6dc7_1
1609947412.241,container_cpu_usage_seconds_total,total,https-metrics,/kubepods/kubepods/besteffort/pod5bd726a8-a1a6-4775-b348-c8899c4d6dc7/5a80fdd02f674ef7cd1c3342dee099a92e83a527d67f74bdcde8ba126f9a0650,192.168.65.3:10250,kubelet,/metrics/cadvisor,docker-desktop,prometheus-prometheus-oper-kubelet,219.36155792,prometheus,prometheus-grafana-5bf8fbbf6d-9cznp,grafana,sha256:89ec51554c461239f0f6287beafe066501600fc153af56f3a9dc656667153a92,k8s_grafana_prometheus-grafana-5bf8fbbf6d-9cznp_prometheus_5bd726a8-a1a6-4775-b348-c8899c4d6dc7_1
1609947150.636,container_cpu_usage_seconds_total,total,https-metrics,/kubepods/kubepods/besteffort/pod5bd726a8-a1a6-4775-b348-c8899c4d6dc7/aad9cc0b1aaabf7064b7d5a9452de2182b5d10cb58f3400ec9bb216919846f87,192.168.65.3:10250,kubelet,/metrics/cadvisor,docker-desktop,prometheus-prometheus-oper-kubelet,2.524862509,prometheus,prometheus-grafana-5bf8fbbf6d-9cznp,grafana-sc-dashboard,sha256:234ccff9537fa5e5479376d3110eea7946c093b1c22ecf974460ce8abcc55772,k8s_grafana-sc-dashboard_prometheus-grafana-5bf8fbbf6d-9cznp_prometheus_5bd726a8-a1a6-4775-b348-c8899c4d6dc7_1
1609947178.763,container_cpu_usage_seconds_total,total,https-metrics,/kubepods/kubepods/besteffort/pod5bd726a8-a1a6-4775-b348-c8899c4d6dc7/aad9cc0b1aaabf7064b7d5a9452de2182b5d10cb58f3400ec9bb216919846f87,192.168.65.3:10250,kubelet,/metrics/cadvisor,docker-desktop,prometheus-prometheus-oper-kubelet,2.525374384,prometheus,prometheus-grafana-5bf8fbbf6d-9cznp,grafana-sc-dashboard,sha256:234ccff9537fa5e5479376d3110eea7946c093b1c22ecf974460ce8abcc55772,k8s_grafana-sc-dashboard_prometheus-grafana-5bf8fbbf6d-9cznp_prometheus_5bd726a8-a1a6-4775-b348-c8899c4d6dc7_1
1609947212.464,container_cpu_usage_seconds_total,total,https-metrics,/kubepods/kubepods/besteffort/pod5bd726a8-a1a6-4775-b348-c8899c4d6dc7/aad9cc0b1aaabf7064b7d5a9452de2182b5d10cb58f3400ec9bb216919846f87,192.168.65.3:10250,kubelet,/metrics/cadvisor,docker-desktop,prometheus-prometheus-oper-kubelet,2.525988203,prometheus,prometheus-grafana-5bf8fbbf6d-9cznp,grafana-sc-dashboard,sha256:234ccff9537fa5e5479376d3110eea7946c093b1c22ecf974460ce8abcc55772,k8s_grafana-sc-dashboard_prometheus-grafana-5bf8fbbf6d-9cznp_prometheus_5bd726a8-a1a6-4775-b348-c8899c4d6dc7_1
1609947241.489,container_cpu_usage_seconds_total,total,https-metrics,/kubepods/kubepods/besteffort/pod5bd726a8-a1a6-4775-b348-c8899c4d6dc7/aad9cc0b1aaabf7064b7d5a9452de2182b5d10cb58f3400ec9bb216919846f87,192.168.65.3:10250,kubelet,/metrics/cadvisor,docker-desktop,prometheus-prometheus-oper-kubelet,2.526446799,prometheus,prometheus-grafana-5bf8fbbf6d-9cznp,grafana-sc-dashboard,sha256:234ccff9537fa5e5479376d3110eea7946c093b1c22ecf974460ce8abcc55772,k8s_grafana-sc-dashboard_prometheus-grafana-5bf8fbbf6d-9cznp_prometheus_5bd726a8-a1a6-4775-b348-c8899c4d6dc7_1
1609947271.267,container_cpu_usage_seconds_total,total,https-metrics,/kubepods/kubepods/besteffort/pod5bd726a8-a1a6-4775-b348-c8899c4d6dc7/aad9cc0b1aaabf7064b7d5a9452de2182b5d10cb58f3400ec9bb216919846f87,192.168.65.3:10250,kubelet,/metrics/cadvisor,docker-desktop,prometheus-prometheus-oper-kubelet,2.527011332,prometheus,prometheus-grafana-5bf8fbbf6d-9cznp,grafana-sc-dashboard,sha256:234ccff9537fa5e5479376d3110eea7946c093b1c22ecf974460ce8abcc55772,k8s_grafana-sc-dashboard_prometheus-grafana-5bf8fbbf6d-9cznp_prometheus_5bd726a8-a1a6-4775-b348-c8899c4d6dc7_1
1609947298.553,container_cpu_usage_seconds_total,total,https-metrics,/kubepods/kubepods/besteffort/pod5bd726a8-a1a6-4775-b348-c8899c4d6dc7/aad9cc0b1aaabf7064b7d5a9452de2182b5d10cb58f3400ec9bb216919846f87,192.168.65.3:10250,kubelet,/metrics/cadvisor,docker-desktop,prometheus-prometheus-oper-kubelet,2.527356227,prometheus,prometheus-grafana-5bf8fbbf6d-9cznp,grafana-sc-dashboard,sha256:234ccff9537fa5e5479376d3110eea7946c093b1c22ecf974460ce8abcc55772,k8s_grafana-sc-dashboard_prometheus-grafana-5bf8fbbf6d-9cznp_prometheus_5bd726a8-a1a6-4775-b348-c8899c4d6dc7_1
1609947326.495,container_cpu_usage_seconds_total,total,https-metrics,/kubepods/kubepods/besteffort/pod5bd726a8-a1a6-4775-b348-c8899c4d6dc7/aad9cc0b1aaabf7064b7d5a9452de2182b5d10cb58f3400ec9bb216919846f87,192.168.65.3:10250,kubelet,/metrics/cadvisor,docker-desktop,prometheus-prometheus-oper-kubelet,2.527913683,prometheus,prometheus-grafana-5bf8fbbf6d-9cznp,grafana-sc-dashboard,sha256:234ccff9537fa5e5479376d3110eea7946c093b1c22ecf974460ce8abcc55772,k8s_grafana-sc-dashboard_prometheus-grafana-5bf8fbbf6d-9cznp_prometheus_5bd726a8-a1a6-4775-b348-c8899c4d6dc7_1
1609947357.808,container_cpu_usage_seconds_total,total,https-metrics,/kubepods/kubepods/besteffort/pod5bd726a8-a1a6-4775-b348-c8899c4d6dc7/aad9cc0b1aaabf7064b7d5a9452de2182b5d10cb58f3400ec9bb216919846f87,192.168.65.3:10250,kubelet,/metrics/cadvisor,docker-desktop,prometheus-prometheus-oper-kubelet,2.52866233,prometheus,prometheus-grafana-5bf8fbbf6d-9cznp,grafana-sc-dashboard,sha256:234ccff9537fa5e5479376d3110eea7946c093b1c22ecf974460ce8abcc55772,k8s_grafana-sc-dashboard_prometheus-grafana-5bf8fbbf6d-9cznp_prometheus_5bd726a8-a1a6-4775-b348-c8899c4d6dc7_1
1609947393.764,container_cpu_usage_seconds_total,total,https-metrics,/kubepods/kubepods/besteffort/pod5bd726a8-a1a6-4775-b348-c8899c4d6dc7/aad9cc0b1aaabf7064b7d5a9452de2182b5d10cb58f3400ec9bb216919846f87,192.168.65.3:10250,kubelet,/metrics/cadvisor,docker-desktop,prometheus-prometheus-oper-kubelet,2.529105213,prometheus,prometheus-grafana-5bf8fbbf6d-9cznp,grafana-sc-dashboard,sha256:234ccff9537fa5e5479376d3110eea7946c093b1c22ecf974460ce8abcc55772,k8s_grafana-sc-dashboard_prometheus-grafana-5bf8fbbf6d-9cznp_prometheus_5bd726a8-a1a6-4775-b348-c8899c4d6dc7_1
1609947422.802,container_cpu_usage_seconds_total,total,https-metrics,/kubepods/kubepods/besteffort/pod5bd726a8-a1a6-4775-b348-c8899c4d6dc7/aad9cc0b1aaabf7064b7d5a9452de2182b5d10cb58f3400ec9bb216919846f87,192.168.65.3:10250,kubelet,/metrics/cadvisor,docker-desktop,prometheus-prometheus-oper-kubelet,2.529452131,prometheus,prometheus-grafana-5bf8fbbf6d-9cznp,grafana-sc-dashboard,sha256:234ccff9537fa5e5479376d3110eea7946c093b1c22ecf974460ce8abcc55772,k8s_grafana-sc-dashboard_prometheus-grafana-5bf8fbbf6d-9cznp_prometheus_5bd726a8-a1a6-4775-b348-c8899c4d6dc7_1
1609947150.419,container_cpu_usage_seconds_total,total,https-metrics,/kubepods/kubepods/burstable/pod2085f5be68201a12aeffb940f7ba4272/5040ff456c48f6930dfd88a5b674784e14f5e380993604e484103dc3ca612760,192.168.65.3:10250,kubelet,/metrics/cadvisor,docker-desktop,prometheus-prometheus-oper-kubelet,1275.483414124,kube-system,kube-apiserver-docker-desktop,kube-apiserver,sha256:a301be0cd44bb11162da49b9c55fc5d137f493bdefcf80226378204be403fa41,k8s_kube-apiserver_kube-apiserver-docker-desktop_kube-system_2085f5be68201a12aeffb940f7ba4272_1
1609947175.761,container_cpu_usage_seconds_total,total,https-metrics,/kubepods/kubepods/burstable/pod2085f5be68201a12aeffb940f7ba4272/5040ff456c48f6930dfd88a5b674784e14f5e380993604e484103dc3ca612760,192.168.65.3:10250,kubelet,/metrics/cadvisor,docker-desktop,prometheus-prometheus-oper-kubelet,1276.561153757,kube-system,kube-apiserver-docker-desktop,kube-apiserver,sha256:a301be0cd44bb11162da49b9c55fc5d137f493bdefcf80226378204be403fa41,k8s_kube-apiserver_kube-apiserver-docker-desktop_kube-system_2085f5be68201a12aeffb940f7ba4272_1
1609947209.783,container_cpu_usage_seconds_total,total,https-metrics,/kubepods/kubepods/burstable/pod2085f5be68201a12aeffb940f7ba4272/5040ff456c48f6930dfd88a5b674784e14f5e380993604e484103dc3ca612760,192.168.65.3:10250,kubelet,/metrics/cadvisor,docker-desktop,prometheus-prometheus-oper-kubelet,1278.031634306,kube-system,kube-apiserver-docker-desktop,kube-apiserver,sha256:a301be0cd44bb11162da49b9c55fc5d137f493bdefcf80226378204be403fa41,k8s_kube-apiserver_kube-apiserver-docker-desktop_kube-system_2085f5be68201a12aeffb940f7ba4272_1
1609947237.741,container_cpu_usage_seconds_total,total,https-metrics,/kubepods/kubepods/burstable/pod2085f5be68201a12aeffb940f7ba4272/5040ff456c48f6930dfd88a5b674784e14f5e380993604e484103dc3ca612760,192.168.65.3:10250,kubelet,/metrics/cadvisor,docker-desktop,prometheus-prometheus-oper-kubelet,1279.345718414,kube-system,kube-apiserver-docker-desktop,kube-apiserver,sha256:a301be0cd44bb11162da49b9c55fc5d137f493bdefcf80226378204be403fa41,k8s_kube-apiserver_kube-apiserver-docker-desktop_kube-system_2085f5be68201a12aeffb940f7ba4272_1
1609947268.767,container_cpu_usage_seconds_total,total,https-metrics,/kubepods/kubepods/burstable/pod2085f5be68201a12aeffb940f7ba4272/5040ff456c48f6930dfd88a5b674784e14f5e380993604e484103dc3ca612760,192.168.65.3:10250,kubelet,/metrics/cadvisor,docker-desktop,prometheus-prometheus-oper-kubelet,1281.778593825,kube-system,kube-apiserver-docker-desktop,kube-apiserver,sha256:a301be0cd44bb11162da49b9c55fc5d137f493bdefcf80226378204be403fa41,k8s_kube-apiserver_kube-apiserver-docker-desktop_kube-system_2085f5be68201a12aeffb940f7ba4272_1
1609947292.914,container_cpu_usage_seconds_total,total,https-metrics,/kubepods/kubepods/burstable/pod2085f5be68201a12aeffb940f7ba4272/5040ff456c48f6930dfd88a5b674784e14f5e380993604e484103dc3ca612760,192.168.65.3:10250,kubelet,/metrics/cadvisor,docker-desktop,prometheus-prometheus-oper-kubelet,1282.763855741,kube-system,kube-apiserver-docker-desktop,kube-apiserver,sha256:a301be0cd44bb11162da49b9c55fc5d137f493bdefcf80226378204be403fa41,k8s_kube-apiserver_kube-apiserver-docker-desktop_kube-system_2085f5be68201a12aeffb940f7ba4272_1
1609947322.204,container_cpu_usage_seconds_total,total,https-metrics,/kubepods/kubepods/burstable/pod2085f5be68201a12aeffb940f7ba4272/5040ff456c48f6930dfd88a5b674784e14f5e380993604e484103dc3ca612760,192.168.65.3:10250,kubelet,/metrics/cadvisor,docker-desktop,prometheus-prometheus-oper-kubelet,1285.379890824,kube-system,kube-apiserver-docker-desktop,kube-apiserver,sha256:a301be0cd44bb11162da49b9c55fc5d137f493bdefcf80226378204be403fa41,k8s_kube-apiserver_kube-apiserver-docker-desktop_kube-system_2085f5be68201a12aeffb940f7ba4272_1
1609947353.397,container_cpu_usage_seconds_total,total,https-metrics,/kubepods/kubepods/burstable/pod2085f5be68201a12aeffb940f7ba4272/5040ff456c48f6930dfd88a5b674784e14f5e380993604e484103dc3ca612760,192.168.65.3:10250,kubelet,/metrics/cadvisor,docker-desktop,prometheus-prometheus-oper-kubelet,1300.781727729,kube-system,kube-apiserver-docker-desktop,kube-apiserver,sha256:a301be0cd44bb11162da49b9c55fc5d137f493bdefcf80226378204be403fa41,k8s_kube-apiserver_kube-apiserver-docker-desktop_kube-system_2085f5be68201a12aeffb940f7ba4272_1
1609947395.227,container_cpu_usage_seconds_total,total,https-metrics,/kubepods/kubepods/burstable/pod2085f5be68201a12aeffb940f7ba4272/5040ff456c48f6930dfd88a5b674784e14f5e380993604e484103dc3ca612760,192.168.65.3:10250,kubelet,/metrics/cadvisor,docker-desktop,prometheus-prometheus-oper-kubelet,1308.635088686,kube-system,kube-apiserver-docker-desktop,kube-apiserver,sha256:a301be0cd44bb11162da49b9c55fc5d137f493bdefcf80226378204be403fa41,k8s_kube-apiserver_kube-apiserver-docker-desktop_kube-system_2085f5be68201a12aeffb940f7ba4272_1
1609947412.288,container_cpu_usage_seconds_total,total,https-metrics,/kubepods/kubepods/burstable/pod2085f5be68201a12aeffb940f7ba4272/5040ff456c48f6930dfd88a5b674784e14f5e380993604e484103dc3ca612760,192.168.65.3:10250,kubelet,/metrics/cadvisor,docker-desktop,prometheus-prometheus-oper-kubelet,1309.207490402,kube-system,kube-apiserver-docker-desktop,kube-apiserver,sha256:a301be0cd44bb11162da49b9c55fc5d137f493bdefcf80226378204be403fa41,k8s_kube-apiserver_kube-apiserver-docker-desktop_kube-system_2085f5be68201a12aeffb940f7ba4272_1
1609947153.434,container_cpu_usage_seconds_total,total,https-metrics,/kubepods/kubepods/burstable/pod07d42b7bf3823b30f57219558fcb55e2/11ad9da905812ffafac91e7237aac7ff50961f0283d3910c5501b67abb6782cc,192.168.65.3:10250,kubelet,/metrics/cadvisor,docker-desktop,prometheus-prometheus-oper-kubelet,704.891520793,kube-system,kube-controller-manager-docker-desktop,kube-controller-manager,sha256:9b60aca1d8180ffa9754267ade44dbe267eadee60f2b946204b08a6c753ce6f6,k8s_kube-controller-manager_kube-controller-manager-docker-desktop_kube-system_07d42b7bf3823b30f57219558fcb55e2_1
1609947178.741,container_cpu_usage_seconds_total,total,https-metrics,/kubepods/kubepods/burstable/pod07d42b7bf3823b30f57219558fcb55e2/11ad9da905812ffafac91e7237aac7ff50961f0283d3910c5501b67abb6782cc,192.168.65.3:10250,kubelet,/metrics/cadvisor,docker-desktop,prometheus-prometheus-oper-kubelet,705.525805316,kube-system,kube-controller-manager-docker-desktop,kube-controller-manager,sha256:9b60aca1d8180ffa9754267ade44dbe267eadee60f2b946204b08a6c753ce6f6,k8s_kube-controller-manager_kube-controller-manager-docker-desktop_kube-system_07d42b7bf3823b30f57219558fcb55e2_1
1609947213.916,container_cpu_usage_seconds_total,total,https-metrics,/kubepods/kubepods/burstable/pod07d42b7bf3823b30f57219558fcb55e2/11ad9da905812ffafac91e7237aac7ff50961f0283d3910c5501b67abb6782cc,192.168.65.3:10250,kubelet,/metrics/cadvisor,docker-desktop,prometheus-prometheus-oper-kubelet,706.410752892,kube-system,kube-controller-manager-docker-desktop,kube-controller-manager,sha256:9b60aca1d8180ffa9754267ade44dbe267eadee60f2b946204b08a6c753ce6f6,k8s_kube-controller-manager_kube-controller-manager-docker-desktop_kube-system_07d42b7bf3823b30f57219558fcb55e2_1
1609947240.194,container_cpu_usage_seconds_total,total,https-metrics,/kubepods/kubepods/burstable/pod07d42b7bf3823b30f57219558fcb55e2/11ad9da905812ffafac91e7237aac7ff50961f0283d3910c5501b67abb6782cc,192.168.65.3:10250,kubelet,/metrics/cadvisor,docker-desktop,prometheus-prometheus-oper-kubelet,707.1211343,kube-system,kube-controller-manager-docker-desktop,kube-controller-manager,sha256:9b60aca1d8180ffa9754267ade44dbe267eadee60f2b946204b08a6c753ce6f6,k8s_kube-controller-manager_kube-controller-manager-docker-desktop_kube-system_07d42b7bf3823b30f57219558fcb55e2_1
1609947269.816,container_cpu_usage_seconds_total,total,https-metrics,/kubepods/kubepods/burstable/pod07d42b7bf3823b30f57219558fcb55e2/11ad9da905812ffafac91e7237aac7ff50961f0283d3910c5501b67abb6782cc,192.168.65.3:10250,kubelet,/metrics/cadvisor,docker-desktop,prometheus-prometheus-oper-kubelet,707.868290582,kube-system,kube-controller-manager-docker-desktop,kube-controller-manager,sha256:9b60aca1d8180ffa9754267ade44dbe267eadee60f2b946204b08a6c753ce6f6,k8s_kube-controller-manager_kube-controller-manager-docker-desktop_kube-system_07d42b7bf3823b30f57219558fcb55e2_1
1609947298.404,container_cpu_usage_seconds_total,total,https-metrics,/kubepods/kubepods/burstable/pod07d42b7bf3823b30f57219558fcb55e2/11ad9da905812ffafac91e7237aac7ff50961f0283d3910c5501b67abb6782cc,192.168.65.3:10250,kubelet,/metrics/cadvisor,docker-desktop,prometheus-prometheus-oper-kubelet,708.620149944,kube-system,kube-controller-manager-docker-desktop,kube-controller-manager,sha256:9b60aca1d8180ffa9754267ade44dbe267eadee60f2b946204b08a6c753ce6f6,k8s_kube-controller-manager_kube-controller-manager-docker-desktop_kube-system_07d42b7bf3823b30f57219558fcb55e2_1
1609947333.745,container_cpu_usage_seconds_total,total,https-metrics,/kubepods/kubepods/burstable/pod07d42b7bf3823b30f57219558fcb55e2/11ad9da905812ffafac91e7237aac7ff50961f0283d3910c5501b67abb6782cc,192.168.65.3:10250,kubelet,/metrics/cadvisor,docker-desktop,prometheus-prometheus-oper-kubelet,709.918236899,kube-system,kube-controller-manager-docker-desktop,kube-controller-manager,sha256:9b60aca1d8180ffa9754267ade44dbe267eadee60f2b946204b08a6c753ce6f6,k8s_kube-controller-manager_kube-controller-manager-docker-desktop_kube-system_07d42b7bf3823b30f57219558fcb55e2_1
1609947359.424,container_cpu_usage_seconds_total,total,https-metrics,/kubepods/kubepods/burstable/pod07d42b7bf3823b30f57219558fcb55e2/11ad9da905812ffafac91e7237aac7ff50961f0283d3910c5501b67abb6782cc,192.168.65.3:10250,kubelet,/metrics/cadvisor,docker-desktop,prometheus-prometheus-oper-kubelet,711.401864459,kube-system,kube-controller-manager-docker-desktop,kube-controller-manager,sha256:9b60aca1d8180ffa9754267ade44dbe267eadee60f2b946204b08a6c753ce6f6,k8s_kube-controller-manager_kube-controller-manager-docker-desktop_kube-system_07d42b7bf3823b30f57219558fcb55e2_1
1609947385.846,container_cpu_usage_seconds_total,total,https-metrics,/kubepods/kubepods/burstable/pod07d42b7bf3823b30f57219558fcb55e2/11ad9da905812ffafac91e7237aac7ff50961f0283d3910c5501b67abb6782cc,192.168.65.3:10250,kubelet,/metrics/cadvisor,docker-desktop,prometheus-prometheus-oper-kubelet,712.179439951,kube-system,kube-controller-manager-docker-desktop,kube-controller-manager,sha256:9b60aca1d8180ffa9754267ade44dbe267eadee60f2b946204b08a6c753ce6f6,k8s_kube-controller-manager_kube-controller-manager-docker-desktop_kube-system_07d42b7bf3823b30f57219558fcb55e2_1
1609947413.414,container_cpu_usage_seconds_total,total,https-metrics,/kubepods/kubepods/burstable/pod07d42b7bf3823b30f57219558fcb55e2/11ad9da905812ffafac91e7237aac7ff50961f0283d3910c5501b67abb6782cc,192.168.65.3:10250,kubelet,/metrics/cadvisor,docker-desktop,prometheus-prometheus-oper-kubelet,712.910615325,kube-system,kube-controller-manager-docker-desktop,kube-controller-manager,sha256:9b60aca1d8180ffa9754267ade44dbe267eadee60f2b946204b08a6c753ce6f6,k8s_kube-controller-manager_kube-controller-manager-docker-desktop_kube-system_07d42b7bf3823b30f57219558fcb55e2_1
1609947145.971,container_cpu_usage_seconds_total,total,https-metrics,/kubepods/kubepods/besteffort/pod5a838eb8-4e2d-4943-b41b-86b9d671a839/a366094874fcaf8621ba55008da23c82b74b0c7b0a29537c5b2d26710e5d49b4,192.168.65.3:10250,kubelet,/metrics/cadvisor,docker-desktop,prometheus-prometheus-oper-kubelet,9.598836477,kube-system,kube-proxy-v47zt,kube-proxy,sha256:cdef7632a242bc23fd6abf4e42b4ea36706d096ccef09cc855d4ad057db822d7,k8s_kube-proxy_kube-proxy-v47zt_kube-system_5a838eb8-4e2d-4943-b41b-86b9d671a839_1
1609947178.059,container_cpu_usage_seconds_total,total,https-metrics,/kubepods/kubepods/besteffort/pod5a838eb8-4e2d-4943-b41b-86b9d671a839/a366094874fcaf8621ba55008da23c82b74b0c7b0a29537c5b2d26710e5d49b4,192.168.65.3:10250,kubelet,/metrics/cadvisor,docker-desktop,prometheus-prometheus-oper-kubelet,9.612831033,kube-system,kube-proxy-v47zt,kube-proxy,sha256:cdef7632a242bc23fd6abf4e42b4ea36706d096ccef09cc855d4ad057db822d7,k8s_kube-proxy_kube-proxy-v47zt_kube-system_5a838eb8-4e2d-4943-b41b-86b9d671a839_1
1609947197.403,container_cpu_usage_seconds_total,total,https-metrics,/kubepods/kubepods/besteffort/pod5a838eb8-4e2d-4943-b41b-86b9d671a839/a366094874fcaf8621ba55008da23c82b74b0c7b0a29537c5b2d26710e5d49b4,192.168.65.3:10250,kubelet,/metrics/cadvisor,docker-desktop,prometheus-prometheus-oper-kubelet,9.617207581,kube-system,kube-proxy-v47zt,kube-proxy,sha256:cdef7632a242bc23fd6abf4e42b4ea36706d096ccef09cc855d4ad057db822d7,k8s_kube-proxy_kube-proxy-v47zt_kube-system_5a838eb8-4e2d-4943-b41b-86b9d671a839_1
1609947243.384,container_cpu_usage_seconds_total,total,https-metrics,/kubepods/kubepods/besteffort/pod5a838eb8-4e2d-4943-b41b-86b9d671a839/a366094874fcaf8621ba55008da23c82b74b0c7b0a29537c5b2d26710e5d49b4,192.168.65.3:10250,kubelet,/metrics/cadvisor,docker-desktop,prometheus-prometheus-oper-kubelet,9.625422796,kube-system,kube-proxy-v47zt,kube-proxy,sha256:cdef7632a242bc23fd6abf4e42b4ea36706d096ccef09cc855d4ad057db822d7,k8s_kube-proxy_kube-proxy-v47zt_kube-system_5a838eb8-4e2d-4943-b41b-86b9d671a839_1
1609947269.523,container_cpu_usage_seconds_total,total,https-metrics,/kubepods/kubepods/besteffort/pod5a838eb8-4e2d-4943-b41b-86b9d671a839/a366094874fcaf8621ba55008da23c82b74b0c7b0a29537c5b2d26710e5d49b4,192.168.65.3:10250,kubelet,/metrics/cadvisor,docker-desktop,prometheus-prometheus-oper-kubelet,9.630845458,kube-system,kube-proxy-v47zt,kube-proxy,sha256:cdef7632a242bc23fd6abf4e42b4ea36706d096ccef09cc855d4ad057db822d7,k8s_kube-proxy_kube-proxy-v47zt_kube-system_5a838eb8-4e2d-4943-b41b-86b9d671a839_1
1609947288.43,container_cpu_usage_seconds_total,total,https-metrics,/kubepods/kubepods/besteffort/pod5a838eb8-4e2d-4943-b41b-86b9d671a839/a366094874fcaf8621ba55008da23c82b74b0c7b0a29537c5b2d26710e5d49b4,192.168.65.3:10250,kubelet,/metrics/cadvisor,docker-desktop,prometheus-prometheus-oper-kubelet,9.644553421,kube-system,kube-proxy-v47zt,kube-proxy,sha256:cdef7632a242bc23fd6abf4e42b4ea36706d096ccef09cc855d4ad057db822d7,k8s_kube-proxy_kube-proxy-v47zt_kube-system_5a838eb8-4e2d-4943-b41b-86b9d671a839_1
1609947332.718,container_cpu_usage_seconds_total,total,https-metrics,/kubepods/kubepods/besteffort/pod5a838eb8-4e2d-4943-b41b-86b9d671a839/a366094874fcaf8621ba55008da23c82b74b0c7b0a29537c5b2d26710e5d49b4,192.168.65.3:10250,kubelet,/metrics/cadvisor,docker-desktop,prometheus-prometheus-oper-kubelet,9.653666887,kube-system,kube-proxy-v47zt,kube-proxy,sha256:cdef7632a242bc23fd6abf4e42b4ea36706d096ccef09cc855d4ad057db822d7,k8s_kube-proxy_kube-proxy-v47zt_kube-system_5a838eb8-4e2d-4943-b41b-86b9d671a839_1
1609947360.436,container_cpu_usage_seconds_total,total,https-metrics,/kubepods/kubepods/besteffort/pod5a838eb8-4e2d-4943-b41b-86b9d671a839/a366094874fcaf8621ba55008da23c82b74b0c7b0a29537c5b2d26710e5d49b4,192.168.65.3:10250,kubelet,/metrics/cadvisor,docker-desktop,prometheus-prometheus-oper-kubelet,9.665686611,kube-system,kube-proxy-v47zt,kube-proxy,sha256:cdef7632a242bc23fd6abf4e42b4ea36706d096ccef09cc855d4ad057db822d7,k8s_kube-proxy_kube-proxy-v47zt_kube-system_5a838eb8-4e2d-4943-b41b-86b9d671a839_1
1609947390.282,container_cpu_usage_seconds_total,total,https-metrics,/kubepods/kubepods/besteffort/pod5a838eb8-4e2d-4943-b41b-86b9d671a839/a366094874fcaf8621ba55008da23c82b74b0c7b0a29537c5b2d26710e5d49b4,192.168.65.3:10250,kubelet,/metrics/cadvisor,docker-desktop,prometheus-prometheus-oper-kubelet,9.671432111,kube-system,kube-proxy-v47zt,kube-proxy,sha256:cdef7632a242bc23fd6abf4e42b4ea36706d096ccef09cc855d4ad057db822d7,k8s_kube-proxy_kube-proxy-v47zt_kube-system_5a838eb8-4e2d-4943-b41b-86b9d671a839_1
1609947422.208,container_cpu_usage_seconds_total,total,https-metrics,/kubepods/kubepods/besteffort/pod5a838eb8-4e2d-4943-b41b-86b9d671a839/a366094874fcaf8621ba55008da23c82b74b0c7b0a29537c5b2d26710e5d49b4,192.168.65.3:10250,kubelet,/metrics/cadvisor,docker-desktop,prometheus-prometheus-oper-kubelet,9.685725792,kube-system,kube-proxy-v47zt,kube-proxy,sha256:cdef7632a242bc23fd6abf4e42b4ea36706d096ccef09cc855d4ad057db822d7,k8s_kube-proxy_kube-proxy-v47zt_kube-system_5a838eb8-4e2d-4943-b41b-86b9d671a839_1
1609947152.655,container_cpu_usage_seconds_total,total,https-metrics,/kubepods/kubepods/burstable/podee4c94eb845abf1878fb3c4c489b1365/5e43e42bbeac4e15d3e75c8e6774965b7e0fd69e579e74e07943b920310e779a,192.168.65.3:10250,kubelet,/metrics/cadvisor,docker-desktop,prometheus-prometheus-oper-kubelet,152.170070953,kube-system,kube-scheduler-docker-desktop,kube-scheduler,sha256:aaefbfa906bd854407acc3495e8a3b773bb3770e4a36d836f7fd3255c299ab25,k8s_kube-scheduler_kube-scheduler-docker-desktop_kube-system_ee4c94eb845abf1878fb3c4c489b1365_1
1609947182.174,container_cpu_usage_seconds_total,total,https-metrics,/kubepods/kubepods/burstable/podee4c94eb845abf1878fb3c4c489b1365/5e43e42bbeac4e15d3e75c8e6774965b7e0fd69e579e74e07943b920310e779a,192.168.65.3:10250,kubelet,/metrics/cadvisor,docker-desktop,prometheus-prometheus-oper-kubelet,152.364803352,kube-system,kube-scheduler-docker-desktop,kube-scheduler,sha256:aaefbfa906bd854407acc3495e8a3b773bb3770e4a36d836f7fd3255c299ab25,k8s_kube-scheduler_kube-scheduler-docker-desktop_kube-system_ee4c94eb845abf1878fb3c4c489b1365_1
1609947209.734,container_cpu_usage_seconds_total,total,https-metrics,/kubepods/kubepods/burstable/podee4c94eb845abf1878fb3c4c489b1365/5e43e42bbeac4e15d3e75c8e6774965b7e0fd69e579e74e07943b920310e779a,192.168.65.3:10250,kubelet,/metrics/cadvisor,docker-desktop,prometheus-prometheus-oper-kubelet,152.502762004,kube-system,kube-scheduler-docker-desktop,kube-scheduler,sha256:aaefbfa906bd854407acc3495e8a3b773bb3770e4a36d836f7fd3255c299ab25,k8s_kube-scheduler_kube-scheduler-docker-desktop_kube-system_ee4c94eb845abf1878fb3c4c489b1365_1
1609947240.934,container_cpu_usage_seconds_total,total,https-metrics,/kubepods/kubepods/burstable/podee4c94eb845abf1878fb3c4c489b1365/5e43e42bbeac4e15d3e75c8e6774965b7e0fd69e579e74e07943b920310e779a,192.168.65.3:10250,kubelet,/metrics/cadvisor,docker-desktop,prometheus-prometheus-oper-kubelet,152.721023464,kube-system,kube-scheduler-docker-desktop,kube-scheduler,sha256:aaefbfa906bd854407acc3495e8a3b773bb3770e4a36d836f7fd3255c299ab25,k8s_kube-scheduler_kube-scheduler-docker-desktop_kube-system_ee4c94eb845abf1878fb3c4c489b1365_1
1609947268.817,container_cpu_usage_seconds_total,total,https-metrics,/kubepods/kubepods/burstable/podee4c94eb845abf1878fb3c4c489b1365/5e43e42bbeac4e15d3e75c8e6774965b7e0fd69e579e74e07943b920310e779a,192.168.65.3:10250,kubelet,/metrics/cadvisor,docker-desktop,prometheus-prometheus-oper-kubelet,152.872575596,kube-system,kube-scheduler-docker-desktop,kube-scheduler,sha256:aaefbfa906bd854407acc3495e8a3b773bb3770e4a36d836f7fd3255c299ab25,k8s_kube-scheduler_kube-scheduler-docker-desktop_kube-system_ee4c94eb845abf1878fb3c4c489b1365_1
1609947298.123,container_cpu_usage_seconds_total,total,https-metrics,/kubepods/kubepods/burstable/podee4c94eb845abf1878fb3c4c489b1365/5e43e42bbeac4e15d3e75c8e6774965b7e0fd69e579e74e07943b920310e779a,192.168.65.3:10250,kubelet,/metrics/cadvisor,docker-desktop,prometheus-prometheus-oper-kubelet,153.034367571,kube-system,kube-scheduler-docker-desktop,kube-scheduler,sha256:aaefbfa906bd854407acc3495e8a3b773bb3770e4a36d836f7fd3255c299ab25,k8s_kube-scheduler_kube-scheduler-docker-desktop_kube-system_ee4c94eb845abf1878fb3c4c489b1365_1
1609947330.672,container_cpu_usage_seconds_total,total,https-metrics,/kubepods/kubepods/burstable/podee4c94eb845abf1878fb3c4c489b1365/5e43e42bbeac4e15d3e75c8e6774965b7e0fd69e579e74e07943b920310e779a,192.168.65.3:10250,kubelet,/metrics/cadvisor,docker-desktop,prometheus-prometheus-oper-kubelet,153.295205038,kube-system,kube-scheduler-docker-desktop,kube-scheduler,sha256:aaefbfa906bd854407acc3495e8a3b773bb3770e4a36d836f7fd3255c299ab25,k8s_kube-scheduler_kube-scheduler-docker-desktop_kube-system_ee4c94eb845abf1878fb3c4c489b1365_1
1609947361.827,container_cpu_usage_seconds_total,total,https-metrics,/kubepods/kubepods/burstable/podee4c94eb845abf1878fb3c4c489b1365/5e43e42bbeac4e15d3e75c8e6774965b7e0fd69e579e74e07943b920310e779a,192.168.65.3:10250,kubelet,/metrics/cadvisor,docker-desktop,prometheus-prometheus-oper-kubelet,153.707551641,kube-system,kube-scheduler-docker-desktop,kube-scheduler,sha256:aaefbfa906bd854407acc3495e8a3b773bb3770e4a36d836f7fd3255c299ab25,k8s_kube-scheduler_kube-scheduler-docker-desktop_kube-system_ee4c94eb845abf1878fb3c4c489b1365_1
1609947380.814,container_cpu_usage_seconds_total,total,https-metrics,/kubepods/kubepods/burstable/podee4c94eb845abf1878fb3c4c489b1365/5e43e42bbeac4e15d3e75c8e6774965b7e0fd69e579e74e07943b920310e779a,192.168.65.3:10250,kubelet,/metrics/cadvisor,docker-desktop,prometheus-prometheus-oper-kubelet,153.836528246,kube-system,kube-scheduler-docker-desktop,kube-scheduler,sha256:aaefbfa906bd854407acc3495e8a3b773bb3770e4a36d836f7fd3255c299ab25,k8s_kube-scheduler_kube-scheduler-docker-desktop_kube-system_ee4c94eb845abf1878fb3c4c489b1365_1
1609947414.117,container_cpu_usage_seconds_total,total,https-metrics,/kubepods/kubepods/burstable/podee4c94eb845abf1878fb3c4c489b1365/5e43e42bbeac4e15d3e75c8e6774965b7e0fd69e579e74e07943b920310e779a,192.168.65.3:10250,kubelet,/metrics/cadvisor,docker-desktop,prometheus-prometheus-oper-kubelet,154.029705206,kube-system,kube-scheduler-docker-desktop,kube-scheduler,sha256:aaefbfa906bd854407acc3495e8a3b773bb3770e4a36d836f7fd3255c299ab25,k8s_kube-scheduler_kube-scheduler-docker-desktop_kube-system_ee4c94eb845abf1878fb3c4c489b1365_1
1609947173.497,container_cpu_usage_seconds_total,total,https-metrics,/kubepods/kubepods/besteffort/podb20a4566-cda2-4ca2-8914-ff2b1f6eb9d0/e4728723681e6b2051a77d679bad06343d6ca7dff8d5c2ab33380da69d22b3a4,192.168.65.3:10250,kubelet,/metrics/cadvisor,docker-desktop,prometheus-prometheus-oper-kubelet,38.825499543,prometheus,prometheus-kube-state-metrics-95d956569-lql96,kube-state-metrics,sha256:6497f02dbdad76bf105081888e6728e6314dc975d7fbae47642047268e9d6042,k8s_kube-state-metrics_prometheus-kube-state-metrics-95d956569-lql96_prometheus_b20a4566-cda2-4ca2-8914-ff2b1f6eb9d0_1
1609947204.418,container_cpu_usage_seconds_total,total,https-metrics,/kubepods/kubepods/besteffort/podb20a4566-cda2-4ca2-8914-ff2b1f6eb9d0/e4728723681e6b2051a77d679bad06343d6ca7dff8d5c2ab33380da69d22b3a4,192.168.65.3:10250,kubelet,/metrics/cadvisor,docker-desktop,prometheus-prometheus-oper-kubelet,38.847192755,prometheus,prometheus-kube-state-metrics-95d956569-lql96,kube-state-metrics,sha256:6497f02dbdad76bf105081888e6728e6314dc975d7fbae47642047268e9d6042,k8s_kube-state-metrics_prometheus-kube-state-metrics-95d956569-lql96_prometheus_b20a4566-cda2-4ca2-8914-ff2b1f6eb9d0_1
1609947239.739,container_cpu_usage_seconds_total,total,https-metrics,/kubepods/kubepods/besteffort/podb20a4566-cda2-4ca2-8914-ff2b1f6eb9d0/e4728723681e6b2051a77d679bad06343d6ca7dff8d5c2ab33380da69d22b3a4,192.168.65.3:10250,kubelet,/metrics/cadvisor,docker-desktop,prometheus-prometheus-oper-kubelet,39.105237273,prometheus,prometheus-kube-state-metrics-95d956569-lql96,kube-state-metrics,sha256:6497f02dbdad76bf105081888e6728e6314dc975d7fbae47642047268e9d6042,k8s_kube-state-metrics_prometheus-kube-state-metrics-95d956569-lql96_prometheus_b20a4566-cda2-4ca2-8914-ff2b1f6eb9d0_1
1609947273.192,container_cpu_usage_seconds_total,total,https-metrics,/kubepods/kubepods/besteffort/podb20a4566-cda2-4ca2-8914-ff2b1f6eb9d0/e4728723681e6b2051a77d679bad06343d6ca7dff8d5c2ab33380da69d22b3a4,192.168.65.3:10250,kubelet,/metrics/cadvisor,docker-desktop,prometheus-prometheus-oper-kubelet,39.136206739,prometheus,prometheus-kube-state-metrics-95d956569-lql96,kube-state-metrics,sha256:6497f02dbdad76bf105081888e6728e6314dc975d7fbae47642047268e9d6042,k8s_kube-state-metrics_prometheus-kube-state-metrics-95d956569-lql96_prometheus_b20a4566-cda2-4ca2-8914-ff2b1f6eb9d0_1
1609947297.234,container_cpu_usage_seconds_total,total,https-metrics,/kubepods/kubepods/besteffort/podb20a4566-cda2-4ca2-8914-ff2b1f6eb9d0/e4728723681e6b2051a77d679bad06343d6ca7dff8d5c2ab33380da69d22b3a4,192.168.65.3:10250,kubelet,/metrics/cadvisor,docker-desktop,prometheus-prometheus-oper-kubelet,39.154674012,prometheus,prometheus-kube-state-metrics-95d956569-lql96,kube-state-metrics,sha256:6497f02dbdad76bf105081888e6728e6314dc975d7fbae47642047268e9d6042,k8s_kube-state-metrics_prometheus-kube-state-metrics-95d956569-lql96_prometheus_b20a4566-cda2-4ca2-8914-ff2b1f6eb9d0_1
1609947330.093,container_cpu_usage_seconds_total,total,https-metrics,/kubepods/kubepods/besteffort/podb20a4566-cda2-4ca2-8914-ff2b1f6eb9d0/e4728723681e6b2051a77d679bad06343d6ca7dff8d5c2ab33380da69d22b3a4,192.168.65.3:10250,kubelet,/metrics/cadvisor,docker-desktop,prometheus-prometheus-oper-kubelet,39.192271184,prometheus,prometheus-kube-state-metrics-95d956569-lql96,kube-state-metrics,sha256:6497f02dbdad76bf105081888e6728e6314dc975d7fbae47642047268e9d6042,k8s_kube-state-metrics_prometheus-kube-state-metrics-95d956569-lql96_prometheus_b20a4566-cda2-4ca2-8914-ff2b1f6eb9d0_1
1609947358.613,container_cpu_usage_seconds_total,total,https-metrics,/kubepods/kubepods/besteffort/podb20a4566-cda2-4ca2-8914-ff2b1f6eb9d0/e4728723681e6b2051a77d679bad06343d6ca7dff8d5c2ab33380da69d22b3a4,192.168.65.3:10250,kubelet,/metrics/cadvisor,docker-desktop,prometheus-prometheus-oper-kubelet,39.418758051,prometheus,prometheus-kube-state-metrics-95d956569-lql96,kube-state-metrics,sha256:6497f02dbdad76bf105081888e6728e6314dc975d7fbae47642047268e9d6042,k8s_kube-state-metrics_prometheus-kube-state-metrics-95d956569-lql96_prometheus_b20a4566-cda2-4ca2-8914-ff2b1f6eb9d0_1
1609947386.093,container_cpu_usage_seconds_total,total,https-metrics,/kubepods/kubepods/besteffort/podb20a4566-cda2-4ca2-8914-ff2b1f6eb9d0/e4728723681e6b2051a77d679bad06343d6ca7dff8d5c2ab33380da69d22b3a4,192.168.65.3:10250,kubelet,/metrics/cadvisor,docker-desktop,prometheus-prometheus-oper-kubelet,39.459350591,prometheus,prometheus-kube-state-metrics-95d956569-lql96,kube-state-metrics,sha256:6497f02dbdad76bf105081888e6728e6314dc975d7fbae47642047268e9d6042,k8s_kube-state-metrics_prometheus-kube-state-metrics-95d956569-lql96_prometheus_b20a4566-cda2-4ca2-8914-ff2b1f6eb9d0_1
1609947421.309,container_cpu_usage_seconds_total,total,https-metrics,/kubepods/kubepods/besteffort/podb20a4566-cda2-4ca2-8914-ff2b1f6eb9d0/e4728723681e6b2051a77d679bad06343d6ca7dff8d5c2ab33380da69d22b3a4,192.168.65.3:10250,kubelet,/metrics/cadvisor,docker-desktop,prometheus-prometheus-oper-kubelet,39.546219972,prometheus,prometheus-kube-state-metrics-95d956569-lql96,kube-state-metrics,sha256:6497f02dbdad76bf105081888e6728e6314dc975d7fbae47642047268e9d6042,k8s_kube-state-metrics_prometheus-kube-state-metrics-95d956569-lql96_prometheus_b20a4566-cda2-4ca2-8914-ff2b1f6eb9d0_1
1609947148.829,container_cpu_usage_seconds_total,total,https-metrics,/kubepods/kubepods/besteffort/pod128b5e68-7a5a-48d5-a2c1-153040781fc0/54c8e99fea7471a5e4b533b1aac462e1b58539d0fcee006c8defa03b787b1f46,192.168.65.3:10250,kubelet,/metrics/cadvisor,docker-desktop,prometheus-prometheus-oper-kubelet,121.0634727,prometheus,prometheus-prometheus-node-exporter-g46t6,node-exporter,sha256:14191dbfb45b9058720d49ec22fe0c24ecb8cb10ce502583071123a7045504e6,k8s_node-exporter_prometheus-prometheus-node-exporter-g46t6_prometheus_128b5e68-7a5a-48d5-a2c1-153040781fc0_1
1609947178.795,container_cpu_usage_seconds_total,total,https-metrics,/kubepods/kubepods/besteffort/pod128b5e68-7a5a-48d5-a2c1-153040781fc0/54c8e99fea7471a5e4b533b1aac462e1b58539d0fcee006c8defa03b787b1f46,192.168.65.3:10250,kubelet,/metrics/cadvisor,docker-desktop,prometheus-prometheus-oper-kubelet,121.215617415,prometheus,prometheus-prometheus-node-exporter-g46t6,node-exporter,sha256:14191dbfb45b9058720d49ec22fe0c24ecb8cb10ce502583071123a7045504e6,k8s_node-exporter_prometheus-prometheus-node-exporter-g46t6_prometheus_128b5e68-7a5a-48d5-a2c1-153040781fc0_1
1609947206.776,container_cpu_usage_seconds_total,total,https-metrics,/kubepods/kubepods/besteffort/pod128b5e68-7a5a-48d5-a2c1-153040781fc0/54c8e99fea7471a5e4b533b1aac462e1b58539d0fcee006c8defa03b787b1f46,192.168.65.3:10250,kubelet,/metrics/cadvisor,docker-desktop,prometheus-prometheus-oper-kubelet,121.366728623,prometheus,prometheus-prometheus-node-exporter-g46t6,node-exporter,sha256:14191dbfb45b9058720d49ec22fe0c24ecb8cb10ce502583071123a7045504e6,k8s_node-exporter_prometheus-prometheus-node-exporter-g46t6_prometheus_128b5e68-7a5a-48d5-a2c1-153040781fc0_1
1609947237.784,container_cpu_usage_seconds_total,total,https-metrics,/kubepods/kubepods/besteffort/pod128b5e68-7a5a-48d5-a2c1-153040781fc0/54c8e99fea7471a5e4b533b1aac462e1b58539d0fcee006c8defa03b787b1f46,192.168.65.3:10250,kubelet,/metrics/cadvisor,docker-desktop,prometheus-prometheus-oper-kubelet,121.488927198,prometheus,prometheus-prometheus-node-exporter-g46t6,node-exporter,sha256:14191dbfb45b9058720d49ec22fe0c24ecb8cb10ce502583071123a7045504e6,k8s_node-exporter_prometheus-prometheus-node-exporter-g46t6_prometheus_128b5e68-7a5a-48d5-a2c1-153040781fc0_1
1609947267.148,container_cpu_usage_seconds_total,total,https-metrics,/kubepods/kubepods/besteffort/pod128b5e68-7a5a-48d5-a2c1-153040781fc0/54c8e99fea7471a5e4b533b1aac462e1b58539d0fcee006c8defa03b787b1f46,192.168.65.3:10250,kubelet,/metrics/cadvisor,docker-desktop,prometheus-prometheus-oper-kubelet,121.637312273,prometheus,prometheus-prometheus-node-exporter-g46t6,node-exporter,sha256:14191dbfb45b9058720d49ec22fe0c24ecb8cb10ce502583071123a7045504e6,k8s_node-exporter_prometheus-prometheus-node-exporter-g46t6_prometheus_128b5e68-7a5a-48d5-a2c1-153040781fc0_1
1609947296.115,container_cpu_usage_seconds_total,total,https-metrics,/kubepods/kubepods/besteffort/pod128b5e68-7a5a-48d5-a2c1-153040781fc0/54c8e99fea7471a5e4b533b1aac462e1b58539d0fcee006c8defa03b787b1f46,192.168.65.3:10250,kubelet,/metrics/cadvisor,docker-desktop,prometheus-prometheus-oper-kubelet,121.794308478,prometheus,prometheus-prometheus-node-exporter-g46t6,node-exporter,sha256:14191dbfb45b9058720d49ec22fe0c24ecb8cb10ce502583071123a7045504e6,k8s_node-exporter_prometheus-prometheus-node-exporter-g46t6_prometheus_128b5e68-7a5a-48d5-a2c1-153040781fc0_1
1609947328.371,container_cpu_usage_seconds_total,total,https-metrics,/kubepods/kubepods/besteffort/pod128b5e68-7a5a-48d5-a2c1-153040781fc0/54c8e99fea7471a5e4b533b1aac462e1b58539d0fcee006c8defa03b787b1f46,192.168.65.3:10250,kubelet,/metrics/cadvisor,docker-desktop,prometheus-prometheus-oper-kubelet,121.869069184,prometheus,prometheus-prometheus-node-exporter-g46t6,node-exporter,sha256:14191dbfb45b9058720d49ec22fe0c24ecb8cb10ce502583071123a7045504e6,k8s_node-exporter_prometheus-prometheus-node-exporter-g46t6_prometheus_128b5e68-7a5a-48d5-a2c1-153040781fc0_1
1609947356.846,container_cpu_usage_seconds_total,total,https-metrics,/kubepods/kubepods/besteffort/pod128b5e68-7a5a-48d5-a2c1-153040781fc0/54c8e99fea7471a5e4b533b1aac462e1b58539d0fcee006c8defa03b787b1f46,192.168.65.3:10250,kubelet,/metrics/cadvisor,docker-desktop,prometheus-prometheus-oper-kubelet,122.248205281,prometheus,prometheus-prometheus-node-exporter-g46t6,node-exporter,sha256:14191dbfb45b9058720d49ec22fe0c24ecb8cb10ce502583071123a7045504e6,k8s_node-exporter_prometheus-prometheus-node-exporter-g46t6_prometheus_128b5e68-7a5a-48d5-a2c1-153040781fc0_1
1609947386.737,container_cpu_usage_seconds_total,total,https-metrics,/kubepods/kubepods/besteffort/pod128b5e68-7a5a-48d5-a2c1-153040781fc0/54c8e99fea7471a5e4b533b1aac462e1b58539d0fcee006c8defa03b787b1f46,192.168.65.3:10250,kubelet,/metrics/cadvisor,docker-desktop,prometheus-prometheus-oper-kubelet,122.379669763,prometheus,prometheus-prometheus-node-exporter-g46t6,node-exporter,sha256:14191dbfb45b9058720d49ec22fe0c24ecb8cb10ce502583071123a7045504e6,k8s_node-exporter_prometheus-prometheus-node-exporter-g46t6_prometheus_128b5e68-7a5a-48d5-a2c1-153040781fc0_1
1609947420.709,container_cpu_usage_seconds_total,total,https-metrics,/kubepods/kubepods/besteffort/pod128b5e68-7a5a-48d5-a2c1-153040781fc0/54c8e99fea7471a5e4b533b1aac462e1b58539d0fcee006c8defa03b787b1f46,192.168.65.3:10250,kubelet,/metrics/cadvisor,docker-desktop,prometheus-prometheus-oper-kubelet,122.486777637,prometheus,prometheus-prometheus-node-exporter-g46t6,node-exporter,sha256:14191dbfb45b9058720d49ec22fe0c24ecb8cb10ce502583071123a7045504e6,k8s_node-exporter_prometheus-prometheus-node-exporter-g46t6_prometheus_128b5e68-7a5a-48d5-a2c1-153040781fc0_1
1609947149.01,container_cpu_usage_seconds_total,total,https-metrics,/kubepods/kubepods/burstable/pod1ff7d251-90d1-437d-b25d-017f8eef1650/0ffa0f5b4737f32660cbe9a1544c3019c85b3a3e28f3ea4c34b57496629b24c1,192.168.65.3:10250,kubelet,/metrics/cadvisor,docker-desktop,prometheus-prometheus-oper-kubelet,738.355056991,prometheus,prometheus-prometheus-prometheus-oper-prometheus-0,prometheus,sha256:49130a5a075509b8fc075833c80a0bf38f8992666e81da452ae2e0d3dd7b5872,k8s_prometheus_prometheus-prometheus-prometheus-oper-prometheus-0_prometheus_1ff7d251-90d1-437d-b25d-017f8eef1650_2
1609947177.713,container_cpu_usage_seconds_total,total,https-metrics,/kubepods/kubepods/burstable/pod1ff7d251-90d1-437d-b25d-017f8eef1650/0ffa0f5b4737f32660cbe9a1544c3019c85b3a3e28f3ea4c34b57496629b24c1,192.168.65.3:10250,kubelet,/metrics/cadvisor,docker-desktop,prometheus-prometheus-oper-kubelet,739.473849026,prometheus,prometheus-prometheus-prometheus-oper-prometheus-0,prometheus,sha256:49130a5a075509b8fc075833c80a0bf38f8992666e81da452ae2e0d3dd7b5872,k8s_prometheus_prometheus-prometheus-prometheus-oper-prometheus-0_prometheus_1ff7d251-90d1-437d-b25d-017f8eef1650_2
1609947197.491,container_cpu_usage_seconds_total,total,https-metrics,/kubepods/kubepods/burstable/pod1ff7d251-90d1-437d-b25d-017f8eef1650/0ffa0f5b4737f32660cbe9a1544c3019c85b3a3e28f3ea4c34b57496629b24c1,192.168.65.3:10250,kubelet,/metrics/cadvisor,docker-desktop,prometheus-prometheus-oper-kubelet,740.57236899,prometheus,prometheus-prometheus-prometheus-oper-prometheus-0,prometheus,sha256:49130a5a075509b8fc075833c80a0bf38f8992666e81da452ae2e0d3dd7b5872,k8s_prometheus_prometheus-prometheus-prometheus-oper-prometheus-0_prometheus_1ff7d251-90d1-437d-b25d-017f8eef1650_2
1609947242.249,container_cpu_usage_seconds_total,total,https-metrics,/kubepods/kubepods/burstable/pod1ff7d251-90d1-437d-b25d-017f8eef1650/0ffa0f5b4737f32660cbe9a1544c3019c85b3a3e28f3ea4c34b57496629b24c1,192.168.65.3:10250,kubelet,/metrics/cadvisor,docker-desktop,prometheus-prometheus-oper-kubelet,741.589975416,prometheus,prometheus-prometheus-prometheus-oper-prometheus-0,prometheus,sha256:49130a5a075509b8fc075833c80a0bf38f8992666e81da452ae2e0d3dd7b5872,k8s_prometheus_prometheus-prometheus-prometheus-oper-prometheus-0_prometheus_1ff7d251-90d1-437d-b25d-017f8eef1650_2
1609947274.269,container_cpu_usage_seconds_total,total,https-metrics,/kubepods/kubepods/burstable/pod1ff7d251-90d1-437d-b25d-017f8eef1650/0ffa0f5b4737f32660cbe9a1544c3019c85b3a3e28f3ea4c34b57496629b24c1,192.168.65.3:10250,kubelet,/metrics/cadvisor,docker-desktop,prometheus-prometheus-oper-kubelet,742.588058999,prometheus,prometheus-prometheus-prometheus-oper-prometheus-0,prometheus,sha256:49130a5a075509b8fc075833c80a0bf38f8992666e81da452ae2e0d3dd7b5872,k8s_prometheus_prometheus-prometheus-prometheus-oper-prometheus-0_prometheus_1ff7d251-90d1-437d-b25d-017f8eef1650_2
1609947297.402,container_cpu_usage_seconds_total,total,https-metrics,/kubepods/kubepods/burstable/pod1ff7d251-90d1-437d-b25d-017f8eef1650/0ffa0f5b4737f32660cbe9a1544c3019c85b3a3e28f3ea4c34b57496629b24c1,192.168.65.3:10250,kubelet,/metrics/cadvisor,docker-desktop,prometheus-prometheus-oper-kubelet,743.829611216,prometheus,prometheus-prometheus-prometheus-oper-prometheus-0,prometheus,sha256:49130a5a075509b8fc075833c80a0bf38f8992666e81da452ae2e0d3dd7b5872,k8s_prometheus_prometheus-prometheus-prometheus-oper-prometheus-0_prometheus_1ff7d251-90d1-437d-b25d-017f8eef1650_2
1609947328.135,container_cpu_usage_seconds_total,total,https-metrics,/kubepods/kubepods/burstable/pod1ff7d251-90d1-437d-b25d-017f8eef1650/0ffa0f5b4737f32660cbe9a1544c3019c85b3a3e28f3ea4c34b57496629b24c1,192.168.65.3:10250,kubelet,/metrics/cadvisor,docker-desktop,prometheus-prometheus-oper-kubelet,744.909433238,prometheus,prometheus-prometheus-prometheus-oper-prometheus-0,prometheus,sha256:49130a5a075509b8fc075833c80a0bf38f8992666e81da452ae2e0d3dd7b5872,k8s_prometheus_prometheus-prometheus-prometheus-oper-prometheus-0_prometheus_1ff7d251-90d1-437d-b25d-017f8eef1650_2
1609947363.942,container_cpu_usage_seconds_total,total,https-metrics,/kubepods/kubepods/burstable/pod1ff7d251-90d1-437d-b25d-017f8eef1650/0ffa0f5b4737f32660cbe9a1544c3019c85b3a3e28f3ea4c34b57496629b24c1,192.168.65.3:10250,kubelet,/metrics/cadvisor,docker-desktop,prometheus-prometheus-oper-kubelet,749.165503942,prometheus,prometheus-prometheus-prometheus-oper-prometheus-0,prometheus,sha256:49130a5a075509b8fc075833c80a0bf38f8992666e81da452ae2e0d3dd7b5872,k8s_prometheus_prometheus-prometheus-prometheus-oper-prometheus-0_prometheus_1ff7d251-90d1-437d-b25d-017f8eef1650_2
1609947395.239,container_cpu_usage_seconds_total,total,https-metrics,/kubepods/kubepods/burstable/pod1ff7d251-90d1-437d-b25d-017f8eef1650/0ffa0f5b4737f32660cbe9a1544c3019c85b3a3e28f3ea4c34b57496629b24c1,192.168.65.3:10250,kubelet,/metrics/cadvisor,docker-desktop,prometheus-prometheus-oper-kubelet,750.03723348,prometheus,prometheus-prometheus-prometheus-oper-prometheus-0,prometheus,sha256:49130a5a075509b8fc075833c80a0bf38f8992666e81da452ae2e0d3dd7b5872,k8s_prometheus_prometheus-prometheus-prometheus-oper-prometheus-0_prometheus_1ff7d251-90d1-437d-b25d-017f8eef1650_2
1609947412.729,container_cpu_usage_seconds_total,total,https-metrics,/kubepods/kubepods/burstable/pod1ff7d251-90d1-437d-b25d-017f8eef1650/0ffa0f5b4737f32660cbe9a1544c3019c85b3a3e28f3ea4c34b57496629b24c1,192.168.65.3:10250,kubelet,/metrics/cadvisor,docker-desktop,prometheus-prometheus-oper-kubelet,750.736270257,prometheus,prometheus-prometheus-prometheus-oper-prometheus-0,prometheus,sha256:49130a5a075509b8fc075833c80a0bf38f8992666e81da452ae2e0d3dd7b5872,k8s_prometheus_prometheus-prometheus-prometheus-oper-prometheus-0_prometheus_1ff7d251-90d1-437d-b25d-017f8eef1650_2
1609947145.422,container_cpu_usage_seconds_total,total,https-metrics,/kubepods/kubepods/burstable/pod1ff7d251-90d1-437d-b25d-017f8eef1650/6a44ce08a969bb14028fff0e1aa407a463b1550b5bff3bd7fb155064ea94a17e,192.168.65.3:10250,kubelet,/metrics/cadvisor,docker-desktop,prometheus-prometheus-oper-kubelet,1.284288146,prometheus,prometheus-prometheus-prometheus-oper-prometheus-0,prometheus-config-reloader,sha256:d7b0242b6e10c3de0148d0543c75ed8bc72fc5240c350fb454a9c8e6a68e1fe6,k8s_prometheus-config-reloader_prometheus-prometheus-prometheus-oper-prometheus-0_prometheus_1ff7d251-90d1-437d-b25d-017f8eef1650_1
1609947183.233,container_cpu_usage_seconds_total,total,https-metrics,/kubepods/kubepods/burstable/pod1ff7d251-90d1-437d-b25d-017f8eef1650/6a44ce08a969bb14028fff0e1aa407a463b1550b5bff3bd7fb155064ea94a17e,192.168.65.3:10250,kubelet,/metrics/cadvisor,docker-desktop,prometheus-prometheus-oper-kubelet,1.284332102,prometheus,prometheus-prometheus-prometheus-oper-prometheus-0,prometheus-config-reloader,sha256:d7b0242b6e10c3de0148d0543c75ed8bc72fc5240c350fb454a9c8e6a68e1fe6,k8s_prometheus-config-reloader_prometheus-prometheus-prometheus-oper-prometheus-0_prometheus_1ff7d251-90d1-437d-b25d-017f8eef1650_1
1609947196.587,container_cpu_usage_seconds_total,total,https-metrics,/kubepods/kubepods/burstable/pod1ff7d251-90d1-437d-b25d-017f8eef1650/6a44ce08a969bb14028fff0e1aa407a463b1550b5bff3bd7fb155064ea94a17e,192.168.65.3:10250,kubelet,/metrics/cadvisor,docker-desktop,prometheus-prometheus-oper-kubelet,1.284332102,prometheus,prometheus-prometheus-prometheus-oper-prometheus-0,prometheus-config-reloader,sha256:d7b0242b6e10c3de0148d0543c75ed8bc72fc5240c350fb454a9c8e6a68e1fe6,k8s_prometheus-config-reloader_prometheus-prometheus-prometheus-oper-prometheus-0_prometheus_1ff7d251-90d1-437d-b25d-017f8eef1650_1
1609947233.923,container_cpu_usage_seconds_total,total,https-metrics,/kubepods/kubepods/burstable/pod1ff7d251-90d1-437d-b25d-017f8eef1650/6a44ce08a969bb14028fff0e1aa407a463b1550b5bff3bd7fb155064ea94a17e,192.168.65.3:10250,kubelet,/metrics/cadvisor,docker-desktop,prometheus-prometheus-oper-kubelet,1.284999499,prometheus,prometheus-prometheus-prometheus-oper-prometheus-0,prometheus-config-reloader,sha256:d7b0242b6e10c3de0148d0543c75ed8bc72fc5240c350fb454a9c8e6a68e1fe6,k8s_prometheus-config-reloader_prometheus-prometheus-prometheus-oper-prometheus-0_prometheus_1ff7d251-90d1-437d-b25d-017f8eef1650_1
1609947265.328,container_cpu_usage_seconds_total,total,https-metrics,/kubepods/kubepods/burstable/pod1ff7d251-90d1-437d-b25d-017f8eef1650/6a44ce08a969bb14028fff0e1aa407a463b1550b5bff3bd7fb155064ea94a17e,192.168.65.3:10250,kubelet,/metrics/cadvisor,docker-desktop,prometheus-prometheus-oper-kubelet,1.294678293,prometheus,prometheus-prometheus-prometheus-oper-prometheus-0,prometheus-config-reloader,sha256:d7b0242b6e10c3de0148d0543c75ed8bc72fc5240c350fb454a9c8e6a68e1fe6,k8s_prometheus-config-reloader_prometheus-prometheus-prometheus-oper-prometheus-0_prometheus_1ff7d251-90d1-437d-b25d-017f8eef1650_1
1609947281.32,container_cpu_usage_seconds_total,total,https-metrics,/kubepods/kubepods/burstable/pod1ff7d251-90d1-437d-b25d-017f8eef1650/6a44ce08a969bb14028fff0e1aa407a463b1550b5bff3bd7fb155064ea94a17e,192.168.65.3:10250,kubelet,/metrics/cadvisor,docker-desktop,prometheus-prometheus-oper-kubelet,1.294678293,prometheus,prometheus-prometheus-prometheus-oper-prometheus-0,prometheus-config-reloader,sha256:d7b0242b6e10c3de0148d0543c75ed8bc72fc5240c350fb454a9c8e6a68e1fe6,k8s_prometheus-config-reloader_prometheus-prometheus-prometheus-oper-prometheus-0_prometheus_1ff7d251-90d1-437d-b25d-017f8eef1650_1
1609947323.272,container_cpu_usage_seconds_total,total,https-metrics,/kubepods/kubepods/burstable/pod1ff7d251-90d1-437d-b25d-017f8eef1650/6a44ce08a969bb14028fff0e1aa407a463b1550b5bff3bd7fb155064ea94a17e,192.168.65.3:10250,kubelet,/metrics/cadvisor,docker-desktop,prometheus-prometheus-oper-kubelet,1.295433082,prometheus,prometheus-prometheus-prometheus-oper-prometheus-0,prometheus-config-reloader,sha256:d7b0242b6e10c3de0148d0543c75ed8bc72fc5240c350fb454a9c8e6a68e1fe6,k8s_prometheus-config-reloader_prometheus-prometheus-prometheus-oper-prometheus-0_prometheus_1ff7d251-90d1-437d-b25d-017f8eef1650_1
1609947356.074,container_cpu_usage_seconds_total,total,https-metrics,/kubepods/kubepods/burstable/pod1ff7d251-90d1-437d-b25d-017f8eef1650/6a44ce08a969bb14028fff0e1aa407a463b1550b5bff3bd7fb155064ea94a17e,192.168.65.3:10250,kubelet,/metrics/cadvisor,docker-desktop,prometheus-prometheus-oper-kubelet,1.295562533,prometheus,prometheus-prometheus-prometheus-oper-prometheus-0,prometheus-config-reloader,sha256:d7b0242b6e10c3de0148d0543c75ed8bc72fc5240c350fb454a9c8e6a68e1fe6,k8s_prometheus-config-reloader_prometheus-prometheus-prometheus-oper-prometheus-0_prometheus_1ff7d251-90d1-437d-b25d-017f8eef1650_1
1609947383.516,container_cpu_usage_seconds_total,total,https-metrics,/kubepods/kubepods/burstable/pod1ff7d251-90d1-437d-b25d-017f8eef1650/6a44ce08a969bb14028fff0e1aa407a463b1550b5bff3bd7fb155064ea94a17e,192.168.65.3:10250,kubelet,/metrics/cadvisor,docker-desktop,prometheus-prometheus-oper-kubelet,1.299411015,prometheus,prometheus-prometheus-prometheus-oper-prometheus-0,prometheus-config-reloader,sha256:d7b0242b6e10c3de0148d0543c75ed8bc72fc5240c350fb454a9c8e6a68e1fe6,k8s_prometheus-config-reloader_prometheus-prometheus-prometheus-oper-prometheus-0_prometheus_1ff7d251-90d1-437d-b25d-017f8eef1650_1
1609947413.015,container_cpu_usage_seconds_total,total,https-metrics,/kubepods/kubepods/burstable/pod1ff7d251-90d1-437d-b25d-017f8eef1650/6a44ce08a969bb14028fff0e1aa407a463b1550b5bff3bd7fb155064ea94a17e,192.168.65.3:10250,kubelet,/metrics/cadvisor,docker-desktop,prometheus-prometheus-oper-kubelet,1.299411015,prometheus,prometheus-prometheus-prometheus-oper-prometheus-0,prometheus-config-reloader,sha256:d7b0242b6e10c3de0148d0543c75ed8bc72fc5240c350fb454a9c8e6a68e1fe6,k8s_prometheus-config-reloader_prometheus-prometheus-prometheus-oper-prometheus-0_prometheus_1ff7d251-90d1-437d-b25d-017f8eef1650_1
1609947155.158,container_cpu_usage_seconds_total,total,https-metrics,/kubepods/kubepods/besteffort/pod32c047c5-e2ba-40f6-b844-aae8b4fb10d6/b25108753c8504c33822679c30fa2fbab42c43535b16549a3f94dceae069cfa2,192.168.65.3:10250,kubelet,/metrics/cadvisor,docker-desktop,prometheus-prometheus-oper-kubelet,91.305994888,prometheus,prometheus-prometheus-oper-operator-6d9c4bdb9f-dwpxg,prometheus-operator,sha256:94634a50f6be98fd69addea93d356c60c4bc00bfb13921bb8282c80a24031b98,k8s_prometheus-operator_prometheus-prometheus-oper-operator-6d9c4bdb9f-dwpxg_prometheus_32c047c5-e2ba-40f6-b844-aae8b4fb10d6_1
1609947168.607,container_cpu_usage_seconds_total,total,https-metrics,/kubepods/kubepods/besteffort/pod32c047c5-e2ba-40f6-b844-aae8b4fb10d6/b25108753c8504c33822679c30fa2fbab42c43535b16549a3f94dceae069cfa2,192.168.65.3:10250,kubelet,/metrics/cadvisor,docker-desktop,prometheus-prometheus-oper-kubelet,91.336129129,prometheus,prometheus-prometheus-oper-operator-6d9c4bdb9f-dwpxg,prometheus-operator,sha256:94634a50f6be98fd69addea93d356c60c4bc00bfb13921bb8282c80a24031b98,k8s_prometheus-operator_prometheus-prometheus-oper-operator-6d9c4bdb9f-dwpxg_prometheus_32c047c5-e2ba-40f6-b844-aae8b4fb10d6_1
1609947199.199,container_cpu_usage_seconds_total,total,https-metrics,/kubepods/kubepods/besteffort/pod32c047c5-e2ba-40f6-b844-aae8b4fb10d6/b25108753c8504c33822679c30fa2fbab42c43535b16549a3f94dceae069cfa2,192.168.65.3:10250,kubelet,/metrics/cadvisor,docker-desktop,prometheus-prometheus-oper-kubelet,91.447472407,prometheus,prometheus-prometheus-oper-operator-6d9c4bdb9f-dwpxg,prometheus-operator,sha256:94634a50f6be98fd69addea93d356c60c4bc00bfb13921bb8282c80a24031b98,k8s_prometheus-operator_prometheus-prometheus-oper-operator-6d9c4bdb9f-dwpxg_prometheus_32c047c5-e2ba-40f6-b844-aae8b4fb10d6_1
1609947238.633,container_cpu_usage_seconds_total,total,https-metrics,/kubepods/kubepods/besteffort/pod32c047c5-e2ba-40f6-b844-aae8b4fb10d6/b25108753c8504c33822679c30fa2fbab42c43535b16549a3f94dceae069cfa2,192.168.65.3:10250,kubelet,/metrics/cadvisor,docker-desktop,prometheus-prometheus-oper-kubelet,91.55121779,prometheus,prometheus-prometheus-oper-operator-6d9c4bdb9f-dwpxg,prometheus-operator,sha256:94634a50f6be98fd69addea93d356c60c4bc00bfb13921bb8282c80a24031b98,k8s_prometheus-operator_prometheus-prometheus-oper-operator-6d9c4bdb9f-dwpxg_prometheus_32c047c5-e2ba-40f6-b844-aae8b4fb10d6_1
1609947271.673,container_cpu_usage_seconds_total,total,https-metrics,/kubepods/kubepods/besteffort/pod32c047c5-e2ba-40f6-b844-aae8b4fb10d6/b25108753c8504c33822679c30fa2fbab42c43535b16549a3f94dceae069cfa2,192.168.65.3:10250,kubelet,/metrics/cadvisor,docker-desktop,prometheus-prometheus-oper-kubelet,91.630991182,prometheus,prometheus-prometheus-oper-operator-6d9c4bdb9f-dwpxg,prometheus-operator,sha256:94634a50f6be98fd69addea93d356c60c4bc00bfb13921bb8282c80a24031b98,k8s_prometheus-operator_prometheus-prometheus-oper-operator-6d9c4bdb9f-dwpxg_prometheus_32c047c5-e2ba-40f6-b844-aae8b4fb10d6_1
1609947297.701,container_cpu_usage_seconds_total,total,https-metrics,/kubepods/kubepods/besteffort/pod32c047c5-e2ba-40f6-b844-aae8b4fb10d6/b25108753c8504c33822679c30fa2fbab42c43535b16549a3f94dceae069cfa2,192.168.65.3:10250,kubelet,/metrics/cadvisor,docker-desktop,prometheus-prometheus-oper-kubelet,91.695914571,prometheus,prometheus-prometheus-oper-operator-6d9c4bdb9f-dwpxg,prometheus-operator,sha256:94634a50f6be98fd69addea93d356c60c4bc00bfb13921bb8282c80a24031b98,k8s_prometheus-operator_prometheus-prometheus-oper-operator-6d9c4bdb9f-dwpxg_prometheus_32c047c5-e2ba-40f6-b844-aae8b4fb10d6_1
1609947323.938,container_cpu_usage_seconds_total,total,https-metrics,/kubepods/kubepods/besteffort/pod32c047c5-e2ba-40f6-b844-aae8b4fb10d6/b25108753c8504c33822679c30fa2fbab42c43535b16549a3f94dceae069cfa2,192.168.65.3:10250,kubelet,/metrics/cadvisor,docker-desktop,prometheus-prometheus-oper-kubelet,91.772227404,prometheus,prometheus-prometheus-oper-operator-6d9c4bdb9f-dwpxg,prometheus-operator,sha256:94634a50f6be98fd69addea93d356c60c4bc00bfb13921bb8282c80a24031b98,k8s_prometheus-operator_prometheus-prometheus-oper-operator-6d9c4bdb9f-dwpxg_prometheus_32c047c5-e2ba-40f6-b844-aae8b4fb10d6_1
1609947361.572,container_cpu_usage_seconds_total,total,https-metrics,/kubepods/kubepods/besteffort/pod32c047c5-e2ba-40f6-b844-aae8b4fb10d6/b25108753c8504c33822679c30fa2fbab42c43535b16549a3f94dceae069cfa2,192.168.65.3:10250,kubelet,/metrics/cadvisor,docker-desktop,prometheus-prometheus-oper-kubelet,91.904014945,prometheus,prometheus-prometheus-oper-operator-6d9c4bdb9f-dwpxg,prometheus-operator,sha256:94634a50f6be98fd69addea93d356c60c4bc00bfb13921bb8282c80a24031b98,k8s_prometheus-operator_prometheus-prometheus-oper-operator-6d9c4bdb9f-dwpxg_prometheus_32c047c5-e2ba-40f6-b844-aae8b4fb10d6_1
1609947390.239,container_cpu_usage_seconds_total,total,https-metrics,/kubepods/kubepods/besteffort/pod32c047c5-e2ba-40f6-b844-aae8b4fb10d6/b25108753c8504c33822679c30fa2fbab42c43535b16549a3f94dceae069cfa2,192.168.65.3:10250,kubelet,/metrics/cadvisor,docker-desktop,prometheus-prometheus-oper-kubelet,91.985033617,prometheus,prometheus-prometheus-oper-operator-6d9c4bdb9f-dwpxg,prometheus-operator,sha256:94634a50f6be98fd69addea93d356c60c4bc00bfb13921bb8282c80a24031b98,k8s_prometheus-operator_prometheus-prometheus-oper-operator-6d9c4bdb9f-dwpxg_prometheus_32c047c5-e2ba-40f6-b844-aae8b4fb10d6_1
1609947414.407,container_cpu_usage_seconds_total,total,https-metrics,/kubepods/kubepods/besteffort/pod32c047c5-e2ba-40f6-b844-aae8b4fb10d6/b25108753c8504c33822679c30fa2fbab42c43535b16549a3f94dceae069cfa2,192.168.65.3:10250,kubelet,/metrics/cadvisor,docker-desktop,prometheus-prometheus-oper-kubelet,92.034851505,prometheus,prometheus-prometheus-oper-operator-6d9c4bdb9f-dwpxg,prometheus-operator,sha256:94634a50f6be98fd69addea93d356c60c4bc00bfb13921bb8282c80a24031b98,k8s_prometheus-operator_prometheus-prometheus-oper-operator-6d9c4bdb9f-dwpxg_prometheus_32c047c5-e2ba-40f6-b844-aae8b4fb10d6_1
1609947148.429,container_cpu_usage_seconds_total,total,https-metrics,/kubepods/kubepods/burstable/pod1ff7d251-90d1-437d-b25d-017f8eef1650/800a94199f45b8e7c52efb79dee796f9d867875d8effd9c11715200663b62c91,192.168.65.3:10250,kubelet,/metrics/cadvisor,docker-desktop,prometheus-prometheus-oper-kubelet,0.424696,prometheus,prometheus-prometheus-prometheus-oper-prometheus-0,rules-configmap-reloader,sha256:7ec24a279487c2a51c62c42efd554a99b06916f3b91efa4591871b91ef904a35,k8s_rules-configmap-reloader_prometheus-prometheus-prometheus-oper-prometheus-0_prometheus_1ff7d251-90d1-437d-b25d-017f8eef1650_1
1609947177.633,container_cpu_usage_seconds_total,total,https-metrics,/kubepods/kubepods/burstable/pod1ff7d251-90d1-437d-b25d-017f8eef1650/800a94199f45b8e7c52efb79dee796f9d867875d8effd9c11715200663b62c91,192.168.65.3:10250,kubelet,/metrics/cadvisor,docker-desktop,prometheus-prometheus-oper-kubelet,0.424696,prometheus,prometheus-prometheus-prometheus-oper-prometheus-0,rules-configmap-reloader,sha256:7ec24a279487c2a51c62c42efd554a99b06916f3b91efa4591871b91ef904a35,k8s_rules-configmap-reloader_prometheus-prometheus-prometheus-oper-prometheus-0_prometheus_1ff7d251-90d1-437d-b25d-017f8eef1650_1
1609947204.899,container_cpu_usage_seconds_total,total,https-metrics,/kubepods/kubepods/burstable/pod1ff7d251-90d1-437d-b25d-017f8eef1650/800a94199f45b8e7c52efb79dee796f9d867875d8effd9c11715200663b62c91,192.168.65.3:10250,kubelet,/metrics/cadvisor,docker-desktop,prometheus-prometheus-oper-kubelet,0.424725106,prometheus,prometheus-prometheus-prometheus-oper-prometheus-0,rules-configmap-reloader,sha256:7ec24a279487c2a51c62c42efd554a99b06916f3b91efa4591871b91ef904a35,k8s_rules-configmap-reloader_prometheus-prometheus-prometheus-oper-prometheus-0_prometheus_1ff7d251-90d1-437d-b25d-017f8eef1650_1
1609947243.809,container_cpu_usage_seconds_total,total,https-metrics,/kubepods/kubepods/burstable/pod1ff7d251-90d1-437d-b25d-017f8eef1650/800a94199f45b8e7c52efb79dee796f9d867875d8effd9c11715200663b62c91,192.168.65.3:10250,kubelet,/metrics/cadvisor,docker-desktop,prometheus-prometheus-oper-kubelet,0.425438066,prometheus,prometheus-prometheus-prometheus-oper-prometheus-0,rules-configmap-reloader,sha256:7ec24a279487c2a51c62c42efd554a99b06916f3b91efa4591871b91ef904a35,k8s_rules-configmap-reloader_prometheus-prometheus-prometheus-oper-prometheus-0_prometheus_1ff7d251-90d1-437d-b25d-017f8eef1650_1
1609947267.062,container_cpu_usage_seconds_total,total,https-metrics,/kubepods/kubepods/burstable/pod1ff7d251-90d1-437d-b25d-017f8eef1650/800a94199f45b8e7c52efb79dee796f9d867875d8effd9c11715200663b62c91,192.168.65.3:10250,kubelet,/metrics/cadvisor,docker-desktop,prometheus-prometheus-oper-kubelet,0.425438066,prometheus,prometheus-prometheus-prometheus-oper-prometheus-0,rules-configmap-reloader,sha256:7ec24a279487c2a51c62c42efd554a99b06916f3b91efa4591871b91ef904a35,k8s_rules-configmap-reloader_prometheus-prometheus-prometheus-oper-prometheus-0_prometheus_1ff7d251-90d1-437d-b25d-017f8eef1650_1
1609947286.155,container_cpu_usage_seconds_total,total,https-metrics,/kubepods/kubepods/burstable/pod1ff7d251-90d1-437d-b25d-017f8eef1650/800a94199f45b8e7c52efb79dee796f9d867875d8effd9c11715200663b62c91,192.168.65.3:10250,kubelet,/metrics/cadvisor,docker-desktop,prometheus-prometheus-oper-kubelet,0.425486687,prometheus,prometheus-prometheus-prometheus-oper-prometheus-0,rules-configmap-reloader,sha256:7ec24a279487c2a51c62c42efd554a99b06916f3b91efa4591871b91ef904a35,k8s_rules-configmap-reloader_prometheus-prometheus-prometheus-oper-prometheus-0_prometheus_1ff7d251-90d1-437d-b25d-017f8eef1650_1
1609947323.082,container_cpu_usage_seconds_total,total,https-metrics,/kubepods/kubepods/burstable/pod1ff7d251-90d1-437d-b25d-017f8eef1650/800a94199f45b8e7c52efb79dee796f9d867875d8effd9c11715200663b62c91,192.168.65.3:10250,kubelet,/metrics/cadvisor,docker-desktop,prometheus-prometheus-oper-kubelet,0.426149088,prometheus,prometheus-prometheus-prometheus-oper-prometheus-0,rules-configmap-reloader,sha256:7ec24a279487c2a51c62c42efd554a99b06916f3b91efa4591871b91ef904a35,k8s_rules-configmap-reloader_prometheus-prometheus-prometheus-oper-prometheus-0_prometheus_1ff7d251-90d1-437d-b25d-017f8eef1650_1
1609947356.022,container_cpu_usage_seconds_total,total,https-metrics,/kubepods/kubepods/burstable/pod1ff7d251-90d1-437d-b25d-017f8eef1650/800a94199f45b8e7c52efb79dee796f9d867875d8effd9c11715200663b62c91,192.168.65.3:10250,kubelet,/metrics/cadvisor,docker-desktop,prometheus-prometheus-oper-kubelet,0.42620839,prometheus,prometheus-prometheus-prometheus-oper-prometheus-0,rules-configmap-reloader,sha256:7ec24a279487c2a51c62c42efd554a99b06916f3b91efa4591871b91ef904a35,k8s_rules-configmap-reloader_prometheus-prometheus-prometheus-oper-prometheus-0_prometheus_1ff7d251-90d1-437d-b25d-017f8eef1650_1
1609947384.653,container_cpu_usage_seconds_total,total,https-metrics,/kubepods/kubepods/burstable/pod1ff7d251-90d1-437d-b25d-017f8eef1650/800a94199f45b8e7c52efb79dee796f9d867875d8effd9c11715200663b62c91,192.168.65.3:10250,kubelet,/metrics/cadvisor,docker-desktop,prometheus-prometheus-oper-kubelet,0.430600998,prometheus,prometheus-prometheus-prometheus-oper-prometheus-0,rules-configmap-reloader,sha256:7ec24a279487c2a51c62c42efd554a99b06916f3b91efa4591871b91ef904a35,k8s_rules-configmap-reloader_prometheus-prometheus-prometheus-oper-prometheus-0_prometheus_1ff7d251-90d1-437d-b25d-017f8eef1650_1
1609947424.064,container_cpu_usage_seconds_total,total,https-metrics,/kubepods/kubepods/burstable/pod1ff7d251-90d1-437d-b25d-017f8eef1650/800a94199f45b8e7c52efb79dee796f9d867875d8effd9c11715200663b62c91,192.168.65.3:10250,kubelet,/metrics/cadvisor,docker-desktop,prometheus-prometheus-oper-kubelet,0.432052751,prometheus,prometheus-prometheus-prometheus-oper-prometheus-0,rules-configmap-reloader,sha256:7ec24a279487c2a51c62c42efd554a99b06916f3b91efa4591871b91ef904a35,k8s_rules-configmap-reloader_prometheus-prometheus-prometheus-oper-prometheus-0_prometheus_1ff7d251-90d1-437d-b25d-017f8eef1650_1
1609947145.342,container_cpu_usage_seconds_total,total,https-metrics,/kubepods/kubepods/besteffort/pod32c047c5-e2ba-40f6-b844-aae8b4fb10d6/7f02ed3ccf680e2e311b82ab4d1a3aee6998ec7ed9b19ed3ed50a4584104a509,192.168.65.3:10250,kubelet,/metrics/cadvisor,docker-desktop,prometheus-prometheus-oper-kubelet,16.315369581,prometheus,prometheus-prometheus-oper-operator-6d9c4bdb9f-dwpxg,tls-proxy,sha256:256412e1e27399e1bbc5df5e754822df0e30c935c1732d7fca3bbe3503c34a52,k8s_tls-proxy_prometheus-prometheus-oper-operator-6d9c4bdb9f-dwpxg_prometheus_32c047c5-e2ba-40f6-b844-aae8b4fb10d6_1
1609947177.734,container_cpu_usage_seconds_total,total,https-metrics,/kubepods/kubepods/besteffort/pod32c047c5-e2ba-40f6-b844-aae8b4fb10d6/7f02ed3ccf680e2e311b82ab4d1a3aee6998ec7ed9b19ed3ed50a4584104a509,192.168.65.3:10250,kubelet,/metrics/cadvisor,docker-desktop,prometheus-prometheus-oper-kubelet,16.332964017,prometheus,prometheus-prometheus-oper-operator-6d9c4bdb9f-dwpxg,tls-proxy,sha256:256412e1e27399e1bbc5df5e754822df0e30c935c1732d7fca3bbe3503c34a52,k8s_tls-proxy_prometheus-prometheus-oper-operator-6d9c4bdb9f-dwpxg_prometheus_32c047c5-e2ba-40f6-b844-aae8b4fb10d6_1
1609947212.278,container_cpu_usage_seconds_total,total,https-metrics,/kubepods/kubepods/besteffort/pod32c047c5-e2ba-40f6-b844-aae8b4fb10d6/7f02ed3ccf680e2e311b82ab4d1a3aee6998ec7ed9b19ed3ed50a4584104a509,192.168.65.3:10250,kubelet,/metrics/cadvisor,docker-desktop,prometheus-prometheus-oper-kubelet,16.350968835,prometheus,prometheus-prometheus-oper-operator-6d9c4bdb9f-dwpxg,tls-proxy,sha256:256412e1e27399e1bbc5df5e754822df0e30c935c1732d7fca3bbe3503c34a52,k8s_tls-proxy_prometheus-prometheus-oper-operator-6d9c4bdb9f-dwpxg_prometheus_32c047c5-e2ba-40f6-b844-aae8b4fb10d6_1
1609947243.43,container_cpu_usage_seconds_total,total,https-metrics,/kubepods/kubepods/besteffort/pod32c047c5-e2ba-40f6-b844-aae8b4fb10d6/7f02ed3ccf680e2e311b82ab4d1a3aee6998ec7ed9b19ed3ed50a4584104a509,192.168.65.3:10250,kubelet,/metrics/cadvisor,docker-desktop,prometheus-prometheus-oper-kubelet,16.37373757,prometheus,prometheus-prometheus-oper-operator-6d9c4bdb9f-dwpxg,tls-proxy,sha256:256412e1e27399e1bbc5df5e754822df0e30c935c1732d7fca3bbe3503c34a52,k8s_tls-proxy_prometheus-prometheus-oper-operator-6d9c4bdb9f-dwpxg_prometheus_32c047c5-e2ba-40f6-b844-aae8b4fb10d6_1
1609947274.895,container_cpu_usage_seconds_total,total,https-metrics,/kubepods/kubepods/besteffort/pod32c047c5-e2ba-40f6-b844-aae8b4fb10d6/7f02ed3ccf680e2e311b82ab4d1a3aee6998ec7ed9b19ed3ed50a4584104a509,192.168.65.3:10250,kubelet,/metrics/cadvisor,docker-desktop,prometheus-prometheus-oper-kubelet,16.390081452,prometheus,prometheus-prometheus-oper-operator-6d9c4bdb9f-dwpxg,tls-proxy,sha256:256412e1e27399e1bbc5df5e754822df0e30c935c1732d7fca3bbe3503c34a52,k8s_tls-proxy_prometheus-prometheus-oper-operator-6d9c4bdb9f-dwpxg_prometheus_32c047c5-e2ba-40f6-b844-aae8b4fb10d6_1
1609947289.667,container_cpu_usage_seconds_total,total,https-metrics,/kubepods/kubepods/besteffort/pod32c047c5-e2ba-40f6-b844-aae8b4fb10d6/7f02ed3ccf680e2e311b82ab4d1a3aee6998ec7ed9b19ed3ed50a4584104a509,192.168.65.3:10250,kubelet,/metrics/cadvisor,docker-desktop,prometheus-prometheus-oper-kubelet,16.398782759,prometheus,prometheus-prometheus-oper-operator-6d9c4bdb9f-dwpxg,tls-proxy,sha256:256412e1e27399e1bbc5df5e754822df0e30c935c1732d7fca3bbe3503c34a52,k8s_tls-proxy_prometheus-prometheus-oper-operator-6d9c4bdb9f-dwpxg_prometheus_32c047c5-e2ba-40f6-b844-aae8b4fb10d6_1
1609947324.479,container_cpu_usage_seconds_total,total,https-metrics,/kubepods/kubepods/besteffort/pod32c047c5-e2ba-40f6-b844-aae8b4fb10d6/7f02ed3ccf680e2e311b82ab4d1a3aee6998ec7ed9b19ed3ed50a4584104a509,192.168.65.3:10250,kubelet,/metrics/cadvisor,docker-desktop,prometheus-prometheus-oper-kubelet,16.418389688,prometheus,prometheus-prometheus-oper-operator-6d9c4bdb9f-dwpxg,tls-proxy,sha256:256412e1e27399e1bbc5df5e754822df0e30c935c1732d7fca3bbe3503c34a52,k8s_tls-proxy_prometheus-prometheus-oper-operator-6d9c4bdb9f-dwpxg_prometheus_32c047c5-e2ba-40f6-b844-aae8b4fb10d6_1
1609947347.319,container_cpu_usage_seconds_total,total,https-metrics,/kubepods/kubepods/besteffort/pod32c047c5-e2ba-40f6-b844-aae8b4fb10d6/7f02ed3ccf680e2e311b82ab4d1a3aee6998ec7ed9b19ed3ed50a4584104a509,192.168.65.3:10250,kubelet,/metrics/cadvisor,docker-desktop,prometheus-prometheus-oper-kubelet,16.446107278,prometheus,prometheus-prometheus-oper-operator-6d9c4bdb9f-dwpxg,tls-proxy,sha256:256412e1e27399e1bbc5df5e754822df0e30c935c1732d7fca3bbe3503c34a52,k8s_tls-proxy_prometheus-prometheus-oper-operator-6d9c4bdb9f-dwpxg_prometheus_32c047c5-e2ba-40f6-b844-aae8b4fb10d6_1
1609947389.342,container_cpu_usage_seconds_total,total,https-metrics,/kubepods/kubepods/besteffort/pod32c047c5-e2ba-40f6-b844-aae8b4fb10d6/7f02ed3ccf680e2e311b82ab4d1a3aee6998ec7ed9b19ed3ed50a4584104a509,192.168.65.3:10250,kubelet,/metrics/cadvisor,docker-desktop,prometheus-prometheus-oper-kubelet,16.474398714,prometheus,prometheus-prometheus-oper-operator-6d9c4bdb9f-dwpxg,tls-proxy,sha256:256412e1e27399e1bbc5df5e754822df0e30c935c1732d7fca3bbe3503c34a52,k8s_tls-proxy_prometheus-prometheus-oper-operator-6d9c4bdb9f-dwpxg_prometheus_32c047c5-e2ba-40f6-b844-aae8b4fb10d6_1
1609947416.203,container_cpu_usage_seconds_total,total,https-metrics,/kubepods/kubepods/besteffort/pod32c047c5-e2ba-40f6-b844-aae8b4fb10d6/7f02ed3ccf680e2e311b82ab4d1a3aee6998ec7ed9b19ed3ed50a4584104a509,192.168.65.3:10250,kubelet,/metrics/cadvisor,docker-desktop,prometheus-prometheus-oper-kubelet,16.488098428,prometheus,prometheus-prometheus-oper-operator-6d9c4bdb9f-dwpxg,tls-proxy,sha256:256412e1e27399e1bbc5df5e754822df0e30c935c1732d7fca3bbe3503c34a52,k8s_tls-proxy_prometheus-prometheus-oper-operator-6d9c4bdb9f-dwpxg_prometheus_32c047c5-e2ba-40f6-b844-aae8b4fb10d6_1
1609947149.732,container_cpu_usage_seconds_total,total,https-metrics,/kubepods/kubepods/besteffort/pod86d7220a-a114-41f2-8bcd-bdc720d5c3a9/c62ad669bb2c4ac24532b60f4ddbc3ad1899ff9d25252371977cf1e51d084f07,192.168.65.3:10250,kubelet,/metrics/cadvisor,docker-desktop,prometheus-prometheus-oper-kubelet,9.528175574,kube-system,vpnkit-controller,vpnkit-controller,sha256:79da37e5a3aad414cda354a5df3f3c68be2ec5e0ddaaebe996274b7db82f797b,k8s_vpnkit-controller_vpnkit-controller_kube-system_86d7220a-a114-41f2-8bcd-bdc720d5c3a9_1
1609947174.47,container_cpu_usage_seconds_total,total,https-metrics,/kubepods/kubepods/besteffort/pod86d7220a-a114-41f2-8bcd-bdc720d5c3a9/c62ad669bb2c4ac24532b60f4ddbc3ad1899ff9d25252371977cf1e51d084f07,192.168.65.3:10250,kubelet,/metrics/cadvisor,docker-desktop,prometheus-prometheus-oper-kubelet,9.541315389,kube-system,vpnkit-controller,vpnkit-controller,sha256:79da37e5a3aad414cda354a5df3f3c68be2ec5e0ddaaebe996274b7db82f797b,k8s_vpnkit-controller_vpnkit-controller_kube-system_86d7220a-a114-41f2-8bcd-bdc720d5c3a9_1
1609947198.033,container_cpu_usage_seconds_total,total,https-metrics,/kubepods/kubepods/besteffort/pod86d7220a-a114-41f2-8bcd-bdc720d5c3a9/c62ad669bb2c4ac24532b60f4ddbc3ad1899ff9d25252371977cf1e51d084f07,192.168.65.3:10250,kubelet,/metrics/cadvisor,docker-desktop,prometheus-prometheus-oper-kubelet,9.55222701,kube-system,vpnkit-controller,vpnkit-controller,sha256:79da37e5a3aad414cda354a5df3f3c68be2ec5e0ddaaebe996274b7db82f797b,k8s_vpnkit-controller_vpnkit-controller_kube-system_86d7220a-a114-41f2-8bcd-bdc720d5c3a9_1
1609947230.273,container_cpu_usage_seconds_total,total,https-metrics,/kubepods/kubepods/besteffort/pod86d7220a-a114-41f2-8bcd-bdc720d5c3a9/c62ad669bb2c4ac24532b60f4ddbc3ad1899ff9d25252371977cf1e51d084f07,192.168.65.3:10250,kubelet,/metrics/cadvisor,docker-desktop,prometheus-prometheus-oper-kubelet,9.560679863,kube-system,vpnkit-controller,vpnkit-controller,sha256:79da37e5a3aad414cda354a5df3f3c68be2ec5e0ddaaebe996274b7db82f797b,k8s_vpnkit-controller_vpnkit-controller_kube-system_86d7220a-a114-41f2-8bcd-bdc720d5c3a9_1
1609947268.193,container_cpu_usage_seconds_total,total,https-metrics,/kubepods/kubepods/besteffort/pod86d7220a-a114-41f2-8bcd-bdc720d5c3a9/c62ad669bb2c4ac24532b60f4ddbc3ad1899ff9d25252371977cf1e51d084f07,192.168.65.3:10250,kubelet,/metrics/cadvisor,docker-desktop,prometheus-prometheus-oper-kubelet,9.577193885,kube-system,vpnkit-controller,vpnkit-controller,sha256:79da37e5a3aad414cda354a5df3f3c68be2ec5e0ddaaebe996274b7db82f797b,k8s_vpnkit-controller_vpnkit-controller_kube-system_86d7220a-a114-41f2-8bcd-bdc720d5c3a9_1
1609947298.61,container_cpu_usage_seconds_total,total,https-metrics,/kubepods/kubepods/besteffort/pod86d7220a-a114-41f2-8bcd-bdc720d5c3a9/c62ad669bb2c4ac24532b60f4ddbc3ad1899ff9d25252371977cf1e51d084f07,192.168.65.3:10250,kubelet,/metrics/cadvisor,docker-desktop,prometheus-prometheus-oper-kubelet,9.58761275,kube-system,vpnkit-controller,vpnkit-controller,sha256:79da37e5a3aad414cda354a5df3f3c68be2ec5e0ddaaebe996274b7db82f797b,k8s_vpnkit-controller_vpnkit-controller_kube-system_86d7220a-a114-41f2-8bcd-bdc720d5c3a9_1
1609947317.034,container_cpu_usage_seconds_total,total,https-metrics,/kubepods/kubepods/besteffort/pod86d7220a-a114-41f2-8bcd-bdc720d5c3a9/c62ad669bb2c4ac24532b60f4ddbc3ad1899ff9d25252371977cf1e51d084f07,192.168.65.3:10250,kubelet,/metrics/cadvisor,docker-desktop,prometheus-prometheus-oper-kubelet,9.595741831,kube-system,vpnkit-controller,vpnkit-controller,sha256:79da37e5a3aad414cda354a5df3f3c68be2ec5e0ddaaebe996274b7db82f797b,k8s_vpnkit-controller_vpnkit-controller_kube-system_86d7220a-a114-41f2-8bcd-bdc720d5c3a9_1
1609947361.979,container_cpu_usage_seconds_total,total,https-metrics,/kubepods/kubepods/besteffort/pod86d7220a-a114-41f2-8bcd-bdc720d5c3a9/c62ad669bb2c4ac24532b60f4ddbc3ad1899ff9d25252371977cf1e51d084f07,192.168.65.3:10250,kubelet,/metrics/cadvisor,docker-desktop,prometheus-prometheus-oper-kubelet,9.624003758,kube-system,vpnkit-controller,vpnkit-controller,sha256:79da37e5a3aad414cda354a5df3f3c68be2ec5e0ddaaebe996274b7db82f797b,k8s_vpnkit-controller_vpnkit-controller_kube-system_86d7220a-a114-41f2-8bcd-bdc720d5c3a9_1
1609947385.124,container_cpu_usage_seconds_total,total,https-metrics,/kubepods/kubepods/besteffort/pod86d7220a-a114-41f2-8bcd-bdc720d5c3a9/c62ad669bb2c4ac24532b60f4ddbc3ad1899ff9d25252371977cf1e51d084f07,192.168.65.3:10250,kubelet,/metrics/cadvisor,docker-desktop,prometheus-prometheus-oper-kubelet,9.63742464,kube-system,vpnkit-controller,vpnkit-controller,sha256:79da37e5a3aad414cda354a5df3f3c68be2ec5e0ddaaebe996274b7db82f797b,k8s_vpnkit-controller_vpnkit-controller_kube-system_86d7220a-a114-41f2-8bcd-bdc720d5c3a9_1
1609947422.169,container_cpu_usage_seconds_total,total,https-metrics,/kubepods/kubepods/besteffort/pod86d7220a-a114-41f2-8bcd-bdc720d5c3a9/c62ad669bb2c4ac24532b60f4ddbc3ad1899ff9d25252371977cf1e51d084f07,192.168.65.3:10250,kubelet,/metrics/cadvisor,docker-desktop,prometheus-prometheus-oper-kubelet,9.644584973,kube-system,vpnkit-controller,vpnkit-controller,sha256:79da37e5a3aad414cda354a5df3f3c68be2ec5e0ddaaebe996274b7db82f797b,k8s_vpnkit-controller_vpnkit-controller_kube-system_86d7220a-a114-41f2-8bcd-bdc720d5c3a9_1
1609947178.607,container_cpu_usage_seconds_total,total,https-metrics,/kubepods/kubepods/besteffort/pod315fbf6f-4394-4dbe-b455-2022e0434bf4/5d6bf6b470e6f734caba6307f9616343eb1600492a3da09b8589864f71715c06,192.168.65.3:10250,kubelet,/metrics/cadvisor,docker-desktop,prometheus-prometheus-oper-kubelet,51.396673212,kube-system,storage-provisioner,storage-provisioner,sha256:e704287ce7530aa6b91d34ebe30750ca8ec74ebe95793a0c60e6a78543c27faa,k8s_storage-provisioner_storage-provisioner_kube-system_315fbf6f-4394-4dbe-b455-2022e0434bf4_2
1609947209.935,container_cpu_usage_seconds_total,total,https-metrics,/kubepods/kubepods/besteffort/pod315fbf6f-4394-4dbe-b455-2022e0434bf4/5d6bf6b470e6f734caba6307f9616343eb1600492a3da09b8589864f71715c06,192.168.65.3:10250,kubelet,/metrics/cadvisor,docker-desktop,prometheus-prometheus-oper-kubelet,51.449506836,kube-system,storage-provisioner,storage-provisioner,sha256:e704287ce7530aa6b91d34ebe30750ca8ec74ebe95793a0c60e6a78543c27faa,k8s_storage-provisioner_storage-provisioner_kube-system_315fbf6f-4394-4dbe-b455-2022e0434bf4_2
1609947238.714,container_cpu_usage_seconds_total,total,https-metrics,/kubepods/kubepods/besteffort/pod315fbf6f-4394-4dbe-b455-2022e0434bf4/5d6bf6b470e6f734caba6307f9616343eb1600492a3da09b8589864f71715c06,192.168.65.3:10250,kubelet,/metrics/cadvisor,docker-desktop,prometheus-prometheus-oper-kubelet,51.497581139,kube-system,storage-provisioner,storage-provisioner,sha256:e704287ce7530aa6b91d34ebe30750ca8ec74ebe95793a0c60e6a78543c27faa,k8s_storage-provisioner_storage-provisioner_kube-system_315fbf6f-4394-4dbe-b455-2022e0434bf4_2
1609947269.396,container_cpu_usage_seconds_total,total,https-metrics,/kubepods/kubepods/besteffort/pod315fbf6f-4394-4dbe-b455-2022e0434bf4/5d6bf6b470e6f734caba6307f9616343eb1600492a3da09b8589864f71715c06,192.168.65.3:10250,kubelet,/metrics/cadvisor,docker-desktop,prometheus-prometheus-oper-kubelet,51.578181653,kube-system,storage-provisioner,storage-provisioner,sha256:e704287ce7530aa6b91d34ebe30750ca8ec74ebe95793a0c60e6a78543c27faa,k8s_storage-provisioner_storage-provisioner_kube-system_315fbf6f-4394-4dbe-b455-2022e0434bf4_2
1609947301.067,container_cpu_usage_seconds_total,total,https-metrics,/kubepods/kubepods/besteffort/pod315fbf6f-4394-4dbe-b455-2022e0434bf4/5d6bf6b470e6f734caba6307f9616343eb1600492a3da09b8589864f71715c06,192.168.65.3:10250,kubelet,/metrics/cadvisor,docker-desktop,prometheus-prometheus-oper-kubelet,51.630015987,kube-system,storage-provisioner,storage-provisioner,sha256:e704287ce7530aa6b91d34ebe30750ca8ec74ebe95793a0c60e6a78543c27faa,k8s_storage-provisioner_storage-provisioner_kube-system_315fbf6f-4394-4dbe-b455-2022e0434bf4_2
1609947330.573,container_cpu_usage_seconds_total,total,https-metrics,/kubepods/kubepods/besteffort/pod315fbf6f-4394-4dbe-b455-2022e0434bf4/5d6bf6b470e6f734caba6307f9616343eb1600492a3da09b8589864f71715c06,192.168.65.3:10250,kubelet,/metrics/cadvisor,docker-desktop,prometheus-prometheus-oper-kubelet,51.69959181,kube-system,storage-provisioner,storage-provisioner,sha256:e704287ce7530aa6b91d34ebe30750ca8ec74ebe95793a0c60e6a78543c27faa,k8s_storage-provisioner_storage-provisioner_kube-system_315fbf6f-4394-4dbe-b455-2022e0434bf4_2
1609947357.471,container_cpu_usage_seconds_total,total,https-metrics,/kubepods/kubepods/besteffort/pod315fbf6f-4394-4dbe-b455-2022e0434bf4/5d6bf6b470e6f734caba6307f9616343eb1600492a3da09b8589864f71715c06,192.168.65.3:10250,kubelet,/metrics/cadvisor,docker-desktop,prometheus-prometheus-oper-kubelet,51.857464486,kube-system,storage-provisioner,storage-provisioner,sha256:e704287ce7530aa6b91d34ebe30750ca8ec74ebe95793a0c60e6a78543c27faa,k8s_storage-provisioner_storage-provisioner_kube-system_315fbf6f-4394-4dbe-b455-2022e0434bf4_2
1609947388.172,container_cpu_usage_seconds_total,total,https-metrics,/kubepods/kubepods/besteffort/pod315fbf6f-4394-4dbe-b455-2022e0434bf4/5d6bf6b470e6f734caba6307f9616343eb1600492a3da09b8589864f71715c06,192.168.65.3:10250,kubelet,/metrics/cadvisor,docker-desktop,prometheus-prometheus-oper-kubelet,51.924113353,kube-system,storage-provisioner,storage-provisioner,sha256:e704287ce7530aa6b91d34ebe30750ca8ec74ebe95793a0c60e6a78543c27faa,k8s_storage-provisioner_storage-provisioner_kube-system_315fbf6f-4394-4dbe-b455-2022e0434bf4_2
1609947417.774,container_cpu_usage_seconds_total,total,https-metrics,/kubepods/kubepods/besteffort/pod315fbf6f-4394-4dbe-b455-2022e0434bf4/5d6bf6b470e6f734caba6307f9616343eb1600492a3da09b8589864f71715c06,192.168.65.3:10250,kubelet,/metrics/cadvisor,docker-desktop,prometheus-prometheus-oper-kubelet,51.972377355,kube-system,storage-provisioner,storage-provisioner,sha256:e704287ce7530aa6b91d34ebe30750ca8ec74ebe95793a0c60e6a78543c27faa,k8s_storage-provisioner_storage-provisioner_kube-system_315fbf6f-4394-4dbe-b455-2022e0434bf4_2
1609947154.132,container_cpu_usage_seconds_total,total,https-metrics,/kubepods/kubepods/burstable/podb7885e3c-4725-40a2-8c9f-4cc89ff94533/ea7e6801ce1909ba52ddbbe5bf1bbecfab562f653fe4082b5ea9d4251ddaaf23,192.168.65.3:10250,kubelet,/metrics/cadvisor,docker-desktop,prometheus-prometheus-oper-kubelet,0.035182174,default,kubernetes-dashboard-7cb5bcf5c8-hq4n5,POD,k8s.gcr.io/pause:3.2,k8s_POD_kubernetes-dashboard-7cb5bcf5c8-hq4n5_default_b7885e3c-4725-40a2-8c9f-4cc89ff94533_0
1609947183.473,container_cpu_usage_seconds_total,total,https-metrics,/kubepods/kubepods/burstable/podb7885e3c-4725-40a2-8c9f-4cc89ff94533/ea7e6801ce1909ba52ddbbe5bf1bbecfab562f653fe4082b5ea9d4251ddaaf23,192.168.65.3:10250,kubelet,/metrics/cadvisor,docker-desktop,prometheus-prometheus-oper-kubelet,0.035182174,default,kubernetes-dashboard-7cb5bcf5c8-hq4n5,POD,k8s.gcr.io/pause:3.2,k8s_POD_kubernetes-dashboard-7cb5bcf5c8-hq4n5_default_b7885e3c-4725-40a2-8c9f-4cc89ff94533_0
1609947215.154,container_cpu_usage_seconds_total,total,https-metrics,/kubepods/kubepods/burstable/podb7885e3c-4725-40a2-8c9f-4cc89ff94533/ea7e6801ce1909ba52ddbbe5bf1bbecfab562f653fe4082b5ea9d4251ddaaf23,192.168.65.3:10250,kubelet,/metrics/cadvisor,docker-desktop,prometheus-prometheus-oper-kubelet,0.035182174,default,kubernetes-dashboard-7cb5bcf5c8-hq4n5,POD,k8s.gcr.io/pause:3.2,k8s_POD_kubernetes-dashboard-7cb5bcf5c8-hq4n5_default_b7885e3c-4725-40a2-8c9f-4cc89ff94533_0
1609947233.633,container_cpu_usage_seconds_total,total,https-metrics,/kubepods/kubepods/burstable/podb7885e3c-4725-40a2-8c9f-4cc89ff94533/ea7e6801ce1909ba52ddbbe5bf1bbecfab562f653fe4082b5ea9d4251ddaaf23,192.168.65.3:10250,kubelet,/metrics/cadvisor,docker-desktop,prometheus-prometheus-oper-kubelet,0.035182174,default,kubernetes-dashboard-7cb5bcf5c8-hq4n5,POD,k8s.gcr.io/pause:3.2,k8s_POD_kubernetes-dashboard-7cb5bcf5c8-hq4n5_default_b7885e3c-4725-40a2-8c9f-4cc89ff94533_0
1609947267.505,container_cpu_usage_seconds_total,total,https-metrics,/kubepods/kubepods/burstable/podb7885e3c-4725-40a2-8c9f-4cc89ff94533/ea7e6801ce1909ba52ddbbe5bf1bbecfab562f653fe4082b5ea9d4251ddaaf23,192.168.65.3:10250,kubelet,/metrics/cadvisor,docker-desktop,prometheus-prometheus-oper-kubelet,0.035182174,default,kubernetes-dashboard-7cb5bcf5c8-hq4n5,POD,k8s.gcr.io/pause:3.2,k8s_POD_kubernetes-dashboard-7cb5bcf5c8-hq4n5_default_b7885e3c-4725-40a2-8c9f-4cc89ff94533_0
1609947292.835,container_cpu_usage_seconds_total,total,https-metrics,/kubepods/kubepods/burstable/podb7885e3c-4725-40a2-8c9f-4cc89ff94533/ea7e6801ce1909ba52ddbbe5bf1bbecfab562f653fe4082b5ea9d4251ddaaf23,192.168.65.3:10250,kubelet,/metrics/cadvisor,docker-desktop,prometheus-prometheus-oper-kubelet,0.035182174,default,kubernetes-dashboard-7cb5bcf5c8-hq4n5,POD,k8s.gcr.io/pause:3.2,k8s_POD_kubernetes-dashboard-7cb5bcf5c8-hq4n5_default_b7885e3c-4725-40a2-8c9f-4cc89ff94533_0
1609947327.388,container_cpu_usage_seconds_total,total,https-metrics,/kubepods/kubepods/burstable/podb7885e3c-4725-40a2-8c9f-4cc89ff94533/ea7e6801ce1909ba52ddbbe5bf1bbecfab562f653fe4082b5ea9d4251ddaaf23,192.168.65.3:10250,kubelet,/metrics/cadvisor,docker-desktop,prometheus-prometheus-oper-kubelet,0.035182174,default,kubernetes-dashboard-7cb5bcf5c8-hq4n5,POD,k8s.gcr.io/pause:3.2,k8s_POD_kubernetes-dashboard-7cb5bcf5c8-hq4n5_default_b7885e3c-4725-40a2-8c9f-4cc89ff94533_0
1609947355.845,container_cpu_usage_seconds_total,total,https-metrics,/kubepods/kubepods/burstable/podb7885e3c-4725-40a2-8c9f-4cc89ff94533/ea7e6801ce1909ba52ddbbe5bf1bbecfab562f653fe4082b5ea9d4251ddaaf23,192.168.65.3:10250,kubelet,/metrics/cadvisor,docker-desktop,prometheus-prometheus-oper-kubelet,0.035182174,default,kubernetes-dashboard-7cb5bcf5c8-hq4n5,POD,k8s.gcr.io/pause:3.2,k8s_POD_kubernetes-dashboard-7cb5bcf5c8-hq4n5_default_b7885e3c-4725-40a2-8c9f-4cc89ff94533_0
1609947386.28,container_cpu_usage_seconds_total,total,https-metrics,/kubepods/kubepods/burstable/podb7885e3c-4725-40a2-8c9f-4cc89ff94533/ea7e6801ce1909ba52ddbbe5bf1bbecfab562f653fe4082b5ea9d4251ddaaf23,192.168.65.3:10250,kubelet,/metrics/cadvisor,docker-desktop,prometheus-prometheus-oper-kubelet,0.035182174,default,kubernetes-dashboard-7cb5bcf5c8-hq4n5,POD,k8s.gcr.io/pause:3.2,k8s_POD_kubernetes-dashboard-7cb5bcf5c8-hq4n5_default_b7885e3c-4725-40a2-8c9f-4cc89ff94533_0
1609947424.258,container_cpu_usage_seconds_total,total,https-metrics,/kubepods/kubepods/burstable/podb7885e3c-4725-40a2-8c9f-4cc89ff94533/ea7e6801ce1909ba52ddbbe5bf1bbecfab562f653fe4082b5ea9d4251ddaaf23,192.168.65.3:10250,kubelet,/metrics/cadvisor,docker-desktop,prometheus-prometheus-oper-kubelet,0.035182174,default,kubernetes-dashboard-7cb5bcf5c8-hq4n5,POD,k8s.gcr.io/pause:3.2,k8s_POD_kubernetes-dashboard-7cb5bcf5c8-hq4n5_default_b7885e3c-4725-40a2-8c9f-4cc89ff94533_0
1609947149.863,container_cpu_usage_seconds_total,total,https-metrics,/kubepods/kubepods/burstable/podb7885e3c-4725-40a2-8c9f-4cc89ff94533/f9f8a49cc2b4f79cc5d2f392afc7033b1438acb97bc33be9d53adf83977f8263,192.168.65.3:10250,kubelet,/metrics/cadvisor,docker-desktop,prometheus-prometheus-oper-kubelet,21.867747684,default,kubernetes-dashboard-7cb5bcf5c8-hq4n5,kubernetes-dashboard,sha256:9a07b5b4bfac07e5cfc27f76c34516a3ad2fdfa3f683f375141fe662ef2e72db,k8s_kubernetes-dashboard_kubernetes-dashboard-7cb5bcf5c8-hq4n5_default_b7885e3c-4725-40a2-8c9f-4cc89ff94533_0
1609947183.969,container_cpu_usage_seconds_total,total,https-metrics,/kubepods/kubepods/burstable/podb7885e3c-4725-40a2-8c9f-4cc89ff94533/f9f8a49cc2b4f79cc5d2f392afc7033b1438acb97bc33be9d53adf83977f8263,192.168.65.3:10250,kubelet,/metrics/cadvisor,docker-desktop,prometheus-prometheus-oper-kubelet,21.977882576,default,kubernetes-dashboard-7cb5bcf5c8-hq4n5,kubernetes-dashboard,sha256:9a07b5b4bfac07e5cfc27f76c34516a3ad2fdfa3f683f375141fe662ef2e72db,k8s_kubernetes-dashboard_kubernetes-dashboard-7cb5bcf5c8-hq4n5_default_b7885e3c-4725-40a2-8c9f-4cc89ff94533_0
1609947202.973,container_cpu_usage_seconds_total,total,https-metrics,/kubepods/kubepods/burstable/podb7885e3c-4725-40a2-8c9f-4cc89ff94533/f9f8a49cc2b4f79cc5d2f392afc7033b1438acb97bc33be9d53adf83977f8263,192.168.65.3:10250,kubelet,/metrics/cadvisor,docker-desktop,prometheus-prometheus-oper-kubelet,21.98545746,default,kubernetes-dashboard-7cb5bcf5c8-hq4n5,kubernetes-dashboard,sha256:9a07b5b4bfac07e5cfc27f76c34516a3ad2fdfa3f683f375141fe662ef2e72db,k8s_kubernetes-dashboard_kubernetes-dashboard-7cb5bcf5c8-hq4n5_default_b7885e3c-4725-40a2-8c9f-4cc89ff94533_0
1609947240.112,container_cpu_usage_seconds_total,total,https-metrics,/kubepods/kubepods/burstable/podb7885e3c-4725-40a2-8c9f-4cc89ff94533/f9f8a49cc2b4f79cc5d2f392afc7033b1438acb97bc33be9d53adf83977f8263,192.168.65.3:10250,kubelet,/metrics/cadvisor,docker-desktop,prometheus-prometheus-oper-kubelet,22.070186971,default,kubernetes-dashboard-7cb5bcf5c8-hq4n5,kubernetes-dashboard,sha256:9a07b5b4bfac07e5cfc27f76c34516a3ad2fdfa3f683f375141fe662ef2e72db,k8s_kubernetes-dashboard_kubernetes-dashboard-7cb5bcf5c8-hq4n5_default_b7885e3c-4725-40a2-8c9f-4cc89ff94533_0
1609947265.912,container_cpu_usage_seconds_total,total,https-metrics,/kubepods/kubepods/burstable/podb7885e3c-4725-40a2-8c9f-4cc89ff94533/f9f8a49cc2b4f79cc5d2f392afc7033b1438acb97bc33be9d53adf83977f8263,192.168.65.3:10250,kubelet,/metrics/cadvisor,docker-desktop,prometheus-prometheus-oper-kubelet,22.167973076,default,kubernetes-dashboard-7cb5bcf5c8-hq4n5,kubernetes-dashboard,sha256:9a07b5b4bfac07e5cfc27f76c34516a3ad2fdfa3f683f375141fe662ef2e72db,k8s_kubernetes-dashboard_kubernetes-dashboard-7cb5bcf5c8-hq4n5_default_b7885e3c-4725-40a2-8c9f-4cc89ff94533_0
1609947304.599,container_cpu_usage_seconds_total,total,https-metrics,/kubepods/kubepods/burstable/podb7885e3c-4725-40a2-8c9f-4cc89ff94533/f9f8a49cc2b4f79cc5d2f392afc7033b1438acb97bc33be9d53adf83977f8263,192.168.65.3:10250,kubelet,/metrics/cadvisor,docker-desktop,prometheus-prometheus-oper-kubelet,22.185489561,default,kubernetes-dashboard-7cb5bcf5c8-hq4n5,kubernetes-dashboard,sha256:9a07b5b4bfac07e5cfc27f76c34516a3ad2fdfa3f683f375141fe662ef2e72db,k8s_kubernetes-dashboard_kubernetes-dashboard-7cb5bcf5c8-hq4n5_default_b7885e3c-4725-40a2-8c9f-4cc89ff94533_0
1609947319.867,container_cpu_usage_seconds_total,total,https-metrics,/kubepods/kubepods/burstable/podb7885e3c-4725-40a2-8c9f-4cc89ff94533/f9f8a49cc2b4f79cc5d2f392afc7033b1438acb97bc33be9d53adf83977f8263,192.168.65.3:10250,kubelet,/metrics/cadvisor,docker-desktop,prometheus-prometheus-oper-kubelet,22.262695798,default,kubernetes-dashboard-7cb5bcf5c8-hq4n5,kubernetes-dashboard,sha256:9a07b5b4bfac07e5cfc27f76c34516a3ad2fdfa3f683f375141fe662ef2e72db,k8s_kubernetes-dashboard_kubernetes-dashboard-7cb5bcf5c8-hq4n5_default_b7885e3c-4725-40a2-8c9f-4cc89ff94533_0
1609947353.661,container_cpu_usage_seconds_total,total,https-metrics,/kubepods/kubepods/burstable/podb7885e3c-4725-40a2-8c9f-4cc89ff94533/f9f8a49cc2b4f79cc5d2f392afc7033b1438acb97bc33be9d53adf83977f8263,192.168.65.3:10250,kubelet,/metrics/cadvisor,docker-desktop,prometheus-prometheus-oper-kubelet,22.316490733,default,kubernetes-dashboard-7cb5bcf5c8-hq4n5,kubernetes-dashboard,sha256:9a07b5b4bfac07e5cfc27f76c34516a3ad2fdfa3f683f375141fe662ef2e72db,k8s_kubernetes-dashboard_kubernetes-dashboard-7cb5bcf5c8-hq4n5_default_b7885e3c-4725-40a2-8c9f-4cc89ff94533_0
1609947383.009,container_cpu_usage_seconds_total,total,https-metrics,/kubepods/kubepods/burstable/podb7885e3c-4725-40a2-8c9f-4cc89ff94533/f9f8a49cc2b4f79cc5d2f392afc7033b1438acb97bc33be9d53adf83977f8263,192.168.65.3:10250,kubelet,/metrics/cadvisor,docker-desktop,prometheus-prometheus-oper-kubelet,22.514972625,default,kubernetes-dashboard-7cb5bcf5c8-hq4n5,kubernetes-dashboard,sha256:9a07b5b4bfac07e5cfc27f76c34516a3ad2fdfa3f683f375141fe662ef2e72db,k8s_kubernetes-dashboard_kubernetes-dashboard-7cb5bcf5c8-hq4n5_default_b7885e3c-4725-40a2-8c9f-4cc89ff94533_0
1609947424.203,container_cpu_usage_seconds_total,total,https-metrics,/kubepods/kubepods/burstable/podb7885e3c-4725-40a2-8c9f-4cc89ff94533/f9f8a49cc2b4f79cc5d2f392afc7033b1438acb97bc33be9d53adf83977f8263,192.168.65.3:10250,kubelet,/metrics/cadvisor,docker-desktop,prometheus-prometheus-oper-kubelet,22.607012891,default,kubernetes-dashboard-7cb5bcf5c8-hq4n5,kubernetes-dashboard,sha256:9a07b5b4bfac07e5cfc27f76c34516a3ad2fdfa3f683f375141fe662ef2e72db,k8s_kubernetes-dashboard_kubernetes-dashboard-7cb5bcf5c8-hq4n5_default_b7885e3c-4725-40a2-8c9f-4cc89ff94533_0
1609947146.712,container_cpu_usage_seconds_total,total,https-metrics,/kubepods/kubepods/burstable/podb7885e3c-4725-40a2-8c9f-4cc89ff94533,192.168.65.3:10250,kubelet,/metrics/cadvisor,docker-desktop,prometheus-prometheus-oper-kubelet,21.902929858,default,kubernetes-dashboard-7cb5bcf5c8-hq4n5,,,
1609947174.231,container_cpu_usage_seconds_total,total,https-metrics,/kubepods/kubepods/burstable/podb7885e3c-4725-40a2-8c9f-4cc89ff94533,192.168.65.3:10250,kubelet,/metrics/cadvisor,docker-desktop,prometheus-prometheus-oper-kubelet,22.006479682,default,kubernetes-dashboard-7cb5bcf5c8-hq4n5,,,
1609947205.163,container_cpu_usage_seconds_total,total,https-metrics,/kubepods/kubepods/burstable/podb7885e3c-4725-40a2-8c9f-4cc89ff94533,192.168.65.3:10250,kubelet,/metrics/cadvisor,docker-desktop,prometheus-prometheus-oper-kubelet,22.020861301,default,kubernetes-dashboard-7cb5bcf5c8-hq4n5,,,
1609947237.321,container_cpu_usage_seconds_total,total,https-metrics,/kubepods/kubepods/burstable/podb7885e3c-4725-40a2-8c9f-4cc89ff94533,192.168.65.3:10250,kubelet,/metrics/cadvisor,docker-desktop,prometheus-prometheus-oper-kubelet,22.103316842,default,kubernetes-dashboard-7cb5bcf5c8-hq4n5,,,
1609947264.126,container_cpu_usage_seconds_total,total,https-metrics,/kubepods/kubepods/burstable/podb7885e3c-4725-40a2-8c9f-4cc89ff94533,192.168.65.3:10250,kubelet,/metrics/cadvisor,docker-desktop,prometheus-prometheus-oper-kubelet,22.202716488,default,kubernetes-dashboard-7cb5bcf5c8-hq4n5,,,
1609947295.712,container_cpu_usage_seconds_total,total,https-metrics,/kubepods/kubepods/burstable/podb7885e3c-4725-40a2-8c9f-4cc89ff94533,192.168.65.3:10250,kubelet,/metrics/cadvisor,docker-desktop,prometheus-prometheus-oper-kubelet,22.216562689,default,kubernetes-dashboard-7cb5bcf5c8-hq4n5,,,
1609947327.581,container_cpu_usage_seconds_total,total,https-metrics,/kubepods/kubepods/burstable/podb7885e3c-4725-40a2-8c9f-4cc89ff94533,192.168.65.3:10250,kubelet,/metrics/cadvisor,docker-desktop,prometheus-prometheus-oper-kubelet,22.305857002,default,kubernetes-dashboard-7cb5bcf5c8-hq4n5,,,
1609947364.372,container_cpu_usage_seconds_total,total,https-metrics,/kubepods/kubepods/burstable/podb7885e3c-4725-40a2-8c9f-4cc89ff94533,192.168.65.3:10250,kubelet,/metrics/cadvisor,docker-desktop,prometheus-prometheus-oper-kubelet,22.54285542,default,kubernetes-dashboard-7cb5bcf5c8-hq4n5,,,
1609947390.049,container_cpu_usage_seconds_total,total,https-metrics,/kubepods/kubepods/burstable/podb7885e3c-4725-40a2-8c9f-4cc89ff94533,192.168.65.3:10250,kubelet,/metrics/cadvisor,docker-desktop,prometheus-prometheus-oper-kubelet,22.55161996,default,kubernetes-dashboard-7cb5bcf5c8-hq4n5,,,
1609947421.003,container_cpu_usage_seconds_total,total,https-metrics,/kubepods/kubepods/burstable/podb7885e3c-4725-40a2-8c9f-4cc89ff94533,192.168.65.3:10250,kubelet,/metrics/cadvisor,docker-desktop,prometheus-prometheus-oper-kubelet,22.636886088,default,kubernetes-dashboard-7cb5bcf5c8-hq4n5,,,
1609947147.717,container_cpu_usage_seconds_total,total,https-metrics,/kubepods/kubepods/burstable/pod2efb2447-0ef2-4a92-9550-9d7a5d9edb98,192.168.65.3:10250,kubelet,/metrics/cadvisor,docker-desktop,prometheus-prometheus-oper-kubelet,0.840577352,sandbox,sandbox-deployment-75c8c68b4d-5sjst,,,
1609947177.032,container_cpu_usage_seconds_total,total,https-metrics,/kubepods/kubepods/burstable/pod2efb2447-0ef2-4a92-9550-9d7a5d9edb98,192.168.65.3:10250,kubelet,/metrics/cadvisor,docker-desktop,prometheus-prometheus-oper-kubelet,0.843576458,sandbox,sandbox-deployment-75c8c68b4d-5sjst,,,
1609947214.421,container_cpu_usage_seconds_total,total,https-metrics,/kubepods/kubepods/burstable/pod2efb2447-0ef2-4a92-9550-9d7a5d9edb98,192.168.65.3:10250,kubelet,/metrics/cadvisor,docker-desktop,prometheus-prometheus-oper-kubelet,0.847438744,sandbox,sandbox-deployment-75c8c68b4d-5sjst,,,
1609947229.48,container_cpu_usage_seconds_total,total,https-metrics,/kubepods/kubepods/burstable/pod2efb2447-0ef2-4a92-9550-9d7a5d9edb98,192.168.65.3:10250,kubelet,/metrics/cadvisor,docker-desktop,prometheus-prometheus-oper-kubelet,0.848930273,sandbox,sandbox-deployment-75c8c68b4d-5sjst,,,
1609947266.389,container_cpu_usage_seconds_total,total,https-metrics,/kubepods/kubepods/burstable/pod2efb2447-0ef2-4a92-9550-9d7a5d9edb98,192.168.65.3:10250,kubelet,/metrics/cadvisor,docker-desktop,prometheus-prometheus-oper-kubelet,0.853124966,sandbox,sandbox-deployment-75c8c68b4d-5sjst,,,
1609947290.56,container_cpu_usage_seconds_total,total,https-metrics,/kubepods/kubepods/burstable/pod2efb2447-0ef2-4a92-9550-9d7a5d9edb98,192.168.65.3:10250,kubelet,/metrics/cadvisor,docker-desktop,prometheus-prometheus-oper-kubelet,0.856172791,sandbox,sandbox-deployment-75c8c68b4d-5sjst,,,
1609947330.028,container_cpu_usage_seconds_total,total,https-metrics,/kubepods/kubepods/burstable/pod2efb2447-0ef2-4a92-9550-9d7a5d9edb98,192.168.65.3:10250,kubelet,/metrics/cadvisor,docker-desktop,prometheus-prometheus-oper-kubelet,0.86206571,sandbox,sandbox-deployment-75c8c68b4d-5sjst,,,
1609947353.824,container_cpu_usage_seconds_total,total,https-metrics,/kubepods/kubepods/burstable/pod2efb2447-0ef2-4a92-9550-9d7a5d9edb98,192.168.65.3:10250,kubelet,/metrics/cadvisor,docker-desktop,prometheus-prometheus-oper-kubelet,0.867649917,sandbox,sandbox-deployment-75c8c68b4d-5sjst,,,
1609947388.511,container_cpu_usage_seconds_total,total,https-metrics,/kubepods/kubepods/burstable/pod2efb2447-0ef2-4a92-9550-9d7a5d9edb98,192.168.65.3:10250,kubelet,/metrics/cadvisor,docker-desktop,prometheus-prometheus-oper-kubelet,0.87186038,sandbox,sandbox-deployment-75c8c68b4d-5sjst,,,
1609947419.363,container_cpu_usage_seconds_total,total,https-metrics,/kubepods/kubepods/burstable/pod2efb2447-0ef2-4a92-9550-9d7a5d9edb98,192.168.65.3:10250,kubelet,/metrics/cadvisor,docker-desktop,prometheus-prometheus-oper-kubelet,0.874739342,sandbox,sandbox-deployment-75c8c68b4d-5sjst,,,
1609947144.851,container_cpu_usage_seconds_total,total,https-metrics,/kubepods/kubepods/burstable/pod2efb2447-0ef2-4a92-9550-9d7a5d9edb98/8bd96e8acef30a4c3a26403c172df164413b9274134fa045f0f24562e12db04b,192.168.65.3:10250,kubelet,/metrics/cadvisor,docker-desktop,prometheus-prometheus-oper-kubelet,0.038402624,sandbox,sandbox-deployment-75c8c68b4d-5sjst,POD,k8s.gcr.io/pause:3.2,k8s_POD_sandbox-deployment-75c8c68b4d-5sjst_sandbox_2efb2447-0ef2-4a92-9550-9d7a5d9edb98_0
1609947167.231,container_cpu_usage_seconds_total,total,https-metrics,/kubepods/kubepods/burstable/pod2efb2447-0ef2-4a92-9550-9d7a5d9edb98/8bd96e8acef30a4c3a26403c172df164413b9274134fa045f0f24562e12db04b,192.168.65.3:10250,kubelet,/metrics/cadvisor,docker-desktop,prometheus-prometheus-oper-kubelet,0.038402624,sandbox,sandbox-deployment-75c8c68b4d-5sjst,POD,k8s.gcr.io/pause:3.2,k8s_POD_sandbox-deployment-75c8c68b4d-5sjst_sandbox_2efb2447-0ef2-4a92-9550-9d7a5d9edb98_0
1609947209.881,container_cpu_usage_seconds_total,total,https-metrics,/kubepods/kubepods/burstable/pod2efb2447-0ef2-4a92-9550-9d7a5d9edb98/8bd96e8acef30a4c3a26403c172df164413b9274134fa045f0f24562e12db04b,192.168.65.3:10250,kubelet,/metrics/cadvisor,docker-desktop,prometheus-prometheus-oper-kubelet,0.038402624,sandbox,sandbox-deployment-75c8c68b4d-5sjst,POD,k8s.gcr.io/pause:3.2,k8s_POD_sandbox-deployment-75c8c68b4d-5sjst_sandbox_2efb2447-0ef2-4a92-9550-9d7a5d9edb98_0
1609947228.296,container_cpu_usage_seconds_total,total,https-metrics,/kubepods/kubepods/burstable/pod2efb2447-0ef2-4a92-9550-9d7a5d9edb98/8bd96e8acef30a4c3a26403c172df164413b9274134fa045f0f24562e12db04b,192.168.65.3:10250,kubelet,/metrics/cadvisor,docker-desktop,prometheus-prometheus-oper-kubelet,0.038402624,sandbox,sandbox-deployment-75c8c68b4d-5sjst,POD,k8s.gcr.io/pause:3.2,k8s_POD_sandbox-deployment-75c8c68b4d-5sjst_sandbox_2efb2447-0ef2-4a92-9550-9d7a5d9edb98_0
1609947260.473,container_cpu_usage_seconds_total,total,https-metrics,/kubepods/kubepods/burstable/pod2efb2447-0ef2-4a92-9550-9d7a5d9edb98/8bd96e8acef30a4c3a26403c172df164413b9274134fa045f0f24562e12db04b,192.168.65.3:10250,kubelet,/metrics/cadvisor,docker-desktop,prometheus-prometheus-oper-kubelet,0.038402624,sandbox,sandbox-deployment-75c8c68b4d-5sjst,POD,k8s.gcr.io/pause:3.2,k8s_POD_sandbox-deployment-75c8c68b4d-5sjst_sandbox_2efb2447-0ef2-4a92-9550-9d7a5d9edb98_0
1609947294.489,container_cpu_usage_seconds_total,total,https-metrics,/kubepods/kubepods/burstable/pod2efb2447-0ef2-4a92-9550-9d7a5d9edb98/8bd96e8acef30a4c3a26403c172df164413b9274134fa045f0f24562e12db04b,192.168.65.3:10250,kubelet,/metrics/cadvisor,docker-desktop,prometheus-prometheus-oper-kubelet,0.038402624,sandbox,sandbox-deployment-75c8c68b4d-5sjst,POD,k8s.gcr.io/pause:3.2,k8s_POD_sandbox-deployment-75c8c68b4d-5sjst_sandbox_2efb2447-0ef2-4a92-9550-9d7a5d9edb98_0
1609947331.709,container_cpu_usage_seconds_total,total,https-metrics,/kubepods/kubepods/burstable/pod2efb2447-0ef2-4a92-9550-9d7a5d9edb98/8bd96e8acef30a4c3a26403c172df164413b9274134fa045f0f24562e12db04b,192.168.65.3:10250,kubelet,/metrics/cadvisor,docker-desktop,prometheus-prometheus-oper-kubelet,0.038402624,sandbox,sandbox-deployment-75c8c68b4d-5sjst,POD,k8s.gcr.io/pause:3.2,k8s_POD_sandbox-deployment-75c8c68b4d-5sjst_sandbox_2efb2447-0ef2-4a92-9550-9d7a5d9edb98_0
1609947354.945,container_cpu_usage_seconds_total,total,https-metrics,/kubepods/kubepods/burstable/pod2efb2447-0ef2-4a92-9550-9d7a5d9edb98/8bd96e8acef30a4c3a26403c172df164413b9274134fa045f0f24562e12db04b,192.168.65.3:10250,kubelet,/metrics/cadvisor,docker-desktop,prometheus-prometheus-oper-kubelet,0.038402624,sandbox,sandbox-deployment-75c8c68b4d-5sjst,POD,k8s.gcr.io/pause:3.2,k8s_POD_sandbox-deployment-75c8c68b4d-5sjst_sandbox_2efb2447-0ef2-4a92-9550-9d7a5d9edb98_0
1609947394.36,container_cpu_usage_seconds_total,total,https-metrics,/kubepods/kubepods/burstable/pod2efb2447-0ef2-4a92-9550-9d7a5d9edb98/8bd96e8acef30a4c3a26403c172df164413b9274134fa045f0f24562e12db04b,192.168.65.3:10250,kubelet,/metrics/cadvisor,docker-desktop,prometheus-prometheus-oper-kubelet,0.038402624,sandbox,sandbox-deployment-75c8c68b4d-5sjst,POD,k8s.gcr.io/pause:3.2,k8s_POD_sandbox-deployment-75c8c68b4d-5sjst_sandbox_2efb2447-0ef2-4a92-9550-9d7a5d9edb98_0
1609947408.292,container_cpu_usage_seconds_total,total,https-metrics,/kubepods/kubepods/burstable/pod2efb2447-0ef2-4a92-9550-9d7a5d9edb98/8bd96e8acef30a4c3a26403c172df164413b9274134fa045f0f24562e12db04b,192.168.65.3:10250,kubelet,/metrics/cadvisor,docker-desktop,prometheus-prometheus-oper-kubelet,0.038402624,sandbox,sandbox-deployment-75c8c68b4d-5sjst,POD,k8s.gcr.io/pause:3.2,k8s_POD_sandbox-deployment-75c8c68b4d-5sjst_sandbox_2efb2447-0ef2-4a92-9550-9d7a5d9edb98_0
1609947154.36,container_cpu_usage_seconds_total,total,https-metrics,/kubepods/kubepods/burstable/pod2efb2447-0ef2-4a92-9550-9d7a5d9edb98/dea8a9d450c37bbd6f436bc9cdc4fcea7a764f0f958a279d1133e962941e0cbc,192.168.65.3:10250,kubelet,/metrics/cadvisor,docker-desktop,prometheus-prometheus-oper-kubelet,0.469854564,sandbox,sandbox-deployment-75c8c68b4d-5sjst,testmonday,sha256:7bda5898527402e8b26ab845eb6c6d806eb2c6e9b22dbad0998cb78264d820dd,k8s_testmonday_sandbox-deployment-75c8c68b4d-5sjst_sandbox_2efb2447-0ef2-4a92-9550-9d7a5d9edb98_0
1609947183.778,container_cpu_usage_seconds_total,total,https-metrics,/kubepods/kubepods/burstable/pod2efb2447-0ef2-4a92-9550-9d7a5d9edb98/dea8a9d450c37bbd6f436bc9cdc4fcea7a764f0f958a279d1133e962941e0cbc,192.168.65.3:10250,kubelet,/metrics/cadvisor,docker-desktop,prometheus-prometheus-oper-kubelet,0.472898813,sandbox,sandbox-deployment-75c8c68b4d-5sjst,testmonday,sha256:7bda5898527402e8b26ab845eb6c6d806eb2c6e9b22dbad0998cb78264d820dd,k8s_testmonday_sandbox-deployment-75c8c68b4d-5sjst_sandbox_2efb2447-0ef2-4a92-9550-9d7a5d9edb98_0
1609947213.562,container_cpu_usage_seconds_total,total,https-metrics,/kubepods/kubepods/burstable/pod2efb2447-0ef2-4a92-9550-9d7a5d9edb98/dea8a9d450c37bbd6f436bc9cdc4fcea7a764f0f958a279d1133e962941e0cbc,192.168.65.3:10250,kubelet,/metrics/cadvisor,docker-desktop,prometheus-prometheus-oper-kubelet,0.476020471,sandbox,sandbox-deployment-75c8c68b4d-5sjst,testmonday,sha256:7bda5898527402e8b26ab845eb6c6d806eb2c6e9b22dbad0998cb78264d820dd,k8s_testmonday_sandbox-deployment-75c8c68b4d-5sjst_sandbox_2efb2447-0ef2-4a92-9550-9d7a5d9edb98_0
1609947229.927,container_cpu_usage_seconds_total,total,https-metrics,/kubepods/kubepods/burstable/pod2efb2447-0ef2-4a92-9550-9d7a5d9edb98/dea8a9d450c37bbd6f436bc9cdc4fcea7a764f0f958a279d1133e962941e0cbc,192.168.65.3:10250,kubelet,/metrics/cadvisor,docker-desktop,prometheus-prometheus-oper-kubelet,0.477799166,sandbox,sandbox-deployment-75c8c68b4d-5sjst,testmonday,sha256:7bda5898527402e8b26ab845eb6c6d806eb2c6e9b22dbad0998cb78264d820dd,k8s_testmonday_sandbox-deployment-75c8c68b4d-5sjst_sandbox_2efb2447-0ef2-4a92-9550-9d7a5d9edb98_0
1609947261.884,container_cpu_usage_seconds_total,total,https-metrics,/kubepods/kubepods/burstable/pod2efb2447-0ef2-4a92-9550-9d7a5d9edb98/dea8a9d450c37bbd6f436bc9cdc4fcea7a764f0f958a279d1133e962941e0cbc,192.168.65.3:10250,kubelet,/metrics/cadvisor,docker-desktop,prometheus-prometheus-oper-kubelet,0.481382845,sandbox,sandbox-deployment-75c8c68b4d-5sjst,testmonday,sha256:7bda5898527402e8b26ab845eb6c6d806eb2c6e9b22dbad0998cb78264d820dd,k8s_testmonday_sandbox-deployment-75c8c68b4d-5sjst_sandbox_2efb2447-0ef2-4a92-9550-9d7a5d9edb98_0
1609947293.065,container_cpu_usage_seconds_total,total,https-metrics,/kubepods/kubepods/burstable/pod2efb2447-0ef2-4a92-9550-9d7a5d9edb98/dea8a9d450c37bbd6f436bc9cdc4fcea7a764f0f958a279d1133e962941e0cbc,192.168.65.3:10250,kubelet,/metrics/cadvisor,docker-desktop,prometheus-prometheus-oper-kubelet,0.485160726,sandbox,sandbox-deployment-75c8c68b4d-5sjst,testmonday,sha256:7bda5898527402e8b26ab845eb6c6d806eb2c6e9b22dbad0998cb78264d820dd,k8s_testmonday_sandbox-deployment-75c8c68b4d-5sjst_sandbox_2efb2447-0ef2-4a92-9550-9d7a5d9edb98_0
1609947330.361,container_cpu_usage_seconds_total,total,https-metrics,/kubepods/kubepods/burstable/pod2efb2447-0ef2-4a92-9550-9d7a5d9edb98/dea8a9d450c37bbd6f436bc9cdc4fcea7a764f0f958a279d1133e962941e0cbc,192.168.65.3:10250,kubelet,/metrics/cadvisor,docker-desktop,prometheus-prometheus-oper-kubelet,0.490917936,sandbox,sandbox-deployment-75c8c68b4d-5sjst,testmonday,sha256:7bda5898527402e8b26ab845eb6c6d806eb2c6e9b22dbad0998cb78264d820dd,k8s_testmonday_sandbox-deployment-75c8c68b4d-5sjst_sandbox_2efb2447-0ef2-4a92-9550-9d7a5d9edb98_0
1609947356.824,container_cpu_usage_seconds_total,total,https-metrics,/kubepods/kubepods/burstable/pod2efb2447-0ef2-4a92-9550-9d7a5d9edb98/dea8a9d450c37bbd6f436bc9cdc4fcea7a764f0f958a279d1133e962941e0cbc,192.168.65.3:10250,kubelet,/metrics/cadvisor,docker-desktop,prometheus-prometheus-oper-kubelet,0.496680943,sandbox,sandbox-deployment-75c8c68b4d-5sjst,testmonday,sha256:7bda5898527402e8b26ab845eb6c6d806eb2c6e9b22dbad0998cb78264d820dd,k8s_testmonday_sandbox-deployment-75c8c68b4d-5sjst_sandbox_2efb2447-0ef2-4a92-9550-9d7a5d9edb98_0
1609947387.317,container_cpu_usage_seconds_total,total,https-metrics,/kubepods/kubepods/burstable/pod2efb2447-0ef2-4a92-9550-9d7a5d9edb98/dea8a9d450c37bbd6f436bc9cdc4fcea7a764f0f958a279d1133e962941e0cbc,192.168.65.3:10250,kubelet,/metrics/cadvisor,docker-desktop,prometheus-prometheus-oper-kubelet,0.500412903,sandbox,sandbox-deployment-75c8c68b4d-5sjst,testmonday,sha256:7bda5898527402e8b26ab845eb6c6d806eb2c6e9b22dbad0998cb78264d820dd,k8s_testmonday_sandbox-deployment-75c8c68b4d-5sjst_sandbox_2efb2447-0ef2-4a92-9550-9d7a5d9edb98_0
1609947414.561,container_cpu_usage_seconds_total,total,https-metrics,/kubepods/kubepods/burstable/pod2efb2447-0ef2-4a92-9550-9d7a5d9edb98/dea8a9d450c37bbd6f436bc9cdc4fcea7a764f0f958a279d1133e962941e0cbc,192.168.65.3:10250,kubelet,/metrics/cadvisor,docker-desktop,prometheus-prometheus-oper-kubelet,0.503021715,sandbox,sandbox-deployment-75c8c68b4d-5sjst,testmonday,sha256:7bda5898527402e8b26ab845eb6c6d806eb2c6e9b22dbad0998cb78264d820dd,k8s_testmonday_sandbox-deployment-75c8c68b4d-5sjst_sandbox_2efb2447-0ef2-4a92-9550-9d7a5d9edb98_0
1609947184.188,container_cpu_usage_seconds_total,total,https-metrics,/kubepods/kubepods/burstable/poda4990d1d-3e58-4632-a4be-8d3fcca5d477/cf94b9fb8c82858a6e176761b1173faf90ba5583aa9e0af826379337e271d0d9,192.168.65.3:10250,kubelet,/metrics/cadvisor,docker-desktop,prometheus-prometheus-oper-kubelet,0.052324293,sandbox,sandbox-deployment-new-75c8c68b4d-q876z,POD,k8s.gcr.io/pause:3.2,k8s_POD_sandbox-deployment-new-75c8c68b4d-q876z_sandbox_a4990d1d-3e58-4632-a4be-8d3fcca5d477_0
1609947209.524,container_cpu_usage_seconds_total,total,https-metrics,/kubepods/kubepods/burstable/poda4990d1d-3e58-4632-a4be-8d3fcca5d477/cf94b9fb8c82858a6e176761b1173faf90ba5583aa9e0af826379337e271d0d9,192.168.65.3:10250,kubelet,/metrics/cadvisor,docker-desktop,prometheus-prometheus-oper-kubelet,0.052324293,sandbox,sandbox-deployment-new-75c8c68b4d-q876z,POD,k8s.gcr.io/pause:3.2,k8s_POD_sandbox-deployment-new-75c8c68b4d-q876z_sandbox_a4990d1d-3e58-4632-a4be-8d3fcca5d477_0
1609947240.547,container_cpu_usage_seconds_total,total,https-metrics,/kubepods/kubepods/burstable/poda4990d1d-3e58-4632-a4be-8d3fcca5d477/cf94b9fb8c82858a6e176761b1173faf90ba5583aa9e0af826379337e271d0d9,192.168.65.3:10250,kubelet,/metrics/cadvisor,docker-desktop,prometheus-prometheus-oper-kubelet,0.052324293,sandbox,sandbox-deployment-new-75c8c68b4d-q876z,POD,k8s.gcr.io/pause:3.2,k8s_POD_sandbox-deployment-new-75c8c68b4d-q876z_sandbox_a4990d1d-3e58-4632-a4be-8d3fcca5d477_0
1609947257.123,container_cpu_usage_seconds_total,total,https-metrics,/kubepods/kubepods/burstable/poda4990d1d-3e58-4632-a4be-8d3fcca5d477/cf94b9fb8c82858a6e176761b1173faf90ba5583aa9e0af826379337e271d0d9,192.168.65.3:10250,kubelet,/metrics/cadvisor,docker-desktop,prometheus-prometheus-oper-kubelet,0.052324293,sandbox,sandbox-deployment-new-75c8c68b4d-q876z,POD,k8s.gcr.io/pause:3.2,k8s_POD_sandbox-deployment-new-75c8c68b4d-q876z_sandbox_a4990d1d-3e58-4632-a4be-8d3fcca5d477_0
1609947301.416,container_cpu_usage_seconds_total,total,https-metrics,/kubepods/kubepods/burstable/poda4990d1d-3e58-4632-a4be-8d3fcca5d477/cf94b9fb8c82858a6e176761b1173faf90ba5583aa9e0af826379337e271d0d9,192.168.65.3:10250,kubelet,/metrics/cadvisor,docker-desktop,prometheus-prometheus-oper-kubelet,0.052324293,sandbox,sandbox-deployment-new-75c8c68b4d-q876z,POD,k8s.gcr.io/pause:3.2,k8s_POD_sandbox-deployment-new-75c8c68b4d-q876z_sandbox_a4990d1d-3e58-4632-a4be-8d3fcca5d477_0
1609947327.549,container_cpu_usage_seconds_total,total,https-metrics,/kubepods/kubepods/burstable/poda4990d1d-3e58-4632-a4be-8d3fcca5d477/cf94b9fb8c82858a6e176761b1173faf90ba5583aa9e0af826379337e271d0d9,192.168.65.3:10250,kubelet,/metrics/cadvisor,docker-desktop,prometheus-prometheus-oper-kubelet,0.052324293,sandbox,sandbox-deployment-new-75c8c68b4d-q876z,POD,k8s.gcr.io/pause:3.2,k8s_POD_sandbox-deployment-new-75c8c68b4d-q876z_sandbox_a4990d1d-3e58-4632-a4be-8d3fcca5d477_0
1609947355.81,container_cpu_usage_seconds_total,total,https-metrics,/kubepods/kubepods/burstable/poda4990d1d-3e58-4632-a4be-8d3fcca5d477/cf94b9fb8c82858a6e176761b1173faf90ba5583aa9e0af826379337e271d0d9,192.168.65.3:10250,kubelet,/metrics/cadvisor,docker-desktop,prometheus-prometheus-oper-kubelet,0.052324293,sandbox,sandbox-deployment-new-75c8c68b4d-q876z,POD,k8s.gcr.io/pause:3.2,k8s_POD_sandbox-deployment-new-75c8c68b4d-q876z_sandbox_a4990d1d-3e58-4632-a4be-8d3fcca5d477_0
1609947374.868,container_cpu_usage_seconds_total,total,https-metrics,/kubepods/kubepods/burstable/poda4990d1d-3e58-4632-a4be-8d3fcca5d477/cf94b9fb8c82858a6e176761b1173faf90ba5583aa9e0af826379337e271d0d9,192.168.65.3:10250,kubelet,/metrics/cadvisor,docker-desktop,prometheus-prometheus-oper-kubelet,0.052324293,sandbox,sandbox-deployment-new-75c8c68b4d-q876z,POD,k8s.gcr.io/pause:3.2,k8s_POD_sandbox-deployment-new-75c8c68b4d-q876z_sandbox_a4990d1d-3e58-4632-a4be-8d3fcca5d477_0
1609947414.505,container_cpu_usage_seconds_total,total,https-metrics,/kubepods/kubepods/burstable/poda4990d1d-3e58-4632-a4be-8d3fcca5d477/cf94b9fb8c82858a6e176761b1173faf90ba5583aa9e0af826379337e271d0d9,192.168.65.3:10250,kubelet,/metrics/cadvisor,docker-desktop,prometheus-prometheus-oper-kubelet,0.052324293,sandbox,sandbox-deployment-new-75c8c68b4d-q876z,POD,k8s.gcr.io/pause:3.2,k8s_POD_sandbox-deployment-new-75c8c68b4d-q876z_sandbox_a4990d1d-3e58-4632-a4be-8d3fcca5d477_0
1609947174.821,container_cpu_usage_seconds_total,total,https-metrics,/kubepods/kubepods/burstable/poda4990d1d-3e58-4632-a4be-8d3fcca5d477/d138340f1385c512c01fa9c050552de3ed0aedbf85d529a1e81e098788385fd4,192.168.65.3:10250,kubelet,/metrics/cadvisor,docker-desktop,prometheus-prometheus-oper-kubelet,0.439639396,sandbox,sandbox-deployment-new-75c8c68b4d-q876z,testmonday,sha256:7bda5898527402e8b26ab845eb6c6d806eb2c6e9b22dbad0998cb78264d820dd,k8s_testmonday_sandbox-deployment-new-75c8c68b4d-q876z_sandbox_a4990d1d-3e58-4632-a4be-8d3fcca5d477_0
1609947207.353,container_cpu_usage_seconds_total,total,https-metrics,/kubepods/kubepods/burstable/poda4990d1d-3e58-4632-a4be-8d3fcca5d477/d138340f1385c512c01fa9c050552de3ed0aedbf85d529a1e81e098788385fd4,192.168.65.3:10250,kubelet,/metrics/cadvisor,docker-desktop,prometheus-prometheus-oper-kubelet,0.443143572,sandbox,sandbox-deployment-new-75c8c68b4d-q876z,testmonday,sha256:7bda5898527402e8b26ab845eb6c6d806eb2c6e9b22dbad0998cb78264d820dd,k8s_testmonday_sandbox-deployment-new-75c8c68b4d-q876z_sandbox_a4990d1d-3e58-4632-a4be-8d3fcca5d477_0
1609947240.698,container_cpu_usage_seconds_total,total,https-metrics,/kubepods/kubepods/burstable/poda4990d1d-3e58-4632-a4be-8d3fcca5d477/d138340f1385c512c01fa9c050552de3ed0aedbf85d529a1e81e098788385fd4,192.168.65.3:10250,kubelet,/metrics/cadvisor,docker-desktop,prometheus-prometheus-oper-kubelet,0.447125651,sandbox,sandbox-deployment-new-75c8c68b4d-q876z,testmonday,sha256:7bda5898527402e8b26ab845eb6c6d806eb2c6e9b22dbad0998cb78264d820dd,k8s_testmonday_sandbox-deployment-new-75c8c68b4d-q876z_sandbox_a4990d1d-3e58-4632-a4be-8d3fcca5d477_0
1609947266.657,container_cpu_usage_seconds_total,total,https-metrics,/kubepods/kubepods/burstable/poda4990d1d-3e58-4632-a4be-8d3fcca5d477/d138340f1385c512c01fa9c050552de3ed0aedbf85d529a1e81e098788385fd4,192.168.65.3:10250,kubelet,/metrics/cadvisor,docker-desktop,prometheus-prometheus-oper-kubelet,0.449855976,sandbox,sandbox-deployment-new-75c8c68b4d-q876z,testmonday,sha256:7bda5898527402e8b26ab845eb6c6d806eb2c6e9b22dbad0998cb78264d820dd,k8s_testmonday_sandbox-deployment-new-75c8c68b4d-q876z_sandbox_a4990d1d-3e58-4632-a4be-8d3fcca5d477_0
1609947292.642,container_cpu_usage_seconds_total,total,https-metrics,/kubepods/kubepods/burstable/poda4990d1d-3e58-4632-a4be-8d3fcca5d477/d138340f1385c512c01fa9c050552de3ed0aedbf85d529a1e81e098788385fd4,192.168.65.3:10250,kubelet,/metrics/cadvisor,docker-desktop,prometheus-prometheus-oper-kubelet,0.452882243,sandbox,sandbox-deployment-new-75c8c68b4d-q876z,testmonday,sha256:7bda5898527402e8b26ab845eb6c6d806eb2c6e9b22dbad0998cb78264d820dd,k8s_testmonday_sandbox-deployment-new-75c8c68b4d-q876z_sandbox_a4990d1d-3e58-4632-a4be-8d3fcca5d477_0
1609947332.096,container_cpu_usage_seconds_total,total,https-metrics,/kubepods/kubepods/burstable/poda4990d1d-3e58-4632-a4be-8d3fcca5d477/d138340f1385c512c01fa9c050552de3ed0aedbf85d529a1e81e098788385fd4,192.168.65.3:10250,kubelet,/metrics/cadvisor,docker-desktop,prometheus-prometheus-oper-kubelet,6.761583123,sandbox,sandbox-deployment-new-75c8c68b4d-q876z,testmonday,sha256:7bda5898527402e8b26ab845eb6c6d806eb2c6e9b22dbad0998cb78264d820dd,k8s_testmonday_sandbox-deployment-new-75c8c68b4d-q876z_sandbox_a4990d1d-3e58-4632-a4be-8d3fcca5d477_0
1609947360.608,container_cpu_usage_seconds_total,total,https-metrics,/kubepods/kubepods/burstable/poda4990d1d-3e58-4632-a4be-8d3fcca5d477/d138340f1385c512c01fa9c050552de3ed0aedbf85d529a1e81e098788385fd4,192.168.65.3:10250,kubelet,/metrics/cadvisor,docker-desktop,prometheus-prometheus-oper-kubelet,21.016585653,sandbox,sandbox-deployment-new-75c8c68b4d-q876z,testmonday,sha256:7bda5898527402e8b26ab845eb6c6d806eb2c6e9b22dbad0998cb78264d820dd,k8s_testmonday_sandbox-deployment-new-75c8c68b4d-q876z_sandbox_a4990d1d-3e58-4632-a4be-8d3fcca5d477_0
1609947394.451,container_cpu_usage_seconds_total,total,https-metrics,/kubepods/kubepods/burstable/poda4990d1d-3e58-4632-a4be-8d3fcca5d477/d138340f1385c512c01fa9c050552de3ed0aedbf85d529a1e81e098788385fd4,192.168.65.3:10250,kubelet,/metrics/cadvisor,docker-desktop,prometheus-prometheus-oper-kubelet,23.412802814,sandbox,sandbox-deployment-new-75c8c68b4d-q876z,testmonday,sha256:7bda5898527402e8b26ab845eb6c6d806eb2c6e9b22dbad0998cb78264d820dd,k8s_testmonday_sandbox-deployment-new-75c8c68b4d-q876z_sandbox_a4990d1d-3e58-4632-a4be-8d3fcca5d477_0
1609947409.687,container_cpu_usage_seconds_total,total,https-metrics,/kubepods/kubepods/burstable/poda4990d1d-3e58-4632-a4be-8d3fcca5d477/d138340f1385c512c01fa9c050552de3ed0aedbf85d529a1e81e098788385fd4,192.168.65.3:10250,kubelet,/metrics/cadvisor,docker-desktop,prometheus-prometheus-oper-kubelet,23.414289794,sandbox,sandbox-deployment-new-75c8c68b4d-q876z,testmonday,sha256:7bda5898527402e8b26ab845eb6c6d806eb2c6e9b22dbad0998cb78264d820dd,k8s_testmonday_sandbox-deployment-new-75c8c68b4d-q876z_sandbox_a4990d1d-3e58-4632-a4be-8d3fcca5d477_0
1609947154.066,container_cpu_usage_seconds_total,total,https-metrics,/kubepods/kubepods/burstable/poda4990d1d-3e58-4632-a4be-8d3fcca5d477,192.168.65.3:10250,kubelet,/metrics/cadvisor,docker-desktop,prometheus-prometheus-oper-kubelet,0.489830324,sandbox,sandbox-deployment-new-75c8c68b4d-q876z,,,
1609947183.816,container_cpu_usage_seconds_total,total,https-metrics,/kubepods/kubepods/burstable/poda4990d1d-3e58-4632-a4be-8d3fcca5d477,192.168.65.3:10250,kubelet,/metrics/cadvisor,docker-desktop,prometheus-prometheus-oper-kubelet,0.49285428,sandbox,sandbox-deployment-new-75c8c68b4d-q876z,,,
1609947213.886,container_cpu_usage_seconds_total,total,https-metrics,/kubepods/kubepods/burstable/poda4990d1d-3e58-4632-a4be-8d3fcca5d477,192.168.65.3:10250,kubelet,/metrics/cadvisor,docker-desktop,prometheus-prometheus-oper-kubelet,0.496152393,sandbox,sandbox-deployment-new-75c8c68b4d-q876z,,,
1609947244.065,container_cpu_usage_seconds_total,total,https-metrics,/kubepods/kubepods/burstable/poda4990d1d-3e58-4632-a4be-8d3fcca5d477,192.168.65.3:10250,kubelet,/metrics/cadvisor,docker-desktop,prometheus-prometheus-oper-kubelet,0.499768305,sandbox,sandbox-deployment-new-75c8c68b4d-q876z,,,
1609947266.537,container_cpu_usage_seconds_total,total,https-metrics,/kubepods/kubepods/burstable/poda4990d1d-3e58-4632-a4be-8d3fcca5d477,192.168.65.3:10250,kubelet,/metrics/cadvisor,docker-desktop,prometheus-prometheus-oper-kubelet,0.502116456,sandbox,sandbox-deployment-new-75c8c68b4d-q876z,,,
1609947292.824,container_cpu_usage_seconds_total,total,https-metrics,/kubepods/kubepods/burstable/poda4990d1d-3e58-4632-a4be-8d3fcca5d477,192.168.65.3:10250,kubelet,/metrics/cadvisor,docker-desktop,prometheus-prometheus-oper-kubelet,0.505206536,sandbox,sandbox-deployment-new-75c8c68b4d-q876z,,,
1609947335.316,container_cpu_usage_seconds_total,total,https-metrics,/kubepods/kubepods/burstable/poda4990d1d-3e58-4632-a4be-8d3fcca5d477,192.168.65.3:10250,kubelet,/metrics/cadvisor,docker-desktop,prometheus-prometheus-oper-kubelet,8.429633661,sandbox,sandbox-deployment-new-75c8c68b4d-q876z,,,
1609947354.394,container_cpu_usage_seconds_total,total,https-metrics,/kubepods/kubepods/burstable/poda4990d1d-3e58-4632-a4be-8d3fcca5d477,192.168.65.3:10250,kubelet,/metrics/cadvisor,docker-desktop,prometheus-prometheus-oper-kubelet,17.956763443,sandbox,sandbox-deployment-new-75c8c68b4d-q876z,,,
1609947388.307,container_cpu_usage_seconds_total,total,https-metrics,/kubepods/kubepods/burstable/poda4990d1d-3e58-4632-a4be-8d3fcca5d477,192.168.65.3:10250,kubelet,/metrics/cadvisor,docker-desktop,prometheus-prometheus-oper-kubelet,23.464495455,sandbox,sandbox-deployment-new-75c8c68b4d-q876z,,,
1609947423.951,container_cpu_usage_seconds_total,total,https-metrics,/kubepods/kubepods/burstable/poda4990d1d-3e58-4632-a4be-8d3fcca5d477,192.168.65.3:10250,kubelet,/metrics/cadvisor,docker-desktop,prometheus-prometheus-oper-kubelet,23.467983249,sandbox,sandbox-deployment-new-75c8c68b4d-q876z,,,
1609947145.443,kube_pod_container_resource_limits_cpu_cores,,http,,10.1.0.35:8080,kube-state-metrics,,docker-desktop,prometheus-kube-state-metrics,0.1,prometheus,alertmanager-prometheus-prometheus-oper-alertmanager-0,config-reloader,,
1609947175.443,kube_pod_container_resource_limits_cpu_cores,,http,,10.1.0.35:8080,kube-state-metrics,,docker-desktop,prometheus-kube-state-metrics,0.1,prometheus,alertmanager-prometheus-prometheus-oper-alertmanager-0,config-reloader,,
1609947205.443,kube_pod_container_resource_limits_cpu_cores,,http,,10.1.0.35:8080,kube-state-metrics,,docker-desktop,prometheus-kube-state-metrics,0.1,prometheus,alertmanager-prometheus-prometheus-oper-alertmanager-0,config-reloader,,
1609947235.443,kube_pod_container_resource_limits_cpu_cores,,http,,10.1.0.35:8080,kube-state-metrics,,docker-desktop,prometheus-kube-state-metrics,0.1,prometheus,alertmanager-prometheus-prometheus-oper-alertmanager-0,config-reloader,,
1609947265.443,kube_pod_container_resource_limits_cpu_cores,,http,,10.1.0.35:8080,kube-state-metrics,,docker-desktop,prometheus-kube-state-metrics,0.1,prometheus,alertmanager-prometheus-prometheus-oper-alertmanager-0,config-reloader,,
1609947295.443,kube_pod_container_resource_limits_cpu_cores,,http,,10.1.0.35:8080,kube-state-metrics,,docker-desktop,prometheus-kube-state-metrics,0.1,prometheus,alertmanager-prometheus-prometheus-oper-alertmanager-0,config-reloader,,
1609947325.443,kube_pod_container_resource_limits_cpu_cores,,http,,10.1.0.35:8080,kube-state-metrics,,docker-desktop,prometheus-kube-state-metrics,0.1,prometheus,alertmanager-prometheus-prometheus-oper-alertmanager-0,config-reloader,,
1609947355.444,kube_pod_container_resource_limits_cpu_cores,,http,,10.1.0.35:8080,kube-state-metrics,,docker-desktop,prometheus-kube-state-metrics,0.1,prometheus,alertmanager-prometheus-prometheus-oper-alertmanager-0,config-reloader,,
1609947385.443,kube_pod_container_resource_limits_cpu_cores,,http,,10.1.0.35:8080,kube-state-metrics,,docker-desktop,prometheus-kube-state-metrics,0.1,prometheus,alertmanager-prometheus-prometheus-oper-alertmanager-0,config-reloader,,
1609947415.443,kube_pod_container_resource_limits_cpu_cores,,http,,10.1.0.35:8080,kube-state-metrics,,docker-desktop,prometheus-kube-state-metrics,0.1,prometheus,alertmanager-prometheus-prometheus-oper-alertmanager-0,config-reloader,,
1609947145.443,kube_pod_container_resource_limits_cpu_cores,,http,,10.1.0.35:8080,kube-state-metrics,,docker-desktop,prometheus-kube-state-metrics,0.1,prometheus,prometheus-prometheus-prometheus-oper-prometheus-0,prometheus-config-reloader,,
1609947175.443,kube_pod_container_resource_limits_cpu_cores,,http,,10.1.0.35:8080,kube-state-metrics,,docker-desktop,prometheus-kube-state-metrics,0.1,prometheus,prometheus-prometheus-prometheus-oper-prometheus-0,prometheus-config-reloader,,
1609947205.443,kube_pod_container_resource_limits_cpu_cores,,http,,10.1.0.35:8080,kube-state-metrics,,docker-desktop,prometheus-kube-state-metrics,0.1,prometheus,prometheus-prometheus-prometheus-oper-prometheus-0,prometheus-config-reloader,,
1609947235.443,kube_pod_container_resource_limits_cpu_cores,,http,,10.1.0.35:8080,kube-state-metrics,,docker-desktop,prometheus-kube-state-metrics,0.1,prometheus,prometheus-prometheus-prometheus-oper-prometheus-0,prometheus-config-reloader,,
1609947265.443,kube_pod_container_resource_limits_cpu_cores,,http,,10.1.0.35:8080,kube-state-metrics,,docker-desktop,prometheus-kube-state-metrics,0.1,prometheus,prometheus-prometheus-prometheus-oper-prometheus-0,prometheus-config-reloader,,
1609947295.443,kube_pod_container_resource_limits_cpu_cores,,http,,10.1.0.35:8080,kube-state-metrics,,docker-desktop,prometheus-kube-state-metrics,0.1,prometheus,prometheus-prometheus-prometheus-oper-prometheus-0,prometheus-config-reloader,,
1609947325.443,kube_pod_container_resource_limits_cpu_cores,,http,,10.1.0.35:8080,kube-state-metrics,,docker-desktop,prometheus-kube-state-metrics,0.1,prometheus,prometheus-prometheus-prometheus-oper-prometheus-0,prometheus-config-reloader,,
1609947355.444,kube_pod_container_resource_limits_cpu_cores,,http,,10.1.0.35:8080,kube-state-metrics,,docker-desktop,prometheus-kube-state-metrics,0.1,prometheus,prometheus-prometheus-prometheus-oper-prometheus-0,prometheus-config-reloader,,
1609947385.443,kube_pod_container_resource_limits_cpu_cores,,http,,10.1.0.35:8080,kube-state-metrics,,docker-desktop,prometheus-kube-state-metrics,0.1,prometheus,prometheus-prometheus-prometheus-oper-prometheus-0,prometheus-config-reloader,,
1609947415.443,kube_pod_container_resource_limits_cpu_cores,,http,,10.1.0.35:8080,kube-state-metrics,,docker-desktop,prometheus-kube-state-metrics,0.1,prometheus,prometheus-prometheus-prometheus-oper-prometheus-0,prometheus-config-reloader,,
1609947145.443,kube_pod_container_resource_limits_cpu_cores,,http,,10.1.0.35:8080,kube-state-metrics,,docker-desktop,prometheus-kube-state-metrics,0.1,prometheus,prometheus-prometheus-prometheus-oper-prometheus-0,rules-configmap-reloader,,
1609947175.443,kube_pod_container_resource_limits_cpu_cores,,http,,10.1.0.35:8080,kube-state-metrics,,docker-desktop,prometheus-kube-state-metrics,0.1,prometheus,prometheus-prometheus-prometheus-oper-prometheus-0,rules-configmap-reloader,,
1609947205.443,kube_pod_container_resource_limits_cpu_cores,,http,,10.1.0.35:8080,kube-state-metrics,,docker-desktop,prometheus-kube-state-metrics,0.1,prometheus,prometheus-prometheus-prometheus-oper-prometheus-0,rules-configmap-reloader,,
1609947235.443,kube_pod_container_resource_limits_cpu_cores,,http,,10.1.0.35:8080,kube-state-metrics,,docker-desktop,prometheus-kube-state-metrics,0.1,prometheus,prometheus-prometheus-prometheus-oper-prometheus-0,rules-configmap-reloader,,
1609947265.443,kube_pod_container_resource_limits_cpu_cores,,http,,10.1.0.35:8080,kube-state-metrics,,docker-desktop,prometheus-kube-state-metrics,0.1,prometheus,prometheus-prometheus-prometheus-oper-prometheus-0,rules-configmap-reloader,,
1609947295.443,kube_pod_container_resource_limits_cpu_cores,,http,,10.1.0.35:8080,kube-state-metrics,,docker-desktop,prometheus-kube-state-metrics,0.1,prometheus,prometheus-prometheus-prometheus-oper-prometheus-0,rules-configmap-reloader,,
1609947325.443,kube_pod_container_resource_limits_cpu_cores,,http,,10.1.0.35:8080,kube-state-metrics,,docker-desktop,prometheus-kube-state-metrics,0.1,prometheus,prometheus-prometheus-prometheus-oper-prometheus-0,rules-configmap-reloader,,
1609947355.444,kube_pod_container_resource_limits_cpu_cores,,http,,10.1.0.35:8080,kube-state-metrics,,docker-desktop,prometheus-kube-state-metrics,0.1,prometheus,prometheus-prometheus-prometheus-oper-prometheus-0,rules-configmap-reloader,,
1609947385.443,kube_pod_container_resource_limits_cpu_cores,,http,,10.1.0.35:8080,kube-state-metrics,,docker-desktop,prometheus-kube-state-metrics,0.1,prometheus,prometheus-prometheus-prometheus-oper-prometheus-0,rules-configmap-reloader,,
1609947415.443,kube_pod_container_resource_limits_cpu_cores,,http,,10.1.0.35:8080,kube-state-metrics,,docker-desktop,prometheus-kube-state-metrics,0.1,prometheus,prometheus-prometheus-prometheus-oper-prometheus-0,rules-configmap-reloader,,
1609947145.443,kube_pod_container_resource_limits_cpu_cores,,http,,10.1.0.35:8080,kube-state-metrics,,docker-desktop,prometheus-kube-state-metrics,2,default,kubernetes-dashboard-7cb5bcf5c8-hq4n5,kubernetes-dashboard,,
1609947175.443,kube_pod_container_resource_limits_cpu_cores,,http,,10.1.0.35:8080,kube-state-metrics,,docker-desktop,prometheus-kube-state-metrics,2,default,kubernetes-dashboard-7cb5bcf5c8-hq4n5,kubernetes-dashboard,,
1609947205.443,kube_pod_container_resource_limits_cpu_cores,,http,,10.1.0.35:8080,kube-state-metrics,,docker-desktop,prometheus-kube-state-metrics,2,default,kubernetes-dashboard-7cb5bcf5c8-hq4n5,kubernetes-dashboard,,
1609947235.443,kube_pod_container_resource_limits_cpu_cores,,http,,10.1.0.35:8080,kube-state-metrics,,docker-desktop,prometheus-kube-state-metrics,2,default,kubernetes-dashboard-7cb5bcf5c8-hq4n5,kubernetes-dashboard,,
1609947265.443,kube_pod_container_resource_limits_cpu_cores,,http,,10.1.0.35:8080,kube-state-metrics,,docker-desktop,prometheus-kube-state-metrics,2,default,kubernetes-dashboard-7cb5bcf5c8-hq4n5,kubernetes-dashboard,,
1609947295.443,kube_pod_container_resource_limits_cpu_cores,,http,,10.1.0.35:8080,kube-state-metrics,,docker-desktop,prometheus-kube-state-metrics,2,default,kubernetes-dashboard-7cb5bcf5c8-hq4n5,kubernetes-dashboard,,
1609947325.443,kube_pod_container_resource_limits_cpu_cores,,http,,10.1.0.35:8080,kube-state-metrics,,docker-desktop,prometheus-kube-state-metrics,2,default,kubernetes-dashboard-7cb5bcf5c8-hq4n5,kubernetes-dashboard,,
1609947355.444,kube_pod_container_resource_limits_cpu_cores,,http,,10.1.0.35:8080,kube-state-metrics,,docker-desktop,prometheus-kube-state-metrics,2,default,kubernetes-dashboard-7cb5bcf5c8-hq4n5,kubernetes-dashboard,,
1609947385.443,kube_pod_container_resource_limits_cpu_cores,,http,,10.1.0.35:8080,kube-state-metrics,,docker-desktop,prometheus-kube-state-metrics,2,default,kubernetes-dashboard-7cb5bcf5c8-hq4n5,kubernetes-dashboard,,
1609947415.443,kube_pod_container_resource_limits_cpu_cores,,http,,10.1.0.35:8080,kube-state-metrics,,docker-desktop,prometheus-kube-state-metrics,2,default,kubernetes-dashboard-7cb5bcf5c8-hq4n5,kubernetes-dashboard,,
1609947145.443,kube_pod_container_resource_limits_cpu_cores,,http,,10.1.0.35:8080,kube-state-metrics,,docker-desktop,prometheus-kube-state-metrics,0.5,sandbox,sandbox-deployment-75c8c68b4d-5sjst,testmonday,,
1609947175.443,kube_pod_container_resource_limits_cpu_cores,,http,,10.1.0.35:8080,kube-state-metrics,,docker-desktop,prometheus-kube-state-metrics,0.5,sandbox,sandbox-deployment-75c8c68b4d-5sjst,testmonday,,
1609947205.443,kube_pod_container_resource_limits_cpu_cores,,http,,10.1.0.35:8080,kube-state-metrics,,docker-desktop,prometheus-kube-state-metrics,0.5,sandbox,sandbox-deployment-75c8c68b4d-5sjst,testmonday,,
1609947235.443,kube_pod_container_resource_limits_cpu_cores,,http,,10.1.0.35:8080,kube-state-metrics,,docker-desktop,prometheus-kube-state-metrics,0.5,sandbox,sandbox-deployment-75c8c68b4d-5sjst,testmonday,,
1609947265.443,kube_pod_container_resource_limits_cpu_cores,,http,,10.1.0.35:8080,kube-state-metrics,,docker-desktop,prometheus-kube-state-metrics,0.5,sandbox,sandbox-deployment-75c8c68b4d-5sjst,testmonday,,
1609947295.443,kube_pod_container_resource_limits_cpu_cores,,http,,10.1.0.35:8080,kube-state-metrics,,docker-desktop,prometheus-kube-state-metrics,0.5,sandbox,sandbox-deployment-75c8c68b4d-5sjst,testmonday,,
1609947325.443,kube_pod_container_resource_limits_cpu_cores,,http,,10.1.0.35:8080,kube-state-metrics,,docker-desktop,prometheus-kube-state-metrics,0.5,sandbox,sandbox-deployment-75c8c68b4d-5sjst,testmonday,,
1609947355.444,kube_pod_container_resource_limits_cpu_cores,,http,,10.1.0.35:8080,kube-state-metrics,,docker-desktop,prometheus-kube-state-metrics,0.5,sandbox,sandbox-deployment-75c8c68b4d-5sjst,testmonday,,
1609947385.443,kube_pod_container_resource_limits_cpu_cores,,http,,10.1.0.35:8080,kube-state-metrics,,docker-desktop,prometheus-kube-state-metrics,0.5,sandbox,sandbox-deployment-75c8c68b4d-5sjst,testmonday,,
1609947415.443,kube_pod_container_resource_limits_cpu_cores,,http,,10.1.0.35:8080,kube-state-metrics,,docker-desktop,prometheus-kube-state-metrics,0.5,sandbox,sandbox-deployment-75c8c68b4d-5sjst,testmonday,,
1609947145.443,kube_pod_container_resource_limits_cpu_cores,,http,,10.1.0.35:8080,kube-state-metrics,,docker-desktop,prometheus-kube-state-metrics,0.5,sandbox,sandbox-deployment-new-75c8c68b4d-q876z,testmonday,,
1609947175.443,kube_pod_container_resource_limits_cpu_cores,,http,,10.1.0.35:8080,kube-state-metrics,,docker-desktop,prometheus-kube-state-metrics,0.5,sandbox,sandbox-deployment-new-75c8c68b4d-q876z,testmonday,,
1609947205.443,kube_pod_container_resource_limits_cpu_cores,,http,,10.1.0.35:8080,kube-state-metrics,,docker-desktop,prometheus-kube-state-metrics,0.5,sandbox,sandbox-deployment-new-75c8c68b4d-q876z,testmonday,,
1609947235.443,kube_pod_container_resource_limits_cpu_cores,,http,,10.1.0.35:8080,kube-state-metrics,,docker-desktop,prometheus-kube-state-metrics,0.5,sandbox,sandbox-deployment-new-75c8c68b4d-q876z,testmonday,,
1609947265.443,kube_pod_container_resource_limits_cpu_cores,,http,,10.1.0.35:8080,kube-state-metrics,,docker-desktop,prometheus-kube-state-metrics,0.5,sandbox,sandbox-deployment-new-75c8c68b4d-q876z,testmonday,,
1609947295.443,kube_pod_container_resource_limits_cpu_cores,,http,,10.1.0.35:8080,kube-state-metrics,,docker-desktop,prometheus-kube-state-metrics,0.5,sandbox,sandbox-deployment-new-75c8c68b4d-q876z,testmonday,,
1609947325.443,kube_pod_container_resource_limits_cpu_cores,,http,,10.1.0.35:8080,kube-state-metrics,,docker-desktop,prometheus-kube-state-metrics,0.5,sandbox,sandbox-deployment-new-75c8c68b4d-q876z,testmonday,,
1609947355.444,kube_pod_container_resource_limits_cpu_cores,,http,,10.1.0.35:8080,kube-state-metrics,,docker-desktop,prometheus-kube-state-metrics,0.5,sandbox,sandbox-deployment-new-75c8c68b4d-q876z,testmonday,,
1609947385.443,kube_pod_container_resource_limits_cpu_cores,,http,,10.1.0.35:8080,kube-state-metrics,,docker-desktop,prometheus-kube-state-metrics,0.5,sandbox,sandbox-deployment-new-75c8c68b4d-q876z,testmonday,,
1609947415.443,kube_pod_container_resource_limits_cpu_cores,,http,,10.1.0.35:8080,kube-state-metrics,,docker-desktop,prometheus-kube-state-metrics,0.5,sandbox,sandbox-deployment-new-75c8c68b4d-q876z,testmonday,,
