timestamp,__name__,container,endpoint,instance,job,namespace,node,pod,service,value,id,image,metrics_path,name,deployment
1616804417.187,kube_pod_container_resource_requests_memory_bytes,alertmanager,http,10.1.53.228:8080,kube-state-metrics,default,docker-desktop,alertmanager-prometheus-kube-prometheus-alertmanager-0,prometheus-kube-state-metrics,209715200,,,,,
1616804447.187,kube_pod_container_resource_requests_memory_bytes,alertmanager,http,10.1.53.228:8080,kube-state-metrics,default,docker-desktop,alertmanager-prometheus-kube-prometheus-alertmanager-0,prometheus-kube-state-metrics,209715200,,,,,
1616804417.187,kube_pod_container_resource_requests_memory_bytes,config-reloader,http,10.1.53.228:8080,kube-state-metrics,default,docker-desktop,alertmanager-prometheus-kube-prometheus-alertmanager-0,prometheus-kube-state-metrics,52428800,,,,,
1616804447.187,kube_pod_container_resource_requests_memory_bytes,config-reloader,http,10.1.53.228:8080,kube-state-metrics,default,docker-desktop,alertmanager-prometheus-kube-prometheus-alertmanager-0,prometheus-kube-state-metrics,52428800,,,,,
1616804417.187,kube_pod_container_resource_requests_memory_bytes,config-reloader,http,10.1.53.228:8080,kube-state-metrics,default,docker-desktop,prometheus-prometheus-kube-prometheus-prometheus-0,prometheus-kube-state-metrics,52428800,,,,,
1616804447.187,kube_pod_container_resource_requests_memory_bytes,config-reloader,http,10.1.53.228:8080,kube-state-metrics,default,docker-desktop,prometheus-prometheus-kube-prometheus-prometheus-0,prometheus-kube-state-metrics,52428800,,,,,
1616804417.187,kube_pod_container_resource_requests_memory_bytes,coredns,http,10.1.53.228:8080,kube-state-metrics,kube-system,docker-desktop,coredns-f9fd979d6-4b2l5,prometheus-kube-state-metrics,73400320,,,,,
1616804447.187,kube_pod_container_resource_requests_memory_bytes,coredns,http,10.1.53.228:8080,kube-state-metrics,kube-system,docker-desktop,coredns-f9fd979d6-4b2l5,prometheus-kube-state-metrics,73400320,,,,,
1616804417.187,kube_pod_container_resource_requests_memory_bytes,coredns,http,10.1.53.228:8080,kube-state-metrics,kube-system,docker-desktop,coredns-f9fd979d6-gsfph,prometheus-kube-state-metrics,73400320,,,,,
1616804447.187,kube_pod_container_resource_requests_memory_bytes,coredns,http,10.1.53.228:8080,kube-state-metrics,kube-system,docker-desktop,coredns-f9fd979d6-gsfph,prometheus-kube-state-metrics,73400320,,,,,
1616804417.187,kube_pod_container_resource_requests_memory_bytes,teastore-webui,http,10.1.53.228:8080,kube-state-metrics,teastore,docker-desktop,teastore-webui-5dfdb9fc67-2xdlf,prometheus-kube-state-metrics,419430400,,,,,
1616804447.187,kube_pod_container_resource_requests_memory_bytes,teastore-webui,http,10.1.53.228:8080,kube-state-metrics,teastore,docker-desktop,teastore-webui-5dfdb9fc67-2xdlf,prometheus-kube-state-metrics,419430400,,,,,
1616804417.187,kube_pod_container_resource_requests_memory_bytes,teastore-webui,http,10.1.53.228:8080,kube-state-metrics,teastore,docker-desktop,teastore-webui-5dfdb9fc67-8x5fb,prometheus-kube-state-metrics,419430400,,,,,
1616804447.187,kube_pod_container_resource_requests_memory_bytes,teastore-webui,http,10.1.53.228:8080,kube-state-metrics,teastore,docker-desktop,teastore-webui-5dfdb9fc67-8x5fb,prometheus-kube-state-metrics,419430400,,,,,
1616804417.187,kube_pod_container_resource_requests_memory_bytes,teastore-webui,http,10.1.53.228:8080,kube-state-metrics,teastore,docker-desktop,teastore-webui-5dfdb9fc67-k75w5,prometheus-kube-state-metrics,419430400,,,,,
1616804447.187,kube_pod_container_resource_requests_memory_bytes,teastore-webui,http,10.1.53.228:8080,kube-state-metrics,teastore,docker-desktop,teastore-webui-5dfdb9fc67-k75w5,prometheus-kube-state-metrics,419430400,,,,,
1616804417.187,kube_pod_container_resource_requests_memory_bytes,teastore-webui,http,10.1.53.228:8080,kube-state-metrics,teastore,docker-desktop,teastore-webui-5dfdb9fc67-rqvnd,prometheus-kube-state-metrics,419430400,,,,,
1616804447.187,kube_pod_container_resource_requests_memory_bytes,teastore-webui,http,10.1.53.228:8080,kube-state-metrics,teastore,docker-desktop,teastore-webui-5dfdb9fc67-rqvnd,prometheus-kube-state-metrics,419430400,,,,,
1616804417.187,kube_pod_container_resource_limits_memory_bytes,config-reloader,http,10.1.53.228:8080,kube-state-metrics,default,docker-desktop,alertmanager-prometheus-kube-prometheus-alertmanager-0,prometheus-kube-state-metrics,52428800,,,,,
1616804447.187,kube_pod_container_resource_limits_memory_bytes,config-reloader,http,10.1.53.228:8080,kube-state-metrics,default,docker-desktop,alertmanager-prometheus-kube-prometheus-alertmanager-0,prometheus-kube-state-metrics,52428800,,,,,
1616804417.187,kube_pod_container_resource_limits_memory_bytes,config-reloader,http,10.1.53.228:8080,kube-state-metrics,default,docker-desktop,prometheus-prometheus-kube-prometheus-prometheus-0,prometheus-kube-state-metrics,52428800,,,,,
1616804447.187,kube_pod_container_resource_limits_memory_bytes,config-reloader,http,10.1.53.228:8080,kube-state-metrics,default,docker-desktop,prometheus-prometheus-kube-prometheus-prometheus-0,prometheus-kube-state-metrics,52428800,,,,,
1616804417.187,kube_pod_container_resource_limits_memory_bytes,coredns,http,10.1.53.228:8080,kube-state-metrics,kube-system,docker-desktop,coredns-f9fd979d6-4b2l5,prometheus-kube-state-metrics,178257920,,,,,
1616804447.187,kube_pod_container_resource_limits_memory_bytes,coredns,http,10.1.53.228:8080,kube-state-metrics,kube-system,docker-desktop,coredns-f9fd979d6-4b2l5,prometheus-kube-state-metrics,178257920,,,,,
1616804417.187,kube_pod_container_resource_limits_memory_bytes,coredns,http,10.1.53.228:8080,kube-state-metrics,kube-system,docker-desktop,coredns-f9fd979d6-gsfph,prometheus-kube-state-metrics,178257920,,,,,
1616804447.187,kube_pod_container_resource_limits_memory_bytes,coredns,http,10.1.53.228:8080,kube-state-metrics,kube-system,docker-desktop,coredns-f9fd979d6-gsfph,prometheus-kube-state-metrics,178257920,,,,,
1616804417.187,kube_pod_container_resource_limits_memory_bytes,teastore-webui,http,10.1.53.228:8080,kube-state-metrics,teastore,docker-desktop,teastore-webui-5dfdb9fc67-2xdlf,prometheus-kube-state-metrics,524288000,,,,,
1616804447.187,kube_pod_container_resource_limits_memory_bytes,teastore-webui,http,10.1.53.228:8080,kube-state-metrics,teastore,docker-desktop,teastore-webui-5dfdb9fc67-2xdlf,prometheus-kube-state-metrics,524288000,,,,,
1616804417.187,kube_pod_container_resource_limits_memory_bytes,teastore-webui,http,10.1.53.228:8080,kube-state-metrics,teastore,docker-desktop,teastore-webui-5dfdb9fc67-8x5fb,prometheus-kube-state-metrics,524288000,,,,,
1616804447.187,kube_pod_container_resource_limits_memory_bytes,teastore-webui,http,10.1.53.228:8080,kube-state-metrics,teastore,docker-desktop,teastore-webui-5dfdb9fc67-8x5fb,prometheus-kube-state-metrics,524288000,,,,,
1616804417.187,kube_pod_container_resource_limits_memory_bytes,teastore-webui,http,10.1.53.228:8080,kube-state-metrics,teastore,docker-desktop,teastore-webui-5dfdb9fc67-k75w5,prometheus-kube-state-metrics,524288000,,,,,
1616804447.187,kube_pod_container_resource_limits_memory_bytes,teastore-webui,http,10.1.53.228:8080,kube-state-metrics,teastore,docker-desktop,teastore-webui-5dfdb9fc67-k75w5,prometheus-kube-state-metrics,524288000,,,,,
1616804417.187,kube_pod_container_resource_limits_memory_bytes,teastore-webui,http,10.1.53.228:8080,kube-state-metrics,teastore,docker-desktop,teastore-webui-5dfdb9fc67-rqvnd,prometheus-kube-state-metrics,524288000,,,,,
1616804447.187,kube_pod_container_resource_limits_memory_bytes,teastore-webui,http,10.1.53.228:8080,kube-state-metrics,teastore,docker-desktop,teastore-webui-5dfdb9fc67-rqvnd,prometheus-kube-state-metrics,524288000,,,,,
1616804417.187,kube_pod_container_resource_limits_cpu_cores,config-reloader,http,10.1.53.228:8080,kube-state-metrics,default,docker-desktop,alertmanager-prometheus-kube-prometheus-alertmanager-0,prometheus-kube-state-metrics,0.1,,,,,
1616804447.187,kube_pod_container_resource_limits_cpu_cores,config-reloader,http,10.1.53.228:8080,kube-state-metrics,default,docker-desktop,alertmanager-prometheus-kube-prometheus-alertmanager-0,prometheus-kube-state-metrics,0.1,,,,,
1616804417.187,kube_pod_container_resource_limits_cpu_cores,config-reloader,http,10.1.53.228:8080,kube-state-metrics,default,docker-desktop,prometheus-prometheus-kube-prometheus-prometheus-0,prometheus-kube-state-metrics,0.1,,,,,
1616804447.187,kube_pod_container_resource_limits_cpu_cores,config-reloader,http,10.1.53.228:8080,kube-state-metrics,default,docker-desktop,prometheus-prometheus-kube-prometheus-prometheus-0,prometheus-kube-state-metrics,0.1,,,,,
1616804417.187,kube_pod_container_resource_limits_cpu_cores,teastore-webui,http,10.1.53.228:8080,kube-state-metrics,teastore,docker-desktop,teastore-webui-5dfdb9fc67-2xdlf,prometheus-kube-state-metrics,0.4,,,,,
1616804447.187,kube_pod_container_resource_limits_cpu_cores,teastore-webui,http,10.1.53.228:8080,kube-state-metrics,teastore,docker-desktop,teastore-webui-5dfdb9fc67-2xdlf,prometheus-kube-state-metrics,0.4,,,,,
1616804417.187,kube_pod_container_resource_limits_cpu_cores,teastore-webui,http,10.1.53.228:8080,kube-state-metrics,teastore,docker-desktop,teastore-webui-5dfdb9fc67-8x5fb,prometheus-kube-state-metrics,0.4,,,,,
1616804447.187,kube_pod_container_resource_limits_cpu_cores,teastore-webui,http,10.1.53.228:8080,kube-state-metrics,teastore,docker-desktop,teastore-webui-5dfdb9fc67-8x5fb,prometheus-kube-state-metrics,0.4,,,,,
1616804417.187,kube_pod_container_resource_limits_cpu_cores,teastore-webui,http,10.1.53.228:8080,kube-state-metrics,teastore,docker-desktop,teastore-webui-5dfdb9fc67-k75w5,prometheus-kube-state-metrics,0.4,,,,,
1616804447.187,kube_pod_container_resource_limits_cpu_cores,teastore-webui,http,10.1.53.228:8080,kube-state-metrics,teastore,docker-desktop,teastore-webui-5dfdb9fc67-k75w5,prometheus-kube-state-metrics,0.4,,,,,
1616804417.187,kube_pod_container_resource_limits_cpu_cores,teastore-webui,http,10.1.53.228:8080,kube-state-metrics,teastore,docker-desktop,teastore-webui-5dfdb9fc67-rqvnd,prometheus-kube-state-metrics,0.4,,,,,
1616804447.187,kube_pod_container_resource_limits_cpu_cores,teastore-webui,http,10.1.53.228:8080,kube-state-metrics,teastore,docker-desktop,teastore-webui-5dfdb9fc67-rqvnd,prometheus-kube-state-metrics,0.4,,,,,
1616804417.187,kube_pod_container_resource_requests_cpu_cores,config-reloader,http,10.1.53.228:8080,kube-state-metrics,default,docker-desktop,alertmanager-prometheus-kube-prometheus-alertmanager-0,prometheus-kube-state-metrics,0.1,,,,,
1616804447.187,kube_pod_container_resource_requests_cpu_cores,config-reloader,http,10.1.53.228:8080,kube-state-metrics,default,docker-desktop,alertmanager-prometheus-kube-prometheus-alertmanager-0,prometheus-kube-state-metrics,0.1,,,,,
1616804417.187,kube_pod_container_resource_requests_cpu_cores,config-reloader,http,10.1.53.228:8080,kube-state-metrics,default,docker-desktop,prometheus-prometheus-kube-prometheus-prometheus-0,prometheus-kube-state-metrics,0.1,,,,,
1616804447.187,kube_pod_container_resource_requests_cpu_cores,config-reloader,http,10.1.53.228:8080,kube-state-metrics,default,docker-desktop,prometheus-prometheus-kube-prometheus-prometheus-0,prometheus-kube-state-metrics,0.1,,,,,
1616804417.187,kube_pod_container_resource_requests_cpu_cores,coredns,http,10.1.53.228:8080,kube-state-metrics,kube-system,docker-desktop,coredns-f9fd979d6-4b2l5,prometheus-kube-state-metrics,0.1,,,,,
1616804447.187,kube_pod_container_resource_requests_cpu_cores,coredns,http,10.1.53.228:8080,kube-state-metrics,kube-system,docker-desktop,coredns-f9fd979d6-4b2l5,prometheus-kube-state-metrics,0.1,,,,,
1616804417.187,kube_pod_container_resource_requests_cpu_cores,coredns,http,10.1.53.228:8080,kube-state-metrics,kube-system,docker-desktop,coredns-f9fd979d6-gsfph,prometheus-kube-state-metrics,0.1,,,,,
1616804447.187,kube_pod_container_resource_requests_cpu_cores,coredns,http,10.1.53.228:8080,kube-state-metrics,kube-system,docker-desktop,coredns-f9fd979d6-gsfph,prometheus-kube-state-metrics,0.1,,,,,
1616804417.187,kube_pod_container_resource_requests_cpu_cores,kube-apiserver,http,10.1.53.228:8080,kube-state-metrics,kube-system,docker-desktop,kube-apiserver-docker-desktop,prometheus-kube-state-metrics,0.25,,,,,
1616804447.187,kube_pod_container_resource_requests_cpu_cores,kube-apiserver,http,10.1.53.228:8080,kube-state-metrics,kube-system,docker-desktop,kube-apiserver-docker-desktop,prometheus-kube-state-metrics,0.25,,,,,
1616804417.187,kube_pod_container_resource_requests_cpu_cores,kube-controller-manager,http,10.1.53.228:8080,kube-state-metrics,kube-system,docker-desktop,kube-controller-manager-docker-desktop,prometheus-kube-state-metrics,0.2,,,,,
1616804447.187,kube_pod_container_resource_requests_cpu_cores,kube-controller-manager,http,10.1.53.228:8080,kube-state-metrics,kube-system,docker-desktop,kube-controller-manager-docker-desktop,prometheus-kube-state-metrics,0.2,,,,,
1616804417.187,kube_pod_container_resource_requests_cpu_cores,kube-scheduler,http,10.1.53.228:8080,kube-state-metrics,kube-system,docker-desktop,kube-scheduler-docker-desktop,prometheus-kube-state-metrics,0.1,,,,,
1616804447.187,kube_pod_container_resource_requests_cpu_cores,kube-scheduler,http,10.1.53.228:8080,kube-state-metrics,kube-system,docker-desktop,kube-scheduler-docker-desktop,prometheus-kube-state-metrics,0.1,,,,,
1616804417.187,kube_pod_container_resource_requests_cpu_cores,teastore-webui,http,10.1.53.228:8080,kube-state-metrics,teastore,docker-desktop,teastore-webui-5dfdb9fc67-2xdlf,prometheus-kube-state-metrics,0.3,,,,,
1616804447.187,kube_pod_container_resource_requests_cpu_cores,teastore-webui,http,10.1.53.228:8080,kube-state-metrics,teastore,docker-desktop,teastore-webui-5dfdb9fc67-2xdlf,prometheus-kube-state-metrics,0.3,,,,,
1616804417.187,kube_pod_container_resource_requests_cpu_cores,teastore-webui,http,10.1.53.228:8080,kube-state-metrics,teastore,docker-desktop,teastore-webui-5dfdb9fc67-8x5fb,prometheus-kube-state-metrics,0.3,,,,,
1616804447.187,kube_pod_container_resource_requests_cpu_cores,teastore-webui,http,10.1.53.228:8080,kube-state-metrics,teastore,docker-desktop,teastore-webui-5dfdb9fc67-8x5fb,prometheus-kube-state-metrics,0.3,,,,,
1616804417.187,kube_pod_container_resource_requests_cpu_cores,teastore-webui,http,10.1.53.228:8080,kube-state-metrics,teastore,docker-desktop,teastore-webui-5dfdb9fc67-k75w5,prometheus-kube-state-metrics,0.3,,,,,
1616804447.187,kube_pod_container_resource_requests_cpu_cores,teastore-webui,http,10.1.53.228:8080,kube-state-metrics,teastore,docker-desktop,teastore-webui-5dfdb9fc67-k75w5,prometheus-kube-state-metrics,0.3,,,,,
1616804417.187,kube_pod_container_resource_requests_cpu_cores,teastore-webui,http,10.1.53.228:8080,kube-state-metrics,teastore,docker-desktop,teastore-webui-5dfdb9fc67-rqvnd,prometheus-kube-state-metrics,0.3,,,,,
1616804447.187,kube_pod_container_resource_requests_cpu_cores,teastore-webui,http,10.1.53.228:8080,kube-state-metrics,teastore,docker-desktop,teastore-webui-5dfdb9fc67-rqvnd,prometheus-kube-state-metrics,0.3,,,,,
1616804436.569,container_cpu_cfs_throttled_seconds_total,config-reloader,https-metrics,192.168.65.4:10250,kubelet,default,docker-desktop,prometheus-prometheus-kube-prometheus-prometheus-0,prometheus-kube-prometheus-kubelet,221.4132048,/kubepods/kubepods/burstable/pod2e96bfc4-3c10-4d82-8559-96ee02c50c31/02153a303c30106d536b3e80fbb2ae50b8002935e5b89349a978d0b40dc5afe7,sha256:73bc771f8028b1accae9e696fb577750cc9ff09feea8a3a30b590d4a4c2766d2,/metrics/cadvisor,k8s_config-reloader_prometheus-prometheus-kube-prometheus-prometheus-0_default_2e96bfc4-3c10-4d82-8559-96ee02c50c31_29,
1616804465.196,container_cpu_cfs_throttled_seconds_total,config-reloader,https-metrics,192.168.65.4:10250,kubelet,default,docker-desktop,prometheus-prometheus-kube-prometheus-prometheus-0,prometheus-kube-prometheus-kubelet,221.4132048,/kubepods/kubepods/burstable/pod2e96bfc4-3c10-4d82-8559-96ee02c50c31/02153a303c30106d536b3e80fbb2ae50b8002935e5b89349a978d0b40dc5afe7,sha256:73bc771f8028b1accae9e696fb577750cc9ff09feea8a3a30b590d4a4c2766d2,/metrics/cadvisor,k8s_config-reloader_prometheus-prometheus-kube-prometheus-prometheus-0_default_2e96bfc4-3c10-4d82-8559-96ee02c50c31_29,
1616804431.016,container_cpu_cfs_throttled_seconds_total,config-reloader,https-metrics,192.168.65.4:10250,kubelet,default,docker-desktop,alertmanager-prometheus-kube-prometheus-alertmanager-0,prometheus-kube-prometheus-kubelet,0.9652855,/kubepods/kubepods/burstable/pod414fed11-6938-47e9-8069-d32074624822/6c7192447ee4923f1386289d71cdd3c847d834a1254ffba3a748c99097536f5c,sha256:73bc771f8028b1accae9e696fb577750cc9ff09feea8a3a30b590d4a4c2766d2,/metrics/cadvisor,k8s_config-reloader_alertmanager-prometheus-kube-prometheus-alertmanager-0_default_414fed11-6938-47e9-8069-d32074624822_29,
1616804459.878,container_cpu_cfs_throttled_seconds_total,config-reloader,https-metrics,192.168.65.4:10250,kubelet,default,docker-desktop,alertmanager-prometheus-kube-prometheus-alertmanager-0,prometheus-kube-prometheus-kubelet,0.9652855,/kubepods/kubepods/burstable/pod414fed11-6938-47e9-8069-d32074624822/6c7192447ee4923f1386289d71cdd3c847d834a1254ffba3a748c99097536f5c,sha256:73bc771f8028b1accae9e696fb577750cc9ff09feea8a3a30b590d4a4c2766d2,/metrics/cadvisor,k8s_config-reloader_alertmanager-prometheus-kube-prometheus-alertmanager-0_default_414fed11-6938-47e9-8069-d32074624822_29,
1616804435.617,container_cpu_cfs_throttled_seconds_total,teastore-webui,https-metrics,192.168.65.4:10250,kubelet,teastore,docker-desktop,teastore-webui-5dfdb9fc67-8x5fb,prometheus-kube-prometheus-kubelet,162.3173155,/kubepods/kubepods/burstable/pod0476bc9c-ebb0-4016-ba54-54d0cef60a77/a04b0ab62828e128c0712f288f30fa422e11a28a36576d2a476b526ce2f7d665,descartesresearch/teastore-webui@sha256:a22920057ef41fdd0936a970ac93b60c21e3237fc812de00318092d3bbc93ea5,/metrics/cadvisor,k8s_teastore-webui_teastore-webui-5dfdb9fc67-8x5fb_teastore_0476bc9c-ebb0-4016-ba54-54d0cef60a77_0,
1616804458.223,container_cpu_cfs_throttled_seconds_total,teastore-webui,https-metrics,192.168.65.4:10250,kubelet,teastore,docker-desktop,teastore-webui-5dfdb9fc67-8x5fb,prometheus-kube-prometheus-kubelet,164.2671164,/kubepods/kubepods/burstable/pod0476bc9c-ebb0-4016-ba54-54d0cef60a77/a04b0ab62828e128c0712f288f30fa422e11a28a36576d2a476b526ce2f7d665,descartesresearch/teastore-webui@sha256:a22920057ef41fdd0936a970ac93b60c21e3237fc812de00318092d3bbc93ea5,/metrics/cadvisor,k8s_teastore-webui_teastore-webui-5dfdb9fc67-8x5fb_teastore_0476bc9c-ebb0-4016-ba54-54d0cef60a77_0,
1616804433.338,container_cpu_cfs_throttled_seconds_total,teastore-webui,https-metrics,192.168.65.4:10250,kubelet,teastore,docker-desktop,teastore-webui-5dfdb9fc67-2xdlf,prometheus-kube-prometheus-kubelet,110.4707953,/kubepods/kubepods/burstable/pod27bdbc67-1ade-42a0-b06e-70b2911dc28a/1121d788a514f7e73cd6eee80c38a45f4945fb46487f8ffa018c46aab190feb8,descartesresearch/teastore-webui@sha256:a22920057ef41fdd0936a970ac93b60c21e3237fc812de00318092d3bbc93ea5,/metrics/cadvisor,k8s_teastore-webui_teastore-webui-5dfdb9fc67-2xdlf_teastore_27bdbc67-1ade-42a0-b06e-70b2911dc28a_0,
1616804460.864,container_cpu_cfs_throttled_seconds_total,teastore-webui,https-metrics,192.168.65.4:10250,kubelet,teastore,docker-desktop,teastore-webui-5dfdb9fc67-2xdlf,prometheus-kube-prometheus-kubelet,163.2007379,/kubepods/kubepods/burstable/pod27bdbc67-1ade-42a0-b06e-70b2911dc28a/1121d788a514f7e73cd6eee80c38a45f4945fb46487f8ffa018c46aab190feb8,descartesresearch/teastore-webui@sha256:a22920057ef41fdd0936a970ac93b60c21e3237fc812de00318092d3bbc93ea5,/metrics/cadvisor,k8s_teastore-webui_teastore-webui-5dfdb9fc67-2xdlf_teastore_27bdbc67-1ade-42a0-b06e-70b2911dc28a_0,
1616804433.021,container_cpu_cfs_throttled_seconds_total,teastore-webui,https-metrics,192.168.65.4:10250,kubelet,teastore,docker-desktop,teastore-webui-5dfdb9fc67-rqvnd,prometheus-kube-prometheus-kubelet,178.1479596,/kubepods/kubepods/burstable/pod9b8746b9-c454-4100-8a4e-debf0290b531/f722293d9c44e7daa040acaa811f3c245e24c76d20f8ddcb7c8c286bd6309282,descartesresearch/teastore-webui@sha256:a22920057ef41fdd0936a970ac93b60c21e3237fc812de00318092d3bbc93ea5,/metrics/cadvisor,k8s_teastore-webui_teastore-webui-5dfdb9fc67-rqvnd_teastore_9b8746b9-c454-4100-8a4e-debf0290b531_0,
1616804462.126,container_cpu_cfs_throttled_seconds_total,teastore-webui,https-metrics,192.168.65.4:10250,kubelet,teastore,docker-desktop,teastore-webui-5dfdb9fc67-rqvnd,prometheus-kube-prometheus-kubelet,180.057304,/kubepods/kubepods/burstable/pod9b8746b9-c454-4100-8a4e-debf0290b531/f722293d9c44e7daa040acaa811f3c245e24c76d20f8ddcb7c8c286bd6309282,descartesresearch/teastore-webui@sha256:a22920057ef41fdd0936a970ac93b60c21e3237fc812de00318092d3bbc93ea5,/metrics/cadvisor,k8s_teastore-webui_teastore-webui-5dfdb9fc67-rqvnd_teastore_9b8746b9-c454-4100-8a4e-debf0290b531_0,
1616804436.544,container_cpu_cfs_throttled_seconds_total,teastore-webui,https-metrics,192.168.65.4:10250,kubelet,teastore,docker-desktop,teastore-webui-5dfdb9fc67-k75w5,prometheus-kube-prometheus-kubelet,219.9372611,/kubepods/kubepods/burstable/podecfafda0-02bb-4efc-99f0-a05d2663bda2/9bb380df20f67baf0d78d60bb5cd98d8af960cc9f9b998e2d9296292102bf419,descartesresearch/teastore-webui@sha256:a22920057ef41fdd0936a970ac93b60c21e3237fc812de00318092d3bbc93ea5,/metrics/cadvisor,k8s_teastore-webui_teastore-webui-5dfdb9fc67-k75w5_teastore_ecfafda0-02bb-4efc-99f0-a05d2663bda2_0,
1616804466.596,container_cpu_cfs_throttled_seconds_total,teastore-webui,https-metrics,192.168.65.4:10250,kubelet,teastore,docker-desktop,teastore-webui-5dfdb9fc67-k75w5,prometheus-kube-prometheus-kubelet,222.310736,/kubepods/kubepods/burstable/podecfafda0-02bb-4efc-99f0-a05d2663bda2/9bb380df20f67baf0d78d60bb5cd98d8af960cc9f9b998e2d9296292102bf419,descartesresearch/teastore-webui@sha256:a22920057ef41fdd0936a970ac93b60c21e3237fc812de00318092d3bbc93ea5,/metrics/cadvisor,k8s_teastore-webui_teastore-webui-5dfdb9fc67-k75w5_teastore_ecfafda0-02bb-4efc-99f0-a05d2663bda2_0,
1616804417.187,kube_deployment_spec_replicas,kube-state-metrics,http,10.1.53.228:8080,kube-state-metrics,kube-system,,prometheus-kube-state-metrics-95d956569-9dl7x,prometheus-kube-state-metrics,2,,,,,coredns
1616804447.187,kube_deployment_spec_replicas,kube-state-metrics,http,10.1.53.228:8080,kube-state-metrics,kube-system,,prometheus-kube-state-metrics-95d956569-9dl7x,prometheus-kube-state-metrics,2,,,,,coredns
1616804417.187,kube_deployment_spec_replicas,kube-state-metrics,http,10.1.53.228:8080,kube-state-metrics,linkerd,,prometheus-kube-state-metrics-95d956569-9dl7x,prometheus-kube-state-metrics,1,,,,,linkerd-controller
1616804447.187,kube_deployment_spec_replicas,kube-state-metrics,http,10.1.53.228:8080,kube-state-metrics,linkerd,,prometheus-kube-state-metrics-95d956569-9dl7x,prometheus-kube-state-metrics,1,,,,,linkerd-controller
1616804417.187,kube_deployment_spec_replicas,kube-state-metrics,http,10.1.53.228:8080,kube-state-metrics,linkerd,,prometheus-kube-state-metrics-95d956569-9dl7x,prometheus-kube-state-metrics,1,,,,,linkerd-destination
1616804447.187,kube_deployment_spec_replicas,kube-state-metrics,http,10.1.53.228:8080,kube-state-metrics,linkerd,,prometheus-kube-state-metrics-95d956569-9dl7x,prometheus-kube-state-metrics,1,,,,,linkerd-destination
1616804417.187,kube_deployment_spec_replicas,kube-state-metrics,http,10.1.53.228:8080,kube-state-metrics,linkerd,,prometheus-kube-state-metrics-95d956569-9dl7x,prometheus-kube-state-metrics,1,,,,,linkerd-grafana
1616804447.187,kube_deployment_spec_replicas,kube-state-metrics,http,10.1.53.228:8080,kube-state-metrics,linkerd,,prometheus-kube-state-metrics-95d956569-9dl7x,prometheus-kube-state-metrics,1,,,,,linkerd-grafana
1616804417.187,kube_deployment_spec_replicas,kube-state-metrics,http,10.1.53.228:8080,kube-state-metrics,linkerd,,prometheus-kube-state-metrics-95d956569-9dl7x,prometheus-kube-state-metrics,1,,,,,linkerd-identity
1616804447.187,kube_deployment_spec_replicas,kube-state-metrics,http,10.1.53.228:8080,kube-state-metrics,linkerd,,prometheus-kube-state-metrics-95d956569-9dl7x,prometheus-kube-state-metrics,1,,,,,linkerd-identity
1616804417.187,kube_deployment_spec_replicas,kube-state-metrics,http,10.1.53.228:8080,kube-state-metrics,linkerd,,prometheus-kube-state-metrics-95d956569-9dl7x,prometheus-kube-state-metrics,1,,,,,linkerd-prometheus
1616804447.187,kube_deployment_spec_replicas,kube-state-metrics,http,10.1.53.228:8080,kube-state-metrics,linkerd,,prometheus-kube-state-metrics-95d956569-9dl7x,prometheus-kube-state-metrics,1,,,,,linkerd-prometheus
1616804417.187,kube_deployment_spec_replicas,kube-state-metrics,http,10.1.53.228:8080,kube-state-metrics,linkerd,,prometheus-kube-state-metrics-95d956569-9dl7x,prometheus-kube-state-metrics,1,,,,,linkerd-proxy-injector
1616804447.187,kube_deployment_spec_replicas,kube-state-metrics,http,10.1.53.228:8080,kube-state-metrics,linkerd,,prometheus-kube-state-metrics-95d956569-9dl7x,prometheus-kube-state-metrics,1,,,,,linkerd-proxy-injector
1616804417.187,kube_deployment_spec_replicas,kube-state-metrics,http,10.1.53.228:8080,kube-state-metrics,linkerd,,prometheus-kube-state-metrics-95d956569-9dl7x,prometheus-kube-state-metrics,1,,,,,linkerd-sp-validator
1616804447.187,kube_deployment_spec_replicas,kube-state-metrics,http,10.1.53.228:8080,kube-state-metrics,linkerd,,prometheus-kube-state-metrics-95d956569-9dl7x,prometheus-kube-state-metrics,1,,,,,linkerd-sp-validator
1616804417.187,kube_deployment_spec_replicas,kube-state-metrics,http,10.1.53.228:8080,kube-state-metrics,linkerd,,prometheus-kube-state-metrics-95d956569-9dl7x,prometheus-kube-state-metrics,1,,,,,linkerd-tap
1616804447.187,kube_deployment_spec_replicas,kube-state-metrics,http,10.1.53.228:8080,kube-state-metrics,linkerd,,prometheus-kube-state-metrics-95d956569-9dl7x,prometheus-kube-state-metrics,1,,,,,linkerd-tap
1616804417.187,kube_deployment_spec_replicas,kube-state-metrics,http,10.1.53.228:8080,kube-state-metrics,linkerd,,prometheus-kube-state-metrics-95d956569-9dl7x,prometheus-kube-state-metrics,1,,,,,linkerd-web
1616804447.187,kube_deployment_spec_replicas,kube-state-metrics,http,10.1.53.228:8080,kube-state-metrics,linkerd,,prometheus-kube-state-metrics-95d956569-9dl7x,prometheus-kube-state-metrics,1,,,,,linkerd-web
1616804417.187,kube_deployment_spec_replicas,kube-state-metrics,http,10.1.53.228:8080,kube-state-metrics,default,,prometheus-kube-state-metrics-95d956569-9dl7x,prometheus-kube-state-metrics,1,,,,,prometheus-grafana
1616804447.187,kube_deployment_spec_replicas,kube-state-metrics,http,10.1.53.228:8080,kube-state-metrics,default,,prometheus-kube-state-metrics-95d956569-9dl7x,prometheus-kube-state-metrics,1,,,,,prometheus-grafana
1616804417.187,kube_deployment_spec_replicas,kube-state-metrics,http,10.1.53.228:8080,kube-state-metrics,default,,prometheus-kube-state-metrics-95d956569-9dl7x,prometheus-kube-state-metrics,1,,,,,prometheus-kube-prometheus-operator
1616804447.187,kube_deployment_spec_replicas,kube-state-metrics,http,10.1.53.228:8080,kube-state-metrics,default,,prometheus-kube-state-metrics-95d956569-9dl7x,prometheus-kube-state-metrics,1,,,,,prometheus-kube-prometheus-operator
1616804417.187,kube_deployment_spec_replicas,kube-state-metrics,http,10.1.53.228:8080,kube-state-metrics,default,,prometheus-kube-state-metrics-95d956569-9dl7x,prometheus-kube-state-metrics,1,,,,,prometheus-kube-state-metrics
1616804447.187,kube_deployment_spec_replicas,kube-state-metrics,http,10.1.53.228:8080,kube-state-metrics,default,,prometheus-kube-state-metrics-95d956569-9dl7x,prometheus-kube-state-metrics,1,,,,,prometheus-kube-state-metrics
1616804417.187,kube_deployment_spec_replicas,kube-state-metrics,http,10.1.53.228:8080,kube-state-metrics,teastore,,prometheus-kube-state-metrics-95d956569-9dl7x,prometheus-kube-state-metrics,1,,,,,teastore-auth
1616804447.187,kube_deployment_spec_replicas,kube-state-metrics,http,10.1.53.228:8080,kube-state-metrics,teastore,,prometheus-kube-state-metrics-95d956569-9dl7x,prometheus-kube-state-metrics,1,,,,,teastore-auth
1616804417.187,kube_deployment_spec_replicas,kube-state-metrics,http,10.1.53.228:8080,kube-state-metrics,teastore,,prometheus-kube-state-metrics-95d956569-9dl7x,prometheus-kube-state-metrics,1,,,,,teastore-db
1616804447.187,kube_deployment_spec_replicas,kube-state-metrics,http,10.1.53.228:8080,kube-state-metrics,teastore,,prometheus-kube-state-metrics-95d956569-9dl7x,prometheus-kube-state-metrics,1,,,,,teastore-db
1616804417.187,kube_deployment_spec_replicas,kube-state-metrics,http,10.1.53.228:8080,kube-state-metrics,teastore,,prometheus-kube-state-metrics-95d956569-9dl7x,prometheus-kube-state-metrics,1,,,,,teastore-image
1616804447.187,kube_deployment_spec_replicas,kube-state-metrics,http,10.1.53.228:8080,kube-state-metrics,teastore,,prometheus-kube-state-metrics-95d956569-9dl7x,prometheus-kube-state-metrics,1,,,,,teastore-image
1616804417.187,kube_deployment_spec_replicas,kube-state-metrics,http,10.1.53.228:8080,kube-state-metrics,teastore,,prometheus-kube-state-metrics-95d956569-9dl7x,prometheus-kube-state-metrics,1,,,,,teastore-persistence
1616804447.187,kube_deployment_spec_replicas,kube-state-metrics,http,10.1.53.228:8080,kube-state-metrics,teastore,,prometheus-kube-state-metrics-95d956569-9dl7x,prometheus-kube-state-metrics,1,,,,,teastore-persistence
1616804417.187,kube_deployment_spec_replicas,kube-state-metrics,http,10.1.53.228:8080,kube-state-metrics,teastore,,prometheus-kube-state-metrics-95d956569-9dl7x,prometheus-kube-state-metrics,1,,,,,teastore-recommender
1616804447.187,kube_deployment_spec_replicas,kube-state-metrics,http,10.1.53.228:8080,kube-state-metrics,teastore,,prometheus-kube-state-metrics-95d956569-9dl7x,prometheus-kube-state-metrics,1,,,,,teastore-recommender
1616804417.187,kube_deployment_spec_replicas,kube-state-metrics,http,10.1.53.228:8080,kube-state-metrics,teastore,,prometheus-kube-state-metrics-95d956569-9dl7x,prometheus-kube-state-metrics,1,,,,,teastore-registry
1616804447.187,kube_deployment_spec_replicas,kube-state-metrics,http,10.1.53.228:8080,kube-state-metrics,teastore,,prometheus-kube-state-metrics-95d956569-9dl7x,prometheus-kube-state-metrics,1,,,,,teastore-registry
1616804417.187,kube_deployment_spec_replicas,kube-state-metrics,http,10.1.53.228:8080,kube-state-metrics,teastore,,prometheus-kube-state-metrics-95d956569-9dl7x,prometheus-kube-state-metrics,4,,,,,teastore-webui
1616804447.187,kube_deployment_spec_replicas,kube-state-metrics,http,10.1.53.228:8080,kube-state-metrics,teastore,,prometheus-kube-state-metrics-95d956569-9dl7x,prometheus-kube-state-metrics,4,,,,,teastore-webui
